JobTime,TR_PRESS,TR_PRESS2,SLUR_RATE,SLUR_RATE2,CFLD_RATE,PROP_CON,BH_PROP_CON,TMT_CFLD,TMT_PROP,BH_PRESS,PROP_CON2,HVFR_Conc,J218_conc,JOB_PROP,POD_CR_LIQ1_CONC_RAW,Biocide_Conc,NET_PRESS,NS_TIMER,JOB_SLUR,JOB_CFLD,J609W_CONC,Scale_CONC
#NULL,PSI,PSI,B/M,B/M,B/M,PPAC,PPAC,BBL,LB,PSI,PPAC,G/MG,LKGA,LB,G/MG,G/MG,PSI,MIN,BBL,BBL,G/MG,G/MG
01:11:15:00:00:00,9014.42,8984.67,91.285,91.5456,89.2585,0.499486,0.250628,1085.55,3976.17,12358.1,0.705866,0,0,3976.17,0.708496,0.294171,4869.99,0.5,1091.41,1085.55,0.713225,0
01:11:15:00:00:01,9024.43,8994.39,90.9936,91.5415,89.2609,0.499598,0.250635,1087.04,4007.35,12368.7,0.646309,0,0,4007.35,0.693707,0.295566,4880.53,0.516667,1092.93,1087.04,0.700483,0
01:11:15:00:00:02,9007.55,8977.51,91.3406,91.5269,88.9758,0.49963,0.250642,1088.53,4038.56,12352.3,0.557166,0,0,4038.56,0.688544,0.297364,4864.19,0.533333,1094.45,1088.53,0.691062,0
01:11:15:00:00:03,9000.12,8982.38,91.3319,91.5309,89.3157,0.499488,0.250649,1090.01,4069.73,12345.4,0.654949,0,0,4069.73,0.690413,0.301838,4857.3,0.55,1095.97,1090.01,0.690413,0
01:11:15:00:00:04,9003.55,8976.37,91.2342,91.5295,89.2842,0.505296,0.250656,1091.5,4100.9,12349.4,0.786627,0,0,4100.9,0.69535,0.300868,4861.24,0.566667,1097.49,1091.5,0.693154,0
01:11:15:00:00:05,8994.11,8990.67,91.3515,91.5095,89.2109,0.499692,0.250664,1092.99,4132.31,12340.4,0.618288,0,0,4132.31,0.691997,0.302163,4852.32,0.583333,1099.01,1092.99,0.696257,0
01:11:15:00:00:06,9007.84,8986.95,91.2755,91.4921,89.3254,0.499722,0.250671,1094.48,4163.7,12354.7,0.44038,0,0,4163.7,0.687141,0.304739,4866.59,0.6,1100.53,1094.48,0.689578,0
01:11:15:00:00:07,8988.1,8978.37,91.4446,91.5148,89.2519,0.499542,0.250678,1095.96,4194.92,12335.5,0.673333,0,0,4194.92,0.682877,0.304663,4847.39,0.616667,1102.05,1095.96,0.684017,0
01:11:15:00:00:08,9011.84,8966.35,91.0828,91.5055,89.4156,0.499956,0.250685,1097.45,4226.15,12359.8,0.555028,0,0,4226.15,0.677539,0.305174,4871.68,0.633333,1103.58,1097.45,0.677785,0
01:11:15:00:00:09,8993.54,8965.5,91.2217,91.4534,89.0626,0.499747,0.250693,1098.94,4257.4,12342,0.60324,0,0,4257.4,0.677585,0.304445,4853.88,0.65,1105.1,1098.94,0.677213,0
01:11:15:00:00:10,8991.82,8974.65,91.064,91.376,89.1979,0.499874,0.2507,1100.43,4288.63,12340.8,0.423518,0,0,4288.63,0.681594,0.305039,4852.68,0.666667,1106.61,1100.43,0.678712,0
01:11:15:00:00:11,8985.81,8963.21,91.2506,91.3666,89.0395,0.500938,0.250707,1101.91,4319.81,12335.3,0.44988,0,0,4319.81,0.691413,0.30451,4847.22,0.683333,1108.13,1101.91,0.683439,0
01:11:15:00:00:12,8977.51,8963.49,91.1753,91.396,89.2221,0.500912,0.250715,1103.4,4351.03,12327.6,0.467847,0,0,4351.03,0.705325,0.305044,4839.47,0.7,1109.65,1103.4,0.695926,0
01:11:15:00:00:13,8991.82,8962.06,91.2278,91.4067,89.1487,0.500851,0.250722,1104.88,4382.28,12342.4,0.552896,0,0,4382.28,0.709204,0.30222,4854.3,0.716667,1111.17,1104.88,0.705325,0
01:11:15:00:00:14,8973.51,8965.78,91.2761,91.3813,89.2001,0.500835,0.250729,1106.37,4413.55,12324.6,0.829481,0,0,4413.55,0.707957,0.298043,4836.49,0.733333,1112.69,1106.37,0.709204,0
01:11:15:00:00:15,8993.25,8971.22,91.2283,91.3012,89.2472,0.50088,0.250737,1107.86,4444.82,12344.9,0.457273,0,0,4444.82,0.706977,0.295707,4856.77,0.75,1114.22,1107.86,0.707957,0
01:11:15:00:00:16,8982.95,8966.35,91.1744,91.3213,89.201,0.500717,0.250744,1109.34,4476.1,12335.1,0.535818,0,0,4476.1,0.703782,0.290945,4847.01,0.766667,1115.74,1109.34,0.706977,0
01:11:15:00:00:17,8985.24,8969.79,91.2114,91.2572,89.1474,0.500936,0.250751,1110.83,4507.38,12338,0.527294,0,0,4507.38,0.688776,0.288368,4849.85,0.783333,1117.26,1110.83,0.702185,0
01:11:15:00:00:18,8992.39,8946.33,91.2735,91.424,89.1852,0.50054,0.250758,1112.32,4538.64,12345.6,0.309504,0,0,4538.64,0.68193,0.289465,4857.52,0.8,1118.78,1112.32,0.688776,0
01:11:15:00:00:19,8980.95,8964.92,91.3343,91.4307,89.2451,0.500761,0.250765,1113.8,4569.89,12334.7,0.51665,0,0,4569.89,0.676353,0.291249,4846.59,0.816667,1120.3,1113.8,0.676721,0
01:11:15:00:00:20,8986.95,8953.48,91.3576,91.4067,89.3034,0.501028,0.250772,1115.29,4601.16,12341.3,0.523036,0,0,4601.16,0.679892,0.293701,4853.13,0.833333,1121.82,1115.29,0.678723,0
01:11:15:00:00:21,8970.65,8973.22,91.1397,91.3373,89.3273,0.500759,0.250779,1116.78,4632.46,12325.5,0.349087,0,0,4632.46,0.691753,0.297514,4837.38,0.85,1123.34,1116.78,0.690066,0
01:11:15:00:00:22,8979.23,8964.92,91.2228,91.3453,89.1138,0.500857,0.250786,1118.27,4663.78,12334.6,0.46256,0,0,4663.78,0.699204,0.30098,4846.5,0.866667,1124.86,1118.27,0.696794,0
01:11:15:00:00:23,8975.51,8955.2,91.2133,91.3613,89.1956,0.500736,0.250792,1119.75,4695.05,12331.4,0.319904,0,0,4695.05,0.705198,0.301208,4843.29,0.883333,1126.38,1119.75,0.702086,0
01:11:15:00:00:24,8984.67,8959.77,91.2437,91.4548,89.1861,0.500772,0.250799,1121.24,4726.31,12341.1,0.296002,0,0,4726.31,0.708029,0.300536,4852.97,0.9,1127.9,1121.24,0.706208,0
01:11:15:00:00:25,8974.08,8945.18,91.3039,91.38,89.2151,0.50096,0.250805,1122.73,4757.57,12331.1,0.487971,0,0,4757.57,0.705356,0.29866,4842.93,0.916667,1129.42,1122.73,0.705356,0
01:11:15:00:00:26,8973.22,8949.76,91.2694,91.4281,89.2747,0.500783,0.250812,1124.21,4788.85,12330.7,0.769107,0,0,4788.85,0.705356,0.297358,4842.62,0.933333,1130.94,1124.21,0.69908,0
01:11:15:00:00:27,8971.22,8941.46,91.2165,91.4187,89.2407,0.500857,0.250818,1125.7,4820.14,12329.3,0.914688,0,0,4820.14,0.697063,0.294707,4841.15,0.95,1132.47,1125.7,0.695378,0
01:11:15:00:00:28,8963.49,8956.06,91.1506,91.3853,89.1903,0.500517,0.250824,1127.19,4851.43,12322.1,0.617213,0,0,4851.43,0.69334,0.295308,4833.93,0.966667,1133.98,1127.19,0.692943,0
01:11:15:00:00:29,8962.92,8948.62,91.2212,91.3026,89.1233,0.501168,0.25083,1128.67,4882.7,12322,0.582853,0,0,4882.7,0.697636,0.296949,4833.89,0.983333,1135.5,1128.67,0.700673,0
01:11:15:00:00:30,8950.05,8945.47,91.045,91.2945,89.1925,0.501112,0.250836,1130.16,4913.95,12309.7,0.596794,0,0,4913.95,0.704691,0.298807,4821.56,1,1137.02,1130.16,0.707207,0
01:11:15:00:00:31,8976.08,8953.48,91.3281,91.4628,89.0223,0.500603,0.250842,1131.65,4945.23,12336.3,0.383602,0,0,4945.23,0.706302,0.298007,4848.15,1.01667,1138.54,1131.65,0.703882,0
01:11:15:00:00:32,8958.63,8943.18,91.3035,91.3907,89.2979,0.500911,0.250848,1133.13,4976.47,12319.3,0.88583,0,0,4976.47,0.702408,0.297129,4831.21,1.03333,1140.07,1133.13,0.696517,0
01:11:15:00:00:33,8966.93,8949.48,91.2097,91.3947,89.2748,0.500651,0.250853,1134.62,5007.72,12328.2,0.420364,0,0,5007.72,0.698052,0.299519,4840.03,1.05,1141.59,1134.62,0.696716,0
01:11:15:00:00:34,8959.2,8935.17,91.1836,91.4962,89.1831,0.500667,0.250859,1136.11,5039.02,12321,0.811877,0,0,5039.02,0.697561,0.303387,4832.84,1.06667,1143.11,1136.11,0.697281,0
01:11:15:00:00:35,8953.48,8941.18,91.1095,91.4267,89.1564,0.500953,0.250864,1137.59,5070.29,12315.8,0.512397,0,0,5070.29,0.699759,0.303777,4827.67,1.08333,1144.63,1137.59,0.705525,0
01:11:15:00:00:36,8973.79,8936.89,91.0825,91.4427,89.0854,0.500582,0.250869,1139.08,5101.55,12336.7,0.679828,0,0,5101.55,0.711899,0.301734,4848.52,1.1,1146.14,1139.08,0.711899,0
01:11:15:00:00:37,8950.62,8940.89,91.0054,91.4307,89.0574,0.500986,0.250874,1140.56,5132.79,12314,0.837194,0,0,5132.79,0.710846,0.301898,4825.86,1.11667,1147.66,1140.56,0.710846,0
01:11:15:00:00:38,8962.64,8938.6,91.1036,91.3533,88.982,0.50099,0.250879,1142.05,5164.02,12326.5,0.483733,0,0,5164.02,0.706329,0.30013,4838.4,1.13333,1149.18,1142.05,0.706329,0
01:11:15:00:00:39,8954.05,8945.76,91.4778,91.3586,89.0789,0.500763,0.250884,1143.53,5195.24,12318.5,0.268028,0,0,5195.24,0.698711,0.301531,4830.36,1.15,1150.7,1143.53,0.694284,0
01:11:15:00:00:40,8952.62,8946.33,91.1153,91.3479,89.4442,0.500917,0.250889,1145.02,5226.45,12317.6,0.515584,0,0,5226.45,0.686035,0.302909,4829.48,1.16667,1152.22,1145.02,0.686035,0
01:11:15:00:00:41,8959.2,8924.01,91.2261,91.3373,89.0901,0.50081,0.250894,1146.51,5257.75,12324.7,0.635524,0,0,5257.75,0.678336,0.30293,4836.59,1.18333,1153.74,1146.51,0.677858,0
01:11:15:00:00:42,8957.77,8932.59,91.4708,91.3533,89.1984,0.500848,0.250898,1147.99,5289.04,12323.8,0.241175,0,0,5289.04,0.68162,0.303489,4835.67,1.2,1155.26,1147.99,0.68162,0
01:11:15:00:00:43,8955.48,8916.57,91.4087,91.3119,89.4365,0.501137,0.250903,1149.48,5320.3,12322,0.301195,0,0,5320.3,0.691073,0.303263,4833.91,1.21667,1156.79,1149.48,0.691073,0
01:11:15:00:00:44,8940.61,8932.02,91.1902,91.3707,89.376,0.50109,0.250907,1150.97,5351.62,12307.7,0.429842,0,0,5351.62,0.698656,0.303185,4819.59,1.23333,1158.31,1150.97,0.698656,0
01:11:15:00:00:45,8937.46,8922.01,91.0094,91.4708,89.1613,0.501334,0.250911,1152.46,5382.98,12305.1,0.0918795,0,0,5382.98,0.696672,0.305352,4816.99,1.25,1159.83,1152.46,0.696672,0
01:11:15:00:00:46,8934.6,8923.73,91.2107,91.5135,88.9847,0.501288,0.250915,1153.94,5414.3,12302.8,0.557166,0,0,5414.3,0.689638,0.30803,4814.65,1.26667,1161.35,1153.94,0.689933,0
01:11:15:00:00:47,8947.76,8932.31,91.247,91.4921,89.1803,0.501614,0.250919,1155.43,5445.56,12316.4,0.250459,0,0,5445.56,0.696562,0.310352,4828.32,1.28333,1162.87,1155.43,0.696562,0
01:11:15:00:00:48,8938.32,8918.29,91.2034,91.4534,89.2171,0.501277,0.250923,1156.91,5476.83,12307.5,0.612911,0,0,5476.83,0.702471,0.310546,4819.42,1.3,1164.39,1156.91,0.707617,0
01:11:15:00:00:49,8948.33,8913.43,91.244,91.4481,89.1731,0.501633,0.250927,1158.4,5508.14,12318.1,0.34491,0,0,5508.14,0.705156,0.308809,4829.98,1.31667,1165.91,1158.4,0.704639,0
01:11:15:00:00:50,8936.89,8913.43,91.2564,91.4,89.2129,0.501609,0.250931,1159.89,5539.45,12307.2,0.430895,0,0,5539.45,0.702869,0.306187,4819.08,1.33333,1167.43,1159.89,0.697306,0
01:11:15:00:00:51,8932.31,8914,91.2231,91.5335,89.2269,0.50112,0.250934,1161.37,5570.77,12303.1,0.419312,0,0,5570.77,0.69601,0.300493,4815.02,1.35,1168.95,1161.37,0.695048,0
01:11:15:00:00:52,8922.58,8906.27,91.4853,91.404,89.1929,0.501487,0.250938,1162.86,5602.08,12293.9,0.482672,0,0,5602.08,0.697705,0.297205,4805.81,1.36667,1170.47,1162.86,0.697274,0
01:11:15:00:00:53,8920.29,8901.7,91.2858,91.4561,89.4499,0.501336,0.250941,1164.35,5633.38,12292.2,0.37627,0,0,5633.38,0.698333,0.296332,4804.07,1.38333,1171.99,1164.35,0.698023,0
01:11:15:00:00:54,8940.61,8914.57,91.4213,91.3733,89.2556,0.501142,0.250944,1165.84,5664.73,12313.1,0.501771,0,0,5664.73,0.695071,0.294726,4824.93,1.4,1173.52,1165.84,0.690132,0
01:11:15:00:00:55,8919.15,8912.28,91.4119,91.4574,89.3878,0.501194,0.250948,1167.33,5696.08,12292.1,0.640912,0,0,5696.08,0.690132,0.294422,4804.01,1.41667,1175.04,1167.33,0.686502,0
01:11:15:00:00:56,8928.02,8912.85,91.1983,91.4654,89.3789,0.501148,0.250951,1168.82,5727.42,12301.5,0.442493,0,0,5727.42,0.685479,0.294659,4813.39,1.43333,1176.56,1168.82,0.688422,0
01:11:15:00:00:57,8928.88,8905.42,91.1173,91.4561,89.17,0.501153,0.250954,1170.3,5758.78,12302.9,0.51452,0,0,5758.78,0.689248,0.296381,4814.78,1.45,1178.08,1170.3,0.688422,0
01:11:15:00:00:58,8936.89,8911.14,91.397,91.5162,89.0899,0.501379,0.250957,1171.79,5790.09,12311.5,0.618288,0,0,5790.09,0.683515,0.2998,4823.34,1.46667,1179.6,1171.79,0.686046,0
01:11:15:00:00:59,8935.17,8899.98,91.2563,91.627,89.364,0.501232,0.25096,1173.28,5821.37,12310.3,0.551826,0,0,5821.37,0.683842,0.302235,4822.18,1.48333,1181.12,1173.28,0.681761,0
01:11:15:00:01:00,8919.72,8898.55,91.1792,91.5869,89.226,0.501338,0.250963,1174.77,5852.68,12295.4,0.489034,0,0,5852.68,0.69377,0.303747,4807.25,1.5,1182.64,1174.77,0.687635,0
01:11:15:00:01:01,8930.02,8896.55,91.4632,91.4935,89.1503,0.501419,0.250966,1176.25,5884.01,12306.2,0.464672,0,0,5884.01,0.70156,0.303528,4818.06,1.51667,1184.17,1176.25,0.701282,0
01:11:15:00:01:02,8909.13,8908.28,91.2814,91.4467,89.3829,0.512756,0.250968,1177.74,5915.31,12285.8,0.293925,0,0,5915.31,0.709197,0.302926,4797.72,1.53333,1185.69,1177.74,0.709589,0
01:11:15:00:01:03,8915.71,8905.7,91.2552,91.5602,89.2529,0.500732,0.250971,1179.23,5947,12293,0.353262,0,0,5947,0.701274,0.301835,4804.85,1.55,1187.21,1179.23,0.709197,0
01:11:15:00:01:04,8921.72,8899.98,91.4135,91.3947,89.2253,0.50123,0.250974,1180.72,5978.68,12299.5,0.210288,0,0,5978.68,0.689926,0.301834,4811.41,1.56667,1188.73,1180.72,0.693498,0
01:11:15:00:01:05,8928.59,8900.27,91.1702,91.3092,89.3818,0.500793,0.250976,1182.2,6009.98,12306.9,0.332399,0,0,6009.98,0.693055,0.301972,4818.79,1.58333,1190.25,1182.2,0.689926,0
01:11:15:00:01:06,8924.58,8884.24,91.21,91.36,89.1433,0.50094,0.250979,1183.69,6041.3,12303.4,0.181561,0,0,6041.3,0.696827,0.302539,4815.31,1.6,1191.77,1183.69,0.693055,0
01:11:15:00:01:07,8912.57,8895.97,91.42,91.38,89.1814,0.501139,0.250981,1185.18,6072.59,12292,0.261824,0,0,6072.59,0.698393,0.302483,4803.83,1.61667,1193.3,1185.18,0.696827,0
01:11:15:00:01:08,8908.28,8887.39,91.218,91.416,89.3887,0.500663,0.250984,1186.67,6103.87,12288.2,0.349087,0,0,6103.87,0.70414,0.301544,4800.09,1.63333,1194.82,1186.67,0.698393,0
01:11:15:00:01:09,8905.42,8887.11,90.9561,91.4401,89.1905,0.50084,0.250986,1188.15,6135.17,12285.9,0.377318,0,0,6135.17,0.71114,0.29971,4797.78,1.65,1196.34,1188.15,0.705488,0
01:11:15:00:01:10,8911.71,8890.54,91.1655,91.4681,88.9345,0.500821,0.250988,1189.64,6166.47,12292.7,0.480553,0,0,6166.47,0.710927,0.299486,4804.58,1.66667,1197.85,1189.64,0.71114,0
01:11:15:00:01:11,8906.27,8883.67,91.401,91.408,89.1394,0.500764,0.25099,1191.12,6197.69,12287.8,0.360578,0,0,6197.69,0.701571,0.300806,4799.67,1.68333,1199.38,1191.12,0.710386,0
01:11:15:00:01:12,8922.87,8895.4,91.2234,91.5776,89.3708,0.50049,0.250993,1192.61,6228.91,12304.9,0.441437,0,0,6228.91,0.697447,0.299436,4816.82,1.7,1200.9,1192.61,0.701571,0
01:11:15:00:01:13,8907.13,8887.96,91.0756,91.4961,89.1943,0.501229,0.250995,1194.1,6260.19,12289.8,0,0,0,6260.19,0.695192,0.297608,4801.63,1.71667,1202.42,1194.1,0.697447,0
01:11:15:00:01:14,8910.85,8892.54,91.1607,91.4347,89.0509,0.500922,0.250997,1195.58,6291.49,12294,0.197964,0,0,6291.49,0.69843,0.298981,4805.88,1.73333,1203.94,1195.58,0.695192,0
01:11:15:00:01:15,8914.86,8876.81,91.3683,91.3359,89.1342,0.500919,0.250999,1197.07,6322.75,12298.5,0.898029,0,0,6322.75,0.700252,0.299903,4810.4,1.75,1205.46,1197.07,0.69843,0
01:11:15:00:01:16,8909.13,8873.66,91.2192,91.5162,89.3381,0.500655,0.251001,1198.56,6353.99,12293.3,0.782245,0,0,6353.99,0.694453,0.300467,4805.21,1.76667,1206.98,1198.56,0.700659,0
01:11:15:00:01:17,8911.14,8879.95,91.3303,91.4734,89.1922,0.500689,0.251003,1200.04,6385.27,12295.9,0.844915,0,0,6385.27,0.689848,0.300168,4807.77,1.78333,1208.5,1200.04,0.694453,0
01:11:15:00:01:18,8884.24,8879.67,91.3108,91.5082,89.3006,0.500777,0.251005,1201.53,6416.55,12269.5,0.629054,0,0,6416.55,0.694665,0.301793,4781.42,1.8,1210.02,1201.53,0.692267,0
01:11:15:00:01:19,8896.83,8878.52,91.3108,91.5135,89.2817,0.500715,0.251007,1203.02,6447.84,12282.7,0.542219,0,0,6447.84,0.703607,0.301094,4794.53,1.81667,1211.54,1203.02,0.698134,0
01:11:15:00:01:20,8897.69,8880.53,91.265,91.3733,89.2803,0.501075,0.251008,1204.51,6479.13,12284,0.535818,0,0,6479.13,0.703607,0.300844,4795.91,1.83333,1213.06,1204.51,0.709445,0
01:11:15:00:01:21,8906.27,8883.67,91.2998,91.3533,89.2371,0.500675,0.25101,1205.99,6510.44,12293.2,0.820677,0,0,6510.44,0.711062,0.300137,4805.03,1.85,1214.59,1205.99,0.711603,0
01:11:15:00:01:22,8904.27,8867.08,91.3503,91.364,89.2716,0.500569,0.251012,1207.48,6541.73,12291.7,0.725447,0,0,6541.73,0.713661,0.300331,4803.58,1.86667,1216.11,1207.48,0.709792,0
01:11:15:00:01:23,8893.4,8868.79,91.3304,91.3479,89.3209,0.500562,0.251014,1208.97,6573.01,12281.4,0.520907,0,0,6573.01,0.707279,0.299695,4793.24,1.88333,1217.63,1208.97,0.704751,0
01:11:15:00:01:24,8901.41,8862.21,91.1878,91.3907,89.3015,0.500559,0.251015,1210.46,6604.3,12289.9,0.545418,0,0,6604.3,0.699929,0.298207,4801.76,1.9,1219.15,1210.46,0.691872,0
01:11:15:00:01:25,8882.81,8881.38,91.2436,91.3319,89.1614,0.500733,0.251017,1211.95,6635.59,12271.8,0.439326,0,0,6635.59,0.691872,0.298636,4783.69,1.91667,1220.67,1211.95,0.687173,0
01:11:15:00:01:26,8887.68,8875.09,91.4672,91.4868,89.2176,0.500314,0.251018,1213.43,6666.87,12277.2,0.42668,0,0,6666.87,0.687826,0.299782,4789.09,1.93333,1222.19,1213.43,0.691647,0
01:11:15:00:01:27,8890.82,8875.38,91.3458,91.4708,89.4352,0.500581,0.25102,1214.92,6698.11,12280.9,0.607534,0,0,6698.11,0.698142,0.299753,4792.74,1.95,1223.72,1214.92,0.707342,0
01:11:15:00:01:28,8900.84,8878.81,91.1301,91.3787,89.3156,0.500792,0.251021,1216.41,6729.41,12291.3,0.622594,0,0,6729.41,0.711119,0.299523,4803.19,1.96667,1225.24,1216.41,0.712489,0
01:11:15:00:01:29,8899.69,8875.09,91.2881,91.4948,89.1057,0.500535,0.251023,1217.9,6760.73,12290.6,0.582853,0,0,6760.73,0.713094,0.299924,4802.48,1.98333,1226.76,1217.9,0.709698,0
01:11:15:00:01:30,8888.25,8877.66,91.1029,91.4761,89.2606,0.500455,0.251024,1219.38,6792,12279.6,0.575356,0,0,6792,0.705704,0.301634,4791.48,2,1228.28,1219.38,0.702891,0
01:11:15:00:01:31,8887.96,8862.79,91.2761,91.5415,89.0788,0.500622,0.251026,1220.87,6823.24,12279.7,0.513461,0,0,6823.24,0.701292,0.300968,4791.62,2.01667,1229.8,1220.87,0.698405,0
01:11:15:00:01:32,8882.24,8865.36,90.9855,91.4588,89.2492,0.500362,0.251027,1222.36,6854.48,12274.4,0.49646,0,0,6854.48,0.6971,0.301501,4786.22,2.03333,1231.32,1222.36,0.695768,0
01:11:15:00:01:33,8887.68,8857.92,91.223,91.5616,88.9651,0.500345,0.251028,1223.84,6885.72,12280,0.542219,0,0,6885.72,0.694825,0.300663,4791.91,2.05,1232.84,1223.84,0.690232,0
01:11:15:00:01:34,8879.95,8854.2,91.353,91.4735,89.1966,0.50054,0.251029,1225.33,6916.93,12272.6,0.60109,0,0,6916.93,0.690232,0.300174,4784.44,2.06667,1234.36,1225.33,0.683229,0
01:11:15:00:01:35,8881.96,8871.37,91.3681,91.5055,89.3242,0.500385,0.251031,1226.81,6948.14,12274.8,0.597868,0,0,6948.14,0.679946,0.299645,4786.7,2.08333,1235.88,1226.81,0.679946,0
01:11:15:00:01:36,8879.95,8867.65,91.3146,91.4628,89.3382,0.500596,0.251032,1228.3,6979.41,12273.1,0.728714,0,0,6979.41,0.683318,0.299812,4784.93,2.1,1237.4,1228.3,0.683318,0
01:11:15:00:01:37,8881.96,8872.8,91.3262,91.3573,89.2873,0.500236,0.251033,1229.79,7010.7,12275.3,0.616139,0,0,7010.7,0.682888,0.299521,4787.13,2.11667,1238.92,1229.79,0.682888,0
01:11:15:00:01:38,8887.96,8851.92,91.3863,91.2905,89.2978,0.500447,0.251034,1231.28,7041.99,12281.4,0.317821,0,0,7041.99,0.684329,0.299406,4793.31,2.13333,1240.45,1231.28,0.683778,0
01:11:15:00:01:39,8890.82,8852.77,91.1063,91.2665,89.3571,0.50031,0.251035,1232.77,7073.26,12284.5,0.144763,0,0,7073.26,0.68465,0.300149,4796.34,2.15,1241.97,1232.77,0.68465,0
01:11:15:00:01:40,8883.96,8854.2,91.4986,91.3693,89.0829,0.500426,0.251036,1234.26,7104.55,12277.8,0.417205,0,0,7104.55,0.69195,0.300372,4789.65,2.16667,1243.49,1234.26,0.694611,0
01:11:15:00:01:41,8864.5,8852.77,91.393,91.3666,89.4676,0.500145,0.251037,1235.74,7135.8,12258.5,0.281487,0,0,7135.8,0.701047,0.30142,4770.36,2.18333,1245.01,1235.74,0.701047,0
01:11:15:00:01:42,8875.95,8856.49,91.5707,91.2772,89.3635,0.50036,0.251038,1237.23,7167.07,12270.1,0.217484,0,0,7167.07,0.704028,0.299855,4781.97,2.2,1246.54,1237.23,0.703958,0
01:11:15:00:01:43,8871.37,8860.21,91.0084,91.2184,89.5365,0.500561,0.251039,1238.72,7198.38,12265.7,0.300154,0,0,7198.38,0.697658,0.299739,4777.54,2.21667,1248.06,1238.72,0.697658,0
01:11:15:00:01:44,8879.09,8860.78,91.1962,91.1984,88.9885,0.500093,0.251039,1240.21,7229.71,12273.6,0.385701,0,0,7229.71,0.692544,0.299461,4785.42,2.23333,1249.58,1240.21,0.692544,0
01:11:15:00:01:45,8880.53,8849.63,91.2926,91.2852,89.1703,0.500561,0.25104,1241.7,7260.98,12275.1,0.192835,0,0,7260.98,0.695319,0.300699,4787.01,2.25,1251.1,1241.7,0.695319,0
01:11:15:00:01:46,8880.53,8853.92,91.3201,91.3827,89.266,0.500178,0.251041,1243.18,7292.17,12275.3,0.180536,0,0,7292.17,0.710118,0.300222,4787.17,2.26667,1252.62,1243.18,0.710118,0
01:11:15:00:01:47,8884.82,8843.05,91.2593,91.4454,89.2922,0.500342,0.251042,1244.67,7323.42,12279.7,0.311584,0,0,7323.42,0.712109,0.299969,4791.61,2.28333,1254.14,1244.67,0.705275,0
01:11:15:00:01:48,8865.65,8852.49,91.2936,91.4588,89.2332,0.500266,0.251042,1246.16,7354.69,12260.7,0.563582,0,0,7354.69,0.698369,0.299826,4772.6,2.3,1255.66,1246.16,0.692064,0
01:11:15:00:01:49,8866.79,8841.33,91.2477,91.4134,89.2665,0.500313,0.251043,1247.65,7385.95,12262,0.302232,0,0,7385.95,0.688419,0.299767,4773.9,2.31667,1257.18,1247.65,0.686656,0
01:11:15:00:01:50,8872.51,8846.76,91.2124,91.4801,89.2221,0.500167,0.251043,1249.13,7417.2,12267.9,0.592505,0,0,7417.2,0.687946,0.300163,4779.76,2.33333,1258.7,1249.13,0.69186,0
01:11:15:00:01:51,8876.81,8855.63,91.4393,91.4881,89.1868,0.500376,0.251044,1250.62,7448.46,12272.3,0.437215,0,0,7448.46,0.693828,0.300992,4784.17,2.35,1260.23,1250.62,0.699222,0
01:11:15:00:01:52,8867.94,8855.35,91.193,91.5042,89.4077,0.500625,0.251045,1252.11,7479.69,12263.5,0.442493,0,0,7479.69,0.702526,0.30101,4775.41,2.36667,1261.75,1252.11,0.704398,0
01:11:15:00:01:53,8867.94,8863.36,91.1419,91.4321,89.1672,0.500554,0.251045,1253.6,7510.98,12263.6,0.547553,0,0,7510.98,0.706874,0.299996,4775.52,2.38333,1263.27,1253.6,0.71183,0
01:11:15:00:01:54,8882.24,8852.2,91.1637,91.3787,89.1179,0.500396,0.251045,1255.08,7542.27,12278.1,0.632288,0,0,7542.27,0.71183,0.300404,4789.93,2.4,1264.79,1255.08,0.712314,0
01:11:15:00:01:55,8883.1,8855.92,91.1122,91.4334,89.1397,0.500264,0.251046,1256.57,7573.5,12279,0.22263,0,0,7573.5,0.711418,0.30039,4790.87,2.41667,1266.31,1256.57,0.71094,0
01:11:15:00:01:56,8875.66,8845.91,91.209,91.3079,89.0883,0.500534,0.251046,1258.05,7604.71,12271.6,0.528359,0,0,7604.71,0.707973,0.300214,4783.48,2.43333,1267.83,1258.05,0.702405,0
01:11:15:00:01:57,8875.09,8846.76,91.3518,91.1437,89.1821,0.500724,0.251047,1259.54,7635.93,12271.1,0.233954,0,0,7635.93,0.701512,0.299202,4782.95,2.45,1269.35,1259.54,0.702405,0
01:11:15:00:01:58,8878.24,8860.5,91.2499,91.165,89.3237,0.500228,0.251047,1261.03,7667.16,12274.3,0.371038,0,0,7667.16,0.703091,0.29919,4786.14,2.46667,1270.87,1261.03,0.702192,0
01:11:15:00:01:59,8873.37,8866.22,91.2632,91.3012,89.2252,0.499947,0.251047,1262.52,7698.43,12269.5,0.377318,0,0,7698.43,0.714072,0.299617,4781.32,2.48333,1272.39,1262.52,0.7098,0
01:11:15:00:02:00,8879.67,8870.51,91.2269,91.3012,89.2368,0.500306,0.251047,1264,7729.68,12275.8,0.341783,0,0,7729.68,0.712997,0.299821,4787.65,2.5,1273.91,1264,0.715325,0
01:11:15:00:02:01,8883.96,8860.21,91.2272,91.3613,89.2016,0.50023,0.251048,1265.49,7760.92,12280.1,0.253556,0,0,7760.92,0.702886,0.299716,4791.97,2.51667,1275.43,1265.49,0.704776,0
01:11:15:00:02:02,8895.97,8858.21,91.1592,91.3146,89.2018,0.50025,0.251048,1266.98,7792.17,12292.1,0,0,0,7792.17,0.691593,0.299459,4804.02,2.53333,1276.95,1266.98,0.695976,0
01:11:15:00:02:03,8885.67,8857.64,91.1584,91.3172,89.1355,0.500198,0.251048,1268.46,7823.4,12281.9,0.277342,0,0,7823.4,0.687995,0.299257,4793.74,2.55,1278.47,1268.46,0.690179,0
01:11:15:00:02:04,8877.38,8854.49,91.3102,91.4334,89.1342,0.500353,0.251048,1269.95,7854.62,12273.6,0.438271,0,0,7854.62,0.687348,0.299301,4785.47,2.56667,1279.99,1269.95,0.687995,0
01:11:15:00:02:05,8881.1,8859.64,91.1179,91.3626,89.2827,0.500313,0.251048,1271.43,7885.84,12277.3,0.0282385,0,0,7885.84,0.689758,0.300076,4789.22,2.58333,1281.51,1271.43,0.687348,0
01:11:15:00:02:06,8873.09,8867.94,91.0689,91.3399,89.0943,0.500401,0.251048,1272.92,7917.08,12269.4,0.442493,0,0,7917.08,0.690626,0.299506,4781.23,2.6,1283.03,1272.92,0.689758,0
01:11:15:00:02:07,8883.1,8857.35,91.4245,91.2919,89.0465,0.500377,0.251049,1274.41,7948.32,12279.4,0.312624,0,0,7948.32,0.690242,0.30082,4791.27,2.61667,1284.55,1274.41,0.690626,0
01:11:15:00:02:08,8882.53,8859.07,91.1792,91.2411,89.3942,0.500376,0.251049,1275.89,7979.52,12278.8,0.234987,0,0,7979.52,0.694428,0.30131,4790.72,2.63333,1286.07,1275.89,0.691652,0
01:11:15:00:02:09,8889.11,8867.94,91.2365,91.3546,89.1549,0.500227,0.251049,1277.38,8010.77,12285.4,0.384651,0,0,8010.77,0.702624,0.299534,4797.32,2.65,1287.59,1277.38,0.694428,0
01:11:15:00:02:10,8887.11,8872.8,91.5253,91.3186,89.2107,0.500319,0.251049,1278.87,8042.03,12283.4,0.549691,0,0,8042.03,0.703574,0.299838,4795.32,2.66667,1289.11,1278.87,0.700476,0
01:11:15:00:02:11,8877.09,8859.07,91.2197,91.3827,89.493,0.500308,0.251049,1280.36,8073.27,12273.4,0.410897,0,0,8073.27,0.703907,0.29848,4785.31,2.68333,1290.64,1280.36,0.703574,0
01:11:15:00:02:12,8890.82,8847.05,91.3364,91.4307,89.1949,0.500158,0.251049,1281.84,8104.56,12287.2,0.595724,0,0,8104.56,0.707376,0.29762,4799.04,2.7,1292.16,1281.84,0.705652,0
01:11:15:00:02:13,8879.95,8855.92,91.0908,91.5095,89.3089,0.50017,0.251049,1283.33,8135.84,12276.3,0.645231,0,0,8135.84,0.707974,0.299804,4788.17,2.71667,1293.68,1283.33,0.707968,0
01:11:15:00:02:14,8872.23,8855.06,91.2394,91.5656,89.0683,0.500298,0.251049,1284.82,8167.09,12268.6,0.608611,0,0,8167.09,0.707974,0.298739,4780.45,2.73333,1295.2,1284.82,0.714073,0
01:11:15:00:02:15,8867.36,8858.78,91.1747,91.611,89.214,0.500204,0.251049,1286.3,8198.32,12263.7,0.816272,0,0,8198.32,0.71225,0.299878,4775.58,2.75,1296.72,1286.3,0.71225,0
01:11:15:00:02:16,8870.8,8863.64,91.3672,91.4681,89.1497,0.500429,0.251049,1287.79,8229.54,12267.1,0.60539,0,0,8229.54,0.714174,0.300278,4779.02,2.76667,1298.24,1287.79,0.714176,0
01:11:15:00:02:17,8877.38,8855.35,91.2092,91.4962,89.339,0.500164,0.251049,1289.28,8260.77,12273.7,0.31678,0,0,8260.77,0.714176,0.300483,4785.6,2.78333,1299.76,1289.28,0.711409,0
01:11:15:00:02:18,8882.53,8861.07,91.1214,91.5082,89.1846,0.500173,0.251049,1290.77,8292.03,12278.9,0.277342,0,0,8292.03,0.711403,0.299327,4790.75,2.8,1301.28,1290.77,0.709899,0
01:11:15:00:02:19,8877.09,8846.76,91.2305,91.5349,89.0978,0.500389,0.251049,1292.25,8323.28,12273.4,0.483733,0,0,8323.28,0.708498,0.29947,4785.32,2.81667,1302.8,1292.25,0.701289,0
01:11:15:00:02:20,8878.24,8844.19,91.4407,91.364,89.2034,0.500656,0.251049,1293.74,8354.49,12274.6,0.460445,0,0,8354.49,0.701251,0.29954,4786.46,2.83333,1304.32,1293.74,0.696783,0
01:11:15:00:02:21,8875.09,8852.2,91.3468,91.3092,89.4113,0.500072,0.251049,1295.23,8385.73,12271.4,0.417205,0,0,8385.73,0.694917,0.299061,4783.32,2.85,1305.85,1295.23,0.694604,0
01:11:15:00:02:22,8864.79,8858.5,91.3386,91.2638,89.3189,0.50021,0.251049,1296.72,8417.01,12261.1,0.273203,0,0,8417.01,0.696881,0.298634,4773.02,2.86667,1307.37,1296.72,0.700177,0
01:11:15:00:02:23,8870.8,8859.07,91.4453,91.2812,89.3105,0.500315,0.251049,1298.2,8448.3,12267.2,0.556098,0,0,8448.3,0.703329,0.298922,4779.02,2.88333,1308.89,1298.2,0.704061,0
01:11:15:00:02:24,8871.08,8857.06,91.1166,91.1904,89.4145,0.500391,0.251049,1299.69,8479.57,12267.4,0.430895,0,0,8479.57,0.703959,0.299615,4779.31,2.9,1310.41,1299.69,0.700681,0
01:11:15:00:02:25,8885.1,8852.2,91.0527,91.2879,89.0936,0.500276,0.251049,1301.18,8510.87,12281.5,0.473141,0,0,8510.87,0.698019,0.298386,4793.33,2.91667,1311.93,1301.18,0.695768,0
01:11:15:00:02:26,8873.66,8859.35,91.2404,91.169,89.0311,0.500285,0.251049,1302.67,8542.13,12270,0.561443,0,0,8542.13,0.694543,0.299091,4781.89,2.93333,1313.45,1302.67,0.694543,0
01:11:15:00:02:27,8869.37,8850.2,91.2404,91.2438,89.2147,0.500258,0.251048,1304.15,8573.32,12265.7,0.425626,0,0,8573.32,0.692646,0.298889,4777.6,2.95,1314.97,1304.15,0.692646,0
01:11:15:00:02:28,8876.81,8845.62,91.1994,91.2411,89.2147,0.500248,0.251048,1305.64,8604.53,12273.2,0.362671,0,0,8604.53,0.683912,0.298209,4785.04,2.96667,1316.49,1305.64,0.683072,0
01:11:15:00:02:29,8866.51,8848.77,91.3823,91.2625,89.1759,0.499928,0.251048,1307.12,8635.77,12262.9,0.49646,0,0,8635.77,0.678244,0.297602,4774.74,2.98333,1318.01,1307.12,0.678244,0
01:11:15:00:02:30,8874.8,8848.77,91.3302,91.2999,89.3539,0.50013,0.251048,1308.61,8667,12271.2,0.501771,0,0,8667,0.68321,0.297743,4783.03,3,1319.53,1308.61,0.689228,0
01:11:15:00:02:31,8863.64,8853.92,91.3159,91.3613,89.303,0.500138,0.251048,1310.1,8698.24,12260,0.500708,0,0,8698.24,0.696874,0.296582,4771.88,3.01667,1321.06,1310.1,0.696874,0
01:11:15:00:02:32,8872.8,8862.5,91.3845,91.408,89.2886,0.500236,0.251048,1311.59,8729.51,12269.2,0.409846,0,0,8729.51,0.698127,0.297159,4781.03,3.03333,1322.58,1311.59,0.696454,0
01:11:15:00:02:33,8875.95,8868.79,91.4079,91.3386,89.3549,0.50042,0.251048,1313.08,8760.78,12272.3,0.39934,0,0,8760.78,0.691324,0.297071,4784.18,3.05,1324.1,1313.08,0.691324,0
01:11:15:00:02:34,8872.8,8858.5,91.1555,91.3119,89.3776,0.500485,0.251048,1314.57,8792.06,12269.2,0.542219,0,0,8792.06,0.686006,0.296526,4781.03,3.06667,1325.62,1314.57,0.686006,0
01:11:15:00:02:35,8886.25,8843.62,91.285,91.3079,89.1316,0.500278,0.251048,1316.05,8823.37,12282.6,0.447767,0,0,8823.37,0.683685,0.296552,4794.48,3.08333,1327.14,1316.05,0.685131,0
01:11:15:00:02:36,8881.67,8856.21,91.3456,91.3119,89.2589,0.500104,0.251048,1317.54,8854.63,12278,0.446711,0,0,8854.63,0.685839,0.298532,4789.9,3.1,1328.67,1317.54,0.685287,0
01:11:15:00:02:37,8872.51,8853.63,91.2838,91.3319,89.3171,0.500391,0.251048,1319.03,8885.86,12268.9,0.529425,0,0,8885.86,0.685287,0.297544,4780.74,3.11667,1330.19,1319.03,0.688365,0
01:11:15:00:02:38,8868.79,8858.78,91.1614,91.364,89.2571,0.500276,0.251048,1320.52,8917.13,12265.2,0.431949,0,0,8917.13,0.687483,0.296491,4777.02,3.13333,1331.71,1320.52,0.689352,0
01:11:15:00:02:39,8871.66,8865.36,91.4474,91.3066,89.1378,0.500161,0.251048,1322,8948.4,12268,0.372085,0,0,8948.4,0.692573,0.296475,4779.88,3.15,1333.23,1322,0.694547,0
01:11:15:00:02:40,8878.81,8865.08,91.3428,91.3493,89.4167,0.500365,0.250988,1323.49,8979.63,12275.2,0.546487,0,0,8979.63,0.694593,0.296422,4787.04,3.16667,1334.75,1323.49,0.693544,0
01:11:15:00:02:41,8879.38,8863.07,91.1572,91.3172,89.3149,0.500234,0.250988,1324.98,9010.9,12275.7,0.421416,0,0,9010.9,0.692157,0.296129,4787.61,3.18333,1336.27,1324.98,0.692036,0
01:11:15:00:02:42,8882.53,8852.77,91.3496,91.2518,89.1342,0.500024,0.250988,1326.47,9042.19,12278.9,0.266993,0,0,9042.19,0.692342,0.296734,4790.75,3.2,1337.8,1326.47,0.69694,0
01:11:15:00:02:43,8885.1,8852.77,91.2807,91.2438,89.3216,0.500211,0.374411,1327.96,9073.43,12281.5,0.46256,0,0,9073.43,0.699804,0.297576,4793.33,3.21667,1339.32,1327.96,0.69694,0
01:11:15:00:02:44,8876.81,8857.35,91.3425,91.2799,89.2536,0.500371,0.498796,1329.44,9104.67,12273.2,0.59143,0,0,9104.67,0.719757,0.297705,4785.03,3.23333,1340.84,1329.44,0.718412,0
01:11:15:00:02:45,8874.23,8851.63,91.5361,91.3346,89.3153,0.500055,0.498801,1330.93,9135.93,12270.6,0.509207,0,0,9135.93,0.714512,0.297659,4782.45,3.25,1342.36,1330.93,0.719934,0
01:11:15:00:02:46,8872.23,8850.2,91.668,91.3159,89.5044,0.50012,0.498806,1332.42,9167.2,12268.6,0.544356,0,0,9167.2,0.708389,0.297826,4780.45,3.26667,1343.89,1332.42,0.708389,0
01:11:15:00:02:47,8875.38,8856.78,91.2294,91.2852,89.6326,0.500321,0.498814,1333.92,9198.5,12271.7,0.367898,0,0,9198.5,0.704114,0.298141,4783.6,3.28333,1345.41,1333.92,0.705528,0
01:11:15:00:02:48,8883.67,8865.65,91.2616,91.2852,89.2042,0.500204,0.498823,1335.41,9229.86,12280,0.517713,0,0,9229.86,0.703527,0.29816,4791.89,3.3,1346.93,1335.41,0.703587,0
01:11:15:00:02:49,8877.66,8860.78,91.4892,91.3346,89.2354,0.500246,0.498833,1336.89,9261.17,12274,0.117263,0,0,9261.17,0.704105,0.299752,4785.88,3.31667,1348.46,1336.89,0.703198,0
01:11:15:00:02:50,8879.95,8861.07,91.4541,91.3813,88.4756,0.750447,0.498846,1338.37,9292.41,12276.3,0.520907,0,0,9292.41,0.704675,0.300095,4788.17,3.33333,1349.98,1338.37,0.704103,0
01:11:15:00:02:51,8881.1,8857.06,91.245,91.3266,88.44,0.750858,0.49886,1339.85,9331.28,12277.4,0.722179,0,0,9331.28,0.701627,0.302257,4789.32,3.35,1351.5,1339.85,0.700191,0
01:11:15:00:02:52,8881.1,8857.35,91.4417,91.4214,88.2387,0.750628,0.498875,1341.32,9377.76,12277.4,0.467847,0,0,9377.76,0.710358,0.302668,4789.31,3.36667,1353.03,1341.32,0.702092,0
01:11:15:00:02:53,8878.52,8853.06,91.3801,91.408,88.4287,0.75068,0.498892,1342.79,9424.18,12274.9,0.709129,0,0,9424.18,0.715704,0.303645,4786.74,3.38333,1354.55,1342.79,0.714873,0
01:11:15:00:02:54,8870.22,8860.5,91.155,91.2972,88.3683,0.75091,0.49891,1344.27,9470.6,12266.6,0.473141,0,0,9470.6,0.709664,0.302158,4778.44,3.4,1356.07,1344.27,0.716028,0
01:11:15:00:02:55,8878.24,8867.65,91.2418,91.4427,88.1519,0.750574,0.498929,1345.74,9517.05,12274.6,0.228805,0,0,9517.05,0.697027,0.301784,4786.45,3.41667,1357.59,1345.74,0.703247,0
01:11:15:00:02:56,8875.66,8876.23,91.2828,91.364,88.2346,0.750886,0.49895,1347.21,9563.44,12272,0.271133,0,0,9563.44,0.693614,0.300576,4783.87,3.43333,1359.11,1347.21,0.697027,0
01:11:15:00:02:57,8877.95,8863.36,91.4961,91.4267,88.2747,0.750782,0.498972,1348.68,9609.78,12274.3,0.912464,0,0,9609.78,0.694849,0.299497,4786.16,3.45,1360.64,1348.68,0.693614,0
01:11:15:00:02:58,8886.25,8854.49,91.2438,91.5829,88.4821,0.750476,0.498996,1350.15,9656.17,12282.6,0.65603,0,0,9656.17,0.691612,0.297904,4794.46,3.46667,1362.16,1350.15,0.694849,0
01:11:15:00:02:59,8888.82,8862.79,91.1133,91.4548,88.2354,0.751182,0.49902,1351.62,9702.61,12285.2,0.0918795,0,0,9702.61,0.692067,0.297437,4797.03,3.48333,1363.68,1351.62,0.691612,0
01:11:15:00:03:00,8872.8,8856.21,91.1514,91.352,88.1114,0.750613,0.499046,1353.09,9749.04,12269.1,0.06657,0,0,9749.04,0.700461,0.296933,4781.01,3.5,1365.2,1353.09,0.693397,0
01:11:15:00:03:01,8875.38,8861.07,91.357,91.3399,88.1469,0.750947,0.499072,1354.56,9795.39,12271.7,0,0,0,9795.39,0.707901,0.297687,4783.58,3.51667,1366.72,1354.56,0.700461,0
01:11:15:00:03:02,8875.66,8867.36,91.432,91.2919,88.3468,0.750673,0.4991,1356.03,9841.71,12272,0.0584828,0,0,9841.71,0.709469,0.297282,4783.87,3.53333,1368.24,1356.03,0.71207,0
01:11:15:00:03:03,8873.37,8871.94,91.3133,91.4321,88.4202,0.750457,0.499128,1357.51,9888.09,12269.7,0.035285,0,0,9888.09,0.698244,0.296216,4781.58,3.55,1369.76,1357.51,0.709469,0
01:11:15:00:03:04,8876.81,8862.5,91.0958,91.404,88.3054,0.750454,0.499158,1358.98,9934.52,12273.1,0.389896,0,0,9934.52,0.690139,0.294401,4785.01,3.56667,1371.28,1358.98,0.689593,0
01:11:15:00:03:05,8882.53,8862.21,91.0986,91.5429,88.0942,0.75068,0.499188,1360.45,9980.94,12278.9,0.429842,0,0,9980.94,0.695645,0.292264,4790.73,3.58333,1372.8,1360.45,0.690315,0
01:11:15:00:03:06,8895.12,8872.51,91.1424,91.4868,88.097,0.750657,0.499219,1361.92,10027.3,12291.4,0.348041,0,0,10027.3,0.702222,0.29135,4803.3,3.6,1374.32,1361.92,0.702222,0
01:11:15:00:03:07,8874.52,8868.51,91.3303,91.4321,88.1404,0.750379,0.499251,1363.38,10073.6,12270.8,0.473141,0,0,10073.6,0.70766,0.29359,4782.66,3.61667,1375.84,1363.38,0.708189,0
01:11:15:00:03:08,8879.95,8858.21,91.3395,91.416,88.3198,0.750987,0.499283,1364.85,10119.9,12276.2,0.500708,0,0,10119.9,0.703695,0.297471,4788.06,3.63333,1377.36,1364.85,0.70696,0
01:11:15:00:03:09,8887.11,8857.64,91.2395,91.3359,88.3297,0.750728,0.499316,1366.33,10166.2,12283.3,0.681996,0,0,10166.2,0.697572,0.304587,4795.19,3.65,1378.89,1366.33,0.699286,0
01:11:15:00:03:10,8880.24,8866.79,91.2849,91.2718,88.2339,0.750504,0.499349,1367.8,10212.7,12276.6,0.515584,0,0,10212.7,0.694472,0.309312,4788.46,3.66667,1380.41,1367.8,0.69632,0
01:11:15:00:03:11,8881.67,8869.94,91.3225,91.3106,88.2784,0.750344,0.499383,1369.27,10259,12278.5,0.362671,0,0,10259,0.694472,0.312176,4790.39,3.68333,1381.93,1369.27,0.69253,0
01:11:15:00:03:12,8871.08,8872.51,91.3631,91.3773,88.3155,0.75015,0.499418,1370.74,10305.4,12268.4,0.588211,0,0,10305.4,0.691353,0.311507,4780.32,3.7,1383.45,1370.74,0.6903,0
01:11:15:00:03:13,8889.11,8866.79,91.0777,91.3306,88.3515,0.750985,0.499453,1372.21,10351.8,12287,0.451993,0,0,10351.8,0.692274,0.30875,4798.87,3.71667,1384.97,1372.21,0.698164,0
01:11:15:00:03:14,8883.1,8864.5,91.2667,91.3666,88.0778,0.750409,0.499488,1373.68,10398.2,12281.5,0.680913,0,0,10398.2,0.699442,0.305939,4793.39,3.73333,1386.49,1373.68,0.702742,0
01:11:15:00:03:15,8885.1,8860.5,91.1453,91.3199,88.2619,0.750033,0.499523,1375.15,10444.5,12284.1,0.77348,0,0,10444.5,0.70595,0.300911,4795.94,3.75,1388.01,1375.15,0.703606,0
01:11:15:00:03:16,8880.24,8852.77,91.3594,91.4374,88.1441,0.750149,0.499559,1376.62,10490.8,12279.7,0.750525,0,0,10490.8,0.703606,0.294703,4791.59,3.76667,1389.53,1376.62,0.701016,0
01:11:15:00:03:17,8873.94,8864.79,91.3335,91.4027,88.3482,0.750921,0.499595,1378.09,10537.2,12274,0.931379,0,0,10537.2,0.696323,0.294414,4785.83,3.78333,1391.05,1378.09,0.690588,0
01:11:15:00:03:18,8876.52,8861.93,91.4665,91.4761,88.3235,0.750816,0.499631,1379.57,10583.5,12277.1,0.596794,0,0,10583.5,0.690818,0.293406,4788.97,3.8,1392.58,1379.57,0.695987,0
01:11:15:00:03:19,8866.22,8873.94,91.5182,91.412,88.4514,0.751026,0.499667,1381.04,10629.9,12267.4,0.406692,0,0,10629.9,0.698359,0.29289,4779.25,3.81667,1394.1,1381.04,0.702712,0
01:11:15:00:03:20,8877.38,8861.93,91.423,91.4654,88.5037,0.750424,0.499703,1382.51,10676.4,12279.1,0.983882,0,0,10676.4,0.709142,0.295816,4790.93,3.83333,1395.63,1382.51,0.709683,0
01:11:15:00:03:21,8879.38,8857.92,91.3547,91.4708,88.4093,0.751017,0.499739,1383.99,10722.9,12281.6,0.76801,0,0,10722.9,0.707516,0.298456,4793.42,3.85,1397.15,1383.99,0.704837,0
01:11:15:00:03:22,8884.82,8860.21,91.1902,91.3867,88.3453,0.750495,0.499775,1385.46,10769.4,12287.5,0.651706,0,0,10769.4,0.700073,0.301405,4799.38,3.86667,1398.67,1385.46,0.692719,0
01:11:15:00:03:23,8871.08,8850.2,91.2798,91.5322,88.1868,0.750355,0.499811,1386.93,10815.8,12274.3,0.584998,0,0,10815.8,0.689061,0.305251,4786.19,3.88333,1400.19,1386.93,0.689061,0
01:11:15:00:03:24,8874.23,8860.5,91.243,91.5028,88.2696,0.751335,0.499847,1388.4,10862.2,12278,0.445657,0,0,10862.2,0.691424,0.307457,4789.88,3.9,1401.71,1388.4,0.694307,0
01:11:15:00:03:25,8869.37,8848.77,91.2391,91.3867,88.2355,0.750948,0.499882,1389.87,10908.6,12273.6,0.839398,0,0,10908.6,0.700195,0.308357,4785.52,3.91667,1403.23,1389.87,0.700195,0
01:11:15:00:03:26,8865.93,8857.06,91.4253,91.4494,88.2339,0.750387,0.499918,1391.34,10955,12270.7,0.938065,0,0,10955,0.703107,0.308033,4782.59,3.93333,1404.76,1391.34,0.703107,0
01:11:15:00:03:27,8870.8,8851.63,91.2828,91.4788,88.4143,0.750302,0.499953,1392.82,11001.3,12276.1,0.987241,0,0,11001.3,0.701532,0.306966,4787.98,3.95,1406.28,1392.82,0.701532,0
01:11:15:00:03:28,8866.51,8859.35,91.3174,91.5242,88.2746,0.750795,0.499988,1394.29,11047.7,12272.4,0.751613,0,0,11047.7,0.695609,0.305294,4784.23,3.96667,1407.8,1394.29,0.695609,0
01:11:15:00:03:29,8876.52,8869.94,91.2252,91.5442,88.3094,0.750456,0.500022,1395.76,11094.1,12282.9,0.681996,0,0,11094.1,0.690862,0.303595,4794.79,3.98333,1409.32,1395.76,0.689831,0
01:11:15:00:03:30,8863.07,8856.49,91.3872,91.5295,88.2203,0.750455,0.500057,1397.23,11140.5,12270,0.74725,0,0,11140.5,0.692827,0.301841,4781.83,4,1410.84,1397.23,0.692827,0
01:11:15:00:03:31,8873.37,8847.91,91.1585,91.4735,88.3752,0.750899,0.50009,1398.7,11186.9,12280.8,0.688503,0,0,11186.9,0.697006,0.301235,4792.64,4.01667,1412.36,1398.7,0.701861,0
01:11:15:00:03:32,8872.8,8843.33,91.1487,91.4401,88.1539,0.750933,0.500124,1400.17,11233.3,12280.7,0.859268,0,0,11233.3,0.702465,0.300325,4792.6,4.03333,1413.88,1400.17,0.703974,0
01:11:15:00:03:33,8869.08,8853.92,91.3785,91.3666,88.1461,0.750467,0.500156,1401.64,11279.7,12277.6,0.957033,0,0,11279.7,0.704428,0.301104,4789.44,4.05,1415.4,1401.64,0.700699,0
01:11:15:00:03:34,8867.08,8847.91,91.3677,91.3439,88.3672,0.75078,0.500189,1403.11,11326,12276.1,0.546487,0,0,11326,0.700952,0.298974,4787.95,4.06667,1416.93,1403.11,0.698843,0
01:11:15:00:03:35,8852.77,8853.06,91.3481,91.404,88.3587,0.750265,0.500221,1404.59,11372.4,12262.3,0.686333,0,0,11372.4,0.698896,0.29436,4774.14,4.08333,1418.45,1404.59,0.700617,0
01:11:15:00:03:36,8869.08,8850.2,91.1156,91.3893,88.3372,0.750944,0.500252,1406.06,11418.8,12279.1,0.855956,0,0,11418.8,0.702633,0.291057,4790.97,4.1,1419.97,1406.06,0.705996,0
01:11:15:00:03:37,8860.5,8853.92,91.2516,91.3653,88.1129,0.750799,0.500282,1407.53,11465.2,12271.1,0.772386,0,0,11465.2,0.707087,0.288649,4782.92,4.11667,1421.49,1407.53,0.710214,0
01:11:15:00:03:38,8865.93,8843.62,91.2449,91.3159,88.2474,0.750019,0.500312,1409,11511.6,12277,0.880288,0,0,11511.6,0.710338,0.287559,4788.91,4.13333,1423.01,1409,0.707768,0
01:11:15:00:03:39,8867.36,8837.61,91.096,91.2772,88.2398,0.750317,0.500342,1410.47,11557.9,12279,0.903576,0,0,11557.9,0.706361,0.287805,4790.84,4.15,1424.53,1410.47,0.706244,0
01:11:15:00:03:40,8860.5,8845.05,91.4194,91.3947,88.097,0.750007,0.50037,1411.94,11604.3,12272.6,0.771294,0,0,11604.3,0.701625,0.290752,4784.48,4.16667,1426.05,1411.94,0.706244,0
01:11:15:00:03:41,8851.34,8836.18,91.0919,91.2064,88.4084,0.750342,0.500398,1413.41,11650.6,12264,0.772386,0,0,11650.6,0.695619,0.294432,4775.85,4.18333,1427.57,1413.41,0.696384,0
01:11:15:00:03:42,8841.9,8847.62,91.3626,91.2158,88.0935,0.749893,0.500425,1414.88,11696.9,12255.1,0.774575,0,0,11696.9,0.692882,0.296767,4766.95,4.2,1429.09,1414.88,0.693928,0
01:11:15:00:03:43,8851.92,8831.6,91.1896,91.1944,88.3555,0.749828,0.500452,1416.35,11743.2,12265.6,0.536885,0,0,11743.2,0.68848,0.302807,4777.5,4.21667,1430.61,1416.35,0.687863,0
01:11:15:00:03:44,8857.35,8840.47,90.9685,91.2558,88.1875,0.750008,0.500478,1417.82,11789.6,12271.6,0.817372,0,0,11789.6,0.690311,0.303543,4783.44,4.23333,1432.13,1417.82,0.688079,0
01:11:15:00:03:45,8859.07,8850.48,91.0346,91.2879,87.9747,0.749744,0.500503,1419.29,11835.9,12273.8,0.921359,0,0,11835.9,0.692243,0.306357,4785.66,4.25,1433.65,1419.29,0.692243,0
01:11:15:00:03:46,8852.77,8835.89,91.2707,91.2758,88.0384,0.749793,0.500527,1420.76,11882.1,12268,0.574284,0,0,11882.1,0.703125,0.307202,4779.9,4.26667,1435.17,1420.76,0.698006,0
01:11:15:00:03:47,8859.64,8843.33,91.2496,91.3106,88.2661,0.749984,0.50055,1422.23,11928.3,12275.4,0.553964,0,0,11928.3,0.705364,0.306256,4787.31,4.28333,1436.69,1422.23,0.70528,0
01:11:15:00:03:48,8860.21,8827.6,91.2597,91.4414,88.2462,0.74985,0.500572,1423.7,11974.6,12276.5,0.882503,0,0,11974.6,0.695703,0.305614,4788.41,4.3,1438.21,1423.7,0.698644,0
01:11:15:00:03:49,8857.35,8839.9,91.2455,91.392,88.2548,0.750141,0.500594,1425.17,12020.9,12274.2,0.726535,0,0,12020.9,0.690132,0.304348,4786.04,4.31667,1439.73,1425.17,0.693035,0
01:11:15:00:03:50,8852.2,8825.88,91.2149,91.4134,88.2438,0.749434,0.500615,1426.64,12067.2,12269.5,0.722179,0,0,12067.2,0.694931,0.303567,4781.41,4.33333,1441.25,1426.64,0.692682,0
01:11:15:00:03:51,8846.76,8833.32,91.2574,91.368,88.2135,0.749639,0.500634,1428.11,12113.6,12264.6,0.841606,0,0,12113.6,0.699012,0.302916,4776.51,4.35,1442.77,1428.11,0.694931,0
01:11:15:00:03:52,8850.2,8843.33,91.457,91.3773,88.2536,0.749879,0.500653,1429.58,12159.9,12268.6,1.05586,0,0,12159.9,0.695858,0.302272,4780.49,4.36667,1444.29,1429.58,0.698891,0
01:11:15:00:03:53,8835.32,8838.18,91.5463,91.404,88.4476,0.749621,0.500672,1431.05,12206.2,12254.2,0.663594,0,0,12206.2,0.696141,0.301979,4766.12,4.38333,1445.82,1431.05,0.695858,0
01:11:15:00:03:54,8855.35,8834.18,91.3981,91.4694,88.5322,0.750085,0.500689,1432.53,12252.5,12274.8,0.724358,0,0,12252.5,0.693763,0.302141,4786.65,4.4,1447.34,1432.53,0.695219,0
01:11:15:00:03:55,8854.2,8827.88,91.2233,91.5522,88.3899,0.749812,0.500705,1434,12299,12274.2,0.415102,0,0,12299,0.693792,0.302262,4786.03,4.41667,1448.87,1434,0.693763,0
01:11:15:00:03:56,8854.78,8830.46,91.01,91.4574,88.2186,0.750409,0.500721,1435.47,12345.4,12275.3,0.812977,0,0,12345.4,0.694365,0.301363,4787.14,4.43333,1450.38,1435.47,0.693792,0
01:11:15:00:03:57,8847.34,8823.59,91.0358,91.4721,88.0136,0.750054,0.500735,1436.94,12391.8,12268.4,0.726535,0,0,12391.8,0.699111,0.301374,4780.25,4.45,1451.9,1436.94,0.694365,0
01:11:15:00:03:58,8838.18,8835.61,91.405,91.388,88.036,0.750741,0.500749,1438.41,12438.1,12259.7,0.560375,0,0,12438.1,0.708461,0.300532,4771.58,4.46667,1453.42,1438.41,0.699111,0
01:11:15:00:03:59,8849.63,8831.03,91.3713,91.352,88.3961,0.74994,0.500761,1439.88,12484.3,12271.7,0.548622,0,0,12484.3,0.723595,0.300519,4783.53,4.48333,1454.94,1439.88,0.718542,0
01:11:15:00:04:00,8837.61,8843.9,91.1863,91.3092,88.3621,0.75031,0.500773,1441.35,12530.6,12260.2,0.708042,0,0,12530.6,0.725067,0.299176,4772.05,4.5,1456.47,1441.35,0.724846,0
01:11:15:00:04:01,8853.92,8829.03,91.2748,91.4227,88.1861,0.749534,0.500784,1442.82,12577,12277,0.724358,0,0,12577,0.707043,0.299636,4788.91,4.51667,1457.99,1442.82,0.710299,0
01:11:15:00:04:02,8850.48,8832.17,91.4589,91.4734,88.2695,0.75012,0.500794,1444.29,12623.4,12274.1,0.741792,0,0,12623.4,0.696103,0.301261,4786,4.53333,1459.51,1444.29,0.699899,0
01:11:15:00:04:03,8861.93,8848.2,91.4045,91.3453,88.4477,0.750076,0.500803,1445.77,12669.7,12286.1,0.839398,0,0,12669.7,0.697193,0.301955,4797.94,4.55,1461.03,1445.77,0.696044,0
01:11:15:00:04:04,8850.77,8834.18,91.3562,91.392,88.3974,0.749477,0.500812,1447.24,12716.1,12275.4,0.675499,0,0,12716.1,0.702778,0.300708,4787.29,4.56667,1462.56,1447.24,0.699185,0
01:11:15:00:04:05,8847.62,8838.18,91.2733,91.2959,88.347,0.750425,0.500819,1448.71,12762.5,12272.8,0.685249,0,0,12762.5,0.705989,0.299963,4784.68,4.58333,1464.08,1448.71,0.705253,0
01:11:15:00:04:06,8849.34,8829.88,91.3017,91.372,88.2698,0.749658,0.500826,1450.19,12808.9,12275.1,0.686333,0,0,12808.9,0.700655,0.300027,4786.95,4.6,1465.6,1450.19,0.703975,0
01:11:15:00:04:07,8849.63,8840.18,91.1438,91.416,88.2952,0.750199,0.500832,1451.66,12855.2,12275.9,0.697181,0,0,12855.2,0.700655,0.297419,4787.74,4.61667,1467.12,1451.66,0.693631,0
01:11:15:00:04:08,8850.48,8841.33,91.1978,91.3399,88.1433,0.749994,0.500837,1453.13,12901.6,12277.2,0.523036,0,0,12901.6,0.693631,0.297519,4789.1,4.63333,1468.64,1453.13,0.688893,0
01:11:15:00:04:09,8840.76,8834.46,91.1978,91.388,88.1966,0.749717,0.500841,1454.6,12947.9,12268,0.76801,0,0,12947.9,0.689802,0.298711,4779.9,4.65,1470.16,1454.6,0.690161,0
01:11:15:00:04:10,8856.21,8844.19,91.1618,91.3373,88.1951,0.750093,0.500844,1456.07,12994.2,12284,0.807478,0,0,12994.2,0.691856,0.298279,4795.89,4.66667,1471.68,1456.07,0.695252,0
01:11:15:00:04:11,8855.92,8829.31,91.2966,91.384,88.1614,0.749812,0.500847,1457.54,13040.5,12284.3,0.66684,0,0,13040.5,0.693626,0.299395,4796.14,4.68333,1473.2,1457.54,0.69294,0
01:11:15:00:04:12,8855.06,8831.89,91.1898,91.408,88.2902,0.750223,0.500849,1459.01,13086.8,12283.9,0.750525,0,0,13086.8,0.692718,0.299942,4795.78,4.7,1474.72,1459.01,0.691346,0
01:11:15:00:04:13,8848.48,8814.15,91.3776,91.4107,88.1881,0.749923,0.500851,1460.48,13133.1,12277.8,0.731979,0,0,13133.1,0.691783,0.299626,4789.71,4.71667,1476.24,1460.48,0.690789,0
01:11:15:00:04:14,8843.62,8829.03,91.226,91.4614,88.3691,0.750079,0.500851,1461.95,13179.4,12273.5,0.810778,0,0,13179.4,0.688603,0.300305,4785.37,4.73333,1477.76,1461.95,0.687572,0
01:11:15:00:04:15,8847.62,8833.89,91.4216,91.3359,88.2223,0.750111,0.500851,1463.42,13225.8,12278.1,0.929156,0,0,13225.8,0.688756,0.300481,4789.93,4.75,1479.29,1463.42,0.691198,0
01:11:15:00:04:16,8827.88,8837.32,91.1135,91.5068,88.4132,0.74967,0.50085,1464.89,13272.1,12258.8,0.602165,0,0,13272.1,0.694624,0.301512,4770.71,4.76667,1480.81,1464.89,0.700214,0
01:11:15:00:04:17,8859.07,8837.04,91.1075,91.4681,88.1126,0.750349,0.500849,1466.36,13318.5,12290.5,0.787724,0,0,13318.5,0.704338,0.301988,4802.39,4.78333,1482.32,1466.36,0.713391,0
01:11:15:00:04:18,8844.76,8829.03,91.1832,91.5042,88.1087,0.749838,0.500847,1467.83,13364.8,12276.7,0.691754,0,0,13364.8,0.714571,0.301799,4788.6,4.8,1483.84,1467.83,0.715803,0
01:11:15:00:04:19,8853.34,8825.59,91.2987,91.4214,88.1809,0.750123,0.500845,1469.3,13411.1,12285.8,0.633366,0,0,13411.1,0.715879,0.301511,4797.72,4.81667,1485.36,1469.3,0.711572,0
01:11:15:00:04:20,8845.91,8811,91.1954,91.4988,88.2942,0.74969,0.500842,1470.77,13457.4,12279,0.589284,0,0,13457.4,0.703862,0.300073,4790.83,4.83333,1486.89,1470.77,0.703862,0
01:11:15:00:04:21,8837.9,8827.31,91.1045,91.5135,88.193,0.750039,0.500838,1472.24,13503.7,12271.5,0.443545,0,0,13503.7,0.692573,0.299168,4783.33,4.85,1488.4,1472.24,0.690423,0
01:11:15:00:04:22,8841.9,8821.59,91.4613,91.5108,88.1056,0.749899,0.500834,1473.71,13550,12276,0.728714,0,0,13550,0.684638,0.299046,4787.83,4.86667,1489.93,1473.71,0.684638,0
01:11:15:00:04:23,8823.59,8823.3,91.1506,91.5642,88.4509,0.749838,0.50083,1475.18,13596.3,12258.2,0.793208,0,0,13596.3,0.682128,0.298756,4770.04,4.88333,1491.45,1475.18,0.684015,0
01:11:15:00:04:24,8845.05,8817.3,91.2282,91.5429,88.1505,0.749833,0.500825,1476.65,13642.6,12280.2,0.66684,0,0,13642.6,0.683381,0.297113,4792.04,4.9,1492.97,1476.65,0.684576,0
01:11:15:00:04:25,8841.62,8822.73,91.4856,91.607,88.2245,0.750102,0.50082,1478.12,13689,12277.3,0.542219,0,0,13689,0.684963,0.299213,4789.15,4.91667,1494.49,1478.12,0.689676,0
01:11:15:00:04:26,8841.9,8839.9,91.2439,91.5215,88.4749,0.749709,0.500814,1479.6,13735.3,12278.1,0.715652,0,0,13735.3,0.691382,0.299169,4789.93,4.93333,1496.01,1479.6,0.697623,0
01:11:15:00:04:27,8847.62,8821.3,91.1467,91.4748,88.2401,0.750003,0.500808,1481.07,13781.6,12284.3,0.858162,0,0,13781.6,0.697628,0.299235,4796.16,4.95,1497.53,1481.07,0.69431,0
01:11:15:00:04:28,8843.05,8825.02,91.2802,91.6203,88.148,0.74951,0.500801,1482.54,13828,12280.2,0.64739,0,0,13828,0.69431,0.300297,4792.11,4.96667,1499.05,1482.54,0.690925,0
01:11:15:00:04:29,8857.06,8808.71,91.2084,91.6136,88.2753,0.749951,0.500795,1484.01,13874.3,12294.8,0.609686,0,0,13874.3,0.693298,0.29968,4806.68,4.98333,1500.57,1484.01,0.698115,0
01:11:15:00:04:30,8829.88,8823.02,91.306,91.6363,88.2043,0.750387,0.500787,1485.48,13920.6,12268.2,0.69935,0,0,13920.6,0.699775,0.299312,4780.03,5,1502.09,1485.48,0.713176,0
01:11:15:00:04:31,8837.61,8816.15,91.1195,91.5696,88.3007,0.749869,0.50078,1486.95,13966.9,12276.4,0.495398,0,0,13966.9,0.716178,0.300798,4788.24,5.01667,1503.62,1486.95,0.71911,0
01:11:15:00:04:32,8825.88,8822.16,91.4576,91.4254,88.117,0.750705,0.500773,1488.42,14013.3,12265.2,0.858162,0,0,14013.3,0.719106,0.29966,4777.03,5.03333,1505.14,1488.42,0.712063,0
01:11:15:00:04:33,8840.47,8831.03,91.1114,91.4908,88.4476,0.749782,0.500765,1489.89,14059.6,12280.3,0.801988,0,0,14059.6,0.703855,0.301176,4792.15,5.05,1506.66,1489.89,0.712063,0
01:11:15:00:04:34,8837.32,8817.01,91.3759,91.4681,88.1126,0.749841,0.500757,1491.36,14106,12277.7,0.690668,0,0,14106,0.696641,0.299822,4789.56,5.06667,1508.18,1491.36,0.70075,0
01:11:15:00:04:35,8845.05,8820.73,91.3266,91.5189,88.3682,0.749879,0.500748,1492.83,14152.3,12285.9,0.742883,0,0,14152.3,0.692485,0.300466,4797.79,5.08333,1509.7,1492.83,0.691475,0
01:11:15:00:04:36,8847.05,8803.56,91.4684,91.4988,88.3187,0.750338,0.50074,1494.31,14198.6,12288.4,0.766916,0,0,14198.6,0.697501,0.298986,4800.29,5.1,1511.22,1494.31,0.696918,0
01:11:15:00:04:37,8837.04,8820.16,91.315,91.6203,88.4572,0.750004,0.500731,1495.78,14245,12278.9,0.717829,0,0,14245,0.698605,0.299488,4790.8,5.11667,1512.75,1495.78,0.698605,0
01:11:15:00:04:38,8835.32,8815.29,91.3965,91.4841,88.3072,0.750428,0.500723,1497.25,14291.4,12277.8,0.98276,0,0,14291.4,0.690997,0.299048,4789.63,5.13333,1514.27,1497.25,0.693778,0
01:11:15:00:04:39,8816.15,8823.02,91.201,91.5616,88.3881,0.749883,0.500714,1498.73,14337.8,12259.1,1.10453,0,0,14337.8,0.688744,0.299499,4771,5.15,1515.79,1498.73,0.691017,0
01:11:15:00:04:40,8845.33,8821.3,91.1719,91.4962,88.1987,0.74998,0.500705,1500.2,14384.2,12288.8,1.0457,0,0,14384.2,0.692306,0.299902,4800.68,5.16667,1517.31,1500.2,0.691993,0
01:11:15:00:04:41,8832.46,8809.57,91.3282,91.5656,88.1714,0.749754,0.500696,1501.67,14430.6,12276.4,0.812977,0,0,14430.6,0.691943,0.300314,4788.32,5.18333,1518.83,1501.67,0.693036,0
01:11:15:00:04:42,8845.91,8829.03,91.1744,91.6043,88.3216,0.749984,0.500687,1503.14,14476.9,12290.4,0.793208,0,0,14476.9,0.690747,0.300321,4802.29,5.2,1520.35,1503.14,0.690332,0
01:11:15:00:04:43,8833.6,8815.29,91.3171,91.5669,88.1724,0.750116,0.500678,1504.61,14523.2,12278.7,0.796498,0,0,14523.2,0.697205,0.300195,4790.54,5.21667,1521.87,1504.61,0.692915,0
01:11:15:00:04:44,8831.89,8821.02,91.2293,91.591,88.3109,0.749988,0.500669,1506.08,14569.5,12277.5,0.610761,0,0,14569.5,0.713787,0.300059,4789.35,5.23333,1523.4,1506.08,0.706076,0
01:11:15:00:04:45,8847.91,8808.43,91.1969,91.663,88.2265,0.749848,0.50066,1507.55,14615.9,12294,0.641991,0,0,14615.9,0.717051,0.300193,4805.86,5.25,1524.92,1507.55,0.714671,0
01:11:15:00:04:46,8819.01,8809.29,91.2461,91.6537,88.1939,0.750178,0.500651,1509.02,14662.2,12265.6,0.850433,0,0,14662.2,0.712351,0.300705,4777.47,5.26667,1526.44,1509.02,0.712351,0
01:11:15:00:04:47,8831.89,8804.14,91.2514,91.6217,88.2429,0.749823,0.500642,1510.49,14708.5,12279,0.690668,0,0,14708.5,0.697883,0.300816,4790.86,5.28333,1527.96,1510.49,0.702204,0
01:11:15:00:04:48,8819.58,8812.15,91.3147,91.6056,88.2466,0.750175,0.500633,1511.96,14754.8,12267.2,0.662513,0,0,14754.8,0.701147,0.301138,4779.1,5.3,1529.48,1511.96,0.697883,0
01:11:15:00:04:49,8827.02,8827.6,91.2109,91.4027,88.3061,0.750614,0.500624,1513.43,14801.1,12275.1,0.597868,0,0,14801.1,0.705799,0.301241,4786.96,5.31667,1531,1513.43,0.701147,0
01:11:15:00:04:50,8829.6,8812.15,91.147,91.5175,88.2083,0.749953,0.500615,1514.9,14847.5,12278.1,0.759263,0,0,14847.5,0.706046,0.300967,4789.96,5.33333,1532.52,1514.9,0.705799,0
01:11:15:00:04:51,8832.46,8819.58,91.5251,91.5282,88.1455,0.750219,0.500606,1516.37,14893.9,12281.4,0.374175,0,0,14893.9,0.701978,0.300572,4793.25,5.35,1534.04,1516.37,0.702805,0
01:11:15:00:04:52,8848.48,8800.99,91.2936,91.3506,88.5115,0.750114,0.500597,1517.85,14940.2,12297.8,0.382559,0,0,14940.2,0.701965,0.300885,4809.71,5.36667,1535.56,1517.85,0.700941,0
01:11:15:00:04:53,8823.59,8814.15,91.1499,91.3333,88.2871,0.750261,0.500588,1519.32,14986.6,12273.3,0.626899,0,0,14986.6,0.710066,0.299334,4785.2,5.38333,1537.09,1519.32,0.707928,0
01:11:15:00:04:54,8824.45,8796.7,91.3508,91.3707,88.1498,0.749825,0.500579,1520.79,15033,12274.4,0.635524,0,0,15033,0.708355,0.299779,4786.3,5.4,1538.61,1520.79,0.710995,0
01:11:15:00:04:55,8817.87,8812.72,91.4061,91.5082,88.3431,0.75008,0.500571,1522.26,15079.3,12268.1,0.657109,0,0,15079.3,0.702867,0.300408,4779.96,5.41667,1540.13,1522.26,0.704482,0
01:11:15:00:04:56,8829.31,8825.02,91.2254,91.5869,88.3975,0.749857,0.500562,1523.73,15125.6,12279.8,0.774575,0,0,15125.6,0.70113,0.298594,4791.66,5.43333,1541.65,1523.73,0.699509,0
01:11:15:00:04:57,8825.02,8811.86,91.082,91.38,88.2205,0.750435,0.500554,1525.2,15172,12275.7,0.787724,0,0,15172,0.700521,0.299296,4787.61,5.45,1543.17,1525.2,0.700521,0
01:11:15:00:04:58,8839.04,8815.87,91.4876,91.388,88.0834,0.750029,0.500546,1526.67,15218.4,12290,0.480553,0,0,15218.4,0.694948,0.300131,4801.83,5.46667,1544.69,1526.67,0.698778,0
01:11:15:00:04:59,8833.6,8794.12,91.075,91.4107,88.4763,0.749873,0.500537,1528.14,15264.7,12284.7,0.526228,0,0,15264.7,0.690936,0.301178,4796.56,5.48333,1546.21,1528.14,0.691398,0
01:11:15:00:05:00,8831.89,8821.59,91.2201,91.4561,88.0767,0.750009,0.500529,1529.62,15311,12283.1,0.645231,0,0,15311,0.682026,0.299082,4795.01,5.5,1547.73,1529.62,0.682776,0
01:11:15:00:05:01,8819.3,8804.71,91.2661,91.4988,88.2165,0.750137,0.500521,1531.09,15357.4,12270.7,0.532624,0,0,15357.4,0.675838,0.301696,4782.59,5.51667,1549.25,1531.09,0.678189,0
01:11:15:00:05:02,8808.71,8792.12,91.0275,91.3853,88.2596,0.750515,0.500513,1532.56,15403.6,12260.3,0.78115,0,0,15403.6,0.688321,0.300806,4772.17,5.53333,1550.77,1532.56,0.684793,0
01:11:15:00:05:03,8832.17,8804.99,91.0274,91.3466,88.0302,0.750155,0.500506,1534.02,15450,12283.9,0.684164,0,0,15450,0.693646,0.299264,4795.78,5.55,1552.29,1534.02,0.691087,0
01:11:15:00:05:04,8809,8796.98,91.3581,91.38,88.0307,0.750002,0.500498,1535.49,15496.3,12260.9,0.667922,0,0,15496.3,0.698696,0.300522,4772.75,5.56667,1553.81,1535.49,0.697321,0
01:11:15:00:05:05,8813.86,8811.29,91.2168,91.356,88.35,0.750133,0.500491,1536.96,15542.5,12265.9,0.550759,0,0,15542.5,0.701814,0.299521,4777.77,5.58333,1555.33,1536.96,0.700271,0
01:11:15:00:05:06,8816.15,8806.14,91.2192,91.2678,88.2133,0.750126,0.500484,1538.43,15588.8,12268.3,0.558236,0,0,15588.8,0.701814,0.29854,4780.21,5.6,1556.85,1538.43,0.698001,0
01:11:15:00:05:07,8821.87,8812.72,91.1162,91.2772,88.2167,0.749854,0.500477,1539.9,15635.2,12274.2,0.7954,0,0,15635.2,0.698001,0.298437,4786.08,5.61667,1558.37,1539.9,0.69121,0
01:11:15:00:05:08,8833.32,8801.27,91.2314,91.3039,88.1174,0.749779,0.50047,1541.37,15681.5,12285.8,0.806381,0,0,15681.5,0.689277,0.298573,4797.67,5.63333,1559.89,1541.37,0.688303,0
01:11:15:00:05:09,8813.29,8799.84,91.4161,91.3933,88.2292,0.749675,0.500463,1542.84,15727.8,12265.9,0.59465,0,0,15727.8,0.685793,0.300257,4777.79,5.65,1561.41,1542.84,0.687113,0
01:11:15:00:05:10,8826.45,8789.26,91.2837,91.416,88.4071,0.749867,0.500456,1544.31,15774,12279.2,0.575356,0,0,15774,0.688721,0.299706,4791.1,5.66667,1562.93,1544.31,0.691641,0
01:11:15:00:05:11,8803.85,8798.99,91.1772,91.595,88.2805,0.749495,0.50045,1545.79,15820.4,12256.8,0.562514,0,0,15820.4,0.693512,0.298624,4768.65,5.68333,1564.45,1545.79,0.697433,0
01:11:15:00:05:12,8814.15,8809.86,91.131,91.5923,88.178,0.749365,0.500443,1547.26,15866.7,12267.2,0.657109,0,0,15866.7,0.694643,0.298487,4779.07,5.7,1565.97,1547.26,0.694027,0
01:11:15:00:05:13,8811,8804.42,91.3147,91.5482,88.1326,0.749558,0.500437,1548.73,15913,12264.2,0.671166,0,0,15913,0.690612,0.299323,4776.02,5.71667,1567.49,1548.73,0.685672,0
01:11:15:00:05:14,8825.59,8813.86,91.2594,91.599,88.3093,0.74979,0.500431,1550.2,15959.3,12278.8,0.592505,0,0,15959.3,0.684868,0.299031,4790.72,5.73333,1569.02,1550.2,0.683425,0
01:11:15:00:05:15,8827.02,8791.55,91.1898,91.5429,88.2573,0.749415,0.500425,1551.67,16005.6,12280.4,0.663594,0,0,16005.6,0.686331,0.299747,4792.25,5.75,1570.54,1551.67,0.692718,0
01:11:15:00:05:16,8812.15,8800.7,91.4196,91.4935,88.188,0.749913,0.500419,1553.14,16051.9,12265.6,0.738523,0,0,16051.9,0.692718,0.300666,4777.47,5.76667,1572.06,1553.14,0.703873,0
01:11:15:00:05:17,8815.58,8782.68,91.182,91.5522,88.4112,0.749698,0.500414,1554.61,16098.2,12269.1,0.69501,0,0,16098.2,0.707217,0.301012,4780.95,5.78333,1573.58,1554.61,0.707604,0
01:11:15:00:05:18,8807.28,8804.99,91.1386,91.5068,88.1814,0.749688,0.500408,1556.08,16144.5,12260.8,0.782245,0,0,16144.5,0.700604,0.300095,4772.7,5.8,1575.1,1556.08,0.696939,0
01:11:15:00:05:19,8819.3,8800.13,91.2757,91.4174,88.1389,0.749841,0.500403,1557.55,16190.9,12272.9,0.710212,0,0,16190.9,0.69575,0.300945,4784.75,5.81667,1576.62,1557.55,0.692453,0
01:11:15:00:05:20,8808.43,8785.25,91.3666,91.4681,88.2734,0.74933,0.500398,1559.02,16237.1,12262,0.793208,0,0,16237.1,0.692453,0.299727,4773.92,5.83333,1578.14,1559.02,0.693057,0
01:11:15:00:05:21,8827.02,8804.99,91.2756,91.384,88.3596,0.749785,0.500393,1560.49,16283.4,12280.7,0.523036,0,0,16283.4,0.693002,0.299587,4792.55,5.85,1579.66,1560.49,0.694496,0
01:11:15:00:05:22,8821.02,8799.27,91.0428,91.2865,88.2722,0.74962,0.500388,1561.97,16329.8,12274.7,0.777861,0,0,16329.8,0.693631,0.299714,4786.57,5.86667,1581.18,1561.97,0.695682,0
01:11:15:00:05:23,8824.73,8815.58,91.3935,91.388,88.0498,0.748887,0.500383,1563.43,16376.1,12278.4,0.612911,0,0,16376.1,0.697229,0.299431,4790.31,5.88333,1582.7,1563.43,0.700112,0
01:11:15:00:05:24,8822.45,8793.55,91.6328,91.3373,88.3854,0.749826,0.500379,1564.91,16422.4,12276.2,0.658187,0,0,16422.4,0.701047,0.30033,4788.05,5.9,1584.23,1564.91,0.701371,0
01:11:15:00:05:25,8818.73,8788.97,91.6328,91.356,88.6188,0.74932,0.500374,1566.38,16468.6,12272.5,0.731979,0,0,16468.6,0.702318,0.298706,4784.35,5.91667,1585.76,1566.38,0.701228,0
01:11:15:00:05:26,8829.88,8795.27,91.2353,91.3413,88.6183,0.749447,0.50037,1567.86,16515.1,12283.7,0.473141,0,0,16515.1,0.69673,0.298794,4795.53,5.93333,1587.28,1567.86,0.694425,0
01:11:15:00:05:27,8799.84,8789.83,91.1532,91.376,88.234,0.749422,0.500366,1569.33,16561.5,12253.6,0.439326,0,0,16561.5,0.692545,0.298705,4765.51,5.95,1588.8,1569.33,0.694425,0
01:11:15:00:05:28,8811.57,8799.56,91.4103,91.3506,88.1545,0.749437,0.500362,1570.8,16607.9,12265.4,0.506016,0,0,16607.9,0.694419,0.299833,4777.26,5.96667,1590.32,1570.8,0.691609,0
01:11:15:00:05:29,8804.71,8798.13,91.0736,91.3613,88.4033,0.749425,0.500358,1572.27,16654.2,12258.5,0.622594,0,0,16654.2,0.704552,0.299831,4770.41,5.98333,1591.84,1572.27,0.69924,0
01:11:15:00:05:30,8819.58,8813.86,91.2764,91.3933,88.077,0.749568,0.500354,1573.74,16700.5,12273.4,0.609686,0,0,16700.5,0.710448,0.299568,4785.31,6,1593.36,1573.74,0.709895,0
01:11:15:00:05:31,8823.59,8793.84,91.2875,91.3333,88.2726,0.749707,0.500351,1575.21,16746.8,12277.4,0.940296,0,0,16746.8,0.703929,0.300626,4789.32,6.01667,1594.88,1575.21,0.708338,0
01:11:15:00:05:32,8810.14,8795.27,91.3568,91.4174,88.2849,0.749303,0.500347,1576.68,16793.1,12264,0.690668,0,0,16793.1,0.70736,0.299121,4775.87,6.03333,1596.4,1576.68,0.705407,0
01:11:15:00:05:33,8829.31,8781.82,91.3824,91.4267,88.3502,0.749757,0.500344,1578.16,16839.4,12283.2,0.401442,0,0,16839.4,0.713334,0.300464,4795.04,6.05,1597.93,1578.16,0.708691,0
01:11:15:00:05:34,8800.99,8799.84,91.2809,91.4868,88.3936,0.744959,0.500341,1579.63,16885.7,12254.8,0.66035,0,0,16885.7,0.71851,0.299882,4766.71,6.06667,1599.45,1579.63,0.716993,0
01:11:15:00:05:35,8813.29,8798.7,91.1428,91.4748,88.2785,0.749331,0.500338,1581.1,16932,12267.1,0.76145,0,0,16932,0.714968,0.299765,4779.01,6.08333,1600.97,1581.1,0.716401,0
01:11:15:00:05:36,8807,8801.85,91.1625,91.5055,88.1448,0.74936,0.500335,1582.57,16978.2,12260.8,0.823978,0,0,16978.2,0.70558,0.300045,4772.72,6.1,1602.49,1582.57,0.70558,0
01:11:15:00:05:37,8820.16,8808.43,91.2026,91.5963,88.1652,0.749007,0.500332,1584.04,17024.4,12274,0.713477,0,0,17024.4,0.69844,0.300387,4785.88,6.11667,1604.01,1584.04,0.700721,0
01:11:15:00:05:38,8819.87,8796.41,91.4655,91.5349,88.2023,0.749437,0.50033,1585.51,17070.7,12273.7,0.489034,0,0,17070.7,0.69385,0.300234,4785.59,6.13333,1605.53,1585.51,0.696708,0
01:11:15:00:05:39,8815.29,8809.57,91.2203,91.6043,88.4578,0.749112,0.500327,1586.98,17116.9,12269.1,0.596794,0,0,17116.9,0.685099,0.299633,4781.01,6.15,1607.05,1586.98,0.68766,0
01:11:15:00:05:40,8817.58,8795.84,91.4385,91.5015,88.2195,0.749415,0.500325,1588.45,17163.2,12271.4,0.663594,0,0,17163.2,0.682306,0.29893,4783.29,6.16667,1608.58,1588.45,0.683733,0
01:11:15:00:05:41,8809.57,8798.41,91.3566,91.5202,88.4323,0.748962,0.500323,1589.93,17209.6,12263.4,0.586065,0,0,17209.6,0.685501,0.299156,4775.28,6.18333,1610.1,1589.93,0.684037,0
01:11:15:00:05:42,8815.29,8796.41,91.238,91.5736,88.3536,0.748818,0.500321,1591.4,17255.9,12269.1,0.309504,0,0,17255.9,0.697001,0.299059,4781,6.2,1611.62,1591.4,0.689052,0
01:11:15:00:05:43,8811.29,8785.54,91.4127,91.5095,88.2362,0.749522,0.500319,1592.87,17302.2,12265.1,0.445657,0,0,17302.2,0.702301,0.299124,4776.99,6.21667,1613.14,1592.87,0.701515,0
01:11:15:00:05:44,8810.43,8806.42,91.0315,91.3346,88.4049,0.749587,0.500317,1594.34,17348.5,12264.3,0.791014,0,0,17348.5,0.701379,0.300229,4776.13,6.23333,1614.66,1594.34,0.70094,0
01:11:15:00:05:45,8812.43,8798.7,91.2041,91.36,88.0371,0.74938,0.500315,1595.81,17394.9,12266.3,0.88583,0,0,17394.9,0.699108,0.300393,4778.13,6.25,1616.18,1595.81,0.699108,0
01:11:15:00:05:46,8813,8819.3,91.3512,91.3066,88.2047,0.749195,0.500313,1597.28,17441.2,12266.8,0.244266,0,0,17441.2,0.699103,0.30014,4778.7,6.26667,1617.7,1597.28,0.697349,0
01:11:15:00:05:47,8826.17,8798.7,91.2342,91.4014,88.3465,0.74932,0.500312,1598.75,17487.4,12280,0.881395,0,0,17487.4,0.707324,0.299017,4791.86,6.28333,1619.22,1598.75,0.7058,0
01:11:15:00:05:48,8820.73,8798.13,91.3159,91.4975,88.2339,0.749173,0.50031,1600.23,17533.7,12274.6,0.436162,0,0,17533.7,0.706428,0.298869,4786.43,6.3,1620.75,1600.23,0.70819,0
01:11:15:00:05:49,8832.46,8797.56,91.2087,91.4454,88.3122,0.749357,0.500309,1601.7,17580,12286.3,0.65603,0,0,17580,0.703513,0.297737,4798.15,6.31667,1622.27,1601.7,0.703513,0
01:11:15:00:05:50,8808.71,8797.27,91.269,91.352,88.2073,0.749678,0.500308,1603.17,17626.3,12262.5,0.799793,0,0,17626.3,0.70156,0.298045,4774.41,6.33333,1623.79,1603.17,0.700966,0
01:11:15:00:05:51,8821.3,8802.99,91.0885,91.3586,88.2682,0.74901,0.500307,1604.64,17672.6,12275.1,0.715652,0,0,17672.6,0.695338,0.298968,4786.99,6.35,1625.31,1604.64,0.699148,0
01:11:15:00:05:52,8809.57,8802.13,91.3009,91.3706,88.0925,0.749316,0.500306,1606.11,17718.9,12263.4,0.564655,0,0,17718.9,0.685161,0.298928,4775.26,6.36667,1626.83,1606.11,0.68634,0
01:11:15:00:05:53,8818.44,8816.72,91.2936,91.4334,88.2977,0.749364,0.500305,1607.58,17765.1,12272.3,0.680913,0,0,17765.1,0.682661,0.297637,4784.13,6.38333,1628.35,1607.58,0.682406,0
01:11:15:00:05:54,8818.44,8796.98,91.2121,91.4414,88.291,0.749236,0.500305,1609.05,17811.4,12272.3,0.718916,0,0,17811.4,0.688953,0.294915,4784.13,6.4,1629.87,1609.05,0.687682,0
01:11:15:00:05:55,8816.15,8799.84,91.2787,91.5082,88.2118,0.749367,0.500304,1610.52,17857.7,12270,0.542219,0,0,17857.7,0.697274,0.294721,4781.83,6.41667,1631.39,1610.52,0.693479,0
01:11:15:00:05:56,8835.04,8790.98,91.2868,91.4868,88.2754,0.749564,0.500304,1611.99,17904,12288.8,0.523036,0,0,17904,0.705954,0.295453,4800.72,6.43333,1632.91,1611.99,0.704239,0
01:11:15:00:05:57,8808.14,8807.57,91.2013,91.4708,88.2845,0.749248,0.500303,1613.46,17950.3,12261.9,0.892479,0,0,17950.3,0.701974,0.294475,4773.82,6.45,1634.43,1613.46,0.703969,0
01:11:15:00:05:58,8815.58,8799.27,91.1521,91.4948,88.2012,0.749406,0.500303,1614.93,17996.6,12269.4,0.637675,0,0,17996.6,0.693191,0.295759,4781.26,6.46667,1635.95,1614.93,0.693191,0
01:11:15:00:05:59,8809.29,8788.97,91.0329,91.4815,88.1539,0.749302,0.500303,1616.4,18042.9,12263.1,0.487971,0,0,18042.9,0.687896,0.296822,4774.96,6.48333,1637.47,1616.4,0.686773,0
01:11:15:00:06:00,8821.87,8809.57,91.2115,91.4735,88.0724,0.740582,0.500303,1617.87,18089.1,12275.7,0.737432,0,0,18089.1,0.697186,0.297265,4787.55,6.5,1638.99,1617.87,0.69262,0
01:11:15:00:06:01,8825.02,8804.71,91.2675,91.5963,88.2157,0.748198,0.500222,1619.34,18135.1,12278.8,0.670084,0,0,18135.1,0.697186,0.297986,4790.69,6.51667,1640.51,1619.34,0.704291,0
01:11:15:00:06:02,8809,8820.44,91.1713,91.5749,88.2696,0.748274,0.500222,1620.81,18181,12262.8,0.609686,0,0,18181,0.70855,0.296491,4774.67,6.53333,1642.03,1620.81,0.707975,0
01:11:15:00:06:03,8833.32,8807.57,91.0234,91.6217,88.1755,0.748541,0.500222,1622.28,18227.2,12287.1,0.558236,0,0,18227.2,0.707215,0.296532,4798.99,6.55,1643.55,1622.28,0.703875,0
01:11:15:00:06:04,8824.73,8813,91.4281,91.5242,88.031,0.748924,0.500222,1623.75,18273.4,12278.5,0.336566,0,0,18273.4,0.702339,0.297921,4790.4,6.56667,1645.07,1623.75,0.70171,0
01:11:15:00:06:05,8831.03,8801.85,91.4127,91.5536,88.4238,0.748559,0.750591,1625.22,18319.6,12284.8,0.861478,0,0,18319.6,0.702429,0.297953,4796.69,6.58333,1646.59,1625.22,0.702754,0
01:11:15:00:06:06,8822.73,8794.41,91.2337,91.6684,88.409,0.748539,0.75059,1626.69,18365.9,12276.5,0.703695,0,0,18365.9,0.702933,0.297221,4788.39,6.6,1648.11,1626.69,0.702866,0
01:11:15:00:06:07,8822.73,8812.43,91.1181,91.7165,88.2364,0.748403,0.750589,1628.17,18412.2,12276.5,0.546487,0,0,18412.2,0.701323,0.297739,4788.39,6.61667,1649.63,1628.17,0.701834,0
01:11:15:00:06:08,8812.15,8802.71,91.3718,91.8286,88.1241,0.748536,0.750588,1629.64,18458.5,12265.9,0.678744,0,0,18458.5,0.704127,0.29874,4777.8,6.63333,1651.15,1629.64,0.706667,0
01:11:15:00:06:09,8813.29,8817.3,91.1904,91.8059,88.3698,0.748439,0.750586,1631.11,18504.7,12267.1,0.373128,0,0,18504.7,0.712372,0.299099,4778.94,6.65,1652.68,1631.11,0.71483,0
01:11:15:00:06:10,8816.72,8798.41,91.0985,91.7498,88.1931,0.748771,0.750584,1632.58,18550.9,12270.5,0.507082,0,0,18550.9,0.715627,0.299701,4782.37,6.66667,1654.19,1632.58,0.715353,0
01:11:15:00:06:11,8824.73,8801.27,91.2205,91.7218,88.1064,0.748192,0.750582,1634.05,18597.2,12278.5,0.582853,0,0,18597.2,0.714625,0.303814,4790.38,6.68333,1655.71,1634.05,0.708843,0
01:11:15:00:06:12,8829.03,8798.7,91.2633,91.659,88.2232,0.748502,0.750579,1635.52,18643.3,12282.8,0.796498,0,0,18643.3,0.705258,0.305693,4794.67,6.7,1657.23,1635.52,0.701488,0
01:11:15:00:06:13,8807.85,8794.98,91.3511,91.6711,88.2634,0.748824,0.750577,1636.99,18689.5,12261.6,0.686333,0,0,18689.5,0.700558,0.305385,4773.49,6.71667,1658.76,1636.99,0.700558,0
01:11:15:00:06:14,8820.44,8797.27,91.3374,91.5255,88.3483,0.748821,0.750573,1638.46,18735.8,12274.2,0.559304,0,0,18735.8,0.700431,0.305264,4786.08,6.73333,1660.28,1638.46,0.699236,0
01:11:15:00:06:15,8803.28,8803.28,91.368,91.5175,88.336,0.748594,0.75057,1639.93,18782.1,12257,0.844915,0,0,18782.1,0.68853,0.305794,4768.91,6.75,1661.8,1639.93,0.68853,0
01:11:15:00:06:16,8817.01,8801.56,91.3864,91.5576,88.3656,0.748578,0.750566,1641.4,18828.4,12270.8,0.827279,0,0,18828.4,0.682412,0.307877,4782.64,6.76667,1663.32,1641.4,0.676897,0
01:11:15:00:06:17,8811.29,8799.27,91.171,91.4975,88.383,0.748681,0.750562,1642.88,18874.7,12265,0.98276,0,0,18874.7,0.677333,0.307208,4776.92,6.78333,1664.85,1642.88,0.677527,0
01:11:15:00:06:18,8818.73,8807.57,91.1509,91.5282,88.1733,0.74902,0.750558,1644.35,18921,12272.5,0.65603,0,0,18921,0.677589,0.305355,4784.35,6.8,1666.36,1644.35,0.684778,0
01:11:15:00:06:19,8828.17,8812.15,91.1162,91.7538,88.156,0.748496,0.750553,1645.82,18967.2,12281.9,0.793208,0,0,18967.2,0.684778,0.306097,4793.79,6.81667,1667.88,1645.82,0.690567,0
01:11:15:00:06:20,8809.29,8811,91.392,91.6724,88.1205,0.749003,0.750549,1647.29,19013.5,12263,0.815173,0,0,19013.5,0.696277,0.304471,4774.9,6.83333,1669.4,1647.29,0.69852,0
01:11:15:00:06:21,8825.88,8794.69,91.1775,91.595,88.39,0.748264,0.750543,1648.76,19059.7,12279.6,0.638754,0,0,19059.7,0.701487,0.303841,4791.5,6.85,1670.93,1648.76,0.707626,0
01:11:15:00:06:22,8814.72,8792.41,91.1689,91.6831,88.1798,0.748972,0.750538,1650.23,19105.9,12268.5,0.537953,0,0,19105.9,0.711079,0.301876,4780.33,6.86667,1672.45,1650.23,0.713279,0
01:11:15:00:06:23,8818.44,8803.85,91.374,91.5536,88.1719,0.748894,0.750533,1651.7,19152.2,12272.2,0.539019,0,0,19152.2,0.711448,0.302167,4784.05,6.88333,1673.97,1651.7,0.702029,0
01:11:15:00:06:24,8811,8801.56,91.3646,91.5322,88.3699,0.748968,0.750527,1653.17,19198.4,12264.7,0.708042,0,0,19198.4,0.700867,0.302088,4776.61,6.9,1675.49,1653.17,0.697116,0
01:11:15:00:06:25,8806.42,8813.58,91.5065,91.6257,88.3622,0.748614,0.750521,1654.64,19244.7,12260.2,0.76254,0,0,19244.7,0.694983,0.30156,4772.03,6.91667,1677.01,1654.64,0.697116,0
01:11:15:00:06:26,8822.16,8804.71,91.3781,91.6684,88.4997,0.748537,0.750514,1656.12,19291,12275.9,0.689584,0,0,19291,0.699272,0.300429,4787.76,6.93333,1678.54,1656.12,0.695117,0
01:11:15:00:06:27,8813.86,8813.86,91.6137,91.5189,88.3719,0.749469,0.750508,1657.59,19337.3,12267.6,0.517713,0,0,19337.3,0.706391,0.297852,4779.46,6.95,1680.06,1657.59,0.700393,0
01:11:15:00:06:28,8827.02,8798.13,91.2138,91.4414,88.6014,0.749032,0.750501,1659.06,19383.7,12280.7,0.548622,0,0,19383.7,0.709235,0.294556,4792.62,6.96667,1681.59,1659.06,0.709235,0
01:11:15:00:06:29,8825.59,8800.99,91.5424,91.3893,88.2146,0.749046,0.750494,1660.54,19430.1,12279.3,0.730889,0,0,19430.1,0.704991,0.291194,4791.19,6.98333,1683.11,1660.54,0.707516,0
01:11:15:00:06:30,8829.88,8809.86,91.4769,91.3279,88.5328,0.748952,0.750487,1662.01,19476.5,12283.6,0.637675,0,0,19476.5,0.698628,0.292464,4795.48,7,1684.63,1662.01,0.702869,0
01:11:15:00:06:31,8809.86,8807,91.1683,91.2972,88.4713,0.748479,0.75048,1663.49,19522.8,12263.6,0.93695,0,0,19522.8,0.693364,0.292399,4775.45,7.01667,1686.16,1663.49,0.691446,0
01:11:15:00:06:32,8818.73,8818.15,91.3831,91.4601,88.1738,0.74823,0.750473,1664.96,19569.2,12272.4,0.409846,0,0,19569.2,0.689118,0.292662,4784.31,7.03333,1687.68,1664.96,0.691383,0
01:11:15:00:06:33,8821.59,8810.72,91.3831,91.4574,88.3804,0.748518,0.750465,1666.43,19615.4,12275.3,0.523036,0,0,19615.4,0.69409,0.295218,4787.17,7.05,1689.2,1666.43,0.691815,0
01:11:15:00:06:34,8831.6,8817.58,91.4055,91.3947,88.3803,0.748541,0.750457,1667.9,19661.7,12285.3,0.62475,0,0,19661.7,0.69901,0.295317,4797.18,7.06667,1690.72,1667.9,0.699076,0
01:11:15:00:06:35,8831.32,8802.71,91.1736,91.368,88.4063,0.747436,0.750449,1669.37,19708,12285,0.923585,0,0,19708,0.703287,0.296309,4796.89,7.08333,1692.25,1669.37,0.700994,0
01:11:15:00:06:36,8818.44,8812.15,91.1555,91.38,88.1798,0.74801,0.750441,1670.85,19754.3,12272.1,0.523036,0,0,19754.3,0.706137,0.298126,4784.02,7.1,1693.76,1670.85,0.705103,0
01:11:15:00:06:37,8831.6,8813.86,91.1555,91.396,88.1635,0.747687,0.750433,1672.32,19800.5,12285.3,0.676583,0,0,19800.5,0.701671,0.299405,4797.17,7.11667,1695.28,1672.32,0.705786,0
01:11:15:00:06:38,8809.86,8799.56,91.0082,91.4387,88.1624,0.747983,0.750425,1673.79,19846.6,12263.6,0.844915,0,0,19846.6,0.698665,0.297162,4775.43,7.13333,1696.8,1673.79,0.701671,0
01:11:15:00:06:39,8821.59,8806.42,91.0299,91.4174,88.0194,0.748116,0.750417,1675.25,19892.8,12275.3,0.713477,0,0,19892.8,0.707626,0.297707,4787.15,7.15,1698.32,1675.25,0.698665,0
01:11:15:00:06:40,8816.15,8803.56,91.2793,91.4347,88.0421,0.747665,0.750408,1676.72,19938.9,12269.8,0.418258,0,0,19938.9,0.714236,0.302365,4781.72,7.16667,1699.84,1676.72,0.707626,0
01:11:15:00:06:41,8811.86,8814.72,91.2251,91.3373,88.2795,0.748652,0.7504,1678.19,19985,12265.5,0.924699,0,0,19985,0.71916,0.304858,4777.42,7.18333,1701.36,1678.19,0.714236,0
01:11:15:00:06:42,8822.73,8814.44,91.2393,91.3092,88.2289,0.748174,0.750392,1679.66,20031.2,12276.4,0.700435,0,0,20031.2,0.715723,0.307837,4788.29,7.2,1702.88,1679.66,0.71927,0
01:11:15:00:06:43,8810.14,8819.01,91.304,91.364,88.2459,0.747345,0.750383,1681.13,20077.4,12263.8,0.570001,0,0,20077.4,0.702168,0.308903,4775.7,7.21667,1704.4,1681.13,0.715723,0
01:11:15:00:06:44,8832.17,8801.85,91.4311,91.5843,88.3062,0.747911,0.750374,1682.6,20123.6,12285.9,0.714563,0,0,20123.6,0.694055,0.309766,4797.72,7.23333,1705.92,1682.6,0.699919,0
01:11:15:00:06:45,8819.58,8804.99,91.3321,91.5803,88.4285,0.748102,0.750366,1684.08,20169.8,12273.3,0.544356,0,0,20169.8,0.695221,0.308505,4785.13,7.25,1707.45,1684.08,0.695082,0
01:11:15:00:06:46,8823.3,8803.85,91.4615,91.5616,88.3323,0.748208,0.750357,1685.55,20216.1,12277,0.862584,0,0,20216.1,0.697944,0.30297,4788.85,7.26667,1708.97,1685.55,0.698561,0
01:11:15:00:06:47,8811.29,8801.85,91.5784,91.5936,88.5015,0.736876,0.750349,1687.02,20262.4,12265,0.584998,0,0,20262.4,0.696874,0.302586,4776.83,7.28333,1710.5,1687.02,0.697864,0
01:11:15:00:06:48,8809,8814.15,91.4338,91.5669,88.5658,0.749429,0.75034,1688.5,20308.3,12262.7,0.733071,0,0,20308.3,0.691908,0.303156,4774.54,7.3,1712.02,1688.5,0.691908,0
01:11:15:00:06:49,8824.73,8809,91.3656,91.4921,88.4251,0.749645,0.750332,1689.97,20354.4,12278.4,0.66684,0,0,20354.4,0.683004,0.305675,4790.27,7.31667,1713.54,1689.97,0.686397,0
01:11:15:00:06:50,8815.87,8825.59,91.2207,91.5055,88.3601,0.749406,0.750323,1691.45,20400.8,12269.5,0.793208,0,0,20400.8,0.678806,0.308783,4781.4,7.33333,1715.07,1691.45,0.681409,0
01:11:15:00:06:51,8824.45,8798.13,91.3588,91.4961,88.2208,0.749186,0.750315,1692.92,20447.2,12278.1,0.560375,0,0,20447.2,0.676164,0.310194,4789.97,7.35,1716.59,1692.92,0.677218,0
01:11:15:00:06:52,8825.59,8804.14,91.1318,91.4427,88.3533,0.749436,0.750306,1694.39,20493.5,12279.2,0.748342,0,0,20493.5,0.678416,0.309881,4791.11,7.36667,1718.11,1694.39,0.678183,0
01:11:15:00:06:53,8829.03,8810.72,91.5451,91.4134,88.1337,0.749473,0.750298,1695.86,20539.8,12282.7,0.745067,0,0,20539.8,0.690225,0.302944,4794.54,7.38333,1719.63,1695.86,0.687549,0
01:11:15:00:06:54,8812.15,8807.28,90.9991,91.3439,88.5332,0.749509,0.750289,1697.33,20586.1,12265.8,0.560375,0,0,20586.1,0.697271,0.304004,4777.66,7.4,1721.15,1697.33,0.695384,0
01:11:15:00:06:55,8819.58,8806.71,91.1662,91.2985,88.0049,0.749589,0.750281,1698.8,20632.4,12273.2,0.465732,0,0,20632.4,0.697271,0.303988,4785.1,7.41667,1722.67,1698.8,0.700696,0
01:11:15:00:06:56,8813,8794.12,91.5212,91.3546,88.1664,0.749627,0.750273,1700.27,20678.7,12266.6,0.929156,0,0,20678.7,0.696859,0.308023,4778.51,7.43333,1724.19,1700.27,0.696641,0
01:11:15:00:06:57,8825.88,8817.01,91.4061,91.3239,88.5102,0.749498,0.750265,1701.74,20725,12279.5,0.338653,0,0,20725,0.699182,0.308101,4791.38,7.45,1725.72,1701.74,0.706929,0
01:11:15:00:06:58,8824.45,8812.15,91.3807,91.3813,88.3998,0.749256,0.750257,1703.22,20771.3,12278.1,0.696095,0,0,20771.3,0.706929,0.306661,4789.95,7.46667,1727.24,1703.22,0.711197,0
01:11:15:00:06:59,8821.3,8809.29,91.2209,91.3439,88.3753,0.749249,0.750249,1704.69,20817.7,12274.9,0.76801,0,0,20817.7,0.713027,0.306649,4786.8,7.48333,1728.76,1704.69,0.709839,0
01:11:15:00:07:00,8833.03,8813.86,91.1309,91.3186,88.2198,0.74949,0.750242,1706.16,20864.1,12286.7,0.559304,0,0,20864.1,0.709601,0.305106,4798.53,7.5,1730.28,1706.16,0.705856,0
01:11:15:00:07:01,8820.44,8803.56,90.9654,91.4374,88.1344,0.749059,0.750234,1707.63,20910.4,12274.1,0.816272,0,0,20910.4,0.700625,0.304939,4785.94,7.51667,1731.8,1707.63,0.69817,0
01:11:15:00:07:02,8825.31,8799.27,91.2181,91.5402,87.9741,0.749115,0.750227,1709.1,20956.6,12278.9,0.797596,0,0,20956.6,0.694922,0.303901,4790.8,7.53333,1733.32,1709.1,0.693695,0
01:11:15:00:07:03,8819.01,8798.99,91.2304,91.5108,88.219,0.748989,0.750219,1710.57,21002.8,12272.6,0.379414,0,0,21002.8,0.69235,0.304081,4784.5,7.55,1734.84,1710.57,0.692425,0
01:11:15:00:07:04,8817.01,8812.43,91.0404,91.5896,88.2321,0.748676,0.750212,1712.04,21049,12270.6,0.517713,0,0,21049,0.692449,0.303396,4782.49,7.56667,1736.36,1712.04,0.686444,0
01:11:15:00:07:05,8820.16,8812.72,91.4276,91.5442,88.0475,0.748897,0.750205,1713.51,21095.2,12273.8,0.34074,0,0,21095.2,0.683099,0.301255,4785.64,7.58333,1737.88,1713.51,0.679575,0
01:11:15:00:07:06,8813.29,8819.01,91.1931,91.6457,88.4223,0.748828,0.750198,1714.98,21141.4,12266.9,0.436162,0,0,21141.4,0.67919,0.300481,4778.77,7.6,1739.4,1714.98,0.684179,0
01:11:15:00:07:07,8832.75,8805.85,91.4687,91.6444,88.1962,0.748653,0.750192,1716.45,21187.7,12286.4,0.629054,0,0,21187.7,0.684179,0.298259,4798.22,7.61667,1740.92,1716.45,0.691173,0
01:11:15:00:07:08,8825.02,8808.14,91.3533,91.5642,88.4621,0.748822,0.750185,1717.92,21234,12278.6,0.929156,0,0,21234,0.689613,0.298256,4790.5,7.63333,1742.44,1717.92,0.689613,0
01:11:15:00:07:09,8826.74,8805.28,91.3845,91.5723,88.3469,0.749732,0.750179,1719.4,21280.3,12280.3,0.665758,0,0,21280.3,0.690657,0.297374,4792.21,7.65,1743.97,1719.4,0.690657,0
01:11:15:00:07:10,8817.58,8802.13,91.2687,91.4868,88.3777,0.749583,0.750173,1720.87,21326.6,12271.2,0.704781,0,0,21326.6,0.690224,0.298302,4783.05,7.66667,1745.49,1720.87,0.690224,0
01:11:15:00:07:11,8817.01,8811.29,91.1115,91.4574,88.2654,0.749663,0.750166,1722.34,21373,12270.6,0.620442,0,0,21373,0.692015,0.298072,4782.48,7.68333,1747.01,1722.34,0.702966,0
01:11:15:00:07:12,8817.87,8807.85,91.3219,91.4735,88.1127,0.749842,0.750161,1723.81,21419.4,12271.5,0.944755,0,0,21419.4,0.704841,0.299509,4783.34,7.7,1748.53,1723.81,0.709912,0
01:11:15:00:07:13,8812.15,8818.73,91.3916,91.4414,88.3152,0.750066,0.750155,1725.28,21465.6,12265.7,0.740704,0,0,21465.6,0.714155,0.300603,4777.61,7.71667,1750.05,1725.28,0.717869,0
01:11:15:00:07:14,8815.58,8802.71,91.2718,91.4788,88.3842,0.749687,0.750149,1726.75,21512,12269.2,0.633366,0,0,21512,0.717877,0.300055,4781.04,7.73333,1751.57,1726.75,0.714931,0
01:11:15:00:07:15,8826.17,8808.43,91.3236,91.5015,88.2671,0.749989,0.750144,1728.22,21558.3,12279.8,0.789917,0,0,21558.3,0.711033,0.30015,4791.63,7.75,1753.1,1728.22,0.705252,0
01:11:15:00:07:16,8824.16,8811.86,91.3333,91.3947,88.3163,0.750212,0.750138,1729.7,21604.7,12277.8,1.04683,0,0,21604.7,0.701443,0.301391,4789.62,7.76667,1754.62,1729.7,0.701206,0
01:11:15:00:07:17,8810.72,8800.7,91.435,91.4694,88.328,0.749608,0.750133,1731.17,21651.1,12264.3,0.659268,0,0,21651.1,0.700207,0.301747,4776.17,7.78333,1756.14,1731.17,0.703515,0
01:11:15:00:07:18,8813.58,8798.99,91.6088,91.4788,88.423,0.750483,0.750128,1732.64,21697.4,12267.2,0.545418,0,0,21697.4,0.703403,0.302602,4779.03,7.8,1757.67,1732.64,0.703773,0
01:11:15:00:07:19,8817.58,8786.4,91.3405,91.4975,88.5928,0.750037,0.750123,1734.12,21743.8,12271.2,0.630133,0,0,21743.8,0.70511,0.3027,4783.04,7.81667,1759.19,1734.12,0.706496,0
01:11:15:00:07:20,8813.86,8802.13,91.5184,91.5175,88.2156,0.749826,0.750118,1735.59,21790.2,12267.4,0.634445,0,0,21790.2,0.705492,0.303358,4779.32,7.83333,1760.71,1735.59,0.706496,0
01:11:15:00:07:21,8806.71,8798.41,91.5184,91.5135,88.5044,0.750287,0.750113,1737.06,21836.6,12260.3,0.634445,0,0,21836.6,0.702824,0.303453,4772.17,7.85,1762.24,1737.06,0.703979,0
01:11:15:00:07:22,8808.43,8800.13,91.2614,91.4561,87.5502,0.998601,0.750109,1738.53,21882.9,12262,0.644151,0,0,21882.9,0.695365,0.304185,4773.88,7.86667,1763.76,1738.53,0.697708,0
01:11:15:00:07:23,8819.01,8808.43,91.3337,91.4761,87.3027,0.999022,0.750104,1739.99,21936.8,12272.6,0.652787,0,0,21936.8,0.687817,0.308999,4784.47,7.88333,1765.28,1739.99,0.687227,0
01:11:15:00:07:24,8808.43,8798.13,91.5262,91.3853,87.3709,0.999293,0.7501,1741.44,21997.9,12262,0.749433,0,0,21997.9,0.700346,0.308927,4773.88,7.9,1766.81,1741.44,0.68738,0
01:11:15:00:07:25,8822.16,8787.83,91.2529,91.3546,87.5537,0.99964,0.750096,1742.9,22059,12275.7,0.867497,0,0,22059,0.70997,0.308485,4787.61,7.91667,1768.33,1742.9,0.708101,0
01:11:15:00:07:26,8813,8790.98,91.3028,91.3493,87.2922,0.999649,0.750091,1744.36,22120.2,12266.6,0.83869,0,0,22120.2,0.710824,0.306284,4778.46,7.93333,1769.85,1744.36,0.710577,0
01:11:15:00:07:27,8815.29,8794.41,91.297,91.4227,87.3389,0.999907,0.750087,1745.81,22181.4,12268.9,0.832301,0,0,22181.4,0.705751,0.306902,4780.74,7.95,1771.37,1745.81,0.705751,0
01:11:15:00:07:28,8802.71,8796.13,91.4128,91.4214,87.3337,0.999846,0.750083,1747.27,22242.5,12256.3,0.836559,0,0,22242.5,0.698978,0.304713,4768.15,7.96667,1772.9,1747.27,0.701073,0
01:11:15:00:07:29,8795.27,8797.27,91.2018,91.4214,87.4461,0.999395,0.750079,1748.72,22303.6,12248.8,0.829108,0,0,22303.6,0.693325,0.304323,4760.71,7.98333,1774.42,1748.72,0.694568,0
01:11:15:00:07:30,8813.58,8793.55,91.2714,91.424,87.2422,0.999928,0.750075,1750.18,22364.8,12267.2,0.836559,0,0,22364.8,0.696827,0.303781,4779.02,8,1775.94,1750.18,0.695235,0
01:11:15:00:07:31,8810.14,8799.27,91.387,91.4988,87.3096,0.999733,0.750071,1751.63,22425.9,12263.7,0.823787,0,0,22425.9,0.697098,0.303198,4775.59,8.01667,1777.46,1751.63,0.69733,0
01:11:15:00:07:32,8817.01,8786.97,91.0998,91.3813,87.4186,1.00014,0.750067,1753.09,22487,12270.6,0.846151,0,0,22487,0.699391,0.302688,4782.46,8.03333,1778.98,1753.09,0.699229,0
01:11:15:00:07:33,8805.28,8794.12,91.0094,91.2478,87.1403,1.00109,0.750063,1754.54,22548.1,12258.9,0.84935,0,0,22548.1,0.700208,0.302535,4770.73,8.05,1780.5,1754.54,0.701121,0
01:11:15:00:07:34,8806.42,8791.26,91.422,91.2318,87.0577,1.00009,0.750059,1756,22609.2,12260,0.837624,0,0,22609.2,0.7042,0.3029,4771.87,8.06667,1782.02,1756,0.703991,0
01:11:15:00:07:35,8799.27,8783.25,91.2382,91.0943,87.4522,1.0001,0.750055,1757.45,22670.2,12252.8,0.872846,0,0,22670.2,0.706353,0.301957,4764.72,8.08333,1783.54,1757.45,0.70571,0
01:11:15:00:07:36,8798.41,8790.4,91.3011,91.1784,87.2756,1.00033,0.750051,1758.91,22731.3,12252,0.856817,0,0,22731.3,0.701648,0.300757,4763.86,8.1,1785.06,1758.91,0.705276,0
01:11:15:00:07:37,8800.42,8781.53,91.3257,91.3213,87.3372,0.999945,0.750047,1760.36,22792.5,12254,0.807843,0,0,22792.5,0.695543,0.301365,4765.86,8.11667,1786.59,1760.36,0.701648,0
01:11:15:00:07:38,8800.7,8797.56,91.1215,91.3559,87.3603,1.00007,0.750043,1761.82,22853.6,12254.3,0.762308,0,0,22853.6,0.695569,0.300296,4766.13,8.13333,1788.11,1761.82,0.695543,0
01:11:15:00:07:39,8804.71,8796.98,91.3552,91.4374,87.1647,1.00012,0.750039,1763.27,22914.8,12258.2,0.741204,0,0,22914.8,0.692004,0.29892,4770.1,8.15,1789.63,1763.27,0.695569,0
01:11:15:00:07:40,8808.14,8792.69,91.2602,91.2625,87.3877,1.00026,0.750035,1764.73,22975.9,12261.6,0.776052,0,0,22975.9,0.687423,0.300676,4773.5,8.16667,1791.15,1764.73,0.692004,0
01:11:15:00:07:41,8817.3,8789.54,91.2642,91.3546,87.2976,1.00006,0.75003,1766.18,23037,12270.8,0.78134,0,0,23037,0.678551,0.301002,4782.64,8.18333,1792.67,1766.18,0.683557,0
01:11:15:00:07:42,8813,8786.11,91.2763,91.3787,87.3019,0.999934,0.750026,1767.64,23098.1,12266.6,0.808911,0,0,23098.1,0.682449,0.301034,4778.48,8.2,1794.19,1767.64,0.679271,0
01:11:15:00:07:43,8807,8790.98,91.359,91.3733,87.3132,1.00002,0.750021,1769.09,23159.2,12261.1,0.829108,0,0,23159.2,0.698126,0.300429,4772.96,8.21667,1795.71,1769.09,0.691579,0
01:11:15:00:07:44,8798.13,8785.25,91.3282,91.416,87.3921,1.00008,0.750016,1770.55,23220.3,12252.7,0.85148,0,0,23220.3,0.701778,0.300725,4764.6,8.23333,1797.23,1770.55,0.701653,0
01:11:15:00:07:45,8803.28,8792.98,91.2915,91.4321,87.3636,0.999828,0.750011,1772,23281.5,12258.4,0.83869,0,0,23281.5,0.704717,0.301409,4770.26,8.25,1798.76,1772,0.703975,0
01:11:15:00:07:46,8805.85,8797.84,91.3228,91.3319,87.3255,1.00059,0.750006,1773.46,23342.6,12261.5,0.871774,0,0,23342.6,0.705871,0.300736,4773.36,8.26667,1800.28,1773.46,0.706136,0
01:11:15:00:07:47,8798.99,8792.41,91.3228,91.3306,87.3563,1.00038,0.750001,1774.92,23403.8,12255.2,0.858956,0,0,23403.8,0.70438,0.302509,4767.03,8.28333,1801.8,1774.92,0.706253,0
01:11:15:00:07:48,8816.72,8781.25,91.2509,91.3213,87.3589,0.999683,0.749996,1776.37,23465,12273.4,0.850416,0,0,23465,0.700799,0.303576,4785.28,8.3,1803.32,1776.37,0.701903,0
01:11:15:00:07:49,8807.28,8786.11,91.3851,91.3119,87.2887,1.00007,0.74999,1777.83,23526.1,12264.5,0.844016,0,0,23526.1,0.69856,0.302992,4776.36,8.31667,1804.84,1777.83,0.69856,0
01:11:15:00:07:50,8807.85,8782.11,91.2963,91.2758,87.4143,1.00079,0.749984,1779.28,23587.2,12265.6,0.892115,0,0,23587.2,0.702438,0.301542,4777.48,8.33333,1806.37,1779.28,0.700271,0
01:11:15:00:07:51,8794.41,8786.68,91.1265,91.2612,87.3284,1.00105,0.749979,1780.74,23648.4,12252.7,0.924319,0,0,23648.4,0.707221,0.299655,4764.61,8.35,1807.89,1780.74,0.704916,0
01:11:15:00:07:52,8790.69,8778.96,91.1265,91.2478,87.1669,1.0008,0.749972,1782.19,23709.6,12249.5,0.957719,0,0,23709.6,0.707221,0.299625,4761.4,8.36667,1809.4,1782.19,0.705308,0
01:11:15:00:07:53,8806.71,8782.96,91.1849,91.1904,87.1653,1.00123,0.749966,1783.65,23770.8,12266,0.986906,0,0,23770.8,0.705896,0.300841,4777.9,8.38333,1810.92,1783.65,0.702886,0
01:11:15:00:07:54,8800.7,8791.26,91.2246,91.3907,87.2231,1.00073,0.749959,1785.1,23831.8,12260.5,0.991242,0,0,23831.8,0.698305,0.300169,4772.41,8.4,1812.44,1785.1,0.693265,0
01:11:15:00:07:55,8808.43,8786.11,91.4186,91.4334,87.2614,1.00064,0.749953,1786.55,23892.9,12268.8,0.981497,0,0,23892.9,0.690522,0.299273,4780.66,8.41667,1813.97,1786.55,0.689629,0
01:11:15:00:07:56,8802.99,8790.69,91.2031,91.3693,87.4464,1.00081,0.749946,1788.01,23954,12263.9,1.02271,0,0,23954,0.691321,0.299345,4775.76,8.43333,1815.49,1788.01,0.69501,0
01:11:15:00:07:57,8805.57,8783.25,91.0263,91.36,87.2382,1.00132,0.749938,1789.47,24015.2,12267,0.976086,0,0,24015.2,0.699624,0.298843,4778.83,8.45,1817.01,1789.47,0.703657,0
01:11:15:00:07:58,8809.86,8779.53,91.2917,91.3493,87.0709,1.00087,0.749931,1790.92,24076.4,12271.7,1.02489,0,0,24076.4,0.704261,0.299727,4783.62,8.46667,1818.53,1790.92,0.703568,0
01:11:15:00:07:59,8800.7,8781.53,91.5399,91.1637,87.3224,1.00149,0.749923,1792.37,24137.5,12263.1,1.01837,0,0,24137.5,0.699522,0.301069,4774.98,8.48333,1820.05,1792.37,0.6965,0
01:11:15:00:08:00,8798.99,8769.8,91.3762,91.3226,87.5639,1.0004,0.749915,1793.83,24198.6,12261.9,0.986906,0,0,24198.6,0.696316,0.301262,4773.8,8.5,1821.57,1793.83,0.697463,0
01:11:15:00:08:01,8792.98,8790.69,91.2518,91.4267,87.4075,1.00035,0.749906,1795.29,24259.9,12256.5,1.01402,0,0,24259.9,0.697743,0.299645,4768.32,8.51667,1823.1,1795.29,0.697881,0
01:11:15:00:08:02,8786.4,8784.11,91.1866,91.3266,87.2851,1.00124,0.749898,1796.74,24321.1,12250.4,1.01293,0,0,24321.1,0.695456,0.299678,4762.23,8.53333,1824.62,1796.74,0.695456,0
01:11:15:00:08:03,8794.41,8783.54,91.1404,91.4668,87.2275,0.999998,0.749889,1798.2,24382.3,12258.9,1.03577,0,0,24382.3,0.69799,0.301015,4770.74,8.55,1826.14,1798.2,0.701693,0
01:11:15:00:08:04,8804.42,8782.68,91.3267,91.4374,87.1814,1.00047,0.74988,1799.65,24443.5,12269.4,1.06739,0,0,24443.5,0.707401,0.301718,4781.28,8.56667,1827.66,1799.65,0.707401,0
01:11:15:00:08:05,8805.85,8774.67,91.2538,91.4374,87.3578,1.00095,0.74987,1801.1,24504.5,12271.4,1.11229,0,0,24504.5,0.710358,0.302272,4783.25,8.58333,1829.18,1801.1,0.710149,0
01:11:15:00:08:06,8795.84,8774.67,91.3133,91.2278,87.2864,1.0014,0.74986,1802.56,24565.6,12261.9,1.09474,0,0,24565.6,0.709308,0.30189,4773.75,8.6,1830.7,1802.56,0.709308,0
01:11:15:00:08:07,8785.25,8766.94,91.4909,91.2385,87.347,1.00044,0.74985,1804.02,24626.8,12251.8,1.02924,0,0,24626.8,0.705417,0.302131,4763.65,8.61667,1832.22,1804.02,0.700959,0
01:11:15:00:08:08,8793.55,8776.96,91.0926,91.3466,87.5122,1.00166,0.74984,1805.47,24688,12260.6,1.02163,0,0,24688,0.70055,0.300683,4772.46,8.63333,1833.74,1805.47,0.701867,0
01:11:15:00:08:09,8787.26,8786.97,91.3275,91.3493,87.133,1.0012,0.74983,1806.93,24749.3,12254.8,1.0238,0,0,24749.3,0.705247,0.298846,4766.7,8.65,1835.26,1806.93,0.711805,0
01:11:15:00:08:10,8787.83,8782.96,91.2498,91.4935,87.3586,1.00095,0.749819,1808.38,24810.5,12255.9,1.07614,0,0,24810.5,0.711805,0.30064,4767.81,8.66667,1836.79,1808.38,0.715137,0
01:11:15:00:08:11,8801.27,8776.96,91.3677,91.5389,87.2823,1.00147,0.749808,1809.84,24871.6,12269.9,1.08598,0,0,24871.6,0.712422,0.300636,4781.75,8.68333,1838.31,1809.84,0.711512,0
01:11:15:00:08:12,8798.7,8778.39,91.4126,91.4881,87.395,1.00152,0.749796,1811.29,24932.8,12267.8,1.0663,0,0,24932.8,0.706354,0.299999,4779.67,8.7,1839.83,1811.29,0.698318,0
01:11:15:00:08:13,8798.13,8784.39,91.186,91.4775,87.4393,1.00113,0.749785,1812.75,24994.1,12267.7,1.09584,0,0,24994.1,0.697847,0.299437,4779.62,8.71667,1841.35,1812.75,0.6982,0
01:11:15:00:08:14,8785.25,8772.66,91.2203,91.4534,87.2212,1.0015,0.749773,1814.21,25055.3,12255.4,1.09803,0,0,25055.3,0.698668,0.300358,4767.28,8.73333,1842.87,1814.21,0.700684,0
01:11:15:00:08:15,8777.81,8765.8,91.0983,91.5389,87.2564,1.00087,0.74976,1815.66,25116.5,12248.5,1.13647,0,0,25116.5,0.700569,0.300839,4760.38,8.75,1844.39,1815.66,0.69784,0
01:11:15:00:08:16,8794.41,8769.52,91.2327,91.4641,87.136,1.00182,0.749748,1817.11,25177.7,12265.6,1.11009,0,0,25177.7,0.694619,0.299515,4777.46,8.76667,1845.91,1817.11,0.69784,0
01:11:15:00:08:17,8777.81,8772.95,91.3554,91.591,87.2676,1.00103,0.749735,1818.57,25238.8,12249.5,1.06193,0,0,25238.8,0.685542,0.301266,4761.36,8.78333,1847.43,1818.57,0.687509,0
01:11:15:00:08:18,8780.96,8768.37,91.2195,91.5282,87.3854,1.00093,0.749722,1820.02,25299.9,12253.2,1.0532,0,0,25299.9,0.68404,0.300722,4765.04,8.8,1848.95,1820.02,0.68294,0
01:11:15:00:08:19,8783.25,8782.11,90.9753,91.5496,87.2574,1.00039,0.749709,1821.48,25361.1,12256,1.05975,0,0,25361.1,0.685468,0.299023,4767.87,8.81667,1850.47,1821.48,0.685468,0
01:11:15:00:08:20,8786.97,8778.1,91.5536,91.5496,87.023,1.00063,0.749696,1822.93,25422.3,12260.2,1.07395,0,0,25422.3,0.690035,0.299496,4772.1,8.83333,1851.99,1822.93,0.68962,0
01:11:15:00:08:21,8791.83,8771.52,91.3441,91.5108,87.5752,1.00087,0.749682,1824.38,25483.3,12265.6,1.1079,0,0,25483.3,0.694629,0.300977,4777.45,8.85,1853.52,1824.38,0.692032,0
01:11:15:00:08:22,8790.98,8765.8,91.1706,91.5028,87.3758,1.0006,0.749668,1825.84,25544.5,12265.2,1.11778,0,0,25544.5,0.701822,0.298703,4777.11,8.86667,1855.04,1825.84,0.699793,0
01:11:15:00:08:23,8786.97,8758.65,91.3231,91.5629,87.2099,1.0006,0.749654,1827.3,25605.8,12261.8,1.13317,0,0,25605.8,0.707702,0.299358,4773.63,8.88333,1856.56,1827.3,0.707386,0
01:11:15:00:08:24,8776.67,8770.95,90.9783,91.663,87.3571,1.00024,0.749639,1828.75,25666.9,12252,1.0838,0,0,25666.9,0.714619,0.300519,4763.88,8.9,1858.08,1828.75,0.714557,0
01:11:15:00:08:25,8766.37,8769.8,91.2612,91.6924,87.0269,1.00033,0.749625,1830.2,25728,12242.2,1.04339,0,0,25728,0.707711,0.299617,4754.07,8.91667,1859.6,1830.2,0.712302,0
01:11:15:00:08:26,8780.1,8771.81,91.391,91.7578,87.2981,1.00017,0.74961,1831.66,25789.1,12256.4,1.01293,0,0,25789.1,0.693404,0.302007,4768.3,8.93333,1861.12,1831.66,0.696612,0
01:11:15:00:08:27,8784.11,8771.23,91.377,91.8099,87.4227,1.00007,0.749595,1833.11,25850.1,12261,0.959881,0,0,25850.1,0.693076,0.300773,4772.82,8.95,1862.64,1833.11,0.692561,0
01:11:15:00:08:28,8788.4,8762.94,91.2553,91.7645,87.408,1.00042,0.74958,1834.57,25911.3,12265.8,0.978251,0,0,25911.3,0.69486,0.298582,4777.65,8.96667,1864.16,1834.57,0.69486,0
01:11:15:00:08:29,8780.96,8757.5,91.2042,91.7618,87.2909,1.00061,0.749565,1836.03,25972.5,12258.9,1.01402,0,0,25972.5,0.70214,0.299162,4770.75,8.98333,1865.68,1836.03,0.701115,0
01:11:15:00:08:30,8767.51,8753.5,91.2561,91.6497,87.2399,1.00115,0.749549,1837.48,26033.6,12245.9,1.03686,0,0,26033.6,0.702854,0.299827,4757.79,9,1867.2,1837.48,0.701162,0
01:11:15:00:08:31,8778.67,8758.07,91.1858,91.647,87.2888,1.00136,0.749534,1838.93,26094.8,12257.6,1.02598,0,0,26094.8,0.695648,0.299681,4769.45,9.01667,1868.73,1838.93,0.700242,0
01:11:15:00:08:32,8764.65,8756.93,91.317,91.5536,87.221,1.00148,0.749518,1840.39,26155.9,12244.1,1.03468,0,0,26155.9,0.689778,0.299622,4755.95,9.03333,1870.25,1840.39,0.695648,0
01:11:15:00:08:33,8770.95,8752.07,91.3646,91.5362,87.3493,1.00077,0.749502,1841.84,26217.1,12250.9,1.03686,0,0,26217.1,0.682258,0.299694,4762.79,9.05,1871.77,1841.84,0.686256,0
01:11:15:00:08:34,8780.96,8760.08,91.5235,91.4895,87.3921,1.00148,0.749486,1843.3,26278.3,12261.5,1.01293,0,0,26278.3,0.683945,0.299832,4773.32,9.06667,1873.29,1843.3,0.6826,0
01:11:15:00:08:35,8783.82,8762.65,91.4394,91.4227,87.5432,1.00171,0.74947,1844.76,26339.5,12264.8,1.02163,0,0,26339.5,0.69693,0.300879,4776.67,9.08333,1874.82,1844.76,0.692001,0
01:11:15:00:08:36,8777.53,8768.09,91.1271,91.4628,87.4654,1.00101,0.749453,1846.22,26400.8,12259,1.02054,0,0,26400.8,0.708277,0.300117,4770.89,9.1,1876.34,1846.22,0.703854,0
01:11:15:00:08:37,8770.66,8762.08,91.3376,91.3947,87.1662,1.00115,0.749437,1847.67,26462.2,12252.7,1.01185,0,0,26462.2,0.70731,0.300635,4764.55,9.11667,1877.86,1847.67,0.709939,0
01:11:15:00:08:38,8784.11,8748.35,91.2885,91.5375,87.3696,1.00063,0.74942,1849.13,26523.3,12266.7,1.00968,0,0,26523.3,0.697966,0.301357,4778.54,9.13333,1879.38,1849.13,0.703193,0
01:11:15:00:08:39,8777.53,8757.21,91.2805,91.4494,87.3216,1.00088,0.749404,1850.58,26584.5,12260.6,1.00316,0,0,26584.5,0.695235,0.300837,4772.46,9.15,1880.9,1850.58,0.695235,0
01:11:15:00:08:40,8762.65,8750.06,91.3816,91.4294,87.3148,1.00066,0.749387,1852.04,26645.7,12246.2,1.01293,0,0,26645.7,0.69345,0.302088,4758.08,9.16667,1882.42,1852.04,0.691777,0
01:11:15:00:08:41,8764.37,8749.2,91.2391,91.4534,87.4099,1.00108,0.749371,1853.49,26706.8,12248.4,1.06848,0,0,26706.8,0.702743,0.302121,4760.31,9.18333,1883.95,1853.49,0.697299,0
01:11:15:00:08:42,8771.52,8770.09,91.4359,91.5148,87.276,1.00046,0.749354,1854.95,26768.1,12256.1,1.07723,0,0,26768.1,0.713107,0.301164,4768,9.2,1885.47,1854.95,0.710757,0
01:11:15:00:08:43,8772.95,8763.79,91.3127,91.5429,87.4619,1.00106,0.749337,1856.4,26829.2,12258.1,1.0838,0,0,26829.2,0.711188,0.301799,4769.97,9.21667,1886.99,1856.4,0.714554,0
01:11:15:00:08:44,8773.24,8759.22,90.9307,91.4321,87.3431,1.00131,0.749321,1857.86,26890.4,12258.9,1.06521,0,0,26890.4,0.700153,0.300669,4770.74,9.23333,1888.51,1857.86,0.704739,0
01:11:15:00:08:45,8778.39,8750.35,91.284,91.4828,86.979,1.00096,0.749304,1859.31,26951.7,12264.5,1.06739,0,0,26951.7,0.693475,0.301035,4776.39,9.25,1890.03,1859.31,0.694215,0
01:11:15:00:08:46,8776.38,8748.35,91.1927,91.5803,87.3176,1.00081,0.749287,1860.77,27012.8,12263,0.995576,0,0,27012.8,0.693632,0.302444,4774.91,9.26667,1891.55,1860.77,0.691949,0
01:11:15:00:08:47,8768.95,8757.79,91.2442,91.5536,87.2269,1.00169,0.74927,1862.22,27073.8,12256.1,0.964199,0,0,27073.8,0.697871,0.300737,4768.02,9.28333,1893.07,1862.22,0.694224,0
01:11:15:00:08:48,8757.5,8757.5,91.3979,91.4828,87.277,1.00146,0.749254,1863.68,27135,12245.2,0.999911,0,0,27135,0.693555,0.299982,4757.09,9.3,1894.59,1863.68,0.693555,0
01:11:15:00:08:49,8770.38,8764.08,91.2674,91.5015,87.4246,1.00132,0.749237,1865.13,27196.2,12258.6,1.04993,0,0,27196.2,0.693555,0.299791,4770.45,9.31667,1896.11,1865.13,0.695431,0
01:11:15:00:08:50,8768.95,8752.07,91.1773,91.4855,87.3,1.00125,0.74922,1866.59,27257.4,12257.7,1.06084,0,0,27257.4,0.698098,0.300393,4769.53,9.33333,1897.63,1866.59,0.698801,0
01:11:15:00:08:51,8779.53,8759.79,91.3587,91.5055,87.2137,1.0013,0.749204,1868.04,27318.6,12268.8,1.06411,0,0,27318.6,0.700264,0.300462,4780.65,9.35,1899.16,1868.04,0.695583,0
01:11:15:00:08:52,8773.52,8757.21,91.2951,91.4788,87.3862,1.00154,0.749187,1869.5,27379.8,12263.3,1.03142,0,0,27379.8,0.693933,0.299628,4775.18,9.36667,1900.68,1869.5,0.690438,0
01:11:15:00:08:53,8764.94,8760.36,91.187,91.4908,87.326,1.0014,0.74917,1870.95,27441,12255.2,1.06848,0,0,27441,0.686258,0.300026,4767.1,9.38333,1902.2,1870.95,0.683829,0
01:11:15:00:08:54,8770.38,8754.64,91.3191,91.38,87.2217,1.0016,0.749154,1872.41,27502.2,12261.2,1.06521,0,0,27502.2,0.685264,0.300371,4773.03,9.4,1903.72,1872.41,0.686871,0
01:11:15:00:08:55,8770.66,8749.78,91.2693,91.38,87.3491,1.00135,0.749137,1873.86,27563.4,12262,1.02489,0,0,27563.4,0.688996,0.299462,4773.83,9.41667,1905.24,1873.86,0.693641,0
01:11:15:00:08:56,8773.24,8740.62,91.3055,91.4387,87.3029,1.00097,0.749121,1875.32,27624.6,12265.1,0.992325,0,0,27624.6,0.69552,0.299182,4776.94,9.43333,1906.76,1875.32,0.694479,0
01:11:15:00:08:57,8759.79,8749.2,91.3602,91.38,87.3355,1.00151,0.749105,1876.77,27685.8,12252.2,0.997746,0,0,27685.8,0.694142,0.300239,4764.03,9.45,1908.28,1876.77,0.694065,0
01:11:15:00:08:58,8756.07,8757.5,91.2757,91.4828,87.3901,1.00091,0.749089,1878.23,27747,12248.9,1.04448,0,0,27747,0.694065,0.299572,4760.8,9.46667,1909.81,1878.23,0.697814,0
01:11:15:00:08:59,8764.37,8758.93,91.3017,91.4921,87.3075,1.00135,0.749073,1879.68,27808.2,12257.7,1.07067,0,0,27808.2,0.702621,0.29903,4769.6,9.48333,1911.33,1879.68,0.704968,0
01:11:15:00:09:00,8761.51,8759.22,91.1751,91.4214,87.3336,1.00103,0.749057,1881.14,27869.4,12255.4,1.0532,0,0,27869.4,0.712578,0.300081,4767.26,9.5,1912.85,1881.14,0.722363,0
01:11:15:00:09:01,8777.24,8744.34,91.1564,91.4628,87.2121,1.00115,0.749041,1882.59,27930.6,12271.7,1.03033,0,0,27930.6,0.725833,0.300035,4783.54,9.51667,1914.37,1882.59,0.724146,0
01:11:15:00:09:02,8768.66,8752.64,91.5068,91.5215,87.1942,1.00114,0.749026,1884.05,27991.8,12263.6,1.02054,0,0,27991.8,0.719604,0.299611,4775.48,9.53333,1915.89,1884.05,0.71505,0
01:11:15:00:09:03,8759.22,8741.77,91.122,91.5269,87.5296,1.00109,0.74901,1885.5,28052.9,12254.7,1.01185,0,0,28052.9,0.710603,0.300291,4766.52,9.55,1917.41,1885.5,0.710603,0
01:11:15:00:09:04,8760.08,8740.05,91.6956,91.4267,87.1591,1.00174,0.748995,1886.96,28114.1,12256,0.985826,0,0,28114.1,0.705394,0.299524,4767.89,9.56667,1918.94,1886.96,0.696342,0
01:11:15:00:09:05,8763.22,8758.07,91.2873,91.3546,87.7069,1.00195,0.74898,1888.42,28175.4,12259.7,0.984745,0,0,28175.4,0.693962,0.300197,4771.56,9.58333,1920.46,1888.42,0.686935,0
01:11:15:00:09:06,8757.21,8756.64,91.3615,91.3533,87.318,1.00152,0.748965,1889.88,28236.7,12254.2,0.989075,0,0,28236.7,0.684049,0.299892,4766.11,9.6,1921.98,1889.88,0.68818,0
01:11:15:00:09:07,8761.22,8754.07,91.3615,91.3533,87.3901,1.00124,0.748951,1891.33,28298,12258.7,1.01293,0,0,28298,0.686205,0.301988,4770.61,9.61667,1923.51,1891.33,0.686959,0
01:11:15:00:09:08,8764.94,8743.48,91.2859,91.3987,87.391,1.001,0.748936,1892.79,28359.3,12263,1.00968,0,0,28359.3,0.690813,0.300967,4774.83,9.63333,1925.03,1892.79,0.698041,0
01:11:15:00:09:09,8771.23,8756.93,91.2256,91.3359,87.3163,1.00163,0.748922,1894.24,28420.5,12269.8,1.03468,0,0,28420.5,0.696645,0.300627,4781.64,9.65,1926.55,1894.24,0.692909,0
01:11:15:00:09:10,8756.07,8754.07,91.4087,91.3907,87.2604,1.00117,0.748908,1895.7,28481.7,12255.1,1.02271,0,0,28481.7,0.692629,0.301483,4767.01,9.66667,1928.07,1895.7,0.692909,0
01:11:15:00:09:11,8749.2,8737.47,91.2535,91.4908,87.4356,1.00112,0.748894,1897.15,28542.9,12248.8,1.10022,0,0,28542.9,0.686194,0.302113,4760.68,9.68333,1929.59,1897.15,0.688151,0
01:11:15:00:09:12,8758.65,8739.76,91.358,91.5068,87.29,1.00038,0.748881,1898.61,28604.1,12258.7,1.0827,0,0,28604.1,0.68913,0.300656,4770.61,9.7,1931.11,1898.61,0.68635,0
01:11:15:00:09:13,8746.06,8735.76,91.2736,91.5509,87.3909,1.00012,0.748868,1900.07,28665.3,12246.7,1.10022,0,0,28665.3,0.693938,0.300911,4758.53,9.71667,1932.64,1900.07,0.690032,0
01:11:15:00:09:14,8752.07,8742.62,91.2303,91.5496,87.31,1.00019,0.748855,1901.52,28726.5,12253.2,1.12987,0,0,28726.5,0.707581,0.301417,4765.06,9.73333,1934.16,1901.52,0.703821,0
01:11:15:00:09:15,8747.2,8745.2,91.4077,91.5202,87.2689,1.00009,0.748843,1902.98,28787.7,12248.9,1.09913,0,0,28787.7,0.70509,0.301572,4760.73,9.75,1935.68,1902.98,0.708083,0
01:11:15:00:09:16,8752.07,8749.49,91.1957,91.5015,87.4376,1.00037,0.748831,1904.43,28848.8,12254.2,1.04993,0,0,28848.8,0.701223,0.300566,4766.12,9.76667,1937.2,1904.43,0.701927,0
01:11:15:00:09:17,8758.07,8747.2,91.3167,91.4334,87.2355,1.00017,0.748819,1905.89,28909.9,12260.7,1.01945,0,0,28909.9,0.698856,0.299449,4772.61,9.78333,1938.72,1905.89,0.700292,0
01:11:15:00:09:18,8753.21,8740.33,91.4704,91.4948,87.3504,1.00042,0.748807,1907.34,28971.1,12256.4,1.01837,0,0,28971.1,0.691455,0.300725,4768.25,9.8,1940.24,1907.34,0.691455,0
01:11:15:00:09:19,8768.66,8728.6,91.382,91.5402,87.4981,1.00022,0.748796,1908.8,29032.2,12272.3,1.0423,0,0,29032.2,0.687272,0.300568,4784.21,9.81667,1941.77,1908.8,0.686393,0
01:11:15:00:09:20,8754.93,8740.91,91.486,91.4454,87.4104,1.00103,0.748786,1910.26,29093.4,12259.1,1.07941,0,0,29093.4,0.691267,0.298992,4771.01,9.83333,1943.29,1910.26,0.68974,0
01:11:15:00:09:21,8750.92,8744.63,91.3266,91.5295,87.5124,1.00038,0.748776,1911.72,29154.7,12255.6,1.07176,0,0,29154.7,0.701464,0.299285,4767.43,9.85,1944.82,1911.72,0.700571,0
01:11:15:00:09:22,8749.49,8748.06,91.2526,91.4467,87.3581,1.00087,0.748766,1913.17,29215.9,12254.5,1.02163,0,0,29215.9,0.70852,0.300023,4766.41,9.86667,1946.34,1913.17,0.705509,0
01:11:15:00:09:23,8752.92,8755.5,91.2375,91.3813,87.2863,1.00115,0.748757,1914.63,29277.2,12258.4,1.02924,0,0,29277.2,0.704565,0.300698,4770.27,9.88333,1947.86,1914.63,0.707796,0
01:11:15:00:09:24,8765.8,8743.77,91.2827,91.3306,87.27,1.00162,0.748748,1916.08,29338.4,12271.7,1.01402,0,0,29338.4,0.699172,0.299853,4783.57,9.9,1949.38,1916.08,0.701183,0
01:11:15:00:09:25,8762.94,8749.78,91.2063,91.3706,87.3124,1.00184,0.748739,1917.54,29399.5,12269.2,0.977171,0,0,29399.5,0.694339,0.300012,4781.09,9.91667,1950.9,1917.54,0.695091,0
01:11:15:00:09:26,8757.21,8731.18,91.1749,91.4321,87.2417,1.00121,0.748731,1918.99,29460.8,12263.7,0.990156,0,0,29460.8,0.700146,0.300681,4775.6,9.93333,1952.42,1918.99,0.698224,0
01:11:15:00:09:27,8753.5,8733.75,91.2974,91.4454,87.2099,1.00168,0.748724,1920.45,29521.9,12260.3,1.00642,0,0,29521.9,0.70923,0.300678,4772.13,9.95,1953.94,1920.45,0.70923,0
01:11:15:00:09:28,8756.36,8746.34,91.1756,91.388,87.3298,1.00096,0.748717,1921.9,29583.1,12263.4,0.995576,0,0,29583.1,0.710534,0.299568,4775.23,9.96667,1955.46,1921.9,0.710534,0
01:11:15:00:09:29,8746.34,8734.9,91.4006,91.424,87.2141,1.00076,0.748711,1923.36,29644.3,12253.6,0.992325,0,0,29644.3,0.699707,0.299712,4765.47,9.98333,1956.98,1923.36,0.701827,0
01:11:15:00:09:30,8759.79,8746.06,91.5267,91.5229,87.43,1.00055,0.748705,1924.81,29705.4,12267.2,1.02163,0,0,29705.4,0.693421,0.299527,4779.11,10,1958.51,1924.81,0.695263,0
01:11:15:00:09:31,8752.92,8743.2,91.4599,91.5215,87.5503,1.00065,0.748699,1926.27,29766.6,12260.5,1.03686,0,0,29766.6,0.69367,0.297919,4772.41,10.0167,1960.03,1926.27,0.69367,0
01:11:15:00:09:32,8765.51,8756.36,91.4566,91.5282,87.4854,1.00093,0.748694,1927.73,29827.8,12273.3,0.999911,0,0,29827.8,0.693912,0.297746,4785.16,10.0333,1961.56,1927.73,0.694618,0
01:11:15:00:09:33,8752.07,8747.49,91.5005,91.4948,87.4822,1.00092,0.74869,1929.19,29889.2,12260,1.00751,0,0,29889.2,0.69442,0.298511,4771.88,10.05,1963.08,1929.19,0.694487,0
01:11:15:00:09:34,8753.5,8739.19,91.2824,91.5469,87.5258,1.00051,0.748686,1930.64,29950.5,12261.6,1.02271,0,0,29950.5,0.698928,0.297956,4773.48,10.0667,1964.6,1930.64,0.699341,0
01:11:15:00:09:35,8767.8,8740.33,91.0626,91.5896,87.3174,1.00046,0.748683,1932.1,30011.8,12276.1,0.986906,0,0,30011.8,0.699726,0.298705,4787.94,10.0833,1966.12,1932.1,0.701247,0
01:11:15:00:09:36,8746.92,8740.05,91.1673,91.5335,87.1054,1.0009,0.74868,1933.55,30073,12255.3,1.001,0,0,30073,0.696606,0.300517,4767.2,10.1,1967.64,1933.55,0.698214,0
01:11:15:00:09:37,8752.92,8738.9,91.3783,91.7245,87.2137,0.998745,0.748678,1935.01,30134.1,12261.5,1.00425,0,0,30134.1,0.697454,0.300252,4773.35,10.1167,1969.16,1935.01,0.696786,0
01:11:15:00:09:38,8745.2,8744.91,91.3299,91.7084,87.4136,0.999263,0.748677,1936.46,30195.1,12253.9,0.979332,0,0,30195.1,0.699795,0.300422,4765.78,10.1333,1970.69,1936.46,0.699105,0
01:11:15:00:09:39,8752.35,8754.64,91.319,91.5723,87.3681,0.999059,0.748676,1937.92,30256.1,12261.2,0.983663,0,0,30256.1,0.701082,0.300005,4773.08,10.15,1972.21,1937.92,0.700187,0
01:11:15:00:09:40,8755.5,8749.49,91.3087,91.5509,87.3569,0.999244,0.748675,1939.38,30317.2,12264.5,1.03142,0,0,30317.2,0.697932,0.301226,4776.38,10.1667,1973.73,1939.38,0.697932,0
01:11:15:00:09:41,8748.35,8747.2,91.152,91.3226,87.3456,0.999656,0.748675,1940.83,30378.3,12257.5,1.01185,0,0,30378.3,0.68859,0.302059,4769.37,10.1833,1975.25,1940.83,0.693603,0
01:11:15:00:09:42,8770.95,8729.46,91.2478,91.4481,87.1968,0.999371,0.748676,1942.29,30439.5,12280.2,1.00316,0,0,30439.5,0.68136,0.300869,4792.12,10.2,1976.77,1942.29,0.686144,0
01:11:15:00:09:43,8749.2,8742.91,91.3002,91.4361,87.2867,0.9998,0.748676,1943.74,30500.5,12258.7,0.987992,0,0,30500.5,0.68136,0.300554,4770.52,10.2167,1978.29,1943.74,0.681089,0
01:11:15:00:09:44,8748.35,8738.62,91.4289,91.4548,87.3337,1.00062,0.748678,1945.19,30561.6,12257.9,0.984745,0,0,30561.6,0.683027,0.299961,4769.78,10.2333,1979.81,1945.19,0.686949,0
01:11:15:00:09:45,8741.77,8746.34,91.2504,91.5202,87.4612,0.999481,0.74868,1946.65,30622.7,12251.4,0.954481,0,0,30622.7,0.689395,0.299726,4763.31,10.25,1981.34,1946.65,0.695128,0
01:11:15:00:09:46,8752.35,8759.79,91.145,91.5976,87.2888,0.999933,0.748682,1948.11,30683.9,12262.1,0.913572,0,0,30683.9,0.695766,0.301372,4773.99,10.2667,1982.86,1948.11,0.698741,0
01:11:15:00:09:47,8757.5,8742.91,91.5757,91.5696,87.1876,1,0.748685,1949.56,30745,12267.4,0.942618,0,0,30745,0.699412,0.302173,4779.24,10.2833,1984.38,1949.56,0.701085,0
01:11:15:00:09:48,8755.5,8756.93,91.3003,91.5122,87.6005,0.999785,0.748688,1951.02,30806.1,12265.5,1.00534,0,0,30806.1,0.703946,0.300385,4777.34,10.3,1985.9,1951.02,0.704424,0
01:11:15:00:09:49,8757.21,8740.33,91.4867,91.5883,87.3373,0.999728,0.748692,1952.48,30867.3,12267.2,1.00316,0,0,30867.3,0.705875,0.298969,4779.1,10.3167,1987.43,1952.48,0.706235,0
01:11:15:00:09:50,8754.35,8747.49,91.3439,91.6404,87.5165,0.999501,0.748696,1953.93,30928.5,12264.4,0.996657,0,0,30928.5,0.704714,0.299925,4776.28,10.3333,1988.95,1953.93,0.693757,0
01:11:15:00:09:51,8753.78,8744.34,91.2873,91.4962,87.3774,1.00012,0.748701,1955.39,30989.6,12263.9,1.00859,0,0,30989.6,0.69123,0.299906,4775.75,10.35,1990.47,1955.39,0.689959,0
01:11:15:00:09:52,8760.08,8734.04,91.2432,91.5349,87.3254,0.99956,0.748705,1956.85,31050.8,12270.2,1.03468,0,0,31050.8,0.69092,0.300261,4782.08,10.3667,1991.99,1956.85,0.694724,0
01:11:15:00:09:53,8753.78,8745.49,91.4008,91.4748,87.2797,1.0005,0.748711,1958.3,31112,12264,1.0423,0,0,31112,0.700354,0.300938,4775.82,10.3833,1993.52,1958.3,0.700354,0
01:11:15:00:09:54,8751.21,8737.19,91.2509,91.3453,87.4309,1.00038,0.748716,1959.76,31173.1,12261.4,1.01728,0,0,31173.1,0.709177,0.301611,4773.27,10.4,1995.04,1959.76,0.710251,0
01:11:15:00:09:55,8748.63,8758.65,91.4219,91.3893,87.2872,1.00045,0.748722,1961.21,31234.3,12258.9,0.977171,0,0,31234.3,0.704905,0.299607,4770.72,10.4167,1996.56,1961.21,0.704905,0
01:11:15:00:09:56,8754.35,8743.77,91.3939,91.368,87.4517,1.00023,0.748728,1962.67,31295.4,12264.6,0.986906,0,0,31295.4,0.69914,0.300703,4776.47,10.4333,1998.08,1962.67,0.695462,0
01:11:15:00:09:57,8758.07,8744.34,91.2619,91.2865,87.4256,1.00005,0.748734,1964.13,31356.6,12268.3,1.02054,0,0,31356.6,0.697744,0.300705,4780.21,10.45,1999.61,1964.13,0.698391,0
01:11:15:00:09:58,8774.38,8744.34,91.1952,91.4254,87.3027,0.999154,0.74874,1965.58,31417.8,12284.7,1.03033,0,0,31417.8,0.696965,0.299552,4796.54,10.4667,2001.13,1965.58,0.695962,0
01:11:15:00:09:59,8749.2,8740.33,91.3891,91.4174,87.2373,0.999581,0.748746,1967.04,31479,12259.5,1.02489,0,0,31479,0.698287,0.299454,4771.39,10.4833,2002.65,1967.04,0.699857,0
01:11:15:00:10:00,8760.08,8740.33,91.1342,91.5002,87.4238,0.999311,0.748753,1968.49,31540,12270.4,1.01945,0,0,31540,0.701983,0.300044,4782.28,10.5,2004.17,1968.49,0.705809,0
01:11:15:00:10:01,8747.49,8745.49,91.1292,91.5602,87.1812,0.998988,0.74876,1969.95,31601.1,12257.8,1.00968,0,0,31601.1,0.705809,0.298975,4769.71,10.5167,2005.69,1969.95,0.704684,0
01:11:15:00:10:02,8756.07,8756.93,91.1415,91.6243,87.1756,0.999186,0.748767,1971.4,31662.2,12266.4,1.00859,0,0,31662.2,0.701013,0.299798,4778.32,10.5333,2007.21,1971.4,0.696913,0
01:11:15:00:10:03,8758.65,8750.35,91.3838,91.5789,87.1863,0.999475,0.748773,1972.85,31723.2,12269,0.982578,0,0,31723.2,0.69395,0.300824,4780.89,10.55,2008.73,1972.85,0.689712,0
01:11:15:00:10:04,8751.21,8752.35,91.1982,91.5576,87.4178,0.999559,0.74878,1974.31,31784.1,12261.6,1.03903,0,0,31784.1,0.689031,0.300688,4773.45,10.5667,2010.25,1974.31,0.688071,0
01:11:15:00:10:05,8772.09,8730.32,91.1966,91.4548,87.2391,0.999873,0.748787,1975.76,31845.2,12282.5,0.994492,0,0,31845.2,0.690399,0.299302,4794.34,10.5833,2011.77,1975.76,0.688071,0
01:11:15:00:10:06,8755.78,8749.49,91.1628,91.5696,87.2389,0.9995,0.748794,1977.22,31906.3,12266.2,0.981497,0,0,31906.3,0.702493,0.300235,4778.03,10.6,2013.29,1977.22,0.695667,0
01:11:15:00:10:07,8758.07,8748.06,91.2403,91.5415,87.2066,0.999479,0.748801,1978.67,31967.4,12268.4,0.994492,0,0,31967.4,0.711957,0.299672,4780.31,10.6167,2014.81,1978.67,0.704706,0
01:11:15:00:10:08,8749.2,8739.19,91.2684,91.5415,87.2802,0.999625,0.748808,1980.13,32028.4,12259.6,1.00642,0,0,32028.4,0.715182,0.300148,4771.44,10.6333,2016.33,1980.13,0.714696,0
01:11:15:00:10:09,8753.78,8747.77,91.218,91.4895,87.3086,0.999218,0.748814,1981.58,32089.4,12264.1,1.01293,0,0,32089.4,0.714177,0.301803,4776.02,10.65,2017.85,1981.58,0.714224,0
01:11:15:00:10:10,8755.21,8737.76,91.0872,91.3893,87.2576,0.999965,0.748821,1983.04,32150.5,12265.6,1.04557,0,0,32150.5,0.71293,0.301624,4777.45,10.6667,2019.37,1983.04,0.71293,0
01:11:15:00:10:11,8762.08,8758.07,91.2231,91.4921,87.1366,0.998868,0.748827,1984.49,32211.6,12272.4,1.04121,0,0,32211.6,0.713395,0.300518,4784.31,10.6833,2020.89,1984.49,0.71439,0
01:11:15:00:10:12,8762.37,8744.05,91.3356,91.5229,87.2645,0.999435,0.748833,1985.94,32272.6,12272.7,1.06302,0,0,32272.6,0.711601,0.301154,4784.6,10.7,2022.41,1985.94,0.713148,0
01:11:15:00:10:13,8759.79,8759.22,91.0517,91.5055,87.3721,0.999432,0.748839,1987.4,32333.6,12270.2,1.09693,0,0,32333.6,0.70301,0.300152,4782.02,10.7167,2023.93,1987.4,0.706848,0
01:11:15:00:10:14,8769.52,8753.78,91.1765,91.595,87.1022,0.999004,0.748845,1988.85,32394.7,12279.9,1.05975,0,0,32394.7,0.699288,0.298793,4791.75,10.7333,2025.45,1988.85,0.700269,0
01:11:15:00:10:15,8765.23,8738.9,91.2971,91.615,87.2201,0.999397,0.748851,1990.3,32455.7,12275.6,1.01185,0,0,32455.7,0.699638,0.300395,4787.45,10.75,2026.97,1990.3,0.697819,0
01:11:15:00:10:16,8768.66,8750.35,91.1532,91.7165,87.336,0.999258,0.748856,1991.76,32516.7,12279,1.01511,0,0,32516.7,0.706126,0.300918,4790.89,10.7667,2028.49,1991.76,0.70081,0
01:11:15:00:10:17,8758.65,8742.91,91.2494,91.6978,87.1972,0.999544,0.748861,1993.21,32577.7,12269,0.999911,0,0,32577.7,0.705431,0.300007,4780.87,10.7833,2030.01,1993.21,0.706832,0
01:11:15:00:10:18,8758.07,8764.37,91.3801,91.6964,87.2911,0.999069,0.748866,1994.67,32638.8,12268.4,0.990156,0,0,32638.8,0.697475,0.30112,4780.3,10.8,2031.53,1994.67,0.702405,0
01:11:15:00:10:19,8758.65,8749.78,91.1419,91.7218,87.4143,0.999518,0.74887,1996.12,32699.8,12269,1.02054,0,0,32699.8,0.692998,0.30146,4780.87,10.8167,2033.05,1996.12,0.692998,0
01:11:15:00:10:20,8767.51,8757.5,91.2617,91.5816,87.1857,0.999734,0.748875,1997.58,32760.9,12277.9,1.07504,0,0,32760.9,0.691278,0.30051,4789.73,10.8333,2034.57,1997.58,0.693392,0
01:11:15:00:10:21,8776.96,8751.49,91.115,91.5068,87.3012,0.999496,0.748878,1999.03,32822,12287.3,1.10241,0,0,32822,0.684764,0.299951,4799.17,10.85,2036.09,1999.03,0.691278,0
01:11:15:00:10:22,8761.22,8750.35,91.2752,91.5122,87.161,0.999447,0.748882,2000.49,32883,12271.6,1.08817,0,0,32883,0.680841,0.299725,4783.44,10.8667,2037.61,2000.49,0.684764,0
01:11:15:00:10:23,8776.96,8747.77,91.2425,91.6697,87.3149,0.999288,0.748885,2001.94,32944,12287.3,1.02815,0,0,32944,0.683516,0.300973,4799.17,10.8833,2039.13,2001.94,0.680841,0
01:11:15:00:10:24,8757.21,8752.64,91.314,91.5562,87.2823,0.999652,0.748888,2003.4,33005.1,12267.6,1.03794,0,0,33005.1,0.699315,0.300735,4779.42,10.9,2040.65,2003.4,0.692432,0
01:11:15:00:10:25,8766.37,8757.79,91.2781,91.5896,87.3519,0.999305,0.74889,2004.85,33066.2,12276.7,0.981497,0,0,33066.2,0.704987,0.300309,4788.58,10.9167,2042.18,2004.85,0.702824,0
01:11:15:00:10:26,8758.36,8744.63,91.2376,91.6257,87.3167,0.999528,0.748892,2006.31,33127.2,12268.7,0.982578,0,0,33127.2,0.701038,0.298894,4780.56,10.9333,2043.7,2006.31,0.705245,0
01:11:15:00:10:27,8764.37,8756.36,91.213,91.4548,87.2775,0.999668,0.748894,2007.76,33188.3,12274.7,1.00316,0,0,33188.3,0.694044,0.29982,4786.57,10.95,2045.22,2007.76,0.697411,0
01:11:15:00:10:28,8780.67,8760.08,91.3288,91.4548,87.2551,0.999379,0.748895,2009.22,33249.4,12291,1.03686,0,0,33249.4,0.687801,0.300047,4802.87,10.9667,2046.74,2009.22,0.688487,0
01:11:15:00:10:29,8767.23,8766.66,91.2831,91.4695,87.3647,0.999692,0.748896,2010.67,33310.5,12277.6,1.03359,0,0,33310.5,0.689552,0.299657,4789.43,10.9833,2048.26,2010.67,0.689763,0
01:11:15:00:10:30,8774.09,8758.65,91.3149,91.5749,87.3226,0.999236,0.748897,2012.13,33371.6,12284.4,1.02815,0,0,33371.6,0.691506,0.299561,4796.29,11,2049.78,2012.13,0.691506,0
01:11:15:00:10:31,8770.09,8750.06,91.22,91.5549,87.3514,0.999655,0.748897,2013.58,33432.7,12280.4,1.01619,0,0,33432.7,0.692176,0.300956,4792.28,11.0167,2051.3,2013.58,0.6932,0
01:11:15:00:10:32,8775.53,8755.21,91.1202,91.5709,87.2619,0.999329,0.748897,2015.04,33493.8,12285.8,1.02706,0,0,33493.8,0.693626,0.299422,4797.72,11.0333,2052.82,2015.04,0.693723,0
01:11:15:00:10:33,8769.8,8745.2,91.1349,91.6337,87.1652,0.999652,0.750158,2016.49,33554.9,12280.1,1.03033,0,0,33554.9,0.697429,0.299043,4791.99,11.05,2054.34,2016.49,0.697005,0
01:11:15:00:10:34,8759.79,8764.65,91.2657,91.6978,87.1802,0.999429,0.750158,2017.94,33615.9,12270.1,0.963115,0,0,33615.9,0.695452,0.300102,4781.97,11.0667,2055.86,2017.94,0.696757,0
01:11:15:00:10:35,8772.66,8751.78,91.147,91.7405,87.3064,0.999129,0.750158,2019.4,33676.9,12283,0.958797,0,0,33676.9,0.695452,0.300669,4794.85,11.0833,2057.38,2019.4,0.691825,0
01:11:15:00:10:36,8764.65,8771.52,91.4489,91.7044,87.191,0.999625,0.750158,2020.85,33737.9,12275,0.964199,0,0,33737.9,0.689578,0.299749,4786.83,11.1,2058.9,2020.85,0.690526,0
01:11:15:00:10:37,8771.81,8754.93,91.4685,91.647,87.4819,0.999073,1.00028,2022.31,33798.9,12282.1,0.987992,0,0,33798.9,0.690545,0.300437,4793.98,11.1167,2060.43,2022.31,0.696632,0
01:11:15:00:10:38,8768.66,8750.35,91.114,91.5803,87.4958,1.00035,1.00028,2023.77,33860,12279,1.01728,0,0,33860,0.704364,0.299945,4790.83,11.1333,2061.95,2023.77,0.711112,0
01:11:15:00:10:39,8783.25,8757.21,91.4191,91.5309,87.1605,0.999352,1.00028,2025.22,33921.3,12293.6,1.0238,0,0,33921.3,0.713301,0.299296,4805.42,11.15,2063.47,2025.22,0.716158,0
01:11:15:00:10:40,8764.37,8746.92,91.4405,91.4921,87.4502,0.999917,1.00028,2026.68,33982.4,12274.7,1.03903,0,0,33982.4,0.716158,0.299894,4786.54,11.1667,2064.99,2026.68,0.710223,0
01:11:15:00:10:41,8768.95,8764.65,91.2546,91.5976,87.4754,0.998665,1.00029,2028.13,34043.5,12279.2,1.02271,0,0,34043.5,0.707483,0.299113,4791.11,11.1833,2066.52,2028.13,0.705708,0
01:11:15:00:10:42,8757.5,8750.06,91.2527,91.5335,87.2937,0.999677,1.00029,2029.59,34104.6,12267.8,1.03686,0,0,34104.6,0.70336,0.29869,4779.66,11.2,2068.04,2029.59,0.70183,0
01:11:15:00:10:43,8768.95,8764.65,91.4148,91.5309,87.2931,0.999359,1.0003,2031.05,34165.8,12279.2,1.07395,0,0,34165.8,0.703019,0.299273,4791.11,11.2167,2069.56,2031.05,0.703493,0
01:11:15:00:10:44,8779.53,8757.21,91.3186,91.5616,87.4483,0.999321,1.0003,2032.5,34226.8,12289.8,1.04339,0,0,34226.8,0.703713,0.300576,4801.69,11.2333,2071.08,2032.5,0.708505,0
01:11:15:00:10:45,8766.08,8758.93,91.5444,91.5509,87.3537,1.00001,1.00031,2033.96,34288,12276.4,1.0238,0,0,34288,0.712434,0.299884,4788.24,11.25,2072.61,2033.96,0.712434,0
01:11:15:00:10:46,8787.26,8767.23,91.204,91.4227,87.5699,0.999955,1.00031,2035.42,34349.1,12297.5,1.04775,0,0,34349.1,0.719153,0.299843,4809.41,11.2667,2074.13,2035.42,0.722386,0
01:11:15:00:10:47,8757.79,8749.2,91.2154,91.5803,87.2456,0.999605,1.00032,2036.87,34410.3,12268.1,1.04448,0,0,34410.3,0.723619,0.299839,4779.94,11.2833,2075.65,2036.87,0.723619,0
01:11:15:00:10:48,8770.66,8754.07,91.1514,91.4574,87.2559,0.999784,1.00032,2038.33,34471.5,12280.9,1.02163,0,0,34471.5,0.713329,0.301037,4792.81,11.3,2077.17,2038.33,0.709313,0
01:11:15:00:10:49,8760.08,8742.05,91.2244,91.4521,87.1953,0.999613,1.00033,2039.78,34532.6,12270.3,1.03468,0,0,34532.6,0.70071,0.300995,4782.22,11.3167,2078.69,2039.78,0.70071,0
01:11:15:00:10:50,8761.51,8759.22,91.1205,91.4641,87.2637,0.999976,1.00034,2041.23,34593.6,12271.8,1.03142,0,0,34593.6,0.699133,0.301446,4783.65,11.3333,2080.21,2041.23,0.699133,0
01:11:15:00:10:51,8776.1,8759.79,91.0851,91.4107,87.1662,0.999495,1.00035,2042.69,34654.7,12286.4,1.06848,0,0,34654.7,0.707787,0.301027,4798.24,11.35,2081.73,2042.69,0.707787,0
01:11:15:00:10:52,8750.63,8770.66,91.3561,91.3146,87.1318,0.999633,1.00035,2044.14,34715.7,12260.9,1.09803,0,0,34715.7,0.710943,0.30135,4772.77,11.3667,2083.25,2044.14,0.705314,0
01:11:15:00:10:53,8780.39,8755.5,91.2753,91.4387,87.3927,0.999162,1.00036,2045.6,34776.7,12290.7,1.13868,0,0,34776.7,0.705314,0.302276,4802.52,11.3833,2084.77,2045.6,0.694725,0
01:11:15:00:10:54,8769.23,8755.5,91.1032,91.3039,87.3142,0.999492,1.00037,2047.05,34837.7,12279.5,1.08489,0,0,34837.7,0.688739,0.300465,4791.36,11.4,2086.29,2047.05,0.686709,0
01:11:15:00:10:55,8783.25,8762.37,91.1935,91.3773,87.1496,0.999509,1.00038,2048.5,34898.8,12293.5,1.07941,0,0,34898.8,0.684023,0.299216,4805.38,11.4167,2087.81,2048.5,0.686628,0
01:11:15:00:10:56,8773.81,8749.49,91.1145,91.3226,87.235,0.99975,1.00039,2049.96,34959.9,12284.1,1.11668,0,0,34959.9,0.693962,0.300286,4795.93,11.4333,2089.33,2049.96,0.696146,0
01:11:15:00:10:57,8767.8,8769.52,90.8358,91.356,87.1619,0.999096,1.0004,2051.41,35020.9,12278.1,1.11119,0,0,35020.9,0.696855,0.299554,4789.92,11.45,2090.84,2051.41,0.691021,0
01:11:15:00:10:58,8774.67,8751.21,91.25,91.4174,86.8925,0.999827,1.00041,2052.86,35081.9,12284.9,1.10351,0,0,35081.9,0.686085,0.29896,4796.79,11.4667,2092.36,2052.86,0.681683,0
01:11:15:00:10:59,8765.51,8780.67,91.3778,91.4441,87.2917,0.999039,1.00042,2054.31,35142.8,12275.8,1.09693,0,0,35142.8,0.681387,0.299741,4787.63,11.4833,2093.88,2054.31,0.685248,0
01:11:15:00:11:00,8777.24,8764.08,91.1678,91.4801,87.4163,0.998426,1.00043,2055.77,35203.7,12287.5,1.08926,0,0,35203.7,0.690977,0.298788,4799.36,11.5,2095.4,2055.77,0.693789,0
01:11:15:00:11:01,8774.09,8764.08,91.0141,91.3747,87.2151,0.998521,1.00044,2057.22,35264.8,12284.3,1.06739,0,0,35264.8,0.694321,0.297903,4796.21,11.5167,2096.92,2057.22,0.693789,0
01:11:15:00:11:02,8792.41,8762.94,91.4221,91.3653,87.0649,0.999337,1.00045,2058.68,35325.8,12302.6,1.07941,0,0,35325.8,0.694886,0.298778,4814.51,11.5333,2098.44,2058.68,0.694792,0
01:11:15:00:11:03,8771.81,8755.78,91.3605,91.4534,87.4571,0.998855,1.00046,2060.13,35386.7,12282,1.07614,0,0,35386.7,0.691631,0.300073,4793.91,11.55,2099.97,2060.13,0.693305,0
01:11:15:00:11:04,8776.38,8765.51,91.2231,91.4214,87.3989,0.998642,1.00047,2061.59,35447.8,12286.6,1.04775,0,0,35447.8,0.692925,0.298884,4798.49,11.5667,2101.49,2061.59,0.690651,0
01:11:15:00:11:05,8766.37,8745.2,91.2231,91.4494,87.2692,0.998182,1.00048,2063.04,35508.9,12276.6,1.04121,0,0,35508.9,0.68896,0.298631,4788.47,11.5833,2103.01,2063.04,0.692503,0
01:11:15:00:11:06,8777.53,8762.94,91.1403,91.4534,87.2657,0.999124,1.00049,2064.5,35569.9,12287.8,1.07614,0,0,35569.9,0.685691,0.299344,4799.62,11.6,2104.53,2064.5,0.687887,0
01:11:15:00:11:07,8779.53,8762.65,91.1242,91.4654,87.1893,0.998355,1.0005,2065.95,35630.9,12289.8,1.0838,0,0,35630.9,0.679729,0.299434,4801.62,11.6167,2106.05,2065.95,0.679972,0
01:11:15:00:11:08,8771.81,8763.79,91.5825,91.5269,87.1737,0.998416,1.00051,2067.41,35691.9,12282,1.11009,0,0,35691.9,0.685013,0.299088,4793.9,11.6333,2107.57,2067.41,0.682489,0
01:11:15:00:11:09,8784.68,8773.24,91.3181,91.6176,87.6139,0.997985,1.00053,2068.86,35752.8,12294.9,1.12547,0,0,35752.8,0.702045,0.29924,4806.77,11.65,2109.09,2068.86,0.702045,0
01:11:15:00:11:10,8774.67,8762.08,91.5055,91.6924,87.3582,0.998714,1.00054,2070.32,35813.9,12284.9,1.07504,0,0,35813.9,0.716472,0.29925,4796.75,11.6667,2110.62,2070.32,0.713549,0
01:11:15:00:11:11,8788.69,8766.08,91.1181,91.6644,87.5377,0.998649,1.00055,2071.78,35875,12298.9,1.05538,0,0,35875,0.697558,0.300153,4810.77,11.6833,2112.14,2071.78,0.717378,0
01:11:15:00:11:12,8780.67,8749.78,90.9537,91.6337,87.1655,0.999057,1.00056,2073.23,35936.2,12290.9,1.07723,0,0,35936.2,0.69611,0.297851,4802.75,11.7,2113.66,2073.23,0.697558,0
01:11:15:00:11:13,8777.24,8764.37,91.0704,91.6337,87.0117,0.998137,1.00057,2074.68,35997.2,12287.4,1.07286,0,0,35997.2,0.70064,0.297949,4799.31,11.7167,2115.17,2074.68,0.69611,0
01:11:15:00:11:14,8784.11,8762.94,91.4314,91.7004,87.122,0.998501,1.00058,2076.14,36058.1,12294.3,1.03686,0,0,36058.1,0.711538,0.29902,4806.18,11.7333,2116.69,2076.14,0.706675,0
01:11:15:00:11:15,8755.5,8774.95,91.4164,91.7191,87.4691,0.998047,1.00059,2077.59,36119,12265.7,1.00208,0,0,36119,0.711071,0.299629,4777.56,11.75,2118.22,2077.59,0.711538,0
01:11:15:00:11:16,8786.97,8763.51,91.4518,91.6697,87.4536,0.998339,1.00061,2079.05,36180,12297.2,1.00425,0,0,36180,0.705082,0.297838,4809.03,11.7667,2119.74,2079.05,0.708909,0
01:11:15:00:11:17,8776.38,8768.09,91.2423,91.7525,87.4874,0.998361,1.00062,2080.51,36241.1,12286.6,1.00859,0,0,36241.1,0.701808,0.296989,4798.44,11.7833,2121.26,2080.51,0.705082,0
01:11:15:00:11:18,8789.83,8764.37,90.9457,91.6163,87.2877,0.998186,1.00063,2081.96,36302.2,12300,1.0532,0,0,36302.2,0.701458,0.297547,4811.89,11.8,2122.78,2081.96,0.700944,0
01:11:15:00:11:19,8781.82,8754.07,91.1399,91.6404,87.0042,0.998115,1.00064,2083.42,36363.3,12292,1.05538,0,0,36363.3,0.701727,0.297929,4803.87,11.8167,2124.3,2083.42,0.701458,0
01:11:15:00:11:20,8774.95,8768.09,91.3379,91.6083,87.1886,0.998484,1.00065,2084.87,36424.2,12285.1,1.0325,0,0,36424.2,0.701472,0.298353,4797,11.8333,2125.82,2084.87,0.703162,0
01:11:15:00:11:21,8779.24,8756.07,91.2638,91.5362,87.3775,0.998603,1.00066,2086.32,36485,12289.4,1.03577,0,0,36485,0.704122,0.297126,4801.29,11.85,2127.34,2086.32,0.700511,0
01:11:15:00:11:22,8774.95,8786.11,91.3702,91.5869,87.3073,0.998423,1.00067,2087.78,36546,12285.1,1.05538,0,0,36546,0.703447,0.297169,4796.99,11.8667,2128.86,2087.78,0.703447,0
01:11:15:00:11:23,8778.96,8765.23,91.1648,91.5429,87.4077,0.998797,1.00068,2089.23,36607.1,12289.1,1.05538,0,0,36607.1,0.694149,0.29812,4801,11.8833,2130.38,2089.23,0.700264,0
01:11:15:00:11:24,8780.96,8767.8,91.1919,91.6911,87.2145,0.997919,1.00069,2090.69,36668.1,12291.1,1.04884,0,0,36668.1,0.690535,0.296357,4802.99,11.9,2131.9,2090.69,0.693589,0
01:11:15:00:11:25,8795.27,8780.67,91.3819,91.6697,87.2401,0.997998,1.0007,2092.14,36729.2,12305.4,1.06193,0,0,36729.2,0.692579,0.296998,4817.29,11.9167,2133.43,2092.14,0.689048,0
01:11:15:00:11:26,8776.67,8760.65,91.2901,91.7672,87.4232,0.997644,1.00071,2093.6,36790.1,12286.8,1.0816,0,0,36790.1,0.704054,0.298638,4798.7,11.9333,2134.95,2093.6,0.699539,0
01:11:15:00:11:27,8786.68,8773.81,91.1839,91.6964,87.3316,0.998648,1.00072,2095.05,36851.1,12296.8,1.12987,0,0,36851.1,0.704054,0.297635,4808.7,11.95,2136.47,2095.05,0.720654,0
01:11:15:00:11:28,8787.26,8751.78,91.2426,91.7565,87.2295,0.998776,1.00073,2096.51,36912.1,12297.4,1.16072,0,0,36912.1,0.722036,0.29834,4809.27,11.9667,2137.99,2096.51,0.725098,0
01:11:15:00:11:29,8780.39,8768.37,91.2172,91.7498,87.2848,0.999002,1.00074,2097.96,36973.2,12290.5,1.12767,0,0,36973.2,0.721976,0.299256,4802.4,11.9833,2139.51,2097.96,0.713526,0
01:11:15:00:11:30,8777.53,8762.08,91.1983,91.6176,87.2605,0.998998,1.00075,2099.42,37034.2,12287.7,1.13207,0,0,37034.2,0.706406,0.299301,4799.54,12,2141.03,2099.42,0.703122,0
01:11:15:00:11:31,8766.37,8764.94,91.2747,91.631,87.2432,0.998805,1.00076,2100.87,37095.2,12276.5,1.15851,0,0,37095.2,0.696698,0.300171,4788.38,12.0167,2142.55,2100.87,0.694361,0
01:11:15:00:11:32,8786.68,8773.52,91.2825,91.7512,87.3191,0.998042,1.00077,2102.33,37156.2,12296.8,1.12218,0,0,37156.2,0.694361,0.300377,4808.69,12.0333,2144.07,2102.33,0.694297,0
01:11:15:00:11:33,8773.24,8771.23,91.2891,91.7191,87.3227,0.999069,1.00078,2103.78,37217.2,12283.4,1.1068,0,0,37217.2,0.693929,0.299422,4795.24,12.05,2145.59,2103.78,0.693579,0
01:11:15:00:11:34,8789.54,8764.08,91.4038,91.7191,87.3312,0.998505,1.00079,2105.24,37278.3,12299.7,1.08926,0,0,37278.3,0.693301,0.300406,4811.54,12.0667,2147.11,2105.24,0.694126,0
01:11:15:00:11:35,8776.67,8750.06,91.4076,91.7578,87.4423,0.998135,1.0008,2106.69,37339.3,12286.8,1.05538,0,0,37339.3,0.69783,0.299993,4798.66,12.0833,2148.64,2106.69,0.698108,0
01:11:15:00:11:36,8784.11,8763.79,91.127,91.7725,87.4453,0.998311,1.00081,2108.15,37400.4,12294.2,1.06302,0,0,37400.4,0.701346,0.299659,4806.1,12.1,2150.16,2108.15,0.70495,0
01:11:15:00:11:37,8777.53,8758.93,91.5977,91.5763,87.1753,0.99872,1.00082,2109.61,37461.5,12287.6,1.10132,0,0,37461.5,0.707178,0.3002,4799.51,12.1167,2151.68,2109.61,0.708955,0
01:11:15:00:11:38,8759.5,8772.09,91.7103,91.6217,87.6259,0.998637,1.00082,2111.06,37522.5,12269.6,1.14087,0,0,37522.5,0.708357,0.300896,4781.48,12.1333,2153.21,2111.06,0.70387,0
01:11:15:00:11:39,8782.96,8760.93,91.1359,91.5763,87.7337,0.998611,1.00083,2112.52,37583.6,12293.1,1.16182,0,0,37583.6,0.698164,0.300388,4804.94,12.15,2154.73,2112.52,0.698164,0
01:11:15:00:11:40,8768.37,8771.81,90.9606,91.5869,87.1862,0.998086,1.00084,2113.98,37644.9,12278.5,1.14969,0,0,37644.9,0.694251,0.301264,4790.35,12.1667,2156.25,2113.98,0.694251,0
01:11:15:00:11:41,8785.54,8757.79,91.2764,91.6217,87.0174,0.998364,1.00084,2115.43,37706,12295.6,1.13647,0,0,37706,0.68855,0.302204,4807.51,12.1833,2157.77,2115.43,0.68855,0
01:11:15:00:11:42,8780.39,8754.93,91.3562,91.631,87.32,0.998244,1.00085,2116.89,37766.9,12290.5,1.12218,0,0,37766.9,0.690347,0.302796,4802.36,12.2,2159.29,2116.89,0.690347,0
01:11:15:00:11:43,8784.11,8774.95,91.2938,91.6257,87.3956,0.998437,1.00086,2118.34,37827.8,12294.2,1.07395,0,0,37827.8,0.685402,0.302589,4806.07,12.2167,2160.81,2118.34,0.684421,0
01:11:15:00:11:44,8772.66,8758.65,91.1765,91.5789,87.3347,0.998772,1.00086,2119.8,37888.8,12282.8,1.06848,0,0,37888.8,0.684322,0.302109,4794.63,12.2333,2162.33,2119.8,0.684322,0
01:11:15:00:11:45,8767.51,8765.8,91.0138,91.5576,87.2226,0.998736,1.00087,2121.25,37949.9,12277.6,1.1068,0,0,37949.9,0.688277,0.302424,4789.47,12.25,2163.85,2121.25,0.703215,0
01:11:15:00:11:46,8768.09,8750.06,91.2959,91.5896,87.0692,0.998128,1.00087,2122.71,38010.9,12278.2,1.09036,0,0,38010.9,0.705788,0.302284,4790.04,12.2667,2165.37,2122.71,0.709776,0
01:11:15:00:11:47,8775.24,8763.51,91.2426,91.5068,87.3365,0.998827,1.00088,2124.16,38071.8,12285.3,1.1068,0,0,38071.8,0.712045,0.302274,4797.19,12.2833,2166.89,2124.16,0.713035,0
01:11:15:00:11:48,8772.38,8771.52,91.2407,91.4427,87.2849,0.998964,1.00088,2125.61,38132.8,12282.5,1.09255,0,0,38132.8,0.712675,0.301808,4794.33,12.3,2168.41,2125.61,0.713087,0
01:11:15:00:11:49,8770.09,8763.79,91.1858,91.4441,87.2849,0.998485,1.00089,2127.07,38193.8,12280.2,1.09913,0,0,38193.8,0.712393,0.301982,4792.03,12.3167,2169.93,2127.07,0.710092,0
01:11:15:00:11:50,8783.25,8774.09,91.2291,91.4588,87.2315,0.998708,1.00089,2128.52,38254.9,12293.3,1.11998,0,0,38254.9,0.712639,0.303093,4805.19,12.3333,2171.45,2128.52,0.714252,0
01:11:15:00:11:51,8782.96,8753.21,91.0515,91.4147,87.2737,0.998525,1.00089,2129.98,38315.9,12293,1.13868,0,0,38315.9,0.713841,0.303112,4804.9,12.35,2172.97,2129.98,0.710119,0
01:11:15:00:11:52,8781.25,8768.09,91.5006,91.4601,87.1038,0.998507,1.00089,2131.43,38376.9,12291.3,1.12108,0,0,38376.9,0.710119,0.303075,4803.18,12.3667,2174.49,2131.43,0.706921,0
01:11:15:00:11:53,8773.81,8755.21,91.3645,91.4748,87.5348,0.998165,1.0009,2132.89,38437.8,12283.9,1.03903,0,0,38437.8,0.705101,0.303206,4795.74,12.3833,2176.02,2132.89,0.703689,0
01:11:15:00:11:54,8765.8,8764.08,91.3914,91.4387,87.4,0.999384,1.0009,2134.34,38498.8,12275.9,1.04339,0,0,38498.8,0.70182,0.301074,4787.73,12.4,2177.54,2134.34,0.703689,0
01:11:15:00:11:55,8782.11,8768.95,91.3078,91.5202,87.4293,0.998427,1.0009,2135.8,38560,12292.2,1.07286,0,0,38560,0.696764,0.301311,4804.03,12.4167,2179.06,2135.8,0.702711,0
01:11:15:00:11:56,8763.79,8772.66,91.1132,91.6403,87.3507,0.998088,1.0009,2137.26,38621.1,12273.8,1.12218,0,0,38621.1,0.698127,0.301291,4785.72,12.4333,2180.58,2137.26,0.696981,0
01:11:15:00:11:57,8790.12,8764.94,91.3085,91.5883,87.1605,0.999125,1.0009,2138.71,38682.2,12300.2,1.12108,0,0,38682.2,0.696824,0.299734,4812.04,12.45,2182.1,2138.71,0.696405,0
01:11:15:00:11:58,8777.53,8756.93,91.2625,91.5229,87.3491,0.998663,1.0009,2140.17,38743.1,12287.6,1.11119,0,0,38743.1,0.699956,0.300009,4799.44,12.4667,2183.63,2140.17,0.697378,0
01:11:15:00:11:59,8787.54,8762.65,91.2215,91.5095,87.3056,0.998542,1.0009,2141.62,38804.2,12297.6,1.1079,0,0,38804.2,0.703432,0.29849,4809.45,12.4833,2185.15,2141.62,0.703661,0
01:11:15:00:12:00,8774.95,8755.78,91.4314,91.6056,87.2663,0.998568,1.0009,2143.08,38865.2,12285,1.08489,0,0,38865.2,0.698471,0.297845,4796.86,12.5,2186.67,2143.08,0.702653,0
01:11:15:00:12:01,8760.93,8768.09,91.3483,91.615,87.4667,0.998666,1.0009,2144.53,38926.2,12271,1.1079,0,0,38926.2,0.68974,0.298517,4782.84,12.5167,2188.19,2144.53,0.68974,0
01:11:15:00:12:02,8782.39,8758.07,91.1449,91.6577,87.3869,0.998753,1.00089,2145.99,38987.3,12292.4,1.11119,0,0,38987.3,0.679454,0.298133,4804.3,12.5333,2189.71,2145.99,0.681632,0
01:11:15:00:12:03,8769.23,8766.08,91.4686,91.6444,87.195,0.998036,1.00089,2147.44,39048.4,12279.3,1.06521,0,0,39048.4,0.685241,0.29921,4791.13,12.55,2191.23,2147.44,0.682315,0
01:11:15:00:12:04,8784.97,8768.66,91.2618,91.6056,87.5021,0.998708,1.00089,2148.9,39109.4,12295,1.1079,0,0,39109.4,0.701338,0.300852,4806.87,12.5667,2192.76,2148.9,0.695614,0
01:11:15:00:12:05,8782.96,8767.23,91.1574,91.6577,87.3068,0.998051,1.00088,2150.36,39170.5,12293,1.11888,0,0,39170.5,0.707908,0.29958,4804.86,12.5833,2194.28,2150.36,0.702263,0
01:11:15:00:12:06,8786.97,8780.1,91.2173,91.5829,87.2052,0.998497,1.00088,2151.81,39231.5,12297,1.07504,0,0,39231.5,0.704684,0.300498,4808.86,12.6,2195.8,2151.81,0.708426,0
01:11:15:00:12:07,8788.11,8762.65,91.2173,91.5883,87.26,0.999164,1.00088,2153.26,39292.5,12298.1,1.09913,0,0,39292.5,0.699853,0.301084,4810.01,12.6167,2197.32,2153.26,0.704684,0
01:11:15:00:12:08,8770.38,8769.23,91.3864,91.5269,87.2611,0.99887,1.00087,2154.72,39353.5,12280.4,1.10022,0,0,39353.5,0.690542,0.300605,4792.26,12.6333,2198.84,2154.72,0.695826,0
01:11:15:00:12:09,8782.96,8750.63,91.3864,91.6564,87.4251,0.998272,1.00086,2156.17,39414.5,12293,1.09255,0,0,39414.5,0.687843,0.30014,4804.85,12.65,2200.36,2156.17,0.690542,0
01:11:15:00:12:10,8770.38,8770.95,91.5212,91.7058,87.4241,0.998524,1.00086,2157.63,39475.6,12280.4,1.11558,0,0,39475.6,0.696621,0.299936,4792.26,12.6667,2201.89,2157.63,0.689972,0
01:11:15:00:12:11,8773.81,8773.24,91.2857,91.7979,87.5557,0.997847,1.00085,2159.09,39536.7,12283.8,1.09036,0,0,39536.7,0.704288,0.299563,4795.69,12.6833,2203.41,2159.09,0.696621,0
01:11:15:00:12:12,8766.94,8767.23,91.2794,91.6417,87.3251,0.999239,1.00084,2160.55,39597.8,12276.9,1.11119,0,0,39597.8,0.706076,0.298926,4788.82,12.7,2204.93,2160.55,0.704288,0
01:11:15:00:12:13,8780.67,8778.96,91.2986,91.619,87.3203,0.998944,1.00084,2162,39658.9,12290.7,1.0827,0,0,39658.9,0.703512,0.299891,4802.55,12.7167,2206.45,2162,0.706076,0
01:11:15:00:12:14,8779.24,8759.5,91.3448,91.6056,87.3415,0.99817,1.00083,2163.46,39720,12289.2,1.0827,0,0,39720,0.700466,0.300002,4801.12,12.7333,2207.97,2163.46,0.703512,0
01:11:15:00:12:15,8782.11,8764.37,91.4611,91.7512,87.3845,0.998513,1.00082,2164.91,39781,12292.1,1.06411,0,0,39781,0.699529,0.300436,4803.98,12.75,2209.5,2164.91,0.697538,0
01:11:15:00:12:16,8774.95,8756.64,91.2273,91.5616,87.4945,0.998829,1.00081,2166.37,39842.1,12285,1.07614,0,0,39842.1,0.705354,0.300459,4796.82,12.7667,2211.02,2166.37,0.702564,0
01:11:15:00:12:17,8769.23,8766.08,91.3164,91.4801,87.2715,0.998665,1.0008,2167.83,39903.2,12279.2,1.10351,0,0,39903.2,0.702753,0.300023,4791.1,12.7833,2212.54,2167.83,0.706001,0
01:11:15:00:12:18,8776.38,8768.37,91.1319,91.5055,87.3567,0.998678,1.00079,2169.28,39964.3,12286.4,1.09693,0,0,39964.3,0.695632,0.301988,4798.25,12.8,2214.06,2169.28,0.700065,0
01:11:15:00:12:19,8761.22,8775.24,91.3627,91.5522,87.1802,0.998675,1.00078,2170.74,40025.4,12271.2,1.12547,0,0,40025.4,0.698666,0.300979,4783.08,12.8167,2215.58,2170.74,0.695962,0
01:11:15:00:12:20,8786.97,8770.95,91.2572,91.5229,87.4019,0.998422,1.00076,2172.19,40086.4,12297,1.12327,0,0,40086.4,0.705985,0.30094,4808.83,12.8333,2217.1,2172.19,0.704713,0
01:11:15:00:12:21,8774.38,8763.22,91.1914,91.4828,87.3,0.998686,1.00075,2173.65,40147.4,12284.4,1.15079,0,0,40147.4,0.705985,0.300189,4796.24,12.85,2218.62,2173.65,0.708615,0
01:11:15:00:12:22,8786.4,8776.96,91.3756,91.4654,87.2348,0.999267,1.00074,2175.1,40208.4,12296.4,1.18613,0,0,40208.4,0.708615,0.300363,4808.25,12.8667,2220.15,2175.1,0.702117,0
01:11:15:00:12:23,8771.81,8765.8,91.1886,91.4361,87.4125,0.998883,1.00073,2176.56,40269.5,12281.8,1.07941,0,0,40269.5,0.694545,0.299338,4793.66,12.8833,2221.67,2176.56,0.692403,0
01:11:15:00:12:24,8765.8,8762.65,91.3676,91.4574,87.2361,0.998222,1.00071,2178.01,40330.5,12275.8,1.09584,0,0,40330.5,0.68506,0.299417,4787.65,12.9,2223.19,2178.01,0.68097,0
01:11:15:00:12:25,8777.81,8758.65,91.3194,91.4614,87.4047,0.998913,1.0007,2179.47,40391.6,12287.8,1.1079,0,0,40391.6,0.679029,0.301089,4799.66,12.9167,2224.71,2179.47,0.680346,0
01:11:15:00:12:26,8765.51,8765.8,91.2361,91.3586,87.3596,0.998639,1.00069,2180.92,40452.6,12275.5,1.13868,0,0,40452.6,0.681476,0.300035,4787.36,12.9333,2226.23,2180.92,0.693286,0
01:11:15:00:12:27,8774.67,8763.51,91.2677,91.4521,87.2803,0.998537,1.00067,2182.38,40513.7,12284.6,1.19278,0,0,40513.7,0.695145,0.30019,4796.51,12.95,2227.75,2182.38,0.698142,0
01:11:15:00:12:28,8764.08,8767.23,91.3027,91.4948,87.3112,0.998375,1.00066,2183.84,40574.7,12274.1,1.1961,0,0,40574.7,0.699847,0.299863,4785.92,12.9667,2229.27,2183.84,0.700561,0
01:11:15:00:12:29,8775.53,8777.24,91.2895,91.6697,87.3479,0.997508,1.00064,2185.29,40635.8,12285.5,1.18835,0,0,40635.8,0.704887,0.29988,4797.37,12.9833,2230.8,2185.29,0.706788,0
01:11:15:00:12:30,8781.25,8768.09,91.3481,91.6283,87.3329,0.998128,1.00063,2186.75,40696.8,12291.2,1.19499,0,0,40696.8,0.710939,0.299516,4803.09,13,2232.32,2186.75,0.712882,0
01:11:15:00:12:31,8774.67,8770.09,91.1495,91.5923,87.3842,0.999411,1.00061,2188.2,40757.8,12284.6,1.18724,0,0,40757.8,0.712882,0.297723,4796.5,13.0167,2233.84,2188.2,0.704865,0
01:11:15:00:12:32,8786.11,8751.78,91.347,91.6083,87.1981,0.998378,1.00059,2189.66,40818.8,12296.1,1.20607,0,0,40818.8,0.692144,0.297523,4807.95,13.0333,2235.36,2189.66,0.692144,0
01:11:15:00:12:33,8772.09,8768.09,91.1551,91.5616,87.3853,0.998826,1.00058,2191.11,40879.9,12282.1,1.15189,0,0,40879.9,0.687732,0.299278,4793.93,13.05,2236.88,2191.11,0.687732,0
01:11:15:00:12:34,8764.94,8762.94,91.3085,91.4067,87.2033,0.998418,1.00056,2192.57,40940.9,12274.9,1.1552,0,0,40940.9,0.692932,0.298672,4786.77,13.0667,2238.4,2192.57,0.692932,0
01:11:15:00:12:35,8765.8,8767.23,91.3244,91.4054,87.3489,0.998702,1.00054,2194.02,41001.9,12275.8,1.16734,0,0,41001.9,0.699799,0.299801,4787.63,13.0833,2239.92,2194.02,0.698339,0
01:11:15:00:12:36,8778.1,8779.53,91.2387,91.3386,87.3641,0.998722,1.00053,2195.48,41062.9,12288.1,1.1972,0,0,41062.9,0.694435,0.29964,4799.93,13.1,2241.44,2195.48,0.694435,0
01:11:15:00:12:37,8774.95,8763.79,91.2294,91.2358,87.2814,0.998905,1.00051,2196.93,41124,12284.9,1.19499,0,0,41124,0.692524,0.298398,4796.78,13.1167,2242.97,2196.93,0.692085,0
01:11:15:00:12:38,8784.97,8764.94,91.2663,91.3653,87.2745,0.998377,1.00049,2198.39,41185,12294.9,1.20607,0,0,41185,0.696475,0.298797,4806.79,13.1333,2244.49,2198.39,0.696475,0
01:11:15:00:12:39,8771.81,8756.36,91.4129,91.412,87.3083,0.998786,1.00047,2199.84,41246.1,12281.8,1.2094,0,0,41246.1,0.703139,0.299793,4793.63,13.15,2246.01,2199.84,0.707602,0
01:11:15:00:12:40,8775.24,8766.08,91.3824,91.5322,87.4513,0.998069,1.00046,2201.3,41307.1,12285.2,1.20053,0,0,41307.1,0.710518,0.299806,4797.06,13.1667,2247.53,2201.3,0.710518,0
01:11:15:00:12:41,8768.09,8765.51,91.4196,91.6377,87.4216,0.998209,1.00044,2202.76,41368.1,12278,1.19942,0,0,41368.1,0.70269,0.300674,4789.9,13.1833,2249.06,2202.76,0.695189,0
01:11:15:00:12:42,8761.51,8750.92,91.5183,91.6003,87.4534,0.99919,1.00042,2204.21,41429.2,12271.5,1.23273,0,0,41429.2,0.694494,0.301827,4783.32,13.2,2250.58,2204.21,0.693706,0
01:11:15:00:12:43,8776.96,8761.51,91.2142,91.6991,87.5499,0.998641,1.0004,2205.67,41490.4,12286.9,1.14418,0,0,41490.4,0.695528,0.300494,4798.77,13.2167,2252.1,2205.67,0.697138,0
01:11:15:00:12:44,8769.8,8764.08,91.1774,91.7525,87.2606,0.998225,1.00038,2207.13,41551.5,12279.7,1.16072,0,0,41551.5,0.697138,0.300225,4791.62,13.2333,2253.62,2207.13,0.697582,0
01:11:15:00:12:45,8768.66,8770.09,91.1496,91.6537,87.224,0.998602,1.00037,2208.58,41612.6,12278.6,1.17729,0,0,41612.6,0.697664,0.302099,4790.47,13.25,2255.14,2208.58,0.695773,0
01:11:15:00:12:46,8768.09,8764.08,91.4209,91.6243,87.1968,0.998744,1.00035,2210.04,41673.6,12278,1.1972,0,0,41673.6,0.699228,0.301105,4789.9,13.2667,2256.66,2210.04,0.70703,0
01:11:15:00:12:47,8774.95,8760.93,91.4257,91.6163,87.4546,0.999189,1.00033,2211.49,41734.6,12284.9,1.19389,0,0,41734.6,0.711445,0.300191,4796.76,13.2833,2258.19,2211.49,0.710209,0
01:11:15:00:12:48,8786.11,8755.78,91.2001,91.6203,87.4619,0.998484,1.00031,2212.95,41795.6,12296,1.20829,0,0,41795.6,0.708171,0.300345,4807.92,13.3,2259.71,2212.95,0.699071,0
01:11:15:00:12:49,8765.51,8761.22,91.1132,91.611,87.2465,0.998386,1.00029,2214.4,41856.8,12275.4,1.22939,0,0,41856.8,0.691666,0.299986,4787.32,13.3167,2261.23,2214.4,0.68576,0
01:11:15:00:12:50,8771.81,8753.5,91.2351,91.7004,87.1623,0.998671,1.00027,2215.86,41917.8,12281.7,1.2205,0,0,41917.8,0.685478,0.299913,4793.61,13.3333,2262.75,2215.86,0.68576,0
01:11:15:00:12:51,8756.93,8763.22,91.0304,91.6203,87.2796,0.99847,1.00025,2217.31,41978.8,12266.9,1.22828,0,0,41978.8,0.691899,0.300115,4778.73,13.35,2264.27,2217.31,0.689399,0
01:11:15:00:12:52,8770.66,8768.09,91.3039,91.6871,87.0812,0.999163,1.00024,2218.76,42039.8,12280.6,1.21828,0,0,42039.8,0.704445,0.301047,4792.46,13.3667,2265.79,2218.76,0.696844,0
01:11:15:00:12:53,8773.24,8767.8,91.4663,91.7004,87.3452,0.998532,1.00022,2220.22,42100.7,12283.2,1.15079,0,0,42100.7,0.711277,0.300748,4795.04,13.3833,2267.31,2220.22,0.70833,0
01:11:15:00:12:54,8772.09,8762.08,91.5455,91.7111,87.4995,0.99882,1.0002,2221.68,42161.7,12282,1.15741,0,0,42161.7,0.707231,0.298617,4793.89,13.4,2268.83,2221.68,0.71041,0
01:11:15:00:12:55,8780.1,8746.63,91.1489,91.667,87.577,0.998369,1.00018,2223.13,42222.8,12290,1.16513,0,0,42222.8,0.694821,0.299141,4801.9,13.4167,2270.36,2223.13,0.699983,0
01:11:15:00:12:56,8771.81,8765.23,91.2432,91.5589,87.1933,0.999501,1.00016,2224.59,42284,12281.7,1.19389,0,0,42284,0.688173,0.299332,4793.6,13.4333,2271.88,2224.59,0.687282,0
01:11:15:00:12:57,8762.08,8756.07,91.4494,91.5829,87.2838,0.999404,1.00015,2226.04,42345.1,12272,1.20053,0,0,42345.1,0.694831,0.29996,4783.87,13.45,2273.4,2226.04,0.690983,0
01:11:15:00:12:58,8764.94,8764.37,91.264,91.3974,87.4815,0.999285,1.00013,2227.5,42406.1,12274.9,1.20718,0,0,42406.1,0.702179,0.298744,4786.73,13.4667,2274.92,2227.5,0.703832,0
01:11:15:00:12:59,8776.96,8773.52,91.2811,91.4427,87.3081,0.998268,1.00011,2228.96,42467.3,12286.9,1.15741,0,0,42467.3,0.694768,0.298431,4798.75,13.4833,2276.44,2228.96,0.700005,0
01:11:15:00:13:00,8763.51,8757.21,91.2003,91.3733,87.3225,0.998789,1.00009,2230.41,42528.4,12273.4,1.17508,0,0,42528.4,0.692725,0.299163,4785.3,13.5,2277.96,2230.41,0.689105,0
01:11:15:00:13:01,8778.39,8769.52,91.1081,91.3773,87.2458,0.998618,1.00008,2231.87,42589.4,12288.3,1.16734,0,0,42589.4,0.696655,0.298567,4800.18,13.5167,2279.48,2231.87,0.692725,0
01:11:15:00:13:02,8767.51,8756.64,91.1742,91.2745,87.1572,0.998734,1.00006,2233.32,42650.4,12277.4,1.18613,0,0,42650.4,0.697348,0.300385,4789.31,13.5333,2281,2233.32,0.696655,0
01:11:15:00:13:03,8772.38,8765.51,91.1519,91.4868,87.2212,0.998525,1.00004,2234.77,42711.4,12282.3,1.20164,0,0,42711.4,0.692248,0.300588,4794.17,13.55,2282.52,2234.77,0.697348,0
01:11:15:00:13:04,8775.53,8757.79,91.4119,91.4534,87.1994,0.998634,1.00003,2236.23,42772.3,12285.4,1.21051,0,0,42772.3,0.686952,0.300072,4797.31,13.5667,2284.04,2236.23,0.692248,0
01:11:15:00:13:05,8772.09,8747.49,91.064,91.4988,87.4487,0.998478,1.00001,2237.68,42833.3,12282,1.20053,0,0,42833.3,0.68972,0.301123,4793.88,13.5833,2285.56,2237.68,0.686952,0
01:11:15:00:13:06,8777.53,8755.78,91.2646,91.4735,85.2578,1.50041,0.999994,2239.12,42894.3,12287.4,1.24831,0,0,42894.3,0.696796,0.299122,4799.32,13.6,2287.08,2239.12,0.68972,0
01:11:15:00:13:07,8758.65,8762.65,91.4913,91.384,85.4418,1.50146,0.999978,2240.54,42969.7,12268.6,1.23829,0,0,42969.7,0.705605,0.307083,4780.43,13.6167,2288.61,2240.54,0.700263,0
01:11:15:00:13:08,8768.09,8764.65,91.3023,91.4574,85.6576,1.50047,0.999962,2241.97,43059.3,12278,1.26727,0,0,43059.3,0.728718,0.307352,4789.87,13.6333,2290.13,2241.97,0.705605,0
01:11:15:00:13:09,8765.51,8766.66,91.1108,91.4401,85.4791,1.50089,0.999946,2243.4,43149.2,12275.4,1.29634,0,0,43149.2,0.729736,0.305567,4787.3,13.65,2291.65,2243.4,0.729168,0
01:11:15:00:13:10,8776.96,8763.79,91.3034,91.4788,85.304,1.49975,0.999931,2244.82,43239.1,12286.9,1.25054,0,0,43239.1,0.725976,0.305602,4798.74,13.6667,2293.17,2244.82,0.73064,0
01:11:15:00:13:11,8783.82,8756.93,91.3736,91.4961,85.481,1.50068,0.999915,2246.24,43328.8,12293.7,1.19499,0,0,43328.8,0.719353,0.306882,4805.61,13.6833,2294.69,2246.24,0.723382,0
01:11:15:00:13:12,8768.66,8760.08,91.3105,91.3747,85.5445,1.50127,0.9999,2247.67,43418.5,12278.6,1.17508,0,0,43418.5,0.716835,0.305736,4790.45,13.7,2296.21,2247.67,0.716375,0
01:11:15:00:13:13,8778.39,8751.49,91.2344,91.4027,85.4883,1.5005,0.999886,2249.09,43508.3,12288.3,1.16403,0,0,43508.3,0.713331,0.303194,4800.17,13.7167,2297.73,2249.09,0.713331,0
01:11:15:00:13:14,8766.66,8770.95,91.318,91.4107,85.4143,1.50124,0.999871,2250.52,43598.2,12276.6,1.19499,0,0,43598.2,0.709676,0.301339,4788.44,13.7333,2299.26,2250.52,0.710647,0
01:11:15:00:13:15,8774.38,8771.81,91.2464,91.3453,85.4916,1.50152,0.999857,2251.94,43687.9,12284.3,1.23384,0,0,43687.9,0.709676,0.299342,4796.17,13.75,2300.78,2251.94,0.705461,0
01:11:15:00:13:16,8775.53,8773.52,91.2849,91.3626,85.4238,1.50173,0.999842,2253.37,43777.7,12285.4,1.21384,0,0,43777.7,0.701855,0.298411,4797.31,13.7667,2302.3,2253.37,0.69605,0
01:11:15:00:13:17,8778.96,8770.09,91.0108,91.3453,85.4632,1.5008,0.999828,2254.79,43867.6,12288.9,1.21828,0,0,43867.6,0.691676,0.299671,4800.74,13.7833,2303.82,2254.79,0.690462,0
01:11:15:00:13:18,8789.54,8756.36,91.2368,91.4227,85.2087,1.50022,0.999814,2256.21,43957.4,12299.5,1.24497,0,0,43957.4,0.690115,0.300501,4811.33,13.8,2305.34,2256.21,0.691355,0
01:11:15:00:13:19,8779.82,8780.67,91.3032,91.4307,85.4173,1.50104,0.9998,2257.63,44047,12289.7,1.21495,0,0,44047,0.690541,0.302755,4801.6,13.8167,2306.86,2257.63,0.690259,0
01:11:15:00:13:20,8767.51,8760.36,91.4109,91.3907,85.4779,1.50148,0.999787,2259.06,44136.6,12277.4,1.2205,0,0,44136.6,0.689449,0.30209,4789.3,13.8333,2308.38,2259.06,0.690541,0
01:11:15:00:13:21,8774.38,8764.65,91.0791,91.2211,85.5797,1.50119,0.999773,2260.48,44226.4,12284.3,1.21717,0,0,44226.4,0.690152,0.300024,4796.17,13.85,2309.9,2260.48,0.694804,0
01:11:15:00:13:22,8777.24,8766.08,91.3575,91.2945,85.2719,1.50042,0.99976,2261.91,44316.3,12287.1,1.18281,0,0,44316.3,0.698627,0.298459,4799.01,13.8667,2311.42,2261.91,0.705219,0
01:11:15:00:13:23,8772.66,8762.37,91.1961,91.2398,85.1333,1.61079,0.999746,2263.33,44406,12282.5,1.19942,0,0,44406,0.705219,0.298903,4794.39,13.8833,2312.94,2263.33,0.705536,0
01:11:15:00:13:24,8770.95,8776.67,91.134,91.4187,85.3797,1.50089,0.999733,2264.75,44498.8,12280.8,1.19831,0,0,44498.8,0.703844,0.299289,4792.65,13.9,2314.46,2264.75,0.698494,0
01:11:15:00:13:25,8774.67,8767.51,91.3356,91.3079,85.3164,1.50233,0.99972,2266.17,44591.6,12284.5,1.21162,0,0,44591.6,0.696039,0.29898,4796.34,13.9167,2315.98,2266.17,0.691113,0
01:11:15:00:13:26,8788.97,8775.81,91.2258,91.38,85.5105,1.50085,0.999707,2267.59,44681.4,12299,1.25054,0,0,44681.4,0.688753,0.301425,4810.91,13.9333,2317.5,2267.59,0.691206,0
01:11:15:00:13:27,8783.25,8764.65,91.2258,91.3613,85.4037,1.50194,0.999694,2269.02,44771.1,12294.3,1.27732,0,0,44771.1,0.697727,0.301017,4806.16,13.95,2319.02,2269.02,0.705189,0
01:11:15:00:13:28,8781.25,8753.5,91.3145,91.2051,85.4053,1.50149,0.99968,2270.44,44861,12293.3,1.33112,0,0,44861,0.70808,0.30052,4805.14,13.9667,2320.55,2270.44,0.70808,0
01:11:15:00:13:29,8784.68,8763.22,91.3113,91.2865,85.4865,1.502,0.999667,2271.87,44950.7,12297.7,1.37167,0,0,44950.7,0.700545,0.298861,4809.57,13.9833,2322.07,2271.87,0.699658,0
01:11:15:00:13:30,8773.24,8773.52,91.4699,91.4361,85.4869,1.50108,0.999654,2273.29,45040.6,12287.3,1.48069,0,0,45040.6,0.695985,0.296873,4799.14,14,2323.59,2273.29,0.695985,0
01:11:15:00:13:31,8786.4,8779.82,91.265,91.6217,85.6392,1.50002,0.999641,2274.72,45130.4,12301.4,1.53567,0,0,45130.4,0.694986,0.297268,4813.31,14.0167,2325.11,2274.72,0.694986,0
01:11:15:00:13:32,8785.54,8786.4,91.3091,91.5309,85.4405,1.50191,0.999628,2276.14,45220.3,12301.6,1.52878,0,0,45220.3,0.702777,0.299023,4813.45,14.0333,2326.63,2276.14,0.702777,0
01:11:15:00:13:33,8794.98,8778.39,91.1683,91.5269,85.4852,1.50098,0.999615,2277.57,45310.1,12312,1.53682,0,0,45310.1,0.708217,0.300622,4823.9,14.05,2328.16,2277.57,0.708217,0
01:11:15:00:13:34,8800.13,8775.24,91.3118,91.3987,85.3511,1.50161,0.999602,2278.99,45400,12318.2,1.61065,0,0,45400,0.705532,0.300235,4830.08,14.0667,2329.68,2278.99,0.707267,0
01:11:15:00:13:35,8789.83,8774.09,91.4485,91.3893,85.4856,1.50157,0.999589,2280.42,45489.7,12309,1.68156,0,0,45489.7,0.698844,0.299327,4820.83,14.0833,2331.2,2280.42,0.698844,0
01:11:15:00:13:36,8791.55,8764.65,91.3927,91.3359,85.6135,1.50157,0.999576,2281.84,45579.5,12311.7,1.7178,0,0,45579.5,0.698464,0.298833,4823.54,14.1,2332.72,2281.84,0.701654,0
01:11:15:00:13:37,8782.11,8779.82,91.2086,91.3666,85.5608,1.50171,0.999562,2283.27,45669.4,12303.2,1.76476,0,0,45669.4,0.705287,0.300119,4815.06,14.1167,2334.24,2283.27,0.705287,0
01:11:15:00:13:38,8775.24,8767.23,91.1919,91.404,85.2534,1.53899,0.999549,2284.69,45759.4,12297.3,1.76594,0,0,45759.4,0.707319,0.301474,4809.19,14.1333,2335.76,2284.69,0.69865,0
01:11:15:00:13:39,8782.11,8767.8,91.1946,91.4654,85.3772,1.50051,0.999536,2286.11,45850.3,12305.2,1.74595,0,0,45850.3,0.69591,0.301954,4817.07,14.15,2337.28,2286.11,0.692974,0
01:11:15:00:13:40,8786.11,8772.66,90.9666,91.5936,85.3761,1.50151,0.999522,2287.54,45941.1,12310.2,1.75535,0,0,45941.1,0.690044,0.301098,4822.09,14.1667,2338.8,2287.54,0.693257,0
01:11:15:00:13:41,8793.26,8776.96,91.3073,91.595,85.1635,1.50127,0.999508,2288.96,46030.8,12318.3,1.79542,0,0,46030.8,0.696141,0.302182,4830.22,14.1833,2340.32,2288.96,0.697401,0
01:11:15:00:13:42,8785.25,8784.11,91.3651,91.6724,85.4828,1.50119,0.999495,2290.38,46120.4,12311.3,1.75535,0,0,46120.4,0.697817,0.303798,4823.18,14.2,2341.84,2290.38,0.696859,0
01:11:15:00:13:43,8784.68,8762.65,91.1997,91.7645,85.5415,1.49992,0.999481,2291.8,46210,12311.8,1.74125,0,0,46210,0.696859,0.303961,4823.65,14.2167,2343.36,2291.8,0.696026,0
01:11:15:00:13:44,8789.54,8765.51,91.1773,91.8874,85.3825,1.50105,0.999467,2293.23,46299.9,12317.8,1.7848,0,0,46299.9,0.694393,0.303526,4829.65,14.2333,2344.88,2293.23,0.695509,0
01:11:15:00:13:45,8777.53,8762.08,91.2978,91.8807,85.3611,1.50117,0.999453,2294.65,46389.6,12306.7,1.78597,0,0,46389.6,0.699291,0.303051,4818.61,14.25,2346.4,2294.65,0.695509,0
01:11:15:00:13:46,8774.09,8760.93,91.1738,91.894,85.4748,1.50093,0.999439,2296.08,46479.3,12304.3,1.76947,0,0,46479.3,0.704429,0.302138,4816.12,14.2667,2347.93,2296.08,0.704636,0
01:11:15:00:13:47,8771.52,8772.09,91.1223,91.9635,85.3598,1.50065,0.999424,2297.5,46569.1,12302.6,1.78126,0,0,46569.1,0.698168,0.301449,4814.52,14.2833,2349.44,2297.5,0.703642,0
01:11:15:00:13:48,8770.66,8769.23,91.1835,91.9608,84.9233,1.60824,0.99941,2298.92,46658.8,12302.8,1.7789,0,0,46658.8,0.684801,0.300945,4814.66,14.3,2350.96,2298.92,0.688387,0
01:11:15:00:13:49,8784.68,8773.52,91.0742,92.0329,85.3651,1.50166,0.999395,2300.34,46751.4,12317.8,1.76829,0,0,46751.4,0.686906,0.301855,4829.71,14.3167,2352.48,2300.34,0.686617,0
01:11:15:00:13:50,8774.09,8762.94,91.2265,91.9635,85.2642,1.50129,0.999381,2301.76,46844.1,12308.3,1.7848,0,0,46844.1,0.705768,0.299774,4820.14,14.3333,2354,2301.76,0.700612,0
01:11:15:00:13:51,8785.54,8753.21,91.1892,92.0275,85.4023,1.50252,0.999366,2303.18,46933.8,12320.7,1.77183,0,0,46933.8,0.70169,0.300117,4832.58,14.35,2355.52,2303.18,0.705768,0
01:11:15:00:13:52,8779.53,8759.5,91.2519,92.0769,85.3734,1.50085,0.999351,2304.6,47023.5,12315.7,1.726,0,0,47023.5,0.698621,0.299446,4827.6,14.3667,2357.04,2304.6,0.700707,0
01:11:15:00:13:53,8765.23,8760.65,91.3328,91.9968,85.4294,1.5016,0.999337,2306.03,47113.3,12302.5,1.66756,0,0,47113.3,0.696566,0.299696,4814.34,14.3833,2358.56,2306.03,0.698621,0
01:11:15:00:13:54,8767.51,8756.64,91.327,91.8753,85.5052,1.50158,0.999322,2307.45,47203,12305.8,1.6944,0,0,47203,0.699745,0.299918,4817.64,14.4,2360.09,2307.45,0.696566,0
01:11:15:00:13:55,8762.94,8767.51,91.2997,91.7432,85.4944,1.50304,0.999306,2308.88,47292.8,12302.2,1.71077,0,0,47292.8,0.701323,0.300473,4814.04,14.4167,2361.61,2308.88,0.699745,0
01:11:15:00:13:56,8780.39,8762.37,91.3976,91.6991,85.4737,1.50171,0.999291,2310.3,47382.7,12320.6,1.69089,0,0,47382.7,0.70598,0.300578,4832.48,14.4333,2363.13,2310.3,0.701323,0
01:11:15:00:13:57,8775.53,8765.8,91.4691,91.6884,85.564,1.50211,0.999276,2311.73,47472.6,12316.8,1.69908,0,0,47472.6,0.714075,0.300647,4828.63,14.45,2364.65,2311.73,0.708188,0
01:11:15:00:13:58,8772.09,8764.94,91.3221,91.6537,85.6324,1.50168,0.999261,2313.15,47562.6,12314.3,1.69089,0,0,47562.6,0.717784,0.299954,4826.21,14.4667,2366.18,2313.15,0.714075,0
01:11:15:00:13:59,8780.39,8765.23,91.3735,91.6844,85.4948,1.50171,0.999246,2314.58,47652.5,12323.6,1.66873,0,0,47652.5,0.714916,0.299052,4835.52,14.4833,2367.7,2314.58,0.718545,0
01:11:15:00:14:00,8768.95,8761.51,91.4783,91.7365,85.5458,1.50088,0.999231,2316,47742.5,12313.2,1.70259,0,0,47742.5,0.709089,0.299042,4825.04,14.5,2369.22,2316,0.714916,0
01:11:15:00:14:01,8760.93,8748.63,91.3751,91.6417,85.639,1.50223,0.999215,2317.43,47832.4,12306.2,1.68039,0,0,47832.4,0.700108,0.298836,4818.03,14.5167,2370.75,2317.43,0.705952,0
01:11:15:00:14:02,8764.65,8755.21,91.2977,91.4855,85.54,1.50291,0.9992,2318.86,47922.3,12310.9,1.63964,0,0,47922.3,0.704403,0.298526,4822.76,14.5333,2372.27,2318.86,0.701865,0
01:11:15:00:14:03,8762.37,8752.92,91.1362,91.5162,85.4067,1.51965,0.999185,2320.28,48012.3,12309.6,1.63152,0,0,48012.3,0.704403,0.299139,4821.5,14.55,2373.79,2320.28,0.709768,0
01:11:15:00:14:04,8766.94,8761.51,91.4641,91.7472,85.3218,1.5014,0.99917,2321.71,48102.8,12315.2,1.65825,0,0,48102.8,0.711312,0.300144,4827.06,14.5667,2375.31,2321.71,0.711008,0
01:11:15:00:14:05,8760.65,8768.09,91.2152,91.5576,85.6288,1.5014,0.999155,2323.13,48193,12309.9,1.67223,0,0,48193,0.70901,0.300897,4821.74,14.5833,2376.83,2323.13,0.701829,0
01:11:15:00:14:06,8763.22,8752.07,91.2542,91.3706,85.3909,1.50274,0.99914,2324.56,48282.9,12313.5,1.6734,0,0,48282.9,0.701829,0.300491,4825.32,14.6,2378.35,2324.56,0.699444,0
01:11:15:00:14:07,8774.38,8755.21,91.3813,91.408,85.4315,1.50161,0.999125,2325.98,48372.8,12325.6,1.64429,0,0,48372.8,0.699175,0.301395,4837.5,14.6167,2379.88,2325.98,0.700859,0
01:11:15:00:14:08,8764.94,8748.92,91.3625,91.384,85.5476,1.50239,0.99911,2327.4,48462.6,12317.2,1.64429,0,0,48462.6,0.700454,0.301612,4829.11,14.6333,2381.4,2327.4,0.699889,0
01:11:15:00:14:09,8762.94,8744.91,91.3756,91.3146,85.5359,1.50077,0.999095,2328.83,48552.5,12316.3,1.63268,0,0,48552.5,0.696855,0.300915,4828.19,14.65,2382.92,2328.83,0.695446,0
01:11:15:00:14:10,8758.65,8752.35,91.1502,91.2865,85.5447,1.50174,0.99908,2330.25,48642.4,12313,1.67806,0,0,48642.4,0.692629,0.300305,4824.85,14.6667,2384.44,2330.25,0.691936,0
01:11:15:00:14:11,8753.5,8754.93,91.3901,91.0903,85.3353,1.50129,0.999066,2331.68,48732.3,12308.8,1.70259,0,0,48732.3,0.692523,0.300017,4820.69,14.6833,2385.96,2331.68,0.692683,0
01:11:15:00:14:12,8762.65,8758.93,91.2929,91.3199,85.5609,1.50101,0.999051,2333.1,48822.1,12319,1.64545,0,0,48822.1,0.691154,0.299881,4830.84,14.7,2387.49,2333.1,0.689338,0
01:11:15:00:14:13,8758.65,8758.93,91.3111,91.3159,85.4695,1.50112,0.999037,2334.53,48911.9,12316,1.63848,0,0,48911.9,0.689338,0.298394,4827.84,14.7167,2389.01,2334.53,0.687301,0
01:11:15:00:14:14,8773.52,8744.91,91.1214,91.2411,85.4844,1.50173,0.999023,2335.95,49001.7,12331.8,1.62224,0,0,49001.7,0.687471,0.298713,4843.69,14.7333,2390.53,2335.95,0.685882,0
01:11:15:00:14:15,8766.08,8746.34,91.3023,91.2892,85.3093,1.50102,0.999009,2337.38,49091.6,12325.4,1.61065,0,0,49091.6,0.686009,0.297972,4837.27,14.75,2392.05,2337.38,0.694605,0
01:11:15:00:14:16,8755.21,8746.34,91.3124,91.2999,85.4764,1.50164,0.998995,2338.8,49181.3,12315.6,1.63152,0,0,49181.3,0.706343,0.298762,4827.43,14.7667,2393.57,2338.8,0.706343,0
01:11:15:00:14:17,8756.07,8736.9,91.102,91.3533,85.4863,1.50154,0.998982,2340.22,49271.1,12317.5,1.65941,0,0,49271.1,0.713728,0.299148,4829.35,14.7833,2395.09,2340.22,0.713583,0
01:11:15:00:14:18,8750.63,8738.05,91.2596,91.3733,85.2948,1.50003,0.998968,2341.65,49360.9,12313.1,1.67106,0,0,49360.9,0.706638,0.299744,4824.93,14.8,2396.61,2341.65,0.706638,0
01:11:15:00:14:19,8759.5,8740.05,91.354,91.4735,85.2096,1.56429,0.998955,2343.07,49450.6,12322.9,1.67106,0,0,49450.6,0.70406,0.300597,4834.76,14.8167,2398.13,2343.07,0.702426,0
01:11:15:00:14:20,8758.36,8750.35,91.3791,91.5229,85.5299,1.50022,0.998942,2344.49,49542,12322.7,1.62572,0,0,49542,0.702207,0.301418,4834.61,14.8333,2399.66,2344.49,0.702992,0
01:11:15:00:14:21,8748.35,8744.34,91.4062,91.5456,85.5497,1.50128,0.99893,2345.92,49633.6,12313.7,1.67572,0,0,49633.6,0.701061,0.299849,4825.62,14.85,2401.18,2345.92,0.690193,0
01:11:15:00:14:22,8754.64,8747.77,91.178,91.4961,85.5748,1.50132,0.998917,2347.34,49723.5,12321.1,1.60833,0,0,49723.5,0.685648,0.299934,4832.95,14.8667,2402.7,2347.34,0.680123,0
01:11:15:00:14:23,8740.62,8736.9,91.3849,91.6176,85.3662,1.49996,0.998905,2348.77,49813.4,12308,1.63384,0,0,49813.4,0.676825,0.299537,4819.91,14.8833,2404.22,2348.77,0.680007,0
01:11:15:00:14:24,8761.51,8733.47,91.4973,91.631,85.5568,1.50079,0.998893,2350.19,49903.2,12329.9,1.62107,0,0,49903.2,0.682506,0.298922,4841.77,14.9,2405.75,2350.19,0.683381,0
01:11:15:00:14:25,8754.07,8737.19,91.2399,91.6791,85.6602,1.50132,0.998881,2351.62,49992.9,12323.5,1.59907,0,0,49992.9,0.687474,0.297933,4835.34,14.9167,2407.27,2351.62,0.687628,0
01:11:15:00:14:26,8746.34,8729.46,91.4036,91.6991,85.4227,1.50036,0.99887,2353.04,50082.9,12316.8,1.62804,0,0,50082.9,0.687628,0.297178,4828.65,14.9333,2408.79,2353.04,0.689819,0
01:11:15:00:14:27,8750.06,8745.2,91.1509,91.7365,85.5734,1.50104,0.998859,2354.47,50172.7,12321.5,1.66058,0,0,50172.7,0.690602,0.296837,4833.38,14.95,2410.31,2354.47,0.689819,0
01:11:15:00:14:28,8751.49,8756.36,91.2531,91.7712,85.3385,1.50057,0.998848,2355.89,50262.6,12323.9,1.66058,0,0,50262.6,0.698192,0.295451,4835.78,14.9667,2411.83,2355.89,0.692471,0
01:11:15:00:14:29,8754.93,8740.33,91.2756,91.6337,85.4319,1.50123,0.998837,2357.32,50352.3,12328.3,1.66523,0,0,50352.3,0.7156,0.29745,4840.2,14.9833,2413.35,2357.32,0.710021,0
01:11:15:00:14:30,8763.79,8746.06,91.3168,91.619,85.4533,1.50112,0.998827,2358.74,50442,12338.2,1.65359,0,0,50442,0.719391,0.298123,4850.08,15,2414.87,2358.74,0.718361,0
01:11:15:00:14:31,8751.78,8738.05,91.3656,91.6217,85.4957,1.50009,0.998817,2360.16,50531.8,12327.2,1.64545,0,0,50531.8,0.703488,0.298177,4839.1,15.0167,2416.4,2360.16,0.711442,0
01:11:15:00:14:32,8755.5,8731.47,91.4719,91.8193,85.5441,1.49932,0.998807,2361.59,50621.6,12331.9,1.57828,0,0,50621.6,0.696645,0.297895,4843.82,15.0333,2417.92,2361.59,0.697558,0
01:11:15:00:14:33,8746.34,8740.33,91.3721,91.8126,85.6365,1.5013,0.998798,2363.02,50711.4,12323.7,1.54257,0,0,50711.4,0.700997,0.298464,4835.62,15.05,2419.44,2363.02,0.699009,0
01:11:15:00:14:34,8750.92,8744.63,91.1237,91.7739,85.5439,1.50105,0.998788,2364.44,50801.3,12329.3,1.57482,0,0,50801.3,0.708604,0.299745,4841.2,15.0667,2420.96,2364.44,0.705298,0
01:11:15:00:14:35,8748.06,8746.63,91.2948,91.7899,85.3133,1.50052,0.99878,2365.87,50891.2,12327.5,1.5829,0,0,50891.2,0.708011,0.300193,4839.36,15.0833,2422.48,2365.87,0.708011,0
01:11:15:00:14:36,8743.2,8735.18,91.2625,91.7659,85.4717,1.50102,0.998771,2367.29,50981,12323.6,1.61644,0,0,50981,0.704587,0.300406,4835.52,15.1,2424.01,2367.29,0.705158,0
01:11:15:00:14:37,8763.51,8743.48,91.1367,91.834,85.4425,1.50074,0.998763,2368.71,51070.7,12344.9,1.59676,0,0,51070.7,0.702548,0.300229,4856.81,15.1167,2425.53,2368.71,0.700899,0
01:11:15:00:14:38,8752.35,8745.77,91.246,91.8046,85.3231,1.50118,0.998755,2370.14,51160.5,12334.7,1.57136,0,0,51160.5,0.703611,0.302189,4846.62,15.1333,2427.05,2370.14,0.70241,0
01:11:15:00:14:39,8747.49,8736.33,91.1655,91.6871,85.4258,1.50109,0.998747,2371.56,51250.2,12330.9,1.55522,0,0,51250.2,0.706346,0.302216,4842.76,15.15,2428.57,2371.56,0.7052,0
01:11:15:00:14:40,8755.78,8733.18,91.4498,91.635,85.3495,1.50132,0.998739,2372.98,51339.9,12340.2,1.55062,0,0,51339.9,0.704347,0.300057,4852.08,15.1667,2430.09,2372.98,0.706342,0
01:11:15:00:14:41,8754.07,8734.04,91.3617,91.6056,85.6196,1.50023,0.998732,2374.41,51429.6,12339.5,1.54602,0,0,51429.6,0.699377,0.300337,4851.38,15.1833,2431.61,2374.41,0.702027,0
01:11:15:00:14:42,8755.5,8732.9,91.2203,91.5763,85.5335,1.50124,0.998725,2375.83,51519.4,12341.9,1.50127,0,0,51519.4,0.700883,0.30051,4853.77,15.2,2433.13,2375.83,0.699594,0
01:11:15:00:14:43,8739.76,8742.62,91.1746,91.5629,85.4039,1.50045,0.998719,2377.26,51609.3,12327.1,1.48069,0,0,51609.3,0.696095,0.30074,4839.02,15.2167,2434.65,2377.26,0.700883,0
01:11:15:00:14:44,8744.63,8734.61,91.4329,91.4748,85.3584,1.50123,0.998712,2378.68,51699.1,12333,1.48183,0,0,51699.1,0.687986,0.299159,4844.9,15.2333,2436.18,2378.68,0.689189,0
01:11:15:00:14:45,8749.78,8746.92,91.4381,91.5175,85.6068,1.49942,0.998706,2380.11,51788.8,12339.2,1.53108,0,0,51788.8,0.691056,0.299344,4851.08,15.25,2437.7,2380.11,0.690017,0
01:11:15:00:14:46,8749.49,8741.48,91.2524,91.607,85.6058,1.50102,0.9987,2381.53,51878.6,12339.9,1.50012,0,0,51878.6,0.700815,0.298869,4851.79,15.2667,2439.22,2381.53,0.700815,0
01:11:15:00:14:47,8754.07,8726.32,91.0454,91.6537,85.4362,1.49986,0.998694,2382.96,51968.5,12345.5,1.49783,0,0,51968.5,0.699779,0.300504,4857.33,15.2833,2440.74,2382.96,0.705052,0
01:11:15:00:14:48,8758.36,8735.18,91.3832,91.4948,85.2371,1.50132,0.998689,2384.38,52058.3,12350.7,1.52534,0,0,52058.3,0.692761,0.300864,4862.61,15.3,2442.26,2384.38,0.698015,0
01:11:15:00:14:49,8744.91,8730.61,91.0878,91.655,85.5567,1.50041,0.998684,2385.8,52147.9,12338.3,1.54487,0,0,52147.9,0.688337,0.300552,4850.18,15.3167,2443.78,2385.8,0.687848,0
01:11:15:00:14:50,8746.92,8738.9,91.1781,91.643,85.2764,1.50144,0.998679,2387.23,52237.7,12341.3,1.53912,0,0,52237.7,0.693176,0.30001,4853.21,15.3333,2445.3,2387.23,0.690771,0
01:11:15:00:14:51,8743.2,8742.62,91.2407,91.5749,85.3654,1.50019,0.998674,2388.65,52327.4,12338.6,1.5956,0,0,52327.4,0.697552,0.302983,4850.47,15.35,2446.82,2388.65,0.696819,0
01:11:15:00:14:52,8748.35,8740.05,91.1075,91.5936,85.4224,1.50065,0.99867,2390.07,52417,12344.7,1.53108,0,0,52417,0.702089,0.302892,4856.58,15.3667,2448.34,2390.07,0.69978,0
01:11:15:00:14:53,8755.5,8737.76,91.3467,91.591,85.2959,1.50114,0.998666,2391.5,52506.7,12352.9,1.51272,0,0,52506.7,0.701542,0.301339,4864.74,15.3833,2449.86,2391.5,0.701674,0
01:11:15:00:14:54,8744.34,8734.9,91.3689,91.635,85.5239,1.50001,0.998662,2392.92,52596.4,12342.7,1.51043,0,0,52596.4,0.701542,0.300533,4854.6,15.4,2451.38,2392.92,0.701499,0
01:11:15:00:14:55,8759.22,8741.77,91.3753,91.5949,85.5419,1.50078,0.998658,2394.35,52686.1,12358.6,1.48869,0,0,52686.1,0.702236,0.298974,4870.49,15.4167,2452.91,2394.35,0.702514,0
01:11:15:00:14:56,8742.34,8736.33,91.2683,91.5829,85.5477,1.50083,0.998654,2395.77,52776,12342.7,1.51043,0,0,52776,0.702514,0.299164,4854.58,15.4333,2454.43,2395.77,0.700254,0
01:11:15:00:14:57,8748.92,8736.9,91.1339,91.7792,85.4501,1.50012,0.998651,2397.2,52865.8,12350.3,1.50814,0,0,52865.8,0.698538,0.30019,4862.14,15.45,2455.95,2397.2,0.697791,0
01:11:15:00:14:58,8741.19,8734.04,91.3343,91.647,85.3206,1.50114,0.998647,2398.62,52955.6,12343.6,1.50012,0,0,52955.6,0.69578,0.301093,4855.42,15.4667,2457.47,2398.62,0.698507,0
01:11:15:00:14:59,8738.62,8732.9,91.3133,91.6644,85.5106,1.50048,0.998644,2400.04,53045.3,12342,1.53223,0,0,53045.3,0.703238,0.30141,4853.87,15.4833,2458.99,2400.04,0.70428,0
01:11:15:00:15:00,8752.35,8739.48,90.9998,91.6083,85.487,1.50156,0.998641,2401.47,53135.1,12356.7,1.56674,0,0,53135.1,0.70859,0.299708,4868.6,15.5,2460.51,2401.47,0.713871,0
01:11:15:00:15:01,8738.9,8750.92,91.2277,91.5736,85.1973,1.50051,0.998639,2402.89,53224.9,12344.2,1.58174,0,0,53224.9,0.712926,0.299386,4856.1,15.5167,2462.03,2402.89,0.710361,0
01:11:15:00:15:02,8756.64,8737.76,91.23,91.619,85.4073,1.50142,0.998636,2404.31,53314.6,12362.9,1.52189,0,0,53314.6,0.709529,0.299694,4874.81,15.5333,2463.55,2404.31,0.704115,0
01:11:15:00:15:03,8754.07,8739.76,91.4527,91.5255,85.4109,1.50106,0.998634,2405.74,53404.2,12361.4,1.52534,0,0,53404.2,0.705586,0.29957,4873.23,15.55,2465.07,2405.74,0.703099,0
01:11:15:00:15:04,8756.36,8736.62,91.318,91.3666,85.62,1.5009,0.998632,2407.16,53493.9,12364.7,1.56905,0,0,53493.9,0.698287,0.30068,4876.53,15.5667,2466.59,2407.16,0.69334,0
01:11:15:00:15:05,8754.64,8730.61,91.3162,91.3279,85.4968,1.50007,0.99863,2408.59,53583.8,12363.7,1.57597,0,0,53583.8,0.69334,0.300818,4875.62,15.5833,2468.12,2408.59,0.686992,0
01:11:15:00:15:06,8741.19,8742.62,91.3162,91.5375,85.4979,1.49929,0.998628,2410.01,53673.6,12351.1,1.59907,0,0,53673.6,0.67805,0.300177,4862.97,15.6,2469.64,2410.01,0.67805,0
01:11:15:00:15:07,8748.35,8730.89,91.2661,91.4855,85.4951,1.50008,0.998626,2411.44,53763.4,12359.1,1.55868,0,0,53763.4,0.673597,0.298368,4870.95,15.6167,2471.16,2411.44,0.673597,0
01:11:15:00:15:08,8740.91,8749.78,91.2831,91.5082,85.4471,1.50039,0.998625,2412.86,53853.2,12352.5,1.57482,0,0,53853.2,0.678863,0.297739,4864.35,15.6333,2472.68,2412.86,0.684044,0
01:11:15:00:15:09,8742.34,8736.9,91.417,91.5282,85.4656,1.49966,0.998623,2414.29,53942.9,12354.6,1.54832,0,0,53942.9,0.684044,0.298312,4866.49,15.65,2474.2,2414.29,0.692355,0
01:11:15:00:15:10,8750.06,8728.89,91.3224,91.4387,85.5891,1.50019,0.998622,2415.71,54032.6,12362.8,1.55638,0,0,54032.6,0.694309,0.299749,4874.67,15.6667,2475.73,2415.71,0.698546,0
01:11:15:00:15:11,8759.79,8737.19,91.2455,91.6243,85.5054,1.49885,0.998621,2417.14,54122.4,12373,1.56444,0,0,54122.4,0.702407,0.301367,4884.86,15.6833,2477.25,2417.14,0.704211,0
01:11:15:00:15:12,8746.92,8727.17,91.3262,91.5963,85.4259,1.50092,0.99862,2418.56,54212.2,12360.6,1.55753,0,0,54212.2,0.704545,0.301084,4872.47,15.7,2478.77,2418.56,0.703314,0
01:11:15:00:15:13,8746.92,8736.62,91.2491,91.5362,85.5014,1.50093,0.998619,2419.99,54302,12361.1,1.54602,0,0,54302,0.701685,0.299503,4872.95,15.7167,2480.29,2419.99,0.698213,0
01:11:15:00:15:14,8733.75,8726.03,91.1563,91.6724,85.4339,1.49964,0.998618,2421.41,54391.8,12348.3,1.5679,0,0,54391.8,0.693861,0.298433,4860.16,15.7333,2481.81,2421.41,0.698213,0
01:11:15:00:15:15,8739.76,8730.89,91.1887,91.6377,85.3404,1.50147,0.998618,2422.83,54481.5,12354.6,1.55638,0,0,54481.5,0.690745,0.298839,4866.47,15.75,2483.33,2422.83,0.692077,0
01:11:15:00:15:16,8748.35,8736.04,91.3126,91.4881,85.3764,1.4999,0.998617,2424.26,54571.2,12363.5,1.51043,0,0,54571.2,0.701287,0.300089,4875.38,15.7667,2484.85,2424.26,0.697009,0
01:11:15:00:15:17,8741.19,8731.47,91.0885,91.4561,85.4908,1.50032,0.998617,2425.68,54660.9,12356.7,1.49097,0,0,54660.9,0.7076,0.301297,4868.55,15.7833,2486.37,2425.68,0.704013,0
01:11:15:00:15:18,8758.36,8744.05,91.2681,91.5295,85.284,1.49949,0.998616,2427.1,54750.6,12374.2,1.46471,0,0,54750.6,0.707749,0.301167,4886.04,15.8,2487.89,2427.1,0.707749,0
01:11:15:00:15:19,8738.33,8736.04,91.2673,91.6777,85.4494,1.50027,0.998616,2428.53,54840.2,12354.4,1.50127,0,0,54840.2,0.696777,0.301577,4866.29,15.8167,2489.41,2428.53,0.700167,0
01:11:15:00:15:20,8750.92,8734.04,91.4369,91.5976,85.4461,1.50098,0.998616,2429.95,54929.9,12367.3,1.50127,0,0,54929.9,0.697336,0.299506,4879.16,15.8333,2490.93,2429.95,0.694121,0
01:11:15:00:15:21,8746.34,8728.32,91.2974,91.5429,85.6078,1.50017,0.998616,2431.38,55019.6,12363,1.54372,0,0,55019.6,0.70509,0.298743,4874.87,15.85,2492.46,2431.38,0.702093,0
01:11:15:00:15:22,8738.33,8734.9,91.1824,91.5749,85.4781,1.49992,0.998616,2432.8,55109.5,12355.3,1.53108,0,0,55109.5,0.710075,0.296625,4867.13,15.8667,2493.98,2432.8,0.709054,0
01:11:15:00:15:23,8748.35,8732.9,91.4022,91.6537,85.3704,1.49994,0.998617,2434.22,55199.3,12365.6,1.4944,0,0,55199.3,0.706798,0.296113,4877.43,15.8833,2495.5,2434.22,0.707272,0
01:11:15:00:15:24,8727.75,8744.34,91.4928,91.5963,85.5742,1.50047,0.998617,2435.65,55289,12345.2,1.50012,0,0,55289,0.707513,0.296235,4857.1,15.9,2497.02,2435.65,0.706644,0
01:11:15:00:15:25,8745.2,8731.75,91.1748,91.5669,85.6556,1.50142,0.998617,2437.08,55378.7,12363,1.47155,0,0,55378.7,0.709925,0.296109,4874.83,15.9167,2498.55,2437.08,0.709925,0
01:11:15:00:15:26,8742.91,8740.05,91.1424,91.5135,85.3625,1.50013,0.998618,2438.5,55468.7,12360.9,1.47269,0,0,55468.7,0.709094,0.297623,4872.81,15.9333,2500.06,2438.5,0.709955,0
01:11:15:00:15:27,8751.78,8739.48,91.2129,91.4387,85.3301,1.50073,0.998618,2439.92,55558.5,12370.1,1.48983,0,0,55558.5,0.707349,0.299626,4881.93,15.95,2501.58,2439.92,0.709213,0
01:11:15:00:15:28,8749.78,8727.17,91.2705,91.3266,85.395,1.50102,0.998619,2441.35,55648.1,12368.3,1.50585,0,0,55648.1,0.703344,0.300662,4880.15,15.9667,2503.1,2441.35,0.703527,0
01:11:15:00:15:29,8739.76,8737.19,91.1614,91.5175,85.4524,1.50005,0.99862,2442.77,55737.8,12358.5,1.50241,0,0,55737.8,0.703554,0.300831,4870.32,15.9833,2504.63,2442.77,0.703344,0
01:11:15:00:15:30,8739.48,8724.03,91.1817,91.4975,85.3465,1.50109,0.998621,2444.19,55827.6,12358.4,1.51158,0,0,55827.6,0.698242,0.299424,4870.23,16,2506.14,2444.19,0.704762,0
01:11:15:00:15:31,8737.19,8750.63,91.0628,91.5269,85.3692,1.50006,0.998622,2445.62,55917.3,12356.2,1.5196,0,0,55917.3,0.691651,0.295149,4868.12,16.0167,2507.66,2445.62,0.698242,0
01:11:15:00:15:32,8740.33,8741.19,91.2098,91.6056,85.2572,1.50027,0.998623,2447.04,56006.9,12359.6,1.51387,0,0,56006.9,0.691963,0.293507,4871.46,16.0333,2509.18,2447.04,0.690523,0
01:11:15:00:15:33,8751.21,8735.18,91.0929,91.5055,85.3931,1.50075,0.998624,2448.46,56096.5,12370.5,1.54717,0,0,56096.5,0.697236,0.293773,4882.42,16.05,2510.7,2448.46,0.696085,0
01:11:15:00:15:34,8762.65,8753.5,91.2776,91.5696,85.2852,1.50031,0.998625,2449.88,56186.1,12382,1.54947,0,0,56186.1,0.693705,0.294601,4893.92,16.0667,2512.22,2449.88,0.695361,0
01:11:15:00:15:35,8747.49,8740.05,91.2146,91.5375,85.4573,1.50054,0.998626,2451.31,56275.8,12367,1.54372,0,0,56275.8,0.676614,0.297519,4878.83,16.0833,2513.74,2451.31,0.685635,0
01:11:15:00:15:36,8753.21,8749.49,91.2486,91.5482,85.4014,1.4997,0.998627,2452.73,56365.4,12372.8,1.56559,0,0,56365.4,0.669554,0.298054,4884.63,16.1,2515.26,2452.73,0.670771,0
01:11:15:00:15:37,8736.04,8730.04,91.2367,91.4908,85.4269,1.50141,0.998628,2454.15,56455.1,12355.7,1.52075,0,0,56455.1,0.675469,0.298693,4867.53,16.1167,2516.78,2454.15,0.67251,0
01:11:15:00:15:38,8746.92,8728.32,91.1488,91.5562,85.4174,1.50098,0.998629,2455.58,56544.9,12366.6,1.50241,0,0,56544.9,0.688063,0.297977,4878.45,16.1333,2518.3,2455.58,0.688063,0
01:11:15:00:15:39,8751.21,8737.76,91.2609,91.615,85.3414,1.49924,0.998631,2457,56634.6,12370.9,1.56328,0,0,56634.6,0.702832,0.296181,4882.78,16.15,2519.82,2457,0.701257,0
01:11:15:00:15:40,8739.76,8736.62,91.2753,91.6524,85.4455,1.49949,0.998632,2458.42,56724.3,12359.5,1.57136,0,0,56724.3,0.700624,0.293997,4871.38,16.1667,2521.34,2458.42,0.703245,0
01:11:15:00:15:41,8750.63,8748.35,91.2689,91.4294,85.4516,1.50153,0.998633,2459.85,56813.9,12370.4,1.55983,0,0,56813.9,0.707051,0.292272,4882.3,16.1833,2522.87,2459.85,0.702478,0
01:11:15:00:15:42,8739.19,8747.2,91.2856,91.6163,85.4527,1.49956,0.998635,2461.27,56903.7,12359,1.54257,0,0,56903.7,0.715434,0.291452,4870.9,16.2,2524.39,2461.27,0.709051,0
01:11:15:00:15:43,8771.52,8753.78,91.2251,91.5335,85.4637,1.50082,0.998636,2462.7,56993.4,12391.4,1.55177,0,0,56993.4,0.719678,0.291642,4903.26,16.2167,2525.91,2462.7,0.721613,0
01:11:15:00:15:44,8751.21,8736.04,91.3298,91.4441,85.4071,1.50083,0.998637,2464.12,57083.2,12371.1,1.52304,0,0,57083.2,0.719678,0.292042,4882.98,16.2333,2527.43,2464.12,0.715663,0
01:11:15:00:15:45,8754.64,8741.19,91.4095,91.3867,85.5009,1.50199,0.998639,2465.54,57172.9,12374.6,1.55292,0,0,57172.9,0.711974,0.293403,4886.44,16.25,2528.95,2465.54,0.697953,0
01:11:15:00:15:46,8752.35,8739.19,91.2505,91.38,85.5836,1.49977,0.99864,2466.97,57262.7,12372.3,1.53108,0,0,57262.7,0.695712,0.296785,4884.2,16.2667,2530.47,2466.97,0.692135,0
01:11:15:00:15:47,8736.9,8756.36,91.2381,91.5135,85.4356,1.49953,0.998641,2468.39,57352.6,12356.8,1.54602,0,0,57352.6,0.689343,0.298881,4868.72,16.2833,2531.99,2468.39,0.68614,0
01:11:15:00:15:48,8762.08,8743.48,91.2045,91.5723,85.4217,1.50018,0.998643,2469.82,57442.4,12382,1.51272,0,0,57442.4,0.68614,0.300709,4893.89,16.3,2533.51,2469.82,0.682845,0
01:11:15:00:15:49,8757.5,8760.08,91.3095,91.4975,85.3855,1.50147,0.998644,2471.24,57532.1,12377.4,1.54602,0,0,57532.1,0.680784,0.300932,4889.3,16.3167,2535.04,2471.24,0.68061,0
01:11:15:00:15:50,8765.8,8748.92,91.1588,91.5522,85.4875,1.50044,0.998645,2472.67,57621.8,12385.7,1.57366,0,0,57621.8,0.680554,0.300432,4897.58,16.3333,2536.56,2472.67,0.687367,0
01:11:15:00:15:51,8754.93,8741.77,91.32,91.7084,85.351,1.49919,0.998647,2474.09,57711.5,12374.8,1.57482,0,0,57711.5,0.690987,0.297813,4886.68,16.35,2538.08,2474.09,0.699999,0
01:11:15:00:15:52,8760.08,8758.65,91.3552,91.6991,85.4958,1.50089,0.998648,2475.51,57801.2,12379.9,1.49783,0,0,57801.2,0.705956,0.295767,4891.79,16.3667,2539.6,2475.51,0.710529,0
01:11:15:00:15:53,8756.93,8739.76,91.4052,91.5803,85.5271,1.50131,0.998649,2476.94,57890.9,12376.8,1.48297,0,0,57890.9,0.710213,0.293404,4888.63,16.3833,2541.12,2476.94,0.708069,0
01:11:15:00:15:54,8759.5,8759.79,91.3959,91.5469,85.5761,1.50071,0.998651,2478.36,57980.8,12379.3,1.48754,0,0,57980.8,0.705231,0.293658,4891.2,16.4,2542.65,2478.36,0.700952,0
01:11:15:00:15:55,8752.07,8744.63,91.378,91.6804,85.5728,1.49926,0.998652,2479.79,58070.7,12371.9,1.50814,0,0,58070.7,0.703344,0.294966,4883.76,16.4167,2544.17,2479.79,0.71089,0
01:11:15:00:15:56,8764.65,8754.35,91.2847,91.5923,85.5504,1.5008,0.998653,2481.22,58160.5,12384.5,1.4944,0,0,58160.5,0.71089,0.298868,4896.32,16.4333,2545.69,2481.22,0.711632,0
01:11:15:00:15:57,8763.22,8764.08,91.3449,91.7205,85.463,1.5008,0.998654,2482.64,58250.4,12383,1.47155,0,0,58250.4,0.713697,0.301744,4894.88,16.45,2547.21,2482.64,0.706876,0
01:11:15:00:15:58,8759.22,8755.5,91.2447,91.7805,85.523,1.4998,0.998655,2484.07,58340.2,12379,1.47384,0,0,58340.2,0.705104,0.303669,4890.87,16.4667,2548.73,2484.07,0.706207,0
01:11:15:00:15:59,8772.95,8764.94,91.2122,91.635,85.4263,1.50058,0.998656,2485.49,58430,12392.7,1.45218,0,0,58430,0.706207,0.304048,4904.59,16.4833,2550.26,2485.49,0.704248,0
01:11:15:00:16:00,8769.23,8748.06,91.3014,91.6377,85.3957,1.50066,0.998657,2486.91,58519.7,12389,1.50127,0,0,58519.7,0.700498,0.305467,4900.87,16.5,2551.78,2486.91,0.698723,0
01:11:15:00:16:01,8771.23,8758.07,91.4661,91.6871,85.4797,1.50051,0.998658,2488.34,58609.5,12391,1.52648,0,0,58609.5,0.696376,0.30556,4902.86,16.5167,2553.3,2488.34,0.696115,0
01:11:15:00:16:02,8763.51,8749.49,91.3004,91.5055,85.6319,1.50108,0.998659,2489.76,58699.2,12383.3,1.46927,0,0,58699.2,0.698415,0.305068,4895.13,16.5333,2554.82,2489.76,0.703777,0
01:11:15:00:16:03,8756.07,8758.07,91.3719,91.6217,85.4837,1.49916,0.99866,2491.19,58789.1,12375.8,1.46585,0,0,58789.1,0.70647,0.303757,4887.69,16.55,2556.34,2491.19,0.703777,0
01:11:15:00:16:04,8778.96,8767.23,91.116,91.6537,85.5436,1.50106,0.998661,2492.61,58878.9,12398.7,1.4944,0,0,58878.9,0.712009,0.30304,4910.56,16.5667,2557.87,2492.61,0.711764,0
01:11:15:00:16:05,8756.36,8772.09,91.1493,91.5482,85.3044,1.50098,0.998661,2494.04,58968.7,12376.1,1.49212,0,0,58968.7,0.709871,0.301914,4887.96,16.5833,2559.38,2494.04,0.710666,0
01:11:15:00:16:06,8784.68,8759.22,91.3671,91.643,85.3393,1.49995,0.998662,2495.46,59058.5,12404.4,1.50356,0,0,59058.5,0.698338,0.304021,4916.28,16.6,2560.91,2495.46,0.702299,0
01:11:15:00:16:07,8768.37,8754.35,91.3711,91.6043,85.5413,1.50049,0.998663,2496.88,59148.1,12388.1,1.5047,0,0,59148.1,0.696041,0.304438,4899.96,16.6167,2562.43,2496.88,0.697054,0
01:11:15:00:16:08,8777.81,8761.22,91.2511,91.6524,85.5454,1.50039,0.998663,2498.31,59237.8,12397.5,1.52075,0,0,59237.8,0.693931,0.304357,4909.4,16.6333,2563.95,2498.31,0.693931,0
01:11:15:00:16:09,8775.24,8758.36,91.3331,91.7952,85.4346,1.49997,0.998664,2499.74,59327.7,12394.9,1.55522,0,0,59327.7,0.68653,0.304801,4906.82,16.65,2565.47,2499.74,0.686593,0
01:11:15:00:16:10,8760.08,8776.1,91.1471,91.7765,85.5077,1.50097,0.998664,2501.16,59417.4,12379.8,1.58636,0,0,59417.4,0.683029,0.304327,4891.64,16.6667,2566.99,2501.16,0.683516,0
01:11:15:00:16:11,8783.25,8757.79,91.4231,91.7765,85.3335,1.50098,0.998664,2502.58,59507.2,12402.9,1.56444,0,0,59507.2,0.688065,0.303816,4914.81,16.6833,2568.51,2502.58,0.685786,0
01:11:15:00:16:12,8770.95,8768.09,91.2569,91.7725,85.5932,1.50063,0.998665,2504.01,59597,12390.6,1.4944,0,0,59597,0.69307,0.304891,4902.5,16.7,2570.04,2504.01,0.691195,0
01:11:15:00:16:13,8782.39,8768.66,91.3556,91.7205,85.4359,1.50107,0.998665,2505.43,59686.7,12402.1,1.46471,0,0,59686.7,0.694017,0.303702,4913.94,16.7167,2571.56,2505.43,0.694211,0
01:11:15:00:16:14,8773.24,8766.66,91.3642,91.6764,85.5317,1.50018,0.998665,2506.86,59776.6,12392.9,1.49097,0,0,59776.6,0.693087,0.305662,4904.78,16.7333,2573.08,2506.86,0.690997,0
01:11:15:00:16:15,8784.11,8777.24,90.8801,91.7044,85.5379,1.50066,0.998665,2508.28,59866.4,12403.8,1.54717,0,0,59866.4,0.707473,0.305847,4915.63,16.75,2574.6,2508.28,0.705217,0
01:11:15:00:16:16,8796.98,8756.93,91.3949,91.6684,85.0848,1.50062,0.998665,2509.71,59956.2,12416.6,1.55868,0,0,59956.2,0.711359,0.305147,4928.49,16.7667,2576.12,2509.71,0.710458,0
01:11:15:00:16:17,8781.25,8778.39,91.2905,91.6003,85.567,1.50057,0.998593,2511.13,60045.8,12400.9,1.56674,0,0,60045.8,0.705775,0.306403,4912.76,16.7833,2577.64,2511.13,0.705775,0
01:11:15:00:16:18,8786.68,8753.21,91.245,91.5202,85.4656,1.50157,0.998593,2512.55,60135.5,12406.3,1.53797,0,0,60135.5,0.702168,0.305039,4918.19,16.8,2579.16,2512.55,0.699522,0
01:11:15:00:16:19,8770.95,8772.95,91.5379,91.4561,85.4252,1.50097,0.998593,2513.98,60225.3,12390.6,1.52189,0,0,60225.3,0.69812,0.304556,4902.45,16.8167,2580.68,2513.98,0.701554,0
01:11:15:00:16:20,8780.96,8777.81,91.4644,91.4761,85.7018,1.5003,0.998593,2515.4,60315.1,12400.6,1.50127,0,0,60315.1,0.705297,0.303755,4912.45,16.8333,2582.21,2515.4,0.70463,0
01:11:15:00:16:21,8775.24,8772.66,91.1796,91.5669,85.6353,1.49967,1.50089,2516.83,60405,12394.9,1.51501,0,0,60405,0.703133,0.303686,4906.72,16.85,2583.73,2516.83,0.70451,0
01:11:15:00:16:22,8790.4,8779.53,90.9949,91.4922,85.3636,1.50108,1.50089,2518.26,60494.9,12410,1.46585,0,0,60494.9,0.697676,0.304437,4921.88,16.8667,2585.25,2518.26,0.697676,0
01:11:15:00:16:23,8784.97,8759.22,91.2594,91.5269,85.1926,1.50056,1.50089,2519.68,60584.7,12404.6,1.5047,0,0,60584.7,0.699879,0.303665,4916.44,16.8833,2586.77,2519.68,0.699879,0
01:11:15:00:16:24,8792.98,8778.96,91.3387,91.5189,85.4404,1.5005,1.50089,2521.1,60674.3,12412.6,1.48411,0,0,60674.3,0.719803,0.302725,4924.45,16.9,2588.29,2521.1,0.71312,0
01:11:15:00:16:25,8777.81,8758.65,91.2531,91.5028,85.5149,1.50043,1.50089,2522.52,60763.9,12397.4,1.49555,0,0,60763.9,0.727557,0.300386,4909.28,16.9167,2589.81,2522.52,0.72197,0
01:11:15:00:16:26,8775.24,8772.09,91.5204,91.4855,85.4344,1.50055,1.50089,2523.95,60853.7,12394.8,1.51616,0,0,60853.7,0.726397,0.300003,4906.71,16.9333,2591.33,2523.95,0.728146,0
01:11:15:00:16:27,8795.84,8780.39,91.5204,91.4414,85.6849,1.50046,1.50089,2525.37,60943.5,12415.4,1.51272,0,0,60943.5,0.7254,0.300323,4927.3,16.95,2592.86,2525.37,0.725401,0
01:11:15:00:16:28,8767.23,8786.11,91.4625,91.5068,85.686,1.50016,1.50089,2526.8,61033.4,12386.8,1.52764,0,0,61033.4,0.724381,0.299775,4898.69,16.9667,2594.39,2526.8,0.725413,0
01:11:15:00:16:29,8796.41,8772.09,91.377,91.4828,85.6314,1.50026,1.50089,2528.23,61123.4,12416,1.49898,0,0,61123.4,0.712204,0.299361,4927.86,16.9833,2595.91,2528.23,0.720082,0
01:11:15:00:16:30,8785.54,8774.09,91.2259,91.4254,85.5524,1.49997,1.50089,2529.66,61213.3,12405.1,1.54027,0,0,61213.3,0.704206,0.298904,4916.98,17,2597.43,2529.66,0.704206,0
01:11:15:00:16:31,8797.56,8785.25,91.132,91.4748,85.4112,1.49991,1.50089,2531.08,61303.2,12417.1,1.54717,0,0,61303.2,0.694852,0.297808,4929,17.0167,2598.95,2531.08,0.696266,0
01:11:15:00:16:32,8786.68,8776.67,91.3232,91.5789,85.3243,1.49963,1.50089,2532.5,61392.9,12406.2,1.49212,0,0,61392.9,0.696713,0.297389,4918.12,17.0333,2600.47,2532.5,0.695054,0
01:11:15:00:16:33,8776.1,8779.82,91.2822,91.5562,85.5018,1.50006,1.50089,2533.93,61482.6,12395.7,1.46015,0,0,61482.6,0.702032,0.298226,4907.53,17.05,2601.99,2533.93,0.70237,0
01:11:15:00:16:34,8790.4,8768.95,91.3066,91.6737,85.4637,1.49997,1.50089,2535.35,61572.2,12410,1.46585,0,0,61572.2,0.701733,0.299207,4921.83,17.0667,2603.51,2535.35,0.703256,0
01:11:15:00:16:35,8786.11,8783.54,91.3331,91.659,85.4846,1.50052,1.50089,2536.78,61662,12405.7,1.50585,0,0,61662,0.693446,0.300885,4917.54,17.0833,2605.04,2536.78,0.69638,0
01:11:15:00:16:36,8792.98,8779.53,91.325,91.6577,85.5078,1.50095,1.50089,2538.2,61751.8,12412.5,1.51501,0,0,61751.8,0.689875,0.30106,4924.4,17.1,2606.56,2538.2,0.691777,0
01:11:15:00:16:37,8784.97,8781.25,91.3631,91.5856,85.502,1.50045,1.50089,2539.63,61841.6,12404.5,1.51845,0,0,61841.6,0.688992,0.29961,4916.39,17.1167,2608.08,2539.63,0.688992,0
01:11:15:00:16:38,8794.41,8796.13,91.4651,91.5509,85.5374,1.50053,1.61079,2541.05,61931.4,12414,1.53337,0,0,61931.4,0.687861,0.299277,4925.82,17.1333,2609.6,2541.05,0.688271,0
01:11:15:00:16:39,8806.71,8772.38,91.0238,91.5696,85.6347,1.50003,1.5028,2542.48,62021.2,12426.3,1.51616,0,0,62021.2,0.692199,0.299652,4938.13,17.15,2611.12,2542.48,0.68899,0
01:11:15:00:16:40,8798.99,8791.26,91.3806,91.3293,85.2175,1.50114,1.5028,2543.9,62111.1,12418.5,1.46129,0,0,62111.1,0.692199,0.298307,4930.4,17.1667,2612.64,2543.9,0.702056,0
01:11:15:00:16:41,8806.14,8770.09,91.2717,91.5469,85.55,1.50157,1.5028,2545.33,62200.8,12425.7,1.47498,0,0,62200.8,0.709134,0.298804,4937.55,17.1833,2614.17,2545.33,0.711688,0
01:11:15:00:16:42,8797.27,8795.55,91.3318,91.5148,85.4564,1.49925,1.5028,2546.75,62290.6,12416.8,1.409,0,0,62290.6,0.716326,0.299202,4928.67,17.2,2615.69,2546.75,0.719993,0
01:11:15:00:16:43,8800.99,8795.55,91.0665,91.6497,85.5076,1.50067,1.5028,2548.17,62380.4,12420.5,1.46357,0,0,62380.4,0.712238,0.301243,4932.39,17.2167,2617.21,2548.17,0.706899,0
01:11:15:00:16:44,8793.84,8794.12,91.2689,91.5442,85.2575,1.50114,1.5028,2549.6,62470.1,12413.4,1.5196,0,0,62470.1,0.703498,0.300909,4925.24,17.2333,2618.73,2549.6,0.697201,0
01:11:15:00:16:45,8818.15,8802.71,91.2504,91.5415,85.4516,1.49987,1.5028,2551.02,62559.8,12437.7,1.54832,0,0,62559.8,0.697624,0.300808,4949.55,17.25,2620.25,2551.02,0.698735,0
01:11:15:00:16:46,8814.15,8793.26,91.1931,91.5763,85.4317,1.50057,1.5028,2552.44,62649.5,12433.7,1.57251,0,0,62649.5,0.704359,0.299103,4945.55,17.2667,2621.77,2552.44,0.708726,0
01:11:15:00:16:47,8826.74,8803.56,91.3246,91.6404,85.3805,1.4999,1.5028,2553.87,62739.2,12446.3,1.56905,0,0,62739.2,0.708726,0.299198,4958.13,17.2833,2623.29,2553.87,0.704692,0
01:11:15:00:16:48,8806.42,8787.26,91.1104,91.5829,85.5005,1.50076,1.5028,2555.29,62828.9,12425.9,1.56213,0,0,62828.9,0.700021,0.300607,4937.82,17.3,2624.81,2555.29,0.693852,0
01:11:15:00:16:49,8810.43,8799.84,91.1369,91.5602,85.3021,1.50019,1.5028,2556.72,62918.6,12429.9,1.53567,0,0,62918.6,0.696665,0.299257,4941.82,17.3167,2626.33,2556.72,0.695209,0
01:11:15:00:16:50,8818.44,8802.71,91.2641,91.5362,85.3297,1.4994,1.5028,2558.14,63008.3,12438,1.50585,0,0,63008.3,0.695209,0.299253,4949.83,17.3333,2627.85,2558.14,0.69961,0
01:11:15:00:16:51,8796.13,8798.13,91.6607,91.4294,85.4438,1.50078,1.5028,2559.56,63097.9,12415.6,1.4499,0,0,63097.9,0.700381,0.299703,4927.51,17.35,2629.37,2559.56,0.707962,0
01:11:15:00:16:52,8831.03,8809.57,91.2739,91.3212,85.8151,1.50079,1.5028,2560.99,63187.6,12450.5,1.38184,0,0,63187.6,0.709819,0.300663,4962.41,17.3667,2630.9,2560.99,0.71372,0
01:11:15:00:16:53,8814.72,8802.42,91.2155,91.4094,85.4556,1.50005,1.5028,2562.42,63277.5,12434.2,1.41694,0,0,63277.5,0.717332,0.300199,4946.1,17.3833,2632.42,2562.42,0.721715,0
01:11:15:00:16:54,8823.3,8813.58,91.1211,91.4294,85.3985,1.50072,1.5028,2563.84,63367.5,12442.8,1.47612,0,0,63367.5,0.716678,0.30037,4954.68,17.4,2633.94,2563.84,0.713677,0
01:11:15:00:16:55,8820.44,8801.27,91.3628,91.6043,85.3106,1.50058,1.5028,2565.26,63457.2,12439.9,1.50356,0,0,63457.2,0.708042,0.300196,4951.82,17.4167,2635.46,2565.26,0.701204,0
01:11:15:00:16:56,8811.57,8804.99,91.1536,91.4948,85.533,1.50168,1.5028,2566.69,63546.9,12431.1,1.51387,0,0,63546.9,0.697228,0.300506,4942.95,17.4333,2636.98,2566.69,0.697634,0
01:11:15:00:16:57,8829.6,8792.98,91.2233,91.5189,85.3399,1.50089,1.5028,2568.11,63636.6,12449.1,1.52648,0,0,63636.6,0.696812,0.299365,4960.97,17.45,2638.5,2568.11,0.697634,0
01:11:15:00:16:58,8800.42,8812.15,91.342,91.591,85.41,1.49957,1.5028,2569.53,63726.4,12419.9,1.52878,0,0,63726.4,0.697691,0.300234,4931.79,17.4667,2640.02,2569.53,0.69694,0
01:11:15:00:16:59,8815.01,8794.69,90.9672,91.651,85.5841,1.48226,1.5028,2570.96,63816.1,12434.5,1.53912,0,0,63816.1,0.696223,0.300077,4946.38,17.4833,2641.54,2570.96,0.695754,0
01:11:15:00:17:00,8802.13,8804.99,91.0411,91.6924,85.1669,1.50046,1.5028,2572.38,63905.3,12421.6,1.55753,0,0,63905.3,0.696083,0.298515,4933.5,17.5,2643.06,2572.38,0.696083,0
01:11:15:00:17:01,8817.01,8812.15,91.2874,91.659,85.2357,1.50058,1.5028,2573.8,63994.4,12436.5,1.51272,0,0,63994.4,0.705724,0.299231,4948.38,17.5167,2644.58,2573.8,0.701516,0
01:11:15:00:17:02,8819.01,8796.7,91.3239,91.7765,85.4698,1.49963,1.5028,2575.22,64083.9,12438.5,1.47269,0,0,64083.9,0.713447,0.299734,4950.38,17.5333,2646.1,2575.22,0.70893,0
01:11:15:00:17:03,8821.3,8808.71,91.2923,91.894,85.504,1.49962,1.60824,2576.65,64173.5,12440.8,1.49097,0,0,64173.5,0.701939,0.300408,4952.66,17.55,2647.62,2576.65,0.706221,0
01:11:15:00:17:04,8821.3,8782.96,91.1613,91.6096,85.4657,1.50203,1.50292,2578.07,64263.3,12440.8,1.49669,0,0,64263.3,0.685597,0.300268,4952.66,17.5667,2649.14,2578.07,0.694597,0
01:11:15:00:17:05,8811,8807.57,91.4451,91.6924,85.3506,1.49993,1.50292,2579.5,64353.1,12430.5,1.55062,0,0,64353.1,0.677837,0.299404,4942.36,17.5833,2650.66,2579.5,0.67926,0
01:11:15:00:17:06,8807,8796.41,91.1572,91.5843,85.6128,1.50089,1.50291,2580.92,64442.8,12426.5,1.52534,0,0,64442.8,0.679283,0.298724,4938.35,17.6,2652.19,2580.92,0.678329,0
01:11:15:00:17:07,8796.7,8803.85,91.2092,91.5562,85.3423,1.50115,1.50291,2582.34,64532.6,12416.2,1.54142,0,0,64532.6,0.678456,0.298167,4928.05,17.6167,2653.7,2582.34,0.679427,0
01:11:15:00:17:08,8820.44,8804.71,91.3271,91.5455,85.3929,1.50063,1.5029,2583.77,64622.4,12439.9,1.55638,0,0,64622.4,0.677859,0.300015,4951.79,17.6333,2655.23,2583.77,0.679578,0
01:11:15:00:17:09,8809,8788.4,91.0443,91.5923,85.5047,1.50024,1.50289,2585.19,64712.1,12428.5,1.54832,0,0,64712.1,0.690933,0.300383,4940.34,17.65,2656.75,2585.19,0.690933,0
01:11:15:00:17:10,8827.02,8816.72,91.2882,91.5496,85.238,1.50079,1.50288,2586.61,64801.8,12446.5,1.55638,0,0,64801.8,0.708303,0.299309,4958.37,17.6667,2658.26,2586.61,0.701609,0
01:11:15:00:17:11,8802.99,8794.98,91.3633,91.5469,85.4658,1.50092,1.50287,2588.04,64891.5,12422.5,1.51731,0,0,64891.5,0.709386,0.299319,4934.33,17.6833,2659.79,2588.04,0.709889,0
01:11:15:00:17:12,8811.86,8800.99,91.2348,91.4681,85.5383,1.50033,1.50286,2589.46,64981.2,12431.3,1.46813,0,0,64981.2,0.702262,0.299771,4943.2,17.7,2661.31,2589.46,0.705107,0
01:11:15:00:17:13,8811.57,8796.13,91.3879,91.4721,85.4215,1.49936,1.50284,2590.89,65071,12431,1.45331,0,0,65071,0.694383,0.300628,4942.91,17.7167,2662.83,2590.89,0.694383,0
01:11:15:00:17:14,8800.13,8792.41,91.3633,91.5803,85.5649,1.49936,1.50283,2592.31,65160.7,12419.6,1.5196,0,0,65160.7,0.694747,0.301173,4931.47,17.7333,2664.35,2592.31,0.694747,0
01:11:15:00:17:15,8813.58,8795.55,91.1566,91.6791,85.5398,1.49991,1.50281,2593.74,65250.5,12433,1.52878,0,0,65250.5,0.699937,0.299259,4944.91,17.75,2665.87,2593.74,0.699937,0
01:11:15:00:17:16,8788.97,8795.27,91.3748,91.5869,85.3387,1.50202,1.50279,2595.16,65340.3,12408.4,1.50814,0,0,65340.3,0.700902,0.298045,4920.31,17.7667,2667.4,2595.16,0.702659,0
01:11:15:00:17:17,8808.14,8803.28,91.1629,91.5335,85.5497,1.50018,1.50278,2596.59,65430.1,12427.6,1.48983,0,0,65430.1,0.705074,0.299236,4939.47,17.7833,2668.92,2596.59,0.705074,0
01:11:15:00:17:18,8804.14,8793.26,91.2015,91.4201,85.3476,1.50119,1.50276,2598.01,65519.8,12423.6,1.4864,0,0,65519.8,0.709901,0.299298,4935.46,17.8,2670.44,2598.01,0.713142,0
01:11:15:00:17:19,8807,8798.7,91.322,91.4201,85.3876,1.50013,1.50273,2599.43,65609.6,12426.5,1.47498,0,0,65609.6,0.711302,0.301,4938.32,17.8167,2671.96,2599.43,0.711302,0
01:11:15:00:17:20,8825.02,8782.96,91.32,91.5669,85.4983,1.50068,1.50271,2600.86,65699.3,12444.5,1.51387,0,0,65699.3,0.705168,0.300489,4956.35,17.8333,2673.48,2600.86,0.705168,0
01:11:15:00:17:21,8788.11,8797.84,91.343,91.5349,85.4969,1.50057,1.50269,2602.28,65789,12407.6,1.48869,0,0,65789,0.706913,0.299548,4919.44,17.85,2675,2602.28,0.706561,0
01:11:15:00:17:22,8801.85,8774.09,91.6061,91.4828,85.5193,1.50032,1.50267,2603.71,65878.8,12421.3,1.45104,0,0,65878.8,0.708398,0.300323,4933.17,17.8667,2676.53,2603.71,0.707379,0
01:11:15:00:17:23,8791.26,8795.84,91.4314,91.5068,85.7658,1.50028,1.50264,2605.13,65968.6,12410.7,1.44648,0,0,65968.6,0.703529,0.301209,4922.58,17.8833,2678.05,2605.13,0.705984,0
01:11:15:00:17:24,8802.99,8800.42,91.0748,91.5255,85.598,1.50146,1.50262,2606.56,66058.6,12422.4,1.46129,0,0,66058.6,0.701496,0.300842,4934.31,17.9,2679.57,2606.56,0.702733,0
01:11:15:00:17:25,8799.84,8786.11,91.4265,91.4815,85.2648,1.50128,1.50259,2607.99,66148.6,12419.3,1.46357,0,0,66148.6,0.701355,0.301071,4931.16,17.9167,2681.09,2607.99,0.700703,0
01:11:15:00:17:26,8805.28,8793.84,91.2378,91.5482,85.5966,1.50056,1.50256,2609.41,66238.4,12424.7,1.45673,0,0,66238.4,0.700865,0.300692,4936.6,17.9333,2682.62,2609.41,0.701321,0
01:11:15:00:17:27,8805.85,8767.51,91.2196,91.5389,85.4235,1.49958,1.50253,2610.83,66328.1,12425.3,1.49555,0,0,66328.1,0.694989,0.298164,4937.17,17.95,2684.14,2610.83,0.697084,0
01:11:15:00:17:28,8800.42,8800.13,91.4209,91.6403,85.4047,1.50006,1.5025,2612.26,66417.9,12419.9,1.50585,0,0,66417.9,0.686705,0.297753,4931.74,17.9667,2685.66,2612.26,0.692218,0
01:11:15:00:17:29,8791.55,8779.53,91.2268,91.6136,85.5885,1.50136,1.50247,2613.68,66507.6,12411,1.52878,0,0,66507.6,0.691927,0.297763,4922.87,17.9833,2687.18,2613.68,0.691927,0
01:11:15:00:17:30,8784.97,8776.1,91.4629,91.635,85.4089,1.50077,1.50244,2615.11,66597.4,12404.4,1.53682,0,0,66597.4,0.703229,0.299203,4916.28,18,2688.7,2615.11,0.697355,0
01:11:15:00:17:31,8802.99,8787.26,91.3661,91.5536,85.6295,1.5009,1.50241,2616.53,66687.3,12422.4,1.51845,0,0,66687.3,0.704353,0.300913,4934.31,18.0167,2690.23,2616.53,0.705222,0
01:11:15:00:17:32,8790.12,8772.66,91.3563,91.4775,85.5373,1.50134,1.50238,2617.96,66777.1,12409.6,1.4864,0,0,66777.1,0.694651,0.300185,4921.43,18.0333,2691.75,2617.96,0.697013,0
01:11:15:00:17:33,8786.11,8795.27,91.4669,91.4868,85.5311,1.50052,1.50235,2619.39,66867,12405.6,1.45559,0,0,66867,0.68702,0.300465,4917.43,18.05,2693.27,2619.39,0.689852,0
01:11:15:00:17:34,8789.26,8780.96,91.1092,91.651,85.6348,1.50048,1.50231,2620.81,66956.9,12408.7,1.4944,0,0,66956.9,0.695724,0.30009,4920.57,18.0667,2694.79,2620.81,0.69177,0
01:11:15:00:17:35,8794.69,8791.55,91.273,91.6791,85.3016,1.5,1.50228,2622.24,67046.8,12414.1,1.52993,0,0,67046.8,0.695724,0.297474,4926.01,18.0833,2696.31,2622.24,0.698435,0
01:11:15:00:17:36,8800.7,8776.67,91.1071,91.5976,85.4515,1.50094,1.50225,2623.66,67136.5,12420.1,1.57251,0,0,67136.5,0.703743,0.297781,4932.02,18.1,2697.83,2623.66,0.704638,0
01:11:15:00:17:37,8786.68,8772.95,91.2564,91.5736,85.2942,1.5015,1.50221,2625.08,67226.2,12406.1,1.54487,0,0,67226.2,0.707958,0.297716,4918,18.1167,2699.35,2625.08,0.707018,0
01:11:15:00:17:38,8798.41,8776.1,91.2305,91.4988,85.438,1.5004,1.50218,2626.51,67315.9,12417.9,1.55407,0,0,67315.9,0.704843,0.300489,4929.73,18.1333,2700.87,2626.51,0.704843,0
01:11:15:00:17:39,8774.38,8780.67,91.4768,91.3987,85.4129,1.50063,1.50214,2627.93,67405.6,12393.8,1.58059,0,0,67405.6,0.704843,0.302595,4905.69,18.15,2702.4,2627.93,0.706689,0
01:11:15:00:17:40,8790.98,8785.25,91.1797,91.4027,85.6429,1.50079,1.50211,2629.35,67495.3,12410.4,1.55983,0,0,67495.3,0.707586,0.302757,4922.29,18.1667,2703.92,2629.35,0.706202,0
01:11:15:00:17:41,8782.96,8779.24,91.0882,91.4214,85.368,1.49991,1.50207,2630.78,67585.2,12402.4,1.56328,0,0,67585.2,0.703185,0.30073,4914.28,18.1833,2705.44,2630.78,0.69908,0
01:11:15:00:17:42,8794.41,8784.11,91.2554,91.5175,85.2822,1.49991,1.50204,2632.2,67675,12413.8,1.55983,0,0,67675,0.696351,0.300351,4925.72,18.2,2706.96,2632.2,0.692592,0
01:11:15:00:17:43,8804.14,8771.23,91.1533,91.4868,85.4387,1.49994,1.502,2633.62,67764.6,12423.6,1.57597,0,0,67764.6,0.694043,0.299286,4935.45,18.2167,2708.48,2633.62,0.690509,0
01:11:15:00:17:44,8780.96,8784.39,91.3444,91.651,85.3411,1.5005,1.50197,2635.05,67854.2,12400.4,1.58636,0,0,67854.2,0.690509,0.297469,4912.27,18.2333,2710,2635.05,0.684184,0
01:11:15:00:17:45,8792.69,8763.22,91.6338,91.6871,85.5236,1.49951,1.50193,2636.47,67943.9,12412.1,1.60486,0,0,67943.9,0.684184,0.29671,4924,18.25,2711.52,2636.47,0.68129,0
01:11:15:00:17:46,8779.82,8781.25,91.5792,91.5736,85.7862,1.5018,1.5019,2637.9,68033.6,12399.3,1.57136,0,0,68033.6,0.682733,0.295607,4911.13,18.2667,2713.05,2637.9,0.685424,0
01:11:15:00:17:47,8787.54,8782.39,91.2914,91.7485,85.7435,1.4995,1.50186,2639.33,68123.6,12407,1.54832,0,0,68123.6,0.687976,0.295781,4918.85,18.2833,2714.57,2639.33,0.693931,0
01:11:15:00:17:48,8784.11,8769.8,91.1306,91.7672,85.4713,1.50026,1.50183,2640.75,68213.6,12403.5,1.52993,0,0,68213.6,0.695702,0.298299,4915.42,18.3,2716.09,2640.75,0.696249,0
01:11:15:00:17:49,8792.12,8784.11,91.1615,91.6617,85.3195,1.50061,1.50179,2642.18,68303.5,12411.6,1.5047,0,0,68303.5,0.698229,0.300573,4923.43,18.3167,2717.61,2642.18,0.700071,0
01:11:15:00:17:50,8794.69,8773.52,91.2027,91.7205,85.3492,1.50037,1.50176,2643.6,68393.2,12414.1,1.53567,0,0,68393.2,0.700071,0.302008,4926.01,18.3333,2719.13,2643.6,0.702343,0
01:11:15:00:17:51,8790.98,8790.69,91.439,91.6123,85.3815,1.50208,1.50172,2645.02,68482.9,12410.4,1.46471,0,0,68482.9,0.70189,0.30124,4922.29,18.35,2720.65,2645.02,0.702538,0
01:11:15:00:17:52,8791.83,8768.95,91.439,91.619,85.6119,1.49957,1.50169,2646.45,68572.6,12411.3,1.4499,0,0,68572.6,0.699259,0.299739,4923.14,18.3667,2722.18,2646.45,0.702538,0
01:11:15:00:17:53,8786.68,8771.81,91.2844,91.4855,85.6057,1.50129,1.50165,2647.88,68662.4,12406.1,1.46357,0,0,68662.4,0.692551,0.297698,4917.99,18.3833,2723.7,2647.88,0.693348,0
01:11:15:00:17:54,8789.83,8777.81,91.2844,91.5082,85.462,1.501,1.50162,2649.3,68752.3,12409.3,1.50241,0,0,68752.3,0.691756,0.297286,4921.14,18.4,2725.22,2649.3,0.693013,0
01:11:15:00:17:55,8774.67,8767.23,91.2954,91.4321,85.4656,1.49998,1.50159,2650.73,68842.2,12394.1,1.49212,0,0,68842.2,0.706016,0.298123,4905.98,18.4167,2726.74,2650.73,0.700687,0
01:11:15:00:17:56,8782.11,8784.68,91.1631,91.388,85.4746,1.50037,1.50155,2652.15,68931.9,12401.5,1.55983,0,0,68931.9,0.713398,0.299457,4913.42,18.4333,2728.26,2652.15,0.711946,0
01:11:15:00:17:57,8778.1,8773.52,91.3124,91.2905,85.3524,1.4999,1.50152,2653.57,69021.7,12397.5,1.54832,0,0,69021.7,0.709895,0.301063,4909.41,18.45,2729.78,2653.57,0.712941,0
01:11:15:00:17:58,8786.97,8782.68,91.3398,91.3253,85.4911,1.50021,1.50149,2655,69111.4,12406.4,1.55983,0,0,69111.4,0.701826,0.301592,4918.28,18.4667,2731.31,2655,0.705864,0
01:11:15:00:17:59,8784.11,8771.52,91.0588,91.3426,85.5161,1.50039,1.50146,2656.42,69201.1,12403.5,1.53567,0,0,69201.1,0.698168,0.299896,4915.42,18.4833,2732.83,2656.42,0.698168,0
01:11:15:00:18:00,8781.25,8766.94,91.0985,91.2131,85.2526,1.50052,1.50142,2657.84,69290.9,12400.7,1.53452,0,0,69290.9,0.694392,0.29907,4912.56,18.5,2734.34,2657.84,0.696168,0
01:11:15:00:18:01,8793.26,8769.23,91.4383,91.3066,85.2911,1.50014,1.50139,2659.27,69380.6,12412.7,1.47041,0,0,69380.6,0.694962,0.29863,4924.57,18.5167,2735.87,2659.27,0.695695,0
01:11:15:00:18:02,8767.8,8777.81,91.2844,91.2905,85.6075,1.50063,1.50136,2660.69,69470.1,12387.2,1.45445,0,0,69470.1,0.698271,0.298029,4899.11,18.5333,2737.39,2660.69,0.696959,0
01:11:15:00:18:03,8782.39,8773.24,91.1793,91.4695,85.4653,1.50008,1.50133,2662.12,69559.9,12401.8,1.47041,0,0,69559.9,0.701941,0.297688,4913.7,18.55,2738.91,2662.12,0.700007,0
01:11:15:00:18:04,8768.66,8775.81,91.031,91.424,85.3662,1.50029,1.5013,2663.54,69649.7,12388.1,1.46471,0,0,69649.7,0.699606,0.300205,4899.97,18.5667,2740.43,2663.54,0.701987,0
01:11:15:00:18:05,8788.11,8776.96,91.1539,91.5202,85.2274,1.50028,1.50128,2664.96,69739.4,12407.6,1.47612,0,0,69739.4,0.692877,0.30066,4919.42,18.5833,2741.95,2664.96,0.696215,0
01:11:15:00:18:06,8788.4,8770.38,91.2873,91.5135,85.3436,1.49996,1.50125,2666.38,69829,12407.8,1.50814,0,0,69829,0.684046,0.299799,4919.71,18.6,2743.47,2666.38,0.686404,0
01:11:15:00:18:07,8778.96,8779.24,91.1138,91.5602,85.4648,1.50099,1.50122,2667.81,69918.5,12398.4,1.52075,0,0,69918.5,0.68895,0.298744,4910.27,18.6167,2744.99,2667.81,0.686756,0
01:11:15:00:18:08,8787.83,8773.52,91.2951,91.5803,85.3013,1.50127,1.50119,2669.23,70008.2,12407.3,1.52419,0,0,70008.2,0.698123,0.298541,4919.14,18.6333,2746.51,2669.23,0.698123,0
01:11:15:00:18:09,8777.53,8772.09,91.3418,91.7218,85.4762,1.49987,1.50117,2670.65,70097.9,12397,1.52419,0,0,70097.9,0.701696,0.299949,4908.84,18.65,2748.03,2670.65,0.700346,0
01:11:15:00:18:10,8778.67,8764.37,91.4624,91.7445,85.516,1.5009,1.50114,2672.08,70187.6,12398.1,1.53337,0,0,70187.6,0.702387,0.300326,4909.98,18.6667,2749.55,2672.08,0.701415,0
01:11:15:00:18:11,8772.38,8764.08,91.3202,91.7111,85.6302,1.50058,1.50112,2673.5,70277.4,12391.8,1.4864,0,0,70277.4,0.698778,0.299943,4903.69,18.6833,2751.07,2673.5,0.698778,0
01:11:15:00:18:12,8773.52,8778.1,91.238,91.6817,85.4958,1.50092,1.50109,2674.93,70367.3,12393,1.43398,0,0,70367.3,0.697116,0.298848,4904.83,18.7,2752.6,2674.93,0.696561,0
01:11:15:00:18:13,8777.81,8767.8,91.1571,91.6497,85.4214,1.50021,1.50107,2676.35,70457.2,12397.3,1.4317,0,0,70457.2,0.69567,0.297739,4909.12,18.7167,2754.12,2676.35,0.69567,0
01:11:15:00:18:14,8772.95,8786.68,91.4255,91.6444,85.3437,1.50075,1.50105,2677.78,70547,12392.4,1.44535,0,0,70547,0.697594,0.297954,4904.26,18.7333,2755.64,2677.78,0.697594,0
01:11:15:00:18:15,8785.54,8765.23,91.5474,91.591,85.5955,1.5006,1.50102,2679.2,70636.7,12405,1.43625,0,0,70636.7,0.700951,0.300255,4916.85,18.75,2757.16,2679.2,0.700965,0
01:11:15:00:18:16,8784.11,8772.66,91.0021,91.4855,85.7086,1.50089,1.501,2680.63,70726.4,12403.5,1.44876,0,0,70726.4,0.700298,0.300444,4915.42,18.7667,2758.68,2680.63,0.700933,0
01:11:15:00:18:17,8784.97,8766.37,91.2515,91.3066,85.1981,1.50089,1.50098,2682.05,70816.4,12404.4,1.46699,0,0,70816.4,0.694762,0.300049,4916.27,18.7833,2760.2,2682.05,0.69633,0
01:11:15:00:18:18,8771.23,8763.22,91.246,91.3199,85.4313,1.50097,1.50096,2683.47,70906.2,12390.7,1.44535,0,0,70906.2,0.692664,0.30036,4902.54,18.8,2761.72,2683.47,0.694253,0
01:11:15:00:18:19,8779.24,8773.52,91.3227,91.3039,85.4269,1.50076,1.50094,2684.9,70995.8,12398.7,1.50127,0,0,70995.8,0.701844,0.298782,4910.55,18.8167,2763.24,2684.9,0.698937,0
01:11:15:00:18:20,8770.95,8768.37,91.2247,91.3666,85.5018,1.49993,1.50092,2686.32,71085.6,12390.4,1.51272,0,0,71085.6,0.706949,0.298372,4902.26,18.8333,2764.77,2686.32,0.70451,0
01:11:15:00:18:21,8783.82,8783.25,91.2077,91.4574,85.4104,1.49981,1.5009,2687.75,71175.3,12403.3,1.44307,0,0,71175.3,0.708398,0.299845,4915.13,18.85,2766.29,2687.75,0.708398,0
01:11:15:00:18:22,8776.67,8770.09,91.1552,91.607,85.3934,1.50012,1.50088,2689.17,71265.1,12396.1,1.44648,0,0,71265.1,0.700957,0.301256,4907.98,18.8667,2767.81,2689.17,0.704431,0
01:11:15:00:18:23,8782.11,8769.8,91.2658,91.6083,85.3436,1.50028,1.50087,2690.59,71354.7,12401.5,1.5047,0,0,71354.7,0.700041,0.301274,4913.42,18.8833,2769.33,2690.59,0.700783,0
01:11:15:00:18:24,8790.98,8764.08,91.162,91.6096,85.4459,1.50063,1.50085,2692.02,71444.4,12410.4,1.51616,0,0,71444.4,0.703659,0.299738,4922.28,18.9,2770.85,2692.02,0.703212,0
01:11:15:00:18:25,8769.52,8773.24,91.4885,91.6043,85.349,1.50055,1.50083,2693.44,71534.1,12389,1.55983,0,0,71534.1,0.703582,0.298342,4900.83,18.9167,2772.37,2693.44,0.703834,0
01:11:15:00:18:26,8784.39,8774.38,91.5296,91.7405,85.6569,1.49994,1.50082,2694.86,71623.8,12403.8,1.51731,0,0,71623.8,0.696778,0.298,4915.7,18.9333,2773.89,2694.86,0.697715,0
01:11:15:00:18:27,8767.51,8764.37,91.3619,91.7338,85.6881,1.50195,1.5008,2696.29,71713.6,12387,1.51731,0,0,71713.6,0.697297,0.298293,4898.82,18.95,2775.42,2696.29,0.695539,0
01:11:15:00:18:28,8784.97,8770.95,91.2513,91.7378,85.5367,1.5004,1.50079,2697.72,71803.6,12404.4,1.53108,0,0,71803.6,0.697183,0.299423,4916.28,18.9667,2776.94,2697.72,0.697183,0
01:11:15:00:18:29,8780.96,8773.24,91.1248,91.7618,85.4339,1.5002,1.50077,2699.14,71893.5,12400.4,1.53337,0,0,71893.5,0.69716,0.300825,4912.27,18.9833,2778.46,2699.14,0.699158,0
01:11:15:00:18:30,8777.81,8779.53,91.3622,91.7111,85.3149,1.50035,1.50076,2700.57,71983.3,12397.3,1.53912,0,0,71983.3,0.690811,0.300195,4909.13,19,2779.98,2700.57,0.693244,0
01:11:15:00:18:31,8790.98,8772.38,91.3389,91.6564,85.5327,1.50159,1.50075,2701.99,72073,12410.4,1.47612,0,0,72073,0.681468,0.298994,4922.29,19.0167,2781.5,2701.99,0.681818,0
01:11:15:00:18:32,8775.53,8778.1,91.2603,91.5335,85.5153,1.50038,1.50073,2703.42,72162.7,12395,1.47954,0,0,72162.7,0.68391,0.297848,4906.84,19.0333,2783.02,2703.42,0.679744,0
01:11:15:00:18:33,8791.83,8762.65,91.2227,91.5656,85.4414,1.50046,1.50072,2704.84,72252.6,12411.3,1.47155,0,0,72252.6,0.68391,0.295597,4923.14,19.05,2784.54,2704.84,0.690137,0
01:11:15:00:18:34,8778.1,8764.08,91.1814,91.6697,85.4057,1.50059,1.50071,2706.26,72342.4,12397.5,1.46927,0,0,72342.4,0.693128,0.294998,4909.41,19.0667,2786.06,2706.26,0.694816,0
01:11:15:00:18:35,8777.81,8773.81,91.131,91.7338,85.3689,1.50009,1.5007,2707.69,72432.1,12397.3,1.50241,0,0,72432.1,0.695932,0.295355,4909.13,19.0833,2787.58,2707.69,0.695054,0
01:11:15:00:18:36,8777.24,8767.51,91.1501,91.9755,85.3242,1.49939,1.50069,2709.11,72521.8,12396.7,1.50356,0,0,72521.8,0.693603,0.296642,4908.56,19.1,2789.1,2709.11,0.692612,0
01:11:15:00:18:37,8768.37,8784.68,91.3143,91.8513,85.3382,1.50045,1.50068,2710.53,72611.4,12387.8,1.49669,0,0,72611.4,0.691337,0.297107,4899.69,19.1167,2790.62,2710.53,0.69025,0
01:11:15:00:18:38,8781.82,8764.37,91.3777,91.6737,85.486,1.50209,1.50067,2711.96,72701,12401.3,1.51845,0,0,72701,0.69025,0.298636,4913.13,19.1333,2792.15,2711.96,0.693468,0
01:11:15:00:18:39,8786.11,8776.96,91.2298,91.6457,85.5492,1.50104,1.50066,2713.38,72790.7,12405.6,1.54717,0,0,72790.7,0.693969,0.299605,4917.43,19.15,2793.67,2713.38,0.695843,0
01:11:15:00:18:40,8781.82,8765.51,91.0727,91.4975,85.4104,1.50114,1.50065,2714.81,72880.6,12401.3,1.55983,0,0,72880.6,0.696647,0.301205,4913.13,19.1667,2795.19,2714.81,0.698223,0
01:11:15:00:18:41,8773.52,8758.93,91.4587,91.4708,85.264,1.50094,1.50064,2716.23,72970.4,12393,1.52419,0,0,72970.4,0.698223,0.30221,4904.84,19.1833,2796.71,2716.23,0.698386,0
01:11:15:00:18:42,8779.82,8770.95,91.2801,91.4601,85.6269,1.50052,1.50063,2717.65,73060.1,12399.3,1.46699,0,0,73060.1,0.697783,0.302811,4911.13,19.2,2798.23,2717.65,0.704196,0
01:11:15:00:18:43,8768.95,8767.23,91.1581,91.5589,85.4618,1.49995,1.50063,2719.08,73149.9,12388.4,1.52189,0,0,73149.9,0.705065,0.300216,4900.26,19.2167,2799.75,2719.08,0.705835,0
01:11:15:00:18:44,8779.53,8779.82,91.25,91.6283,85.3466,1.50022,1.50062,2720.5,73239.7,12399,1.57482,0,0,73239.7,0.707532,0.299665,4910.85,19.2333,2801.27,2720.5,0.703328,0
01:11:15:00:18:45,8773.24,8766.94,91.2816,91.8072,85.4313,1.50059,1.50061,2721.92,73329.4,12392.7,1.54027,0,0,73329.4,0.705349,0.297318,4904.55,19.25,2802.79,2721.92,0.706224,0
01:11:15:00:18:46,8782.96,8775.24,91.0804,91.7485,85.4607,1.50062,1.5006,2723.35,73419.1,12402.4,1.54832,0,0,73419.1,0.712286,0.295583,4914.28,19.2667,2804.31,2723.35,0.720743,0
01:11:15:00:18:47,8789.83,8779.24,91.0129,91.639,85.2692,1.50149,1.5006,2724.77,73508.8,12409.3,1.55062,0,0,73508.8,0.723484,0.296059,4921.15,19.2833,2805.83,2724.77,0.724605,0
01:11:15:00:18:48,8773.24,8769.8,91.2598,91.5963,85.2089,1.5007,1.50059,2726.19,73598.5,12392.7,1.55753,0,0,73598.5,0.723154,0.298911,4904.56,19.3,2807.35,2726.19,0.717209,0
01:11:15:00:18:49,8779.82,8768.37,91.4258,91.7018,85.4428,1.49995,1.50058,2727.61,73688.1,12399.3,1.53452,0,0,73688.1,0.714576,0.300478,4911.14,19.3167,2808.87,2727.61,0.717209,0
01:11:15:00:18:50,8772.09,8760.93,91.3004,91.7258,85.5979,1.50002,1.50058,2729.04,73777.7,12391.5,1.58174,0,0,73777.7,0.709253,0.29952,4903.41,19.3333,2810.39,2729.04,0.710898,0
01:11:15:00:18:51,8779.53,8766.94,91.3528,91.6136,85.4765,1.50113,1.50057,2730.46,73867.5,12399,1.55522,0,0,73867.5,0.704534,0.296762,4910.85,19.35,2811.92,2730.46,0.704534,0
01:11:15:00:18:52,8770.95,8766.94,91.6205,91.6857,85.53,1.49991,1.50057,2731.89,73957.3,12390.4,1.57712,0,0,73957.3,0.702364,0.296727,4902.27,19.3667,2813.44,2731.89,0.70235,0
01:11:15:00:18:53,8767.51,8771.23,91.4298,91.5936,85.7768,1.50095,1.50056,2733.32,74047.1,12387,1.60139,0,0,74047.1,0.704326,0.29693,4898.84,19.3833,2814.97,2733.32,0.70332,0
01:11:15:00:18:54,8780.96,8768.09,91.2383,91.623,85.5986,1.50088,1.50056,2734.75,74137.1,12400.4,1.57597,0,0,74137.1,0.7061,0.297511,4912.29,19.4,2816.49,2734.75,0.706,0
01:11:15:00:18:55,8770.95,8772.95,91.3826,91.6724,85.423,1.49986,1.50055,2736.17,74227.1,12390.4,1.59445,0,0,74227.1,0.701862,0.297602,4902.27,19.4167,2818.01,2736.17,0.705149,0
01:11:15:00:18:56,8783.54,8757.79,91.4267,91.7111,85.555,1.50071,1.50055,2737.6,74316.9,12403,1.58983,0,0,74316.9,0.694139,0.295222,4914.86,19.4333,2819.53,2737.6,0.696832,0
01:11:15:00:18:57,8772.38,8757.79,91.2132,91.7926,85.6015,1.49927,1.50054,2739.02,74406.7,12391.8,1.60486,0,0,74406.7,0.684408,0.294677,4903.7,19.45,2821.06,2739.02,0.688908,0
01:11:15:00:18:58,8773.81,8761.79,91.1483,91.8874,85.3974,1.50045,1.50054,2740.45,74496.6,12393.3,1.56905,0,0,74496.6,0.673583,0.296931,4905.14,19.4667,2822.57,2740.45,0.677235,0
01:11:15:00:18:59,8769.23,8764.94,91.4016,91.8793,85.3356,1.5007,1.50054,2741.87,74586.3,12388.7,1.59676,0,0,74586.3,0.673936,0.299774,4900.56,19.4833,2824.1,2741.87,0.67335,0
01:11:15:00:19:00,8762.37,8771.23,91.4514,91.8994,85.5722,1.50087,1.50053,2743.29,74676,12381.8,1.57943,0,0,74676,0.680153,0.302914,4893.69,19.5,2825.62,2743.29,0.680153,0
01:11:15:00:19:01,8771.23,8761.22,91.2355,91.9888,85.6192,1.50075,1.50053,2744.72,74765.8,12390.7,1.52648,0,0,74765.8,0.686197,0.303398,4902.56,19.5167,2827.14,2744.72,0.685613,0
01:11:15:00:19:02,8778.39,8769.8,91.1605,91.874,85.4141,1.50157,1.50052,2746.15,74855.7,12397.8,1.5196,0,0,74855.7,0.691773,0.302828,4909.72,19.5333,2828.66,2746.15,0.689907,0
01:11:15:00:19:03,8770.38,8759.5,91.3879,91.7886,85.3449,1.50128,1.50052,2747.57,74945.6,12389.8,1.50356,0,0,74945.6,0.705112,0.302304,4901.7,19.55,2830.18,2747.57,0.701831,0
01:11:15:00:19:04,8775.81,8768.37,91.2409,91.8086,85.5617,1.50023,1.50052,2748.99,75035.3,12395.3,1.47384,0,0,75035.3,0.712916,0.298474,4907.14,19.5667,2831.71,2748.99,0.713633,0
01:11:15:00:19:05,8773.81,8766.66,91.0476,91.8299,85.4243,1.50017,1.50051,2750.42,75125.1,12393.3,1.48297,0,0,75125.1,0.715704,0.295136,4905.14,19.5833,2833.22,2750.42,0.715704,0
01:11:15:00:19:06,8765.23,8758.93,91.3787,91.7392,85.2411,1.50076,1.50051,2751.84,75214.8,12384.7,1.48869,0,0,75214.8,0.716655,0.293182,4896.56,19.6,2834.74,2751.84,0.716655,0
01:11:15:00:19:07,8774.67,8772.95,91.068,91.6016,85.5522,1.50048,1.5005,2753.26,75304.5,12394.1,1.48754,0,0,75304.5,0.717475,0.294262,4906,19.6167,2836.27,2753.26,0.719285,0
01:11:15:00:19:08,8760.08,8757.79,91.1995,91.7218,85.2627,1.50011,1.5005,2754.69,75394.2,12379.5,1.52764,0,0,75394.2,0.715907,0.297185,4891.41,19.6333,2837.78,2754.69,0.715907,0
01:11:15:00:19:09,8776.67,8767.8,91.1931,91.7805,85.3858,1.50009,1.5005,2756.11,75483.9,12396.1,1.53452,0,0,75483.9,0.697175,0.304413,4908,19.65,2839.3,2756.11,0.700736,0
01:11:15:00:19:10,8768.95,8774.38,91.153,91.7405,85.3834,1.49911,1.50049,2757.53,75573.5,12388.4,1.53567,0,0,75573.5,0.689498,0.306316,4900.28,19.6667,2840.82,2757.53,0.690794,0
01:11:15:00:19:11,8769.52,8765.23,91.2026,91.7458,85.3398,1.50078,1.50049,2758.95,75663.1,12389,1.52993,0,0,75663.1,0.681467,0.308757,4900.85,19.6833,2842.34,2758.95,0.681467,0
01:11:15:00:19:12,8783.54,8764.08,91.152,91.6871,85.3876,1.5004,1.50048,2760.38,75752.7,12403,1.53682,0,0,75752.7,0.681145,0.308831,4914.87,19.7,2843.86,2760.38,0.678449,0
01:11:15:00:19:13,8776.1,8768.66,91.5287,91.6938,85.3397,1.50053,1.50048,2761.8,75842.4,12395.6,1.56905,0,0,75842.4,0.687167,0.308472,4907.43,19.7167,2845.39,2761.8,0.684341,0
01:11:15:00:19:14,8782.68,8760.36,91.2386,91.6123,85.6909,1.50094,1.50047,2763.23,75932,12402.1,1.61412,0,0,75932,0.695149,0.308574,4914.01,19.7333,2846.91,2763.23,0.693182,0
01:11:15:00:19:15,8769.8,8768.66,91.2297,91.7952,85.4233,1.49985,1.50047,2764.65,76021.9,12389.3,1.59907,0,0,76021.9,0.698672,0.306863,4901.14,19.75,2848.43,2764.65,0.696079,0
01:11:15:00:19:16,8770.09,8763.51,91.17,91.7846,85.4119,1.5007,1.50046,2766.08,76111.7,12389.6,1.59907,0,0,76111.7,0.698713,0.305821,4901.43,19.7667,2849.95,2766.08,0.698719,0
01:11:15:00:19:17,8778.96,8770.66,91.2642,91.7044,85.3555,1.50082,1.50046,2767.5,76201.4,12398.4,1.56328,0,0,76201.4,0.704782,0.304883,4910.3,19.7833,2851.47,2767.5,0.700378,0
01:11:15:00:19:18,8770.95,8777.24,91.3245,91.5415,85.4411,1.50153,1.50045,2768.92,76291.1,12390.4,1.59213,0,0,76291.1,0.711684,0.303972,4902.28,19.8,2852.99,2768.92,0.709475,0
01:11:15:00:19:19,8782.68,8757.5,91.2899,91.4721,85.9651,1.37356,1.50045,2770.35,76380.9,12402.1,1.57712,0,0,76380.9,0.716755,0.302751,4914.02,19.8167,2854.51,2770.35,0.715085,0
01:11:15:00:19:20,8782.96,8766.66,91.2635,91.4534,85.472,1.49967,1.50044,2771.78,76467.1,12402.4,1.57712,0,0,76467.1,0.723384,0.299903,4914.3,19.8333,2856.03,2771.78,0.723384,0
01:11:15:00:19:21,8781.53,8761.22,91.3714,91.4801,85.4464,1.49991,1.50044,2773.2,76553.3,12401,1.54372,0,0,76553.3,0.733176,0.30118,4912.87,19.85,2857.56,2773.2,0.732504,0
01:11:15:00:19:22,8772.09,8764.65,91.3714,91.5749,85.5523,1.49859,1.50043,2774.63,76643,12391.6,1.57136,0,0,76643,0.736697,0.299629,4903.43,19.8667,2859.08,2774.63,0.734128,0
01:11:15:00:19:23,8767.8,8768.66,91.3992,91.5456,85.5486,1.4996,1.50043,2776.05,76732.7,12387.3,1.59329,0,0,76732.7,0.725098,0.296831,4899.14,19.8833,2860.6,2776.05,0.730838,0
01:11:15:00:19:24,8770.66,8759.5,91.1092,91.5335,85.5723,1.50021,1.50042,2777.48,76822.5,12390.1,1.60486,0,0,76822.5,0.71345,0.295533,4902,19.9,2862.12,2777.48,0.718775,0
01:11:15:00:19:25,8779.24,8771.23,91.4548,91.4454,85.3032,1.49954,1.50042,2778.9,76912.3,12398.7,1.62107,0,0,76912.3,0.70206,0.294492,4910.59,19.9167,2863.64,2778.9,0.704989,0
01:11:15:00:19:26,8773.52,8764.65,91.119,91.6016,85.6282,1.49918,1.50041,2780.33,77002,12393,1.60602,0,0,77002,0.70206,0.295148,4904.86,19.9333,2865.17,2780.33,0.699445,0
01:11:15:00:19:27,8788.11,8774.67,91.2287,91.4694,85.3098,1.50027,1.50041,2781.75,77091.7,12407.6,1.61065,0,0,77091.7,0.697026,0.294715,4919.46,19.95,2866.68,2781.75,0.694643,0
01:11:15:00:19:28,8779.24,8773.24,91.2522,91.6243,85.4189,1.49852,1.5004,2783.18,77181.5,12398.7,1.60949,0,0,77181.5,0.69093,0.298241,4910.59,19.9667,2868.21,2783.18,0.68963,0
01:11:15:00:19:29,8783.25,8768.37,91.3043,91.6176,85.4351,1.50012,1.50039,2784.6,77271.1,12402.7,1.61065,0,0,77271.1,0.692094,0.300707,4914.59,19.9833,2869.73,2784.6,0.699711,0
01:11:15:00:19:30,8778.67,8762.08,91.2559,91.5122,85.4847,1.49987,1.50039,2786.02,77360.7,12398.1,1.60949,0,0,77360.7,0.699711,0.300757,4910.01,20,2871.25,2786.02,0.698029,0
01:11:15:00:19:31,8773.52,8760.65,91.4265,91.4094,85.4385,1.50014,1.50038,2787.45,77450.5,12393,1.55638,0,0,77450.5,0.69707,0.300583,4904.87,20.0167,2872.77,2787.45,0.691061,0
01:11:15:00:19:32,8779.24,8766.37,91.3207,91.4227,85.5999,1.49966,1.50038,2788.87,77540.2,12398.7,1.56328,0,0,77540.2,0.692322,0.299495,4910.59,20.0333,2874.29,2788.87,0.689713,0
01:11:15:00:19:33,8770.38,8774.67,91.4493,91.6016,85.5027,1.49917,1.50037,2790.3,77630,12389.8,1.5679,0,0,77630,0.689713,0.298332,4901.72,20.05,2875.82,2790.3,0.696903,0
01:11:15:00:19:34,8772.38,8770.09,91.197,91.6604,85.6213,1.49964,1.50036,2791.72,77719.8,12391.9,1.60602,0,0,77719.8,0.693597,0.300087,4903.72,20.0667,2877.34,2791.72,0.699535,0
01:11:15:00:19:35,8783.54,8768.09,91.1519,91.5803,85.3834,1.50013,1.50036,2793.15,77809.6,12403,1.58405,0,0,77809.6,0.699535,0.300714,4914.88,20.0833,2878.86,2793.15,0.700813,0
01:11:15:00:19:36,8781.53,8773.81,91.2816,91.611,85.3455,1.49892,1.50035,2794.57,77899.3,12401,1.56328,0,0,77899.3,0.700813,0.301507,4912.88,20.1,2880.38,2794.57,0.699575,0
01:11:15:00:19:37,8788.97,8764.08,91.3918,91.4254,85.4594,1.50099,1.50034,2796,77989,12408.4,1.56213,0,0,77989,0.699575,0.300978,4920.32,20.1167,2881.9,2796,0.698025,0
01:11:15:00:19:38,8777.53,8772.09,91.3011,91.3012,85.5658,1.50012,1.50034,2797.42,78078.6,12397,1.54027,0,0,78078.6,0.700278,0.299882,4908.87,20.1333,2883.42,2797.42,0.704881,0
01:11:15:00:19:39,8776.67,8766.08,91.1529,91.396,85.4851,1.49895,1.50033,2798.85,78168.4,12396.1,1.52993,0,0,78168.4,0.70312,0.298195,4907.93,20.15,2884.94,2798.85,0.703293,0
01:11:15:00:19:40,8777.53,8771.52,91.1153,91.3413,85.3446,1.49944,1.50033,2800.27,78258.2,12396.7,1.55177,0,0,78258.2,0.702131,0.298198,4908.57,20.1667,2886.46,2800.27,0.699124,0
01:11:15:00:19:41,8771.23,8778.39,91.2602,91.1917,85.3064,1.50023,1.50032,2801.69,78347.9,12390.4,1.57136,0,0,78347.9,0.699124,0.300603,4902.24,20.1833,2887.98,2801.69,0.699124,0
01:11:15:00:19:42,8784.97,8764.37,91.1901,91.3026,85.4433,1.49991,1.50032,2803.11,78437.4,12404.1,1.60949,0,0,78437.4,0.701572,0.301998,4915.94,20.2,2889.5,2803.11,0.697506,0
01:11:15:00:19:43,8790.98,8778.39,91.3216,91.352,85.3795,1.4994,1.50031,2804.54,78527.1,12410.1,1.6734,0,0,78527.1,0.70313,0.302471,4921.94,20.2167,2891.02,2804.54,0.703232,0
01:11:15:00:19:44,8786.68,8772.66,91.1003,91.4694,85.5036,1.49914,1.5003,2805.96,78616.7,12405.8,1.67806,0,0,78616.7,0.702532,0.302131,4917.64,20.2333,2892.54,2805.96,0.70312,0
01:11:15:00:19:45,8781.25,8774.67,91.2127,91.4708,85.2945,1.49966,1.5003,2807.39,78706.4,12400.3,1.65941,0,0,78706.4,0.695558,0.300184,4912.21,20.25,2894.06,2807.39,0.698822,0
01:11:15:00:19:46,8768.95,8760.93,91.2664,91.38,85.4001,1.49956,1.50029,2808.81,78796,12388,1.68156,0,0,78796,0.690781,0.299087,4899.92,20.2667,2895.58,2808.81,0.691987,0
01:11:15:00:19:47,8777.53,8761.22,91.1153,91.4027,85.4508,1.49944,1.50029,2810.23,78885.6,12396.7,1.66058,0,0,78885.6,0.691366,0.298101,4908.53,20.2833,2897.1,2810.23,0.689763,0
01:11:15:00:19:48,8776.67,8774.38,91.2707,91.3813,85.3106,1.49908,1.50029,2811.66,78975.3,12395.8,1.70141,0,0,78975.3,0.696292,0.297301,4907.71,20.3,2898.62,2811.66,0.692662,0
01:11:15:00:19:49,8770.66,8763.79,91.215,91.3787,85.4538,1.49972,1.50028,2813.08,79064.9,12389.9,1.71194,0,0,79064.9,0.701546,0.299068,4901.72,20.3167,2900.14,2813.08,0.699615,0
01:11:15:00:19:50,8783.54,8778.39,91.4266,91.3973,85.4034,1.49924,1.50028,2814.5,79154.5,12402.7,1.76359,0,0,79154.5,0.707975,0.300834,4914.59,20.3333,2901.67,2814.5,0.707975,0
01:11:15:00:19:51,8777.24,8777.24,91.2335,91.4467,85.6033,1.49874,1.50027,2815.93,79244.2,12396.4,1.70726,0,0,79244.2,0.709087,0.3012,4908.29,20.35,2903.19,2815.93,0.708114,0
01:11:15:00:19:52,8783.82,8768.95,91.1295,91.3733,85.4137,1.50119,1.50027,2817.35,79333.9,12403,1.69557,0,0,79333.9,0.705943,0.299659,4914.87,20.3667,2904.71,2817.35,0.707011,0
01:11:15:00:19:53,8785.83,8769.52,91.2524,91.3626,85.3269,1.49827,1.50027,2818.78,79423.7,12405,1.73304,0,0,79423.7,0.693088,0.2983,4916.88,20.3833,2906.23,2818.78,0.700219,0
01:11:15:00:19:54,8779.53,8763.79,91.1324,91.4387,85.4372,1.49957,1.50026,2820.2,79513.3,12398.7,1.74008,0,0,79513.3,0.689217,0.298625,4910.58,20.4,2907.75,2820.2,0.688294,0
01:11:15:00:19:55,8783.25,8767.23,91.2253,91.5469,85.3288,1.49849,1.50026,2821.62,79602.9,12402.4,1.75182,0,0,79602.9,0.688927,0.299493,4914.29,20.4167,2909.27,2821.62,0.68699,0
01:11:15:00:19:56,8767.8,8774.95,91.6358,91.6257,85.4115,1.49966,1.50026,2823.04,79692.5,12387,1.78834,0,0,79692.5,0.693959,0.301986,4898.84,20.4333,2910.79,2823.04,0.691902,0
01:11:15:00:19:57,8775.81,8768.37,91.2754,91.5709,85.7971,1.49931,1.50026,2824.47,79782.1,12395,1.75535,0,0,79782.1,0.702759,0.302199,4906.86,20.45,2912.32,2824.47,0.702759,0
01:11:15:00:19:58,8782.39,8776.1,91.3928,91.5322,85.4514,1.5016,1.50025,2825.9,79871.9,12401.6,1.82143,0,0,79871.9,0.700463,0.299774,4913.44,20.4667,2913.84,2825.9,0.700463,0
01:11:15:00:19:59,8784.68,8776.67,91.1827,91.5295,85.5605,1.50183,1.50025,2827.32,79961.9,12403.8,1.79306,0,0,79961.9,0.691981,0.299415,4915.72,20.4833,2915.36,2827.32,0.682309,0
01:11:15:00:20:00,8788.11,8764.65,91.2208,91.4708,85.3668,1.501,1.50025,2828.75,80051.7,12407.3,1.7848,0,0,80051.7,0.675394,0.298308,4919.14,20.5,2916.88,2828.75,0.675394,0
01:11:15:00:20:01,8778.67,8768.66,91.3246,91.3773,85.4,1.50168,1.50025,2830.17,80141.6,12397.8,1.76006,0,0,80141.6,0.674248,0.298678,4909.7,20.5167,2918.4,2830.17,0.674863,0
01:11:15:00:20:02,8776.67,8762.37,91.249,91.3613,85.4998,1.50096,1.50025,2831.59,80231.3,12395.8,1.76241,0,0,80231.3,0.683349,0.30052,4907.71,20.5333,2919.92,2831.59,0.683349,0
01:11:15:00:20:03,8777.53,8766.08,91.3277,91.368,85.4293,1.50086,1.50025,2833.02,80321.1,12396.7,1.72248,0,0,80321.1,0.685855,0.301717,4908.57,20.55,2921.44,2833.02,0.687662,0
01:11:15:00:20:04,8772.95,8763.51,91.1677,91.2705,85.4984,1.50215,1.50025,2834.44,80410.9,12392.1,1.7178,0,0,80410.9,0.683377,0.302817,4903.98,20.5667,2922.96,2834.44,0.683819,0
01:11:15:00:20:05,8783.54,8766.37,91.1904,91.3212,85.3495,1.50188,1.50025,2835.87,80500.7,12402.7,1.73656,0,0,80500.7,0.688755,0.30186,4914.56,20.5833,2924.48,2835.87,0.684186,0
01:11:15:00:20:06,8795.27,8779.53,91.2135,91.4174,85.3755,1.50059,1.50025,2837.29,80590.5,12414.4,1.7789,0,0,80590.5,0.703601,0.30136,4926.29,20.6,2926,2837.29,0.696377,0
01:11:15:00:20:07,8778.1,8772.09,91.2172,91.3533,85.3936,1.50156,1.50025,2838.71,80680.2,12397.3,1.80605,0,0,80680.2,0.711967,0.300387,4909.14,20.6167,2927.52,2838.71,0.709702,0
01:11:15:00:20:08,8784.68,8775.53,91.1818,91.3947,85.3969,1.50162,1.50025,2840.14,80770,12403.8,1.76712,0,0,80770,0.71246,0.300039,4915.72,20.6333,2929.04,2840.14,0.713883,0
01:11:15:00:20:09,8785.25,8765.51,91.4986,91.424,85.3624,1.50198,1.50025,2841.56,80859.7,12404.4,1.82854,0,0,80859.7,0.711747,0.299772,4916.28,20.65,2930.57,2841.56,0.71184,0
01:11:15:00:20:10,8793.26,8767.8,91.4261,91.4708,85.6627,1.50095,1.50025,2842.98,80949.5,12412.4,1.84514,0,0,80949.5,0.705193,0.299476,4924.28,20.6667,2932.09,2842.98,0.708287,0
01:11:15:00:20:11,8784.39,8772.09,91.1145,91.392,85.5889,1.50258,1.50026,2844.41,81039.3,12403.6,1.79423,0,0,81039.3,0.70021,0.29703,4915.42,20.6833,2933.61,2844.41,0.704189,0
01:11:15:00:20:12,8772.09,8764.37,91.401,91.4214,85.3016,1.50135,1.50026,2845.84,81129.4,12391.3,1.78008,0,0,81129.4,0.691938,0.296837,4903.13,20.7,2935.13,2845.84,0.691938,0
01:11:15:00:20:13,8785.54,8775.53,91.2796,91.4107,85.5695,1.50145,1.50026,2847.26,81219.2,12404.7,1.78126,0,0,81219.2,0.691977,0.29645,4916.57,20.7167,2936.66,2847.26,0.691727,0
01:11:15:00:20:14,8772.66,8780.1,91.2629,91.3172,85.4542,1.50192,1.50026,2848.69,81309,12391.8,1.81314,0,0,81309,0.696092,0.29512,4903.68,20.7333,2938.18,2848.69,0.692308,0
01:11:15:00:20:15,8788.97,8774.09,91.1113,91.5122,85.4389,1.5018,1.50027,2850.11,81398.9,12408.1,1.78243,0,0,81398.9,0.700903,0.295122,4919.99,20.75,2939.7,2850.11,0.698884,0
01:11:15:00:20:16,8786.4,8768.66,91.1749,91.5709,85.2987,1.50136,1.50027,2851.53,81488.7,12405.6,1.75182,0,0,81488.7,0.701159,0.295387,4917.43,20.7667,2941.22,2851.53,0.700606,0
01:11:15:00:20:17,8785.25,8766.08,91.2836,91.4708,85.3553,1.50215,1.50027,2852.95,81578.4,12404.4,1.76123,0,0,81578.4,0.695879,0.298304,4916.29,20.7833,2942.74,2852.95,0.698054,0
01:11:15:00:20:18,8784.97,8761.79,91.1247,91.3733,85.4539,1.50303,1.50027,2854.38,81668.1,12404.1,1.77419,0,0,81668.1,0.695879,0.300873,4915.99,20.8,2944.26,2854.38,0.696195,0
01:11:15:00:20:19,8767.23,8774.38,91.4883,91.3974,85.3072,1.50245,1.50028,2855.8,81758,12386.4,1.7848,0,0,81758,0.695927,0.300553,4898.25,20.8167,2945.78,2855.8,0.69586,0
01:11:15:00:20:20,8783.54,8769.23,91.1498,91.3573,85.6492,1.50201,1.50028,2857.23,81847.8,12402.7,1.77536,0,0,81847.8,0.69586,0.301644,4914.57,20.8333,2947.3,2857.23,0.696985,0
01:11:15:00:20:21,8779.82,8771.23,91.3488,91.3106,85.3329,1.50185,1.50028,2858.65,81937.7,12399,1.71194,0,0,81937.7,0.698088,0.301537,4910.86,20.85,2948.82,2858.65,0.699012,0
01:11:15:00:20:22,8783.82,8771.23,91.3994,91.404,85.5198,1.5017,1.50029,2860.07,82027.5,12403,1.69557,0,0,82027.5,0.698559,0.30338,4914.86,20.8667,2950.34,2860.07,0.693765,0
01:11:15:00:20:23,8787.83,8770.95,91.1231,91.4761,85.5668,1.50179,1.50029,2861.5,82117.3,12407,1.71194,0,0,82117.3,0.695684,0.303138,4918.86,20.8833,2951.86,2861.5,0.695313,0
01:11:15:00:20:24,8784.97,8774.38,90.997,91.4935,85.3087,1.50162,1.5003,2862.92,82207.3,12404.1,1.71545,0,0,82207.3,0.695193,0.30167,4916,20.9,2953.38,2862.92,0.699692,0
01:11:15:00:20:25,8781.25,8764.08,91.4138,91.3092,85.1879,1.5024,1.5003,2864.34,82297.1,12400.4,1.72365,0,0,82297.1,0.702747,0.301389,4912.29,20.9167,2954.9,2864.34,0.709888,0
01:11:15:00:20:26,8785.54,8776.38,91.1504,91.2385,85.5781,1.5024,1.5003,2865.77,82386.7,12404.7,1.72717,0,0,82386.7,0.709888,0.300142,4916.59,20.9333,2956.42,2865.77,0.700976,0
01:11:15:00:20:27,8784.68,8758.07,91.1535,91.1597,85.3348,1.50148,1.50031,2867.19,82476.5,12403.9,1.73069,0,0,82476.5,0.700976,0.297244,4915.72,20.95,2957.94,2867.19,0.694431,0
01:11:15:00:20:28,8779.24,8764.65,91.1887,91.1704,85.3362,1.5019,1.50031,2868.61,82566.4,12398.4,1.7389,0,0,82566.4,0.694431,0.296635,4910.28,20.9667,2959.46,2868.61,0.700029,0
01:11:15:00:20:29,8773.81,8774.95,91.2368,91.3026,85.3743,1.50049,1.50032,2870.04,82656,12393,1.71662,0,0,82656,0.698372,0.296167,4904.85,20.9833,2960.98,2870.04,0.709224,0
01:11:15:00:20:30,8774.38,8768.95,91.3582,91.4361,85.4166,1.50125,1.50032,2871.46,82745.7,12393.6,1.74008,0,0,82745.7,0.709224,0.297495,4905.43,21,2962.5,2871.46,0.712982,0
01:11:15:00:20:31,8784.68,8780.39,91.3832,91.3974,85.5276,1.50198,1.50033,2872.88,82835.5,12403.9,1.7096,0,0,82835.5,0.714902,0.299705,4915.74,21.0167,2964.03,2872.88,0.712982,0
01:11:15:00:20:32,8782.39,8764.65,91.3526,91.4668,85.5525,1.50156,1.50033,2874.31,82925.3,12401.6,1.6734,0,0,82925.3,0.703386,0.300647,4913.44,21.0333,2965.55,2874.31,0.706398,0
01:11:15:00:20:33,8792.12,8767.51,91.4456,91.6177,85.5261,1.50094,1.50033,2875.74,83015.2,12411.3,1.67689,0,0,83015.2,0.699876,0.300883,4923.16,21.05,2967.07,2875.74,0.699876,0
01:11:15:00:20:34,8783.25,8765.51,91.3175,91.6951,85.6128,1.50103,1.50034,2877.16,83105.1,12402.4,1.68622,0,0,83105.1,0.697175,0.300067,4914.3,21.0667,2968.6,2877.16,0.698298,0
01:11:15:00:20:35,8769.52,8760.65,91.2809,91.7178,85.4931,1.50097,1.50034,2878.59,83195,12388.7,1.69206,0,0,83195,0.695029,0.298259,4900.58,21.0833,2970.12,2878.59,0.696159,0
01:11:15:00:20:36,8784.11,8771.52,91.2275,91.7004,85.455,1.50203,1.50035,2880.01,83284.9,12403.3,1.70024,0,0,83284.9,0.687133,0.297596,4915.17,21.1,2971.64,2880.01,0.691085,0
01:11:15:00:20:37,8770.95,8781.25,91.3087,91.7218,85.4077,1.50127,1.50035,2881.44,83374.8,12390.1,1.68856,0,0,83374.8,0.681759,0.296832,4902,21.1167,2973.16,2881.44,0.683615,0
01:11:15:00:20:38,8782.96,8770.38,91.3087,91.7245,85.4814,1.50193,1.50036,2882.86,83464.6,12402.1,1.69791,0,0,83464.6,0.684558,0.297774,4914.01,21.1333,2974.68,2882.86,0.683753,0
01:11:15:00:20:39,8781.25,8764.65,91.0314,91.6243,85.4793,1.5025,1.50036,2884.28,83554.4,12400.4,1.70024,0,0,83554.4,0.69875,0.299158,4912.31,21.15,2976.2,2884.28,0.691488,0
01:11:15:00:20:40,8788.4,8770.38,91.4697,91.5509,85.2193,1.50261,1.50036,2885.71,83644.3,12407.6,1.69206,0,0,83644.3,0.709423,0.300031,4919.47,21.1667,2977.72,2885.71,0.708879,0
01:11:15:00:20:41,8783.54,8770.95,91.3986,91.7124,85.6342,1.50136,1.50037,2887.13,83734,12402.7,1.6734,0,0,83734,0.706509,0.301352,4914.6,21.1833,2979.25,2887.13,0.708881,0
01:11:15:00:20:42,8768.37,8773.52,91.3986,91.6484,85.564,1.50233,1.50037,2888.56,83823.8,12387.6,1.68739,0,0,83823.8,0.698661,0.298797,4899.43,21.2,2980.77,2888.56,0.698661,0
01:11:15:00:20:43,8780.96,8763.51,91.0781,91.7605,85.5685,1.50111,1.50038,2889.98,83913.8,12400.2,1.70843,0,0,83913.8,0.695297,0.297609,4912.02,21.2167,2982.29,2889.98,0.694036,0
01:11:15:00:20:44,8778.67,8769.52,91.2512,91.607,85.2624,1.50277,1.50038,2891.41,84003.8,12397.9,1.70375,0,0,84003.8,0.706011,0.296217,4909.75,21.2333,2983.81,2891.41,0.699892,0
01:11:15:00:20:45,8778.39,8767.51,91.2372,91.6203,85.4288,1.5016,1.50038,2892.83,84093.6,12397.6,1.69791,0,0,84093.6,0.707447,0.29827,4909.46,21.25,2985.33,2892.83,0.711138,0
01:11:15:00:20:46,8772.95,8767.23,91.2175,91.7044,85.4155,1.50163,1.50039,2894.25,84183.3,12392.1,1.70609,0,0,84183.3,0.701357,0.300002,4904.02,21.2667,2986.85,2894.25,0.70022,0
01:11:15:00:20:47,8775.24,8777.24,91.0229,91.6056,85.3975,1.50152,1.50039,2895.68,84273.1,12394.4,1.70141,0,0,84273.1,0.695157,0.300482,4906.31,21.2833,2988.37,2895.68,0.695157,0
01:11:15:00:20:48,8794.12,8770.95,91.0765,91.651,85.2147,1.50167,1.5004,2897.1,84362.9,12413.3,1.67806,0,0,84362.9,0.691898,0.302569,4925.19,21.3,2989.89,2897.1,0.691898,0
01:11:15:00:20:49,8782.11,8773.52,91.429,91.6537,85.2636,1.50204,1.5004,2898.52,84452.5,12401.3,1.68856,0,0,84452.5,0.691254,0.304317,4913.19,21.3167,2991.41,2898.52,0.691254,0
01:11:15:00:20:50,8784.11,8753.78,91.2824,91.5869,85.5923,1.5024,1.5004,2899.94,84542.2,12403.3,1.68739,0,0,84542.2,0.6948,0.303915,4915.2,21.3333,2992.93,2899.94,0.6948,0
01:11:15:00:20:51,8780.39,8766.94,91.2678,91.5736,85.4559,1.50217,1.50041,2901.37,84632,12399.6,1.65243,0,0,84632,0.695364,0.302085,4911.47,21.35,2994.45,2901.37,0.692208,0
01:11:15:00:20:52,8772.95,8771.52,91.2572,91.4881,85.4435,1.50183,1.50041,2902.79,84721.9,12392.2,1.63964,0,0,84721.9,0.685812,0.302799,4904.03,21.3667,2995.97,2902.79,0.685812,0
01:11:15:00:20:53,8771.81,8766.94,91.2239,91.5696,85.4342,1.50167,1.50041,2904.22,84811.8,12391,1.65127,0,0,84811.8,0.685878,0.302799,4902.89,21.3833,2997.49,2904.22,0.688665,0
01:11:15:00:20:54,8783.25,8778.67,91.3283,91.6297,85.4041,1.50135,1.50042,2905.64,84901.6,12402.5,1.63152,0,0,84901.6,0.692871,0.302112,4914.35,21.4,2999.01,2905.64,0.692871,0
01:11:15:00:20:55,8774.67,8763.51,91.2843,91.5936,85.4974,1.50256,1.50042,2907.06,84991.4,12393.9,1.635,0,0,84991.4,0.694409,0.3016,4905.76,21.4167,3000.54,2907.06,0.692637,0
01:11:15:00:20:56,8790.12,8766.66,91.268,91.6791,85.4619,1.50098,1.50043,2908.49,85081.2,12409.3,1.6734,0,0,85081.2,0.690151,0.302341,4921.2,21.4333,3002.06,2908.49,0.690151,0
01:11:15:00:20:57,8778.67,8760.93,91.3043,91.5723,85.4424,1.50216,1.50043,2909.91,85171,12397.9,1.69791,0,0,85171,0.691536,0.303711,4909.76,21.45,3003.58,2909.91,0.691536,0
01:11:15:00:20:58,8774.67,8759.79,91.2095,91.6323,85.4788,1.5015,1.50043,2911.34,85260.9,12393.9,1.67572,0,0,85260.9,0.696207,0.303236,4905.77,21.4667,3005.1,2911.34,0.701188,0
01:11:15:00:20:59,8776.1,8762.94,91.0423,91.6217,85.3858,1.50268,1.50044,2912.76,85350.7,12395.3,1.72483,0,0,85350.7,0.707344,0.302093,4907.21,21.4833,3006.62,2912.76,0.707344,0
01:11:15:00:21:00,8759.79,8756.93,91.0506,91.6737,85.2308,1.50225,1.50044,2914.18,85440.5,12379,1.69089,0,0,85440.5,0.704595,0.302151,4890.89,21.5,3008.14,2914.18,0.703348,0
01:11:15:00:21:01,8779.24,8762.94,91.3808,91.6737,85.2404,1.50174,1.50044,2915.6,85530.3,12398.5,1.64894,0,0,85530.3,0.697487,0.303069,4910.34,21.5167,3009.66,2915.6,0.69552,0
01:11:15:00:21:02,8773.81,8762.65,91.3593,91.5589,85.5475,1.50231,1.50044,2917.03,85619.9,12393,1.64662,0,0,85619.9,0.706842,0.303243,4904.91,21.5333,3011.18,2917.03,0.706842,0
01:11:15:00:21:03,8790.12,8770.38,91.3776,91.5963,85.5285,1.502,1.50045,2918.45,85709.7,12409.4,1.67106,0,0,85709.7,0.711789,0.301338,4921.23,21.55,3012.7,2918.45,0.710792,0
01:11:15:00:21:04,8776.1,8773.52,91.3265,91.5883,85.5466,1.50173,1.50045,2919.88,85799.6,12395.3,1.69557,0,0,85799.6,0.70777,0.301034,4907.22,21.5667,3014.22,2919.88,0.711157,0
01:11:15:00:21:05,8771.81,8768.37,91.4272,91.4975,85.4959,1.50251,1.50045,2921.3,85889.5,12391,1.70726,0,0,85889.5,0.708046,0.301612,4902.92,21.5833,3015.75,2921.3,0.708812,0
01:11:15:00:21:06,8787.54,8755.21,91.0337,91.4307,85.5924,1.50189,1.50046,2922.73,85979.5,12406.8,1.71311,0,0,85979.5,0.708871,0.302366,4918.65,21.6,3017.27,2922.73,0.707521,0
01:11:15:00:21:07,8771.81,8767.51,91.3211,91.3706,85.2224,1.50235,1.50046,2924.15,86069.4,12391.1,1.726,0,0,86069.4,0.70416,0.302047,4902.93,21.6167,3018.79,2924.15,0.705419,0
01:11:15:00:21:08,8775.24,8756.36,91.144,91.2999,85.4919,1.50221,1.50046,2925.58,86159.2,12394.5,1.76594,0,0,86159.2,0.701473,0.303469,4906.37,21.6333,3020.31,2925.58,0.703755,0
01:11:15:00:21:09,8762.65,8762.65,91.0902,91.3119,85.3297,1.50123,1.50046,2927,86249,12381.9,1.73069,0,0,86249,0.70122,0.301731,4893.78,21.65,3021.83,2927,0.702438,0
01:11:15:00:21:10,8770.38,8769.8,91.1921,91.3186,85.275,1.50244,1.50047,2928.42,86338.8,12389.6,1.73304,0,0,86338.8,0.701435,0.301141,4901.5,21.6667,3023.35,2928.42,0.701546,0
01:11:15:00:21:11,8776.67,8767.51,91.1412,91.3573,85.3756,1.501,1.50047,2929.84,86428.4,12395.9,1.69557,0,0,86428.4,0.7077,0.299171,4907.79,21.6833,3024.87,2929.84,0.7077,0
01:11:15:00:21:12,8777.24,8774.38,91.4814,91.3653,85.3217,1.50273,1.50047,2931.27,86518.1,12396.5,1.70492,0,0,86518.1,0.714845,0.298019,4908.38,21.7,3026.39,2931.27,0.714552,0
01:11:15:00:21:13,8782.68,8752.64,91.4106,91.4881,85.6472,1.50079,1.50048,2932.69,86607.9,12402,1.7096,0,0,86607.9,0.707377,0.296391,4913.82,21.7167,3027.91,2932.69,0.704207,0
01:11:15:00:21:14,8782.11,8768.37,91.3156,91.623,85.5794,1.50122,1.50048,2934.12,86697.7,12401.4,1.67922,0,0,86697.7,0.707377,0.295964,4913.25,21.7333,3029.43,2934.12,0.692505,0
01:11:15:00:21:15,8772.09,8762.37,91.2378,91.6844,85.4898,1.50139,1.50048,2935.54,86787.7,12391.4,1.65941,0,0,86787.7,0.692505,0.298514,4903.23,21.75,3030.96,2935.54,0.692946,0
01:11:15:00:21:16,8761.51,8761.51,91.1592,91.5536,85.4158,1.50171,1.50048,2936.97,86877.6,12380.8,1.68739,0,0,86877.6,0.693881,0.300318,4892.65,21.7667,3032.48,2936.97,0.694787,0
01:11:15:00:21:17,8779.24,8772.66,91.2987,91.639,85.3434,1.50141,1.50049,2938.39,86967.4,12398.5,1.66756,0,0,86967.4,0.694787,0.301377,4910.4,21.7833,3034,2938.39,0.687807,0
01:11:15:00:21:18,8768.66,8770.66,91.0567,91.5803,85.4737,1.50145,1.50049,2939.81,87057.1,12388,1.72952,0,0,87057.1,0.687807,0.301814,4899.87,21.8,3035.52,2939.81,0.678917,0
01:11:15:00:21:19,8787.54,8780.39,91.2656,91.5202,85.2448,1.5021,1.50049,2941.24,87146.9,12406.9,1.72483,0,0,87146.9,0.678917,0.299756,4918.74,21.8167,3037.03,2941.24,0.68397,0
01:11:15:00:21:20,8774.95,8767.8,91.3529,91.5963,85.4443,1.50104,1.50049,2942.66,87236.6,12394.3,1.69908,0,0,87236.6,0.68397,0.298851,4906.15,21.8333,3038.56,2942.66,0.702004,0
01:11:15:00:21:21,8775.81,8772.95,91.1634,91.7205,85.5254,1.50121,1.50049,2944.08,87326.3,12395.1,1.58636,0,0,87326.3,0.696129,0.297744,4907.02,21.85,3040.08,2944.08,0.702004,0
01:11:15:00:21:22,8777.53,8769.52,91.2472,91.7271,85.3505,1.50051,1.5005,2945.51,87416.2,12396.9,1.57712,0,0,87416.2,0.705259,0.297886,4908.78,21.8667,3041.6,2945.51,0.705259,0
01:11:15:00:21:23,8758.93,8760.65,91.3149,91.5936,85.4212,1.50263,1.5005,2946.93,87505.9,12378.4,1.61992,0,0,87505.9,0.705576,0.299781,4890.25,21.8833,3043.12,2946.93,0.70355,0
01:11:15:00:21:24,8782.11,8758.93,91.5023,91.4361,85.4865,1.50212,1.5005,2948.35,87595.7,12401.5,1.6037,0,0,87595.7,0.701556,0.300926,4913.42,21.9,3044.64,2948.35,0.701556,0
01:11:15:00:21:25,8761.22,8764.94,91.3779,91.5002,85.6626,1.50193,1.5005,2949.78,87685.5,12380.7,1.64662,0,0,87685.5,0.701396,0.301437,4892.54,21.9167,3046.17,2949.78,0.702949,0
01:11:15:00:21:26,8772.95,8772.09,91.1797,91.4908,85.5473,1.50161,1.5005,2951.21,87775.5,12392.4,1.67106,0,0,87775.5,0.711871,0.300483,4904.27,21.9333,3047.69,2951.21,0.711186,0
01:11:15:00:21:27,8766.66,8768.09,91.0704,91.5936,85.3585,1.50252,1.50051,2952.63,87865.5,12386.1,1.72717,0,0,87865.5,0.712776,0.299158,4898.01,21.95,3049.21,2952.63,0.714449,0
01:11:15:00:21:28,8768.09,8773.24,91.2998,91.6537,85.2607,1.50127,1.50051,2954.05,87955.4,12387.6,1.69089,0,0,87955.4,0.705467,0.298324,4899.46,21.9667,3050.73,2954.05,0.709703,0
01:11:15:00:21:29,8788.97,8758.07,91.4491,91.7912,85.4771,1.5008,1.50051,2955.48,88045,12408.5,1.64313,0,0,88045,0.703108,0.297102,4920.34,21.9833,3052.25,2955.48,0.705763,0
01:11:15:00:21:30,8771.81,8771.23,91.4897,91.7165,85.6095,1.50286,1.50051,2956.9,88134.7,12391.3,1.68506,0,0,88134.7,0.70558,0.297139,4903.18,22,3053.77,2956.9,0.702147,0
01:11:15:00:21:31,8778.96,8752.07,91.4724,91.655,85.6499,1.50218,1.50051,2958.33,88224.7,12398.5,1.64894,0,0,88224.7,0.703146,0.298588,4910.34,22.0167,3055.3,2958.33,0.704024,0
01:11:15:00:21:32,8761.79,8764.08,91.2693,91.6003,85.6335,1.50222,1.50051,2959.76,88314.7,12381.3,1.66291,0,0,88314.7,0.692309,0.299749,4893.18,22.0333,3056.82,2959.76,0.692309,0
01:11:15:00:21:33,8772.09,8772.09,91.4909,91.7271,85.4461,1.5015,1.50051,2961.18,88404.8,12391.6,1.63964,0,0,88404.8,0.679309,0.299574,4903.49,22.05,3058.34,2961.18,0.683041,0
01:11:15:00:21:34,8772.38,8770.95,91.1444,91.7151,85.6546,1.50121,1.50052,2962.61,88494.7,12391.9,1.68156,0,0,88494.7,0.676872,0.29965,4903.77,22.0667,3059.87,2962.61,0.677486,0
01:11:15:00:21:35,8778.67,8777.24,91.2364,91.7298,85.3281,1.50179,1.50052,2964.03,88584.6,12398.2,1.67456,0,0,88584.6,0.68885,0.298602,4910.07,22.0833,3061.39,2964.03,0.683521,0
01:11:15:00:21:36,8783.82,8754.35,91.1825,91.6323,85.4134,1.502,1.50052,2965.46,88674.5,12403.4,1.68506,0,0,88674.5,0.693925,0.300362,4915.23,22.1,3062.91,2965.46,0.693962,0
01:11:15:00:21:37,8781.25,8771.52,91.2371,91.5923,85.3637,1.50178,1.50052,2966.88,88764.2,12400.8,1.73656,0,0,88764.2,0.702824,0.301481,4912.66,22.1167,3064.43,2966.88,0.700979,0
01:11:15:00:21:38,8771.23,8767.8,91.1319,91.6297,85.418,1.50092,1.50052,2968.3,88854,12390.8,1.73069,0,0,88854,0.707622,0.302516,4902.64,22.1333,3065.95,2968.3,0.705266,0
01:11:15:00:21:39,8768.09,8762.08,91.3107,91.7311,85.3151,1.50214,1.50052,2969.72,88943.7,12387.6,1.70024,0,0,88943.7,0.71971,0.302416,4899.5,22.15,3067.47,2969.72,0.715899,0
01:11:15:00:21:40,8785.25,8769.8,91.2664,91.7231,85.4842,1.50165,1.50052,2971.15,89033.5,12404.8,1.71545,0,0,89033.5,0.718779,0.3015,4916.67,22.1667,3068.99,2971.15,0.720226,0
01:11:15:00:21:41,8766.66,8758.93,91.0882,91.7525,85.4415,1.50201,1.50052,2972.57,89123.3,12386.2,1.66174,0,0,89123.3,0.711662,0.299777,4898.09,22.1833,3070.51,2972.57,0.711662,0
01:11:15:00:21:42,8784.39,8782.68,91.2811,91.6457,85.2763,1.50155,1.50052,2974,89213.1,12404,1.62455,0,0,89213.1,0.698201,0.298088,4915.84,22.2,3072.03,2974,0.699702,0
01:11:15:00:21:43,8765.51,8765.23,91.3112,91.6257,85.4547,1.50217,1.50053,2975.42,89302.8,12385.1,1.65592,0,0,89302.8,0.696035,0.297446,4896.96,22.2167,3073.55,2975.42,0.697455,0
01:11:15:00:21:44,8775.53,8778.1,91.1842,91.659,85.486,1.5013,1.50053,2976.84,89392.6,12395.1,1.64778,0,0,89392.6,0.704927,0.296465,4906.98,22.2333,3075.07,2976.84,0.704927,0
01:11:15:00:21:45,8786.97,8772.09,91.0427,91.7058,85.366,1.50159,1.50053,2978.27,89482.4,12406.6,1.63036,0,0,89482.4,0.707205,0.296279,4918.42,22.25,3076.59,2978.27,0.703533,0
01:11:15:00:21:46,8773.81,8766.94,91.484,91.7445,85.2327,1.50185,1.50053,2979.69,89572.2,12393.4,1.67572,0,0,89572.2,0.69869,0.298747,4905.29,22.2667,3078.11,2979.69,0.69869,0
01:11:15:00:21:47,8787.83,8762.94,91.4616,91.7151,85.6437,1.5024,1.50053,2981.11,89661.9,12407.4,1.69323,0,0,89661.9,0.692841,0.300254,4919.32,22.2833,3079.63,2981.11,0.692841,0
01:11:15:00:21:48,8763.79,8768.66,91.1225,91.7432,85.6256,1.50163,1.50053,2982.54,89751.7,12383.4,1.71077,0,0,89751.7,0.693964,0.299576,4895.29,22.3,3081.16,2982.54,0.693964,0
01:11:15:00:21:49,8776.96,8774.95,91.0756,91.8059,85.3051,1.50247,1.50053,2983.96,89841.8,12396.6,1.69908,0,0,89841.8,0.693969,0.298515,4908.45,22.3167,3082.67,2983.96,0.693969,0
01:11:15:00:21:50,8770.66,8774.38,91.0441,91.7939,85.2631,1.50194,1.50053,2985.38,89931.6,12390.3,1.68506,0,0,89931.6,0.692298,0.298964,4902.16,22.3333,3084.19,2985.38,0.689519,0
01:11:15:00:21:51,8779.24,8784.11,91.0503,91.7378,85.2333,1.50203,1.50053,2986.81,90021.3,12398.9,1.64197,0,0,90021.3,0.68344,0.300364,4910.75,22.35,3085.71,2986.81,0.68344,0
01:11:15:00:21:52,8789.54,8766.37,91.2669,91.7605,85.2415,1.50137,1.50053,2988.23,90110.9,12409.2,1.67106,0,0,90110.9,0.685064,0.301884,4921.06,22.3667,3087.23,2988.23,0.689709,0
01:11:15:00:21:53,8773.52,8777.53,91.1815,91.6938,85.4418,1.50205,1.50053,2989.65,90200.5,12393.2,1.6664,0,0,90200.5,0.701706,0.302267,4905.04,22.3833,3088.75,2989.65,0.701706,0
01:11:15:00:21:54,8785.25,8754.35,91.2343,91.7405,85.3616,1.50212,1.50053,2991.07,90290.2,12404.9,1.69089,0,0,90290.2,0.710296,0.300407,4916.77,22.4,3090.27,2991.07,0.710296,0
01:11:15:00:21:55,8771.52,8774.38,91.3608,91.7952,85.411,1.50214,1.50053,2992.5,90380,12391.2,1.70609,0,0,90380,0.703926,0.29986,4903.04,22.4167,3091.79,2992.5,0.704963,0
01:11:15:00:21:56,8776.96,8776.38,91.076,91.6671,85.5268,1.50286,1.50053,2993.92,90469.8,12396.6,1.70843,0,0,90469.8,0.701479,0.300281,4908.48,22.4333,3093.31,2993.92,0.700881,0
01:11:15:00:21:57,8770.95,8762.08,91.076,91.6577,85.2636,1.5019,1.50053,2995.34,90559.7,12390.6,1.67572,0,0,90559.7,0.703768,0.300204,4902.48,22.45,3094.83,2995.34,0.703652,0
01:11:15:00:21:58,8780.1,8778.67,91.1924,91.7725,85.2658,1.5013,1.50053,2996.76,90649.5,12399.8,1.7178,0,0,90649.5,0.705114,0.300633,4911.63,22.4667,3096.35,2996.76,0.704759,0
01:11:15:00:21:59,8784.68,8767.23,91.2562,91.7979,85.3747,1.50133,1.50053,2998.19,90739.1,12404.3,1.71194,0,0,90739.1,0.704942,0.29956,4916.21,22.4833,3097.87,2998.19,0.70484,0
01:11:15:00:22:00,8790.12,8788.11,91.1927,91.8553,84.5413,1.74992,1.50053,2999.6,90828.8,12409.8,1.73069,0,0,90828.8,0.703362,0.298924,4921.66,22.5,3099.39,2999.6,0.703745,0
01:11:15:00:22:01,8775.81,8771.23,91.1927,91.8807,83.6062,1.99917,1.50053,3001,90925.4,12395.5,1.67689,0,0,90925.4,0.698953,0.302218,4907.36,22.5167,3100.91,3001,0.700409,0
01:11:15:00:22:02,8782.68,8771.23,91.1747,91.7699,83.6025,2.00024,1.50053,3002.4,91035.7,12402.4,1.66873,0,0,91035.7,0.695175,0.305926,4914.23,22.5333,3102.43,3002.4,0.694091,0
01:11:15:00:22:03,8793.55,8773.81,91.3436,91.7645,83.5865,2.00011,1.50053,3003.79,91152.8,12413.2,1.65941,0,0,91152.8,0.694595,0.306178,4925.1,22.55,3103.95,3003.79,0.694595,0
01:11:15:00:22:04,8776.1,8763.51,91.1846,91.663,83.742,1.99992,1.50053,3005.18,91269.8,12395.8,1.6734,0,0,91269.8,0.691168,0.305146,4907.65,22.5667,3105.47,3005.18,0.690273,0
01:11:15:00:22:05,8780.67,8782.68,91.3001,91.7111,83.596,1.99997,1.50053,3006.58,91386.9,12400.4,1.68156,0,0,91386.9,0.694396,0.303161,4912.24,22.5833,3106.99,3006.58,0.69166,0
01:11:15:00:22:06,8770.66,8774.38,91.2946,91.6497,83.7034,1.99956,1.50053,3007.97,91504.1,12390.4,1.72717,0,0,91504.1,0.698584,0.30369,4902.22,22.6,3108.51,3007.97,0.697769,0
01:11:15:00:22:07,8787.26,8790.4,91.3741,91.4347,83.6965,2.00008,1.50053,3009.37,91621.2,12406.9,1.73421,0,0,91621.2,0.704491,0.302985,4918.82,22.6167,3110.03,3009.37,0.702653,0
01:11:15:00:22:08,8788.69,8776.38,91.1227,91.5522,83.7714,1.99949,1.50053,3010.76,91738.3,12408.4,1.72014,0,0,91738.3,0.703222,0.303164,4920.25,22.6333,3111.55,3010.76,0.703222,0
01:11:15:00:22:09,8781.25,8773.52,91.4258,91.4748,83.5375,2.00049,1.50053,3012.16,91855.5,12400.9,1.73656,0,0,91855.5,0.703222,0.303432,4912.82,22.65,3113.08,3012.16,0.699927,0
01:11:15:00:22:10,8797.27,8768.66,90.9395,91.5135,83.8196,1.99927,1.50053,3013.55,91972.7,12417,1.71429,0,0,91972.7,0.699927,0.305467,4928.84,22.6667,3114.6,3013.55,0.69986,0
01:11:15:00:22:11,8770.95,8778.1,91.1835,91.7271,83.3745,1.99906,1.50053,3014.95,92089.8,12390.7,1.62224,0,0,92089.8,0.69857,0.304539,4902.52,22.6833,3116.11,3014.95,0.696587,0
01:11:15:00:22:12,8787.54,8776.1,91.0791,91.7031,83.5986,1.99893,1.50053,3016.34,92206.8,12407.2,1.61296,0,0,92206.8,0.696587,0.305486,4919.12,22.7,3117.63,3016.34,0.687759,0
01:11:15:00:22:13,8771.81,8779.24,91.0469,91.6404,83.4989,2.00009,1.50053,3017.73,92323.6,12391.5,1.61644,0,0,92323.6,0.69274,0.304165,4903.39,22.7167,3119.15,3017.73,0.681382,0
01:11:15:00:22:14,8784.11,8784.97,91.4614,91.7071,83.4708,1.99969,1.50053,3019.12,92440.5,12403.8,1.64662,0,0,92440.5,0.681382,0.301729,4915.69,22.7333,3120.67,3019.12,0.693325,0
01:11:15:00:22:15,8788.97,8776.67,91.278,91.6804,83.8502,1.99984,1.50053,3020.52,92557.4,12408.7,1.65592,0,0,92557.4,0.685796,0.300004,4920.56,22.75,3122.19,3020.52,0.70496,0
01:11:15:00:22:16,8783.82,8786.4,91.428,91.5562,83.6802,2.00042,1.50053,3021.91,92674.5,12403.5,1.64778,0,0,92674.5,0.70496,0.296949,4915.41,22.7667,3123.72,3021.91,0.712833,0
01:11:15:00:22:17,8799.56,8778.96,91.298,91.7886,83.829,1.99715,1.50053,3023.31,92791.8,12419.3,1.65476,0,0,92791.8,0.712833,0.297739,4931.13,22.7833,3125.24,3023.31,0.712833,0
01:11:15:00:22:18,8784.39,8784.11,90.897,91.8446,83.7058,1.99833,1.50053,3024.7,92909,12404.1,1.6699,0,0,92909,0.70709,0.297379,4915.93,22.8,3126.76,3024.7,0.70709,0
01:11:15:00:22:19,8784.39,8776.96,91.1341,91.7685,83.3316,2.0002,1.50053,3026.1,93026.1,12404,1.68156,0,0,93026.1,0.708522,0.299636,4915.9,22.8167,3128.27,3026.1,0.708522,0
01:11:15:00:22:20,8774.38,8768.09,91.1493,91.5656,83.5452,2.00128,1.50053,3027.49,93143,12394.1,1.70609,0,0,93143,0.713062,0.302334,4905.99,22.8333,3129.79,3027.49,0.717607,0
01:11:15:00:22:21,8782.68,8784.97,91.2239,91.5669,83.5682,1.9987,1.50053,3028.88,93259.9,12403,1.71545,0,0,93259.9,0.724449,0.302612,4914.86,22.85,3131.31,3028.88,0.724449,0
01:11:15:00:22:22,8792.98,8774.38,91.358,91.5642,83.6322,1.99994,1.50053,3030.27,93376.9,12414.2,1.68739,0,0,93376.9,0.721599,0.302573,4926.09,22.8667,3132.83,3030.27,0.715415,0
01:11:15:00:22:23,8784.68,8803.56,91.3673,91.408,83.7539,2.0003,1.50053,3031.67,93493.9,12406.9,1.73304,0,0,93493.9,0.702953,0.300956,4918.73,22.8833,3134.36,3031.67,0.706465,0
01:11:15:00:22:24,8794.41,8776.1,91.2739,91.4948,83.7693,1.99833,1.50053,3033.06,93611,12417.5,1.81433,0,0,93611,0.700472,0.299676,4929.41,22.9,3135.88,3033.06,0.700472,0
01:11:15:00:22:25,8787.83,8783.25,91.2249,91.4681,83.6774,2.00011,1.50053,3034.46,93728.3,12411.9,1.85227,0,0,93728.3,0.701896,0.29861,4923.79,22.9167,3137.4,3034.46,0.702193,0
01:11:15:00:22:26,8802.13,8777.53,91.4602,91.4708,83.632,2.00025,1.50053,3035.85,93845.4,12427.2,1.8594,0,0,93845.4,0.703825,0.298091,4939.06,22.9333,3138.92,3035.85,0.703208,0
01:11:15:00:22:27,8786.68,8775.81,91.1541,91.5362,83.8525,1.9989,1.50053,3037.25,93962.5,12412.7,1.91185,0,0,93962.5,0.699116,0.298355,4924.56,22.95,3140.44,3037.25,0.70248,0
01:11:15:00:22:28,8797.56,8789.54,91.3818,91.603,83.5722,1.9988,1.50053,3038.64,94079.8,12424.5,1.93339,0,0,94079.8,0.694699,0.29807,4936.39,22.9667,3141.97,3038.64,0.696317,0
01:11:15:00:22:29,8777.53,8779.24,91.5645,91.5616,83.7799,1.99911,1.50053,3040.04,94196.9,12405.5,2.00675,0,0,94196.9,0.70276,0.299161,4917.35,22.9833,3143.49,3040.04,0.698318,0
01:11:15:00:22:30,8792.41,8796.7,91.2196,91.591,83.9498,1.99839,1.50053,3041.44,94314,12421.3,2.02004,0,0,94314,0.712858,0.298493,4933.21,23,3145.01,3041.44,0.709319,0
01:11:15:00:22:31,8791.83,8782.68,91.1898,91.659,83.6295,1.99957,1.50053,3042.83,94431.3,12421.7,1.9706,0,0,94431.3,0.705121,0.297837,4933.59,23.0167,3146.53,3042.83,0.70654,0
01:11:15:00:22:32,8791.55,8785.54,91.1544,91.7351,83.6036,1.99918,1.50053,3044.23,94548.6,12422.4,1.95738,0,0,94548.6,0.6934,0.300505,4934.23,23.0333,3148.05,3044.23,0.698546,0
01:11:15:00:22:33,8812.43,8775.24,91.1476,91.7752,83.5748,1.99811,1.50053,3045.62,94665.6,12444.2,1.97301,0,0,94665.6,0.695495,0.302254,4956.06,23.05,3149.57,3045.62,0.695495,0
01:11:15:00:22:34,8779.24,8790.98,91.3661,91.8099,83.5641,1.99941,1.37356,3047.01,94782.5,12412,2.01762,0,0,94782.5,0.705907,0.302933,4923.83,23.0667,3151.09,3047.01,0.700931,0
01:11:15:00:22:35,8796.41,8776.1,91.2532,91.8099,83.7634,1.99971,1.49997,3048.41,94899.5,12430.1,2.05638,0,0,94899.5,0.709,0.304525,4941.96,23.0833,3152.61,3048.41,0.708614,0
01:11:15:00:22:36,8776.1,8765.8,91.3093,91.7351,83.6627,1.99892,1.49998,3049.8,95016.6,12410.7,2.07946,0,0,95016.6,0.701483,0.304612,4922.57,23.1,3154.14,3049.8,0.703394,0
01:11:15:00:22:37,8794.98,8781.53,91.2179,91.7939,83.7165,1.99823,1.49998,3051.2,95133.7,12430.5,2.11602,0,0,95133.7,0.697143,0.305392,4942.39,23.1167,3155.66,3051.2,0.698067,0
01:11:15:00:22:38,8795.55,8780.96,91.3482,91.9474,83.6315,1.99856,1.49999,3052.59,95250.8,12432,2.13313,0,0,95250.8,0.6971,0.304148,4943.91,23.1333,3157.18,3052.59,0.6971,0
01:11:15:00:22:39,8792.12,8793.26,91.0538,91.9982,83.7537,1.99776,1.49999,3053.99,95367.9,12429.6,2.1368,0,0,95367.9,0.701461,0.301936,4941.44,23.15,3158.7,3053.99,0.701461,0
01:11:15:00:22:40,8804.99,8780.96,91.2467,92.0502,83.478,1.99943,1.5,3055.38,95484.9,12443.4,2.11236,0,0,95484.9,0.70396,0.300607,4955.27,23.1667,3160.22,3055.38,0.70396,0
01:11:15:00:22:41,8786.68,8790.69,91.2233,92.2305,83.6601,1.99795,1.50001,3056.77,95601.9,12426,2.07216,0,0,95601.9,0.701138,0.300828,4937.88,23.1833,3161.74,3056.77,0.701138,0
01:11:15:00:22:42,8803.28,8774.38,91.0737,92.129,83.6305,2.00027,1.50002,3058.17,95718.8,12443.5,2.04303,0,0,95718.8,0.696979,0.300231,4955.41,23.2,3163.26,3058.17,0.698557,0
01:11:15:00:22:43,8788.97,8769.52,91.2387,91.9087,83.4893,2.00144,1.50003,3059.56,95835.9,12430.2,2.08067,0,0,95835.9,0.697558,0.299818,4942.07,23.2167,3164.78,3059.56,0.697558,0
01:11:15:00:22:44,8792.69,8788.97,91.2484,91.8994,83.6502,1.99867,1.50004,3060.95,95952.9,12434.9,2.10016,0,0,95952.9,0.695995,0.299102,4946.74,23.2333,3166.3,3060.95,0.694027,0
01:11:15:00:22:45,8791.83,8772.95,91.0606,91.7044,83.6518,2.00076,1.50006,3062.35,96069.9,12435,2.11113,0,0,96069.9,0.691082,0.297721,4946.83,23.25,3167.82,3062.35,0.691082,0
01:11:15:00:22:46,8785.83,8798.7,91.5433,91.6951,83.4839,1.99955,1.50007,3063.74,96187,12429.9,2.11358,0,0,96187,0.68296,0.297156,4941.74,23.2667,3169.34,3063.74,0.68296,0
01:11:15:00:22:47,8793.84,8774.95,91.1774,91.6898,83.9237,2.00032,1.50008,3065.13,96304,12438.8,2.09528,0,0,96304,0.688432,0.297386,4950.7,23.2833,3170.86,3065.13,0.683551,0
01:11:15:00:22:48,8789.83,8788.11,91.2989,91.6791,83.5881,2.00035,1.5001,3066.53,96421.2,12435.8,2.13068,0,0,96421.2,0.6918,0.297056,4947.65,23.3,3172.38,3066.53,0.691216,0
01:11:15:00:22:49,8804.14,8777.53,91.3089,91.7351,83.7073,1.99811,1.50012,3067.92,96538.5,12451,2.09772,0,0,96538.5,0.685579,0.299094,4962.92,23.3167,3173.9,3067.92,0.685537,0
01:11:15:00:22:50,8788.69,8776.38,91.2655,91.7552,83.7078,2.00061,1.50013,3069.32,96655.5,12436.5,2.14659,0,0,96655.5,0.684454,0.299044,4948.4,23.3333,3175.42,3069.32,0.680948,0
01:11:15:00:22:51,8796.41,8780.96,91.3965,91.7926,83.6729,1.99923,1.50015,3070.71,96772.7,12445.2,2.14292,0,0,96772.7,0.688632,0.29925,4957.06,23.35,3176.95,3070.71,0.686502,0
01:11:15:00:22:52,8778.96,8777.53,91.2029,91.627,83.7906,1.99989,1.50017,3072.11,96889.8,12428.7,2.12335,0,0,96889.8,0.694615,0.299663,4940.56,23.3667,3178.47,3072.11,0.691763,0
01:11:15:00:22:53,8794.12,8797.84,91.1225,91.6684,83.612,2.00021,1.50019,3073.5,97007,12444.8,2.13191,0,0,97007,0.701441,0.299405,4956.68,23.3833,3179.99,3073.5,0.701441,0
01:11:15:00:22:54,8783.25,8778.96,91.1891,91.6644,83.5433,1.99878,1.50021,3074.9,97124.2,12434.9,2.13558,0,0,97124.2,0.705134,0.299382,4946.77,23.4,3181.51,3074.9,0.704327,0
01:11:15:00:22:55,8793.55,8785.25,91.0681,91.7498,83.6036,1.999,1.50023,3076.29,97241.2,12446.1,2.13435,0,0,97241.2,0.709053,0.299492,4957.99,23.4167,3183.03,3076.29,0.707489,0
01:11:15:00:22:56,8806.71,8789.83,91.3098,91.8086,83.493,1.99889,1.50026,3077.68,97358.1,12460.2,2.12212,0,0,97358.1,0.70969,0.299299,4972.08,23.4333,3184.55,3077.68,0.709677,0
01:11:15:00:22:57,8780.96,8781.53,91.4288,91.8139,83.7158,1.99854,1.50028,3079.08,97475,12435.4,2.09285,0,0,97475,0.710897,0.299132,4947.29,23.45,3186.07,3079.08,0.709694,0
01:11:15:00:22:58,8796.98,8781.53,91.2784,91.8006,83.8209,1.9997,1.5003,3080.47,97592,12452.4,2.11113,0,0,97592,0.713969,0.297904,4964.27,23.4667,3187.59,3080.47,0.713867,0
01:11:15:00:22:59,8778.67,8768.09,91.1867,91.7672,83.6795,2.0007,1.50033,3081.87,97709.2,12435,2.10748,0,0,97709.2,0.709886,0.298279,4946.91,23.4833,3189.11,3081.87,0.712316,0
01:11:15:00:23:00,8798.13,8779.24,91.1867,91.7365,83.6043,1.99815,1.50035,3083.26,97826.5,12455.4,2.14782,0,0,97826.5,0.703798,0.30017,4967.29,23.5,3190.63,3083.26,0.704898,0
01:11:15:00:23:01,8792.41,8775.53,91.2379,91.7351,83.6027,1.99862,1.50037,3084.66,97943.6,12450.6,2.03335,0,0,97943.6,0.703119,0.301073,4962.51,23.5167,3192.15,3084.66,0.702343,0
01:11:15:00:23:02,8775.53,8788.4,91.3187,91.7845,83.6476,1.9992,1.5004,3086.05,98060.5,12434.7,2.01158,0,0,98060.5,0.702887,0.30161,4946.59,23.5333,3193.67,3086.05,0.702887,0
01:11:15:00:23:03,8798.99,8780.96,91.2506,91.7004,83.7211,1.99936,1.50042,3087.44,98177.5,12459.1,2.07216,0,0,98177.5,0.702887,0.301643,4971.01,23.55,3195.19,3087.44,0.700807,0
01:11:15:00:23:04,8783.25,8794.41,91.1163,91.6243,83.6554,2.00032,1.50045,3088.84,98294.6,12444.3,2.11113,0,0,98294.6,0.695442,0.301667,4956.21,23.5667,3196.71,3088.84,0.679753,0
01:11:15:00:23:05,8803.85,8774.67,91.3884,91.7418,83.5393,1.99828,1.50048,3090.23,98411.8,12465.9,2.1026,0,0,98411.8,0.684423,0.301447,4977.73,23.5833,3198.24,3090.23,0.680899,0
01:11:15:00:23:06,8790.98,8772.09,91.0307,91.611,83.7831,1.9999,1.5005,3091.63,98528.8,12453.9,2.10748,0,0,98528.8,0.680899,0.300677,4965.81,23.6,3199.76,3091.63,0.690151,0
01:11:15:00:23:07,8792.69,8779.24,91.327,91.7672,83.4555,1.99984,1.50053,3093.02,98645.8,12456.6,2.12457,0,0,98645.8,0.689573,0.299309,4968.48,23.6167,3201.27,3093.02,0.689604,0
01:11:15:00:23:08,8786.4,8770.38,91.168,91.7578,83.7306,1.99882,1.50056,3094.41,98762.9,12451.3,2.12457,0,0,98762.9,0.689604,0.299303,4963.14,23.6333,3202.8,3094.41,0.690046,0
01:11:15:00:23:09,8785.25,8792.41,91.372,91.7098,83.5798,2.00027,1.50058,3095.81,98879.9,12451.1,2.13313,0,0,98879.9,0.690046,0.297742,4962.92,23.65,3204.32,3095.81,0.689847,0
01:11:15:00:23:10,8786.11,8773.81,91.3158,91.5576,83.7693,1.99955,1.50061,3097.2,98997,12452.8,2.17849,0,0,98997,0.689847,0.297904,4964.72,23.6667,3205.84,3097.2,0.692685,0
01:11:15:00:23:11,8791.83,8790.4,91.4866,91.6123,83.7247,1.99755,1.50064,3098.6,99114.1,12459.5,2.14292,0,0,99114.1,0.692685,0.297912,4971.4,23.6833,3207.36,3098.6,0.696704,0
01:11:15:00:23:12,8793.84,8775.53,91.3965,91.4561,83.8765,1.99895,1.50066,3099.99,99231.3,12462.5,2.10016,0,0,99231.3,0.695674,0.300109,4974.36,23.7,3208.89,3099.99,0.697493,0
01:11:15:00:23:13,8785.54,8772.38,91.2484,91.4962,83.7951,1.99859,1.50069,3101.39,99348.5,12455.1,2.07581,0,0,99348.5,0.697493,0.300792,4967.01,23.7167,3210.41,3101.39,0.697493,0
01:11:15:00:23:14,8801.85,8786.97,91.5052,91.4521,83.6549,1.99989,1.50072,3102.79,99465.8,12472.4,2.0588,0,0,99465.8,0.699412,0.301845,4984.24,23.7333,3211.93,3102.79,0.700842,0
01:11:15:00:23:15,8780.1,8764.94,91.4669,91.6056,83.895,1.99853,1.50074,3104.18,99583,12451.6,2.03335,0,0,99583,0.702559,0.30202,4963.44,23.75,3213.46,3104.18,0.701018,0
01:11:15:00:23:16,8792.41,8783.82,91.5313,91.6684,83.8568,1.99943,1.50077,3105.58,99700.2,12464.8,2.06852,0,0,99700.2,0.709601,0.300548,4976.71,23.7667,3214.98,3105.58,0.709601,0
01:11:15:00:23:17,8771.81,8766.37,91.3162,91.7832,83.9208,1.99798,1.5008,3106.98,99817.6,12445.2,2.06002,0,0,99817.6,0.715576,0.299048,4957.07,23.7833,3216.51,3106.98,0.716084,0
01:11:15:00:23:18,8790.12,8776.1,91.296,91.6751,83.7175,1.99973,1.50082,3108.38,99935,12464.4,2.08798,0,0,99935,0.710432,0.297694,4976.31,23.8,3218.03,3108.38,0.713466,0
01:11:15:00:23:19,8790.98,8780.1,91.1389,91.6817,83.7036,1.9984,1.50085,3109.77,100052,12466.2,2.12212,0,0,100052,0.698702,0.298398,4978.1,23.8167,3219.55,3109.77,0.70067,0
01:11:15:00:23:20,8773.81,8782.11,91.1167,91.7004,83.556,1.99944,1.50088,3111.17,100169,12450,2.13802,0,0,100169,0.699297,0.299438,4961.88,23.8333,3221.07,3111.17,0.696097,0
01:11:15:00:23:21,8797.56,8776.67,91.2087,91.7058,83.5413,1.99783,1.5009,3112.56,100286,12474.7,2.13435,0,0,100286,0.705196,0.302749,4986.59,23.85,3222.59,3112.56,0.702807,0
01:11:15:00:23:22,8782.39,8769.52,91.3194,91.866,83.6227,1.99866,1.50093,3113.95,100403,12460.5,2.12946,0,0,100403,0.702563,0.303871,4972.38,23.8667,3224.11,3113.95,0.704264,0
01:11:15:00:23:23,8796.7,8769.8,91.3823,91.8046,83.7212,1.9995,1.50095,3115.34,100520,12475.7,2.11968,0,0,100520,0.69705,0.30344,4987.61,23.8833,3225.63,3115.34,0.69705,0
01:11:15:00:23:24,8782.68,8766.94,91.3747,91.7699,83.7781,1.99972,1.50098,3116.74,100637,12462.7,2.11724,0,0,100637,0.694701,0.302055,4974.52,23.9,3227.15,3116.74,0.69456,0
01:11:15:00:23:25,8776.1,8778.96,91.323,91.842,83.7734,1.99911,1.501,3118.14,100755,12457,2.10381,0,0,100755,0.700576,0.30152,4968.9,23.9167,3228.67,3118.14,0.700576,0
01:11:15:00:23:26,8789.83,8772.66,91.4791,91.8193,83.7235,1.99981,1.50103,3119.53,100872,12471.7,2.11968,0,0,100872,0.708534,0.300076,4983.59,23.9333,3230.2,3119.53,0.706155,0
01:11:15:00:23:27,8773.52,8791.26,91.2679,91.6777,83.866,1.99999,1.50105,3120.93,100989,12456.4,2.16621,0,0,100989,0.708108,0.300201,4968.23,23.95,3231.72,3120.93,0.708333,0
01:11:15:00:23:28,8790.98,8762.65,91.1092,91.8179,83.6752,1.99915,1.50107,3122.33,101106,12474.7,2.16744,0,0,101106,0.708266,0.299538,4986.61,23.9667,3233.24,3122.33,0.708331,0
01:11:15:00:23:29,8781.82,8770.09,91.3775,91.8139,83.5307,1.99889,1.5011,3123.72,101224,12466.5,2.15885,0,0,101224,0.708298,0.299672,4978.39,23.9833,3234.76,3123.72,0.709935,0
01:11:15:00:23:30,8794.41,8771.52,91.2159,91.7832,83.7722,2.00016,1.50112,3125.11,101341,12480.1,2.17972,0,0,101341,0.704393,0.299043,4991.94,24,3236.28,3125.11,0.705289,0
01:11:15:00:23:31,8779.53,8767.51,91.0196,91.7992,83.6265,1.99947,1.50114,3126.51,101458,12466.2,2.15762,0,0,101458,0.700013,0.297212,4978.02,24.0167,3237.8,3126.51,0.701919,0
01:11:15:00:23:32,8779.53,8777.53,90.934,91.631,83.4457,1.99972,1.50116,3127.9,101575,12467.1,2.14659,0,0,101575,0.692976,0.297862,4978.96,24.0333,3239.32,3127.9,0.692976,0
01:11:15:00:23:33,8779.24,8758.36,91.2741,91.5335,83.3676,1.99962,1.50118,3129.29,101692,12467.7,2.14537,0,0,101692,0.68492,0.299655,4979.59,24.05,3240.84,3129.29,0.686545,0
01:11:15:00:23:34,8787.26,8779.53,91.1391,91.5536,83.679,1.99971,1.50121,3130.68,101808,12476.7,2.14414,0,0,101808,0.684592,0.302529,4988.55,24.0667,3242.36,3130.68,0.683735,0
01:11:15:00:23:35,8784.11,8772.66,91.2699,91.4494,83.5524,2.00054,1.50123,3132.08,101925,12474.5,2.12701,0,0,101925,0.695061,0.303781,4986.36,24.0833,3243.88,3132.08,0.695061,0
01:11:15:00:23:36,8785.83,8777.53,91.3998,91.6524,83.6782,1.99884,1.50125,3133.47,102042,12477.2,2.14782,0,0,102042,0.69298,0.304843,4989.03,24.1,3245.4,3133.47,0.691686,0
01:11:15:00:23:37,8799.27,8782.96,91.2242,91.7044,83.7997,1.99814,1.50127,3134.87,102159,12491.5,2.10992,0,0,102159,0.687783,0.304027,5003.4,24.1167,3246.92,3134.87,0.687783,0
01:11:15:00:23:38,8790.12,8765.51,91.1054,91.7498,83.6363,1.99886,1.50129,3136.26,102277,12483.3,2.11724,0,0,102277,0.687368,0.303521,4995.18,24.1333,3248.44,3136.26,0.687368,0
01:11:15:00:23:39,8793.55,8777.81,91.195,91.7351,83.5244,1.9997,1.5013,3137.65,102394,12487.7,2.13802,0,0,102394,0.69504,0.303942,4999.57,24.15,3249.96,3137.65,0.69504,0
01:11:15:00:23:40,8779.53,8759.5,91.3347,91.7311,83.6081,1.99925,1.50132,3139.05,102511,12474.6,2.16007,0,0,102511,0.699184,0.302748,4986.51,24.1667,3251.48,3139.05,0.699184,0
01:11:15:00:23:41,8780.1,8775.53,91.1145,91.651,83.7324,2.00033,1.50134,3140.44,102628,12476.2,2.14537,0,0,102628,0.699714,0.300401,4988.03,24.1833,3253,3140.44,0.699561,0
01:11:15:00:23:42,8782.96,8772.38,91.1897,91.7258,83.5369,1.9985,1.50136,3141.83,102745,12479.9,2.13435,0,0,102745,0.704253,0.297503,4991.81,24.2,3254.52,3141.83,0.701092,0
01:11:15:00:23:43,8769.23,8775.24,91.2311,91.6737,83.6017,1.99968,1.50137,3143.23,102862,12467.1,2.15272,0,0,102862,0.714281,0.297384,4979.02,24.2167,3256.04,3143.23,0.71177,0
01:11:15:00:23:44,8792.41,8772.66,91.2147,91.6751,83.6459,1.9979,1.50139,3144.62,102979,12491.3,2.15394,0,0,102979,0.720445,0.297154,5003.15,24.2333,3257.56,3144.62,0.716318,0
01:11:15:00:23:45,8776.1,8773.52,91.1452,91.7512,83.6225,2.0003,1.50141,3146.02,103096,12475.9,2.16498,0,0,103096,0.720022,0.297281,4987.81,24.25,3259.08,3146.02,0.720022,0
01:11:15:00:23:46,8797.27,8768.66,91.3027,91.7178,83.5611,1.99962,1.50142,3147.41,103213,12498,2.17112,0,0,103213,0.707323,0.297527,5009.91,24.2667,3260.6,3147.41,0.714822,0
01:11:15:00:23:47,8782.39,8764.94,91.1892,91.8126,83.7065,1.99934,1.50144,3148.8,103330,12484.1,2.18956,0,0,103330,0.69916,0.298153,4995.96,24.2833,3262.12,3148.8,0.700275,0
01:11:15:00:23:48,8778.67,8772.09,91.4866,91.9488,83.6025,1.99933,1.50145,3150.2,103447,12481.3,2.17972,0,0,103447,0.702308,0.299112,4993.19,24.3,3263.64,3150.2,0.699946,0
01:11:15:00:23:49,8782.68,8765.51,91.4135,91.9287,83.8775,1.99866,1.50146,3151.59,103564,12486.3,2.15885,0,0,103564,0.703543,0.299891,4998.15,24.3167,3265.17,3151.59,0.704143,0
01:11:15:00:23:50,8768.37,8790.12,91.2867,91.8246,83.8054,2.00011,1.50148,3152.99,103681,12472.9,2.16744,0,0,103681,0.698078,0.300051,4984.81,24.3333,3266.69,3152.99,0.700184,0
01:11:15:00:23:51,8786.68,8764.37,91.5482,91.8406,83.6915,1.99944,1.50149,3154.39,103799,12492.2,2.11846,0,0,103799,0.694208,0.301311,5004.04,24.35,3268.21,3154.39,0.697395,0
01:11:15:00:23:52,8784.97,8776.67,91.2641,91.9635,83.932,1.99923,1.5015,3155.78,103916,12491.4,2.05395,0,0,103916,0.69957,0.302945,5003.26,24.3667,3269.74,3155.78,0.69583,0
01:11:15:00:23:53,8793.26,8778.67,91.3831,91.7979,83.6684,2.00012,1.50152,3157.18,104033,12500.6,2.07095,0,0,104033,0.705049,0.303344,5012.52,24.3833,3271.26,3157.18,0.703941,0
01:11:15:00:23:54,8778.39,8770.09,91.3052,91.7578,83.778,1.99997,1.50153,3158.57,104150,12486.7,2.05759,0,0,104150,0.698937,0.304562,4998.59,24.4,3272.78,3158.57,0.698937,0
01:11:15:00:23:55,8777.24,8775.53,91.3479,91.858,83.71,1.999,1.50154,3159.97,104268,12486.5,2.10748,0,0,104268,0.690323,0.304113,4998.39,24.4167,3274.3,3159.97,0.694496,0
01:11:15:00:23:56,8774.67,8756.07,91.1816,91.894,83.7514,1.99836,1.50155,3161.37,104385,12484.9,2.12701,0,0,104385,0.685727,0.303082,4996.73,24.4333,3275.82,3161.37,0.687996,0
01:11:15:00:23:57,8782.11,8780.96,91.1766,91.8339,83.5945,1.99964,1.50156,3162.76,104502,12493.2,2.16866,0,0,104502,0.685727,0.30003,5005.09,24.45,3277.34,3162.76,0.685429,0
01:11:15:00:23:58,8777.53,8767.23,91.3997,91.7912,83.5911,1.99928,1.50157,3164.15,104619,12489.6,2.18832,0,0,104619,0.689276,0.29907,5001.46,24.4667,3278.87,3164.15,0.694332,0
01:11:15:00:23:59,8767.8,8772.38,91.256,91.7712,83.7956,1.99932,1.50158,3165.55,104736,12480.7,2.15026,0,0,104736,0.695972,0.297965,4992.6,24.4833,3280.39,3165.55,0.70166,0
01:11:15:00:24:00,8781.53,8777.53,91.3161,91.8139,83.6632,1.99949,1.50159,3166.94,104853,12495.2,2.10381,0,0,104853,0.701822,0.297031,5007.11,24.5,3281.91,3166.94,0.702064,0
01:11:15:00:24:01,8781.25,8768.66,91.4543,91.8313,83.722,1.99844,1.5016,3168.34,104970,12495.7,2.10381,0,0,104970,0.698768,0.297902,5007.59,24.5167,3283.43,3168.34,0.700803,0
01:11:15:00:24:02,8789.26,8773.24,91.2086,91.8647,83.8454,1.99939,1.50161,3169.74,105087,12504.5,2.05274,0,0,105087,0.700803,0.298037,5016.38,24.5333,3284.95,3169.74,0.703523,0
01:11:15:00:24:03,8782.39,8758.65,91.2245,91.8887,83.6231,1.99853,1.50161,3171.13,105205,12498.4,2.08189,0,0,105205,0.703968,0.297888,5010.25,24.55,3286.47,3171.13,0.715087,0
01:11:15:00:24:04,8783.54,8770.95,91.5264,91.8086,83.6299,2.00077,1.50162,3172.52,105322,12500.1,2.08676,0,0,105322,0.712051,0.29856,5011.96,24.5667,3288,3172.52,0.714799,0
01:11:15:00:24:05,8771.81,8765.51,91.246,91.7365,83.9146,1.99848,1.50163,3173.92,105439,12488.8,2.10138,0,0,105439,0.714799,0.298551,5000.67,24.5833,3289.52,3173.92,0.701421,0
01:11:15:00:24:06,8764.94,8769.8,91.0629,91.5829,83.6509,2.00037,1.50164,3175.32,105556,12482.4,2.16866,0,0,105556,0.701607,0.298484,4994.25,24.6,3291.04,3175.32,0.701077,0
01:11:15:00:24:07,8784.97,8772.95,91.3654,91.8727,83.4901,1.99833,1.50164,3176.71,105673,12502.9,2.25003,0,0,105673,0.701077,0.300947,5014.73,24.6167,3292.56,3176.71,0.705585,0
01:11:15:00:24:08,8774.38,8777.81,91.4112,91.8366,83.7627,1.9997,1.50165,3178.1,105790,12492.7,2.21542,0,0,105790,0.705585,0.302816,5004.55,24.6333,3294.08,3178.1,0.706259,0
01:11:15:00:24:09,8789.83,8765.51,91.2166,91.7672,83.8032,2.00016,1.50166,3179.5,105907,12508.5,2.23889,0,0,105907,0.706259,0.303286,5020.33,24.65,3295.6,3179.5,0.699772,0
01:11:15:00:24:10,8776.67,8758.65,91.3396,91.8486,83.628,1.99924,1.50166,3180.9,106025,12495.6,2.19448,0,0,106025,0.696012,0.303472,5007.47,24.6667,3297.13,3180.9,0.689912,0
01:11:15:00:24:11,8779.24,8764.08,91.0974,91.8526,83.7402,1.99938,1.50167,3182.29,106142,12498.5,2.18956,0,0,106142,0.691327,0.304598,5010.34,24.6833,3298.65,3182.29,0.694026,0
01:11:15:00:24:12,8775.53,8768.09,91.3183,91.8046,83.5173,1.99963,1.50168,3183.68,106259,12495.1,2.09772,0,0,106259,0.69393,0.304162,5006.93,24.7,3300.17,3183.68,0.694026,0
01:11:15:00:24:13,8763.51,8770.38,91.2057,91.8473,83.7195,1.99974,1.50168,3185.08,106376,12483.3,2.10504,0,0,106376,0.685017,0.3047,4995.2,24.7167,3301.69,3185.08,0.687485,0
01:11:15:00:24:14,8774.95,8762.65,91.27,91.9114,83.6189,1.99899,1.50169,3186.47,106493,12495,2.09772,0,0,106493,0.684605,0.302875,5006.92,24.7333,3303.21,3186.47,0.681685,0
01:11:15:00:24:15,8779.24,8770.09,91.3654,91.9848,83.6803,1.99827,1.50169,3187.87,106610,12499.6,2.12335,0,0,106610,0.688895,0.300248,5011.48,24.75,3304.73,3187.87,0.688895,0
01:11:15:00:24:16,8773.24,8769.52,91.3136,91.9915,83.7628,1.99971,1.5017,3189.26,106727,12493.9,2.12824,0,0,106727,0.704948,0.29839,5005.74,24.7667,3306.25,3189.26,0.697983,0
01:11:15:00:24:17,8772.38,8769.23,91.5515,91.9875,83.7148,1.99984,1.5017,3190.66,106844,12493.3,2.12701,0,0,106844,0.709775,0.29646,5005.16,24.7833,3307.78,3190.66,0.708432,0
01:11:15:00:24:18,8774.38,8772.09,91.2646,91.9234,83.9348,1.99928,1.50171,3192.05,106962,12495.6,2.12701,0,0,106962,0.706861,0.296487,5007.43,24.8,3309.3,3192.05,0.70654,0
01:11:15:00:24:19,8786.11,8756.93,91.409,91.9314,83.6727,1.99901,1.50171,3193.45,107079,12507.6,2.17972,0,0,107079,0.705257,0.295861,5019.43,24.8167,3310.82,3193.45,0.705581,0
01:11:15:00:24:20,8779.24,8773.52,91.172,91.8994,83.8032,1.99956,1.50172,3194.85,107196,12501,2.16866,0,0,107196,0.702267,0.297061,5012.83,24.8333,3312.34,3194.85,0.702129,0
01:11:15:00:24:21,8768.95,8756.07,91.2293,91.8313,83.5831,2.00039,1.50172,3196.24,107313,12490.9,2.14169,0,0,107313,0.704573,0.29662,5002.8,24.85,3313.86,3196.24,0.70158,0
01:11:15:00:24:22,8768.09,8768.37,91.2293,91.8647,83.6369,2.00002,1.50173,3197.63,107431,12490.3,2.14414,0,0,107431,0.709197,0.29889,5002.19,24.8667,3315.38,3197.63,0.707481,0
01:11:15:00:24:23,8770.95,8774.95,91.2668,91.8526,83.6357,2.00034,1.50173,3199.03,107548,12493.4,2.18832,0,0,107548,0.708071,0.300896,5005.25,24.8833,3316.9,3199.03,0.709914,0
01:11:15:00:24:24,8774.95,8770.38,91.2479,91.7912,83.6762,1.99861,1.50173,3200.42,107665,12497.6,2.18218,0,0,107665,0.699824,0.302596,5009.45,24.9,3318.42,3200.42,0.699824,0
01:11:15:00:24:25,8787.26,8770.38,91.1416,91.9261,83.6591,1.99854,1.50174,3201.82,107782,12510.1,2.21296,0,0,107782,0.701873,0.303139,5021.94,24.9167,3319.94,3201.82,0.698786,0
01:11:15:00:24:26,8777.24,8759.22,91.0424,91.8032,83.5541,2.00069,1.50174,3203.21,107899,12500.2,2.1994,0,0,107899,0.704586,0.303022,5012.11,24.9333,3321.46,3203.21,0.701898,0
01:11:15:00:24:27,8784.68,8764.65,91.2663,91.7619,83.4659,1.99991,1.50174,3204.6,108016,12507.8,2.16375,0,0,108016,0.703783,0.301626,5019.68,24.95,3322.98,3204.6,0.705159,0
01:11:15:00:24:28,8767.23,8768.95,91.1974,91.7578,83.6717,1.99975,1.50175,3206,108133,12490.4,2.16621,0,0,108133,0.697839,0.30055,5002.31,24.9667,3324.5,3206,0.699923,0
01:11:15:00:24:29,8767.51,8767.23,91.1769,91.7338,83.6087,1.99972,1.50175,3207.39,108250,12490.8,2.16621,0,0,108250,0.693406,0.298441,5002.67,24.9833,3326.02,3207.39,0.692419,0
01:11:15:00:24:30,8778.96,8772.66,91.3554,91.8246,83.5941,1.9985,1.50175,3208.78,108367,12502.3,2.16375,0,0,108367,0.693013,0.298828,5014.19,25,3327.54,3208.78,0.693422,0
01:11:15:00:24:31,8774.67,8768.09,91.3282,91.8206,83.7517,2.00025,1.50176,3210.18,108484,12498.1,2.17481,0,0,108484,0.694829,0.30034,5009.97,25.0167,3329.07,3210.18,0.694829,0
01:11:15:00:24:32,8787.83,8778.1,91.1002,91.6751,83.7254,2.00063,1.50176,3211.57,108601,12511.3,2.11968,0,0,108601,0.694872,0.301459,5023.18,25.0333,3330.59,3211.57,0.694872,0
01:11:15:00:24:33,8780.1,8775.53,91.4103,91.6684,83.5174,2.00035,1.50176,3212.97,108718,12503.6,2.1087,0,0,108718,0.692158,0.303041,5015.5,25.05,3332.11,3212.97,0.68754,0
01:11:15:00:24:34,8788.4,8774.38,91.1969,91.6777,83.8025,2.00012,1.50177,3214.36,108835,12512,2.1087,0,0,108835,0.686229,0.303722,5023.85,25.0667,3333.63,3214.36,0.686229,0
01:11:15:00:24:35,8775.53,8776.38,91.2407,91.6257,83.6062,2.00029,1.50177,3215.76,108952,12499.1,2.17112,0,0,108952,0.691677,0.301998,5011.02,25.0833,3335.15,3215.76,0.695751,0
01:11:15:00:24:36,8779.53,8772.66,91.073,91.5269,83.6495,1.99939,1.50177,3217.15,109070,12503.2,2.17481,0,0,109070,0.70294,0.302139,5015.07,25.1,3336.67,3217.15,0.70294,0
01:11:15:00:24:37,8782.68,8763.79,91.1408,91.4921,83.4955,1.99949,1.50178,3218.54,109187,12506.4,2.14782,0,0,109187,0.704265,0.301869,5018.26,25.1167,3338.19,3218.54,0.703036,0
01:11:15:00:24:38,8771.23,8778.39,91.2833,91.4094,83.5544,2.00041,1.50178,3219.93,109304,12495,2.14537,0,0,109304,0.696564,0.302527,5006.85,25.1333,3339.71,3219.93,0.698181,0
01:11:15:00:24:39,8778.39,8774.67,91.1911,91.4908,83.6897,1.99905,1.50178,3221.33,109421,12502.2,2.16375,0,0,109421,0.69893,0.301943,5014.04,25.15,3341.23,3221.33,0.69445,0
01:11:15:00:24:40,8776.96,8780.96,91.0652,91.5482,83.6027,1.99978,1.50179,3222.72,109538,12500.8,2.18095,0,0,109538,0.705594,0.300681,5012.65,25.1667,3342.75,3222.72,0.705555,0
01:11:15:00:24:41,8787.54,8780.39,91.2924,91.5389,83.4863,2.00007,1.50179,3224.11,109655,12511.4,2.16621,0,0,109655,0.702462,0.299597,5023.26,25.1833,3344.27,3224.11,0.703907,0
01:11:15:00:24:42,8794.12,8774.67,91.1282,91.5082,83.6957,1.99975,1.50179,3225.51,109772,12518,2.13925,0,0,109772,0.692702,0.298162,5029.85,25.2,3345.79,3225.51,0.694122,0
01:11:15:00:24:43,8788.4,8778.67,91.2669,91.6403,83.5462,1.99944,1.50179,3226.9,109889,12512.3,2.1087,0,0,109889,0.696403,0.296613,5024.12,25.2167,3347.31,3226.9,0.692532,0
01:11:15:00:24:44,8783.25,8765.51,91.3123,91.7111,83.6751,1.99894,1.5018,3228.29,110006,12507.1,2.10626,0,0,110006,0.69587,0.296853,5018.98,25.2333,3348.83,3228.29,0.69587,0
01:11:15:00:24:45,8784.11,8783.25,91.1132,91.7979,83.714,1.99971,1.5018,3229.69,110123,12508,2.12824,0,0,110123,0.699646,0.296842,5019.83,25.25,3350.35,3229.69,0.699067,0
01:11:15:00:24:46,8780.1,8784.97,91.2317,91.7298,83.5325,1.99943,1.5018,3231.08,110240,12504,2.12579,0,0,110240,0.693362,0.297161,5015.83,25.2667,3351.87,3231.08,0.696264,0
01:11:15:00:24:47,8782.11,8781.82,91.2475,91.7271,83.6391,1.99999,1.5018,3232.48,110357,12506,2.14169,0,0,110357,0.684834,0.300117,5017.83,25.2833,3353.39,3232.48,0.686251,0
01:11:15:00:24:48,8797.56,8780.67,91.2166,91.7672,83.6594,1.99835,1.5018,3233.87,110474,12521.4,2.14537,0,0,110474,0.686057,0.301162,5033.28,25.3,3354.91,3233.87,0.684666,0
01:11:15:00:24:49,8794.69,8777.81,90.9405,91.5883,83.625,2.00009,1.50181,3235.27,110591,12518.5,2.15762,0,0,110591,0.693022,0.302371,5030.42,25.3167,3356.43,3235.27,0.688524,0
01:11:15:00:24:50,8802.13,8796.98,91.3434,91.5482,83.3769,1.99865,1.50181,3236.66,110708,12526,2.15517,0,0,110708,0.702231,0.3028,5037.86,25.3333,3357.95,3236.66,0.695215,0
01:11:15:00:24:51,8783.54,8787.54,91.2947,91.5229,83.7381,2.00097,1.50181,3238.05,110825,12507.4,2.1994,0,0,110825,0.706274,0.302733,5019.26,25.35,3359.47,3238.05,0.707199,0
01:11:15:00:24:52,8783.54,8783.82,91.3798,91.5696,83.6982,1.99962,1.50181,3239.45,110942,12507.4,2.17603,0,0,110942,0.702958,0.300986,5019.26,25.3667,3360.99,3239.45,0.704841,0
01:11:15:00:24:53,8793.84,8784.11,91.125,91.6497,83.7803,1.99845,1.50181,3240.84,111059,12517.7,2.18341,0,0,111059,0.699027,0.300627,5029.56,25.3833,3362.51,3240.84,0.699027,0
01:11:15:00:24:54,8790.4,8783.82,91.3228,91.7926,83.5495,1.99764,1.50182,3242.23,111176,12514.3,2.14904,0,0,111176,0.699027,0.299115,5026.13,25.4,3364.03,3242.23,0.703547,0
01:11:15:00:24:55,8794.41,8792.69,91.2701,91.7699,83.7337,1.99684,1.50182,3243.63,111293,12518.3,2.16253,0,0,111293,0.704945,0.299764,5030.14,25.4167,3365.55,3243.63,0.703917,0
01:11:15:00:24:56,8783.54,8797.84,91.2892,91.7285,83.6734,2.00026,1.50182,3245.02,111410,12507.4,2.15762,0,0,111410,0.703843,0.298301,5019.27,25.4333,3367.07,3245.02,0.706286,0
01:11:15:00:24:57,8801.27,8792.41,91.2666,91.6337,83.6952,1.99903,1.50182,3246.42,111527,12525.1,2.19448,0,0,111527,0.704894,0.298104,5037,25.45,3368.6,3246.42,0.704987,0
01:11:15:00:24:58,8802.99,8793.84,91.3218,91.5696,83.6695,2.00046,1.50182,3247.81,111645,12526.8,2.18341,0,0,111645,0.70575,0.298077,5038.72,25.4667,3370.12,3247.81,0.711498,0
01:11:15:00:24:59,8797.84,8787.26,91.1765,91.6884,83.7279,1.99824,1.50182,3249.21,111762,12521.7,2.1994,0,0,111762,0.712308,0.297914,5033.57,25.4833,3371.64,3249.21,0.716079,0
01:11:15:00:25:00,8805.28,8782.11,91.3286,91.659,83.5931,1.99866,1.50182,3250.6,111879,12529.1,2.18587,0,0,111879,0.716079,0.298261,5041.01,25.5,3373.16,3250.6,0.707828,0
01:11:15:00:25:01,8793.26,8796.7,91.1618,91.5789,83.7288,1.99978,1.50183,3252,111996,12517.1,2.21913,0,0,111996,0.707828,0.30049,5028.99,25.5167,3374.68,3252,0.705295,0
01:11:15:00:25:02,8793.84,8790.4,91.3262,91.7632,83.5795,1.99871,1.50183,3253.39,112113,12517.7,2.16375,0,0,112113,0.705295,0.301441,5029.56,25.5333,3376.2,3253.39,0.7045,0
01:11:15:00:25:03,8795.55,8798.99,91.0689,91.7845,83.728,1.99935,1.50183,3254.79,112230,12519.4,2.14782,0,0,112230,0.702746,0.304289,5031.28,25.55,3377.72,3254.79,0.701553,0
01:11:15:00:25:04,8803.56,8799.27,91.6125,91.8072,83.4869,2.00087,1.50183,3256.18,112347,12527.4,2.19079,0,0,112347,0.701553,0.304826,5039.29,25.5667,3379.24,3256.18,0.695842,0
01:11:15:00:25:05,8811.57,8794.98,91.4701,91.7685,83.9868,2.00039,1.50183,3257.57,112464,12535.4,2.16744,0,0,112464,0.696978,0.305491,5047.3,25.5833,3380.77,3257.57,0.689716,0
01:11:15:00:25:06,8806.42,8795.84,91.2582,91.7004,83.8616,1.99889,1.50183,3258.97,112581,12530.3,2.16989,0,0,112581,0.689716,0.303342,5042.15,25.6,3382.29,3258.97,0.686403,0
01:11:15:00:25:07,8802.42,8784.68,91.3799,91.8219,83.6678,1.99874,1.50183,3260.37,112699,12526.3,2.17235,0,0,112699,0.686403,0.302608,5038.15,25.6167,3383.81,3260.37,0.686403,0
01:11:15:00:25:08,8805.57,8797.84,91.1986,91.7031,83.7781,1.99911,1.50183,3261.76,112816,12529.4,2.16989,0,0,112816,0.687953,0.302238,5041.3,25.6333,3385.33,3261.76,0.687083,0
01:11:15:00:25:09,8795.55,8796.98,91.1898,91.7018,83.6096,1.99978,1.50183,3263.16,112933,12519.4,2.17972,0,0,112933,0.69252,0.299042,5031.28,25.65,3386.85,3263.16,0.68923,0
01:11:15:00:25:10,8804.99,8796.98,91.1254,91.7351,83.6031,1.99932,1.50183,3264.55,113050,12528.9,2.18956,0,0,113050,0.688182,0.298482,5040.73,25.6667,3388.37,3264.55,0.693061,0
01:11:15:00:25:11,8817.3,8804.71,91.0764,91.7819,83.5461,1.99874,1.50183,3265.95,113167,12541.2,2.20556,0,0,113167,0.68316,0.298505,5053.03,25.6833,3389.89,3265.95,0.684639,0
01:11:15:00:25:12,8817.87,8807,91.4499,91.7685,83.4976,1.99975,1.50151,3267.34,113284,12541.7,2.16866,0,0,113284,0.684278,0.298011,5053.6,25.7,3391.41,3267.34,0.682954,0
01:11:15:00:25:13,8820.73,8816.72,91.1891,91.6858,83.842,1.99919,1.50151,3268.73,113401,12544.6,2.13558,0,0,113401,0.697883,0.297949,5056.46,25.7167,3392.93,3268.73,0.690736,0
01:11:15:00:25:14,8810.72,8810.72,91.4177,91.6484,83.6007,1.99981,1.50151,3270.13,113518,12534.6,2.17112,0,0,113518,0.704056,0.297294,5046.45,25.7333,3394.46,3270.13,0.704056,0
01:11:15:00:25:15,8824.73,8803.85,91.5262,91.5669,83.8079,2.0005,1.74992,3271.52,113635,12548.6,2.17603,0,0,113635,0.702722,0.298777,5060.47,25.75,3395.98,3271.52,0.707504,0
01:11:15:00:25:16,8820.44,8805.57,91.333,91.5362,83.9108,1.99952,1.99945,3272.92,113753,12544.3,2.21542,0,0,113753,0.702043,0.298238,5056.18,25.7667,3397.5,3272.92,0.702043,0
01:11:15:00:25:17,8811.86,8803.56,91.2391,91.6123,83.7354,1.99902,1.99945,3274.32,113870,12535.7,2.16007,0,0,113870,0.699924,0.297986,5047.59,25.7833,3399.03,3274.32,0.699727,0
01:11:15:00:25:18,8813.29,8808.71,91.3933,91.7311,83.6449,2.00029,1.99945,3275.71,113987,12537.2,2.14047,0,0,113987,0.694475,0.298684,5049.02,25.8,3400.55,3275.71,0.6989,0
01:11:15:00:25:19,8807,8819.01,91.2805,91.6724,83.7907,1.99902,1.99945,3277.11,114105,12530.9,2.15394,0,0,114105,0.688401,0.299363,5042.73,25.8167,3402.07,3277.11,0.68927,0
01:11:15:00:25:20,8821.02,8816.15,90.9622,91.7765,83.6913,1.99787,1.99945,3278.5,114222,12544.9,2.20433,0,0,114222,0.693193,0.298411,5056.75,25.8333,3403.59,3278.5,0.688119,0
01:11:15:00:25:21,8827.88,8820.73,91.2649,91.7618,83.3926,1.99985,1.99945,3279.9,114339,12551.7,2.25869,0,0,114339,0.703067,0.298476,5063.61,25.85,3405.11,3279.9,0.700841,0
01:11:15:00:25:22,8826.45,8809,91.2529,91.8446,83.6761,1.99812,1.99945,3281.29,114456,12550.3,2.22407,0,0,114456,0.710465,0.298617,5062.18,25.8667,3406.63,3281.29,0.708858,0
01:11:15:00:25:23,8829.6,8807.57,91.3074,92.0049,83.66,1.9996,1.99945,3282.68,114573,12553.5,2.19817,0,0,114573,0.71765,0.29804,5065.33,25.8833,3408.15,3282.68,0.71765,0
01:11:15:00:25:24,8822.73,8819.3,91.3587,91.6978,83.7052,2.00097,1.99945,3284.08,114690,12546.6,2.21789,0,0,114690,0.716738,0.299501,5058.46,25.9,3409.67,3284.08,0.720094,0
01:11:15:00:25:25,8814.15,8813.86,91.2087,91.7432,83.761,1.99844,1.99945,3285.47,114807,12538,2.22653,0,0,114807,0.713189,0.299818,5049.88,25.9167,3411.19,3285.47,0.71644,0
01:11:15:00:25:26,8822.16,8821.87,91.3348,91.7111,83.6204,1.99932,1.99945,3286.87,114924,12546,2.20926,0,0,114924,0.7057,0.301214,5057.89,25.9333,3412.71,3286.87,0.709348,0
01:11:15:00:25:27,8829.88,8827.31,91.3348,91.7018,83.7348,1.99967,1.99944,3288.26,115041,12553.7,2.1994,0,0,115041,0.707468,0.302166,5065.62,25.95,3414.24,3288.26,0.709344,0
01:11:15:00:25:28,8839.04,8829.6,91.0802,91.5923,83.7314,2.00065,1.99944,3289.66,115158,12562.9,2.17603,0,0,115158,0.706692,0.301545,5074.77,25.9667,3415.76,3289.66,0.706692,0
01:11:15:00:25:29,8835.04,8832.17,91.0167,91.607,83.5022,1.99945,1.99944,3291.05,115276,12558.9,2.18463,0,0,115276,0.693941,0.301468,5070.77,25.9833,3417.27,3291.05,0.693941,0
01:11:15:00:25:30,8830.17,8823.3,91.0433,91.5442,83.4448,1.99921,1.99944,3292.44,115393,12554,2.18095,0,0,115393,0.680762,0.301816,5065.9,26,3418.79,3292.44,0.680762,0
01:11:15:00:25:31,8837.04,8824.16,91.152,91.5562,83.4695,1.99911,1.99944,3293.83,115509,12560.9,2.22283,0,0,115509,0.682391,0.300823,5072.77,26.0167,3420.31,3293.83,0.682391,0
01:11:15:00:25:32,8820.16,8821.87,91.065,91.5295,83.567,1.99973,1.99943,3295.23,115626,12544,2.23889,0,0,115626,0.68529,0.300765,5055.89,26.0333,3421.83,3295.23,0.687437,0
01:11:15:00:25:33,8835.61,8823.59,91.1951,91.5269,83.4887,1.99931,1.99943,3296.62,115743,12559.5,2.24508,0,0,115743,0.688699,0.300432,5071.34,26.05,3423.35,3296.62,0.688699,0
01:11:15:00:25:34,8824.45,8826.74,91.3199,91.4641,83.6064,1.99976,1.99943,3298.01,115860,12548.3,2.21419,0,0,115860,0.689136,0.300084,5060.18,26.0667,3424.87,3298.01,0.688407,0
01:11:15:00:25:35,8829.88,8831.89,91.3009,91.36,83.7202,1.99994,1.99943,3299.4,115977,12553.7,2.24013,0,0,115977,0.694236,0.299571,5065.62,26.0833,3426.39,3299.4,0.694236,0
01:11:15:00:25:36,8838.75,8837.9,91.224,91.3319,83.7035,1.99973,1.99943,3300.8,116094,12562.6,2.26737,0,0,116094,0.70236,0.299439,5074.49,26.1,3427.91,3300.8,0.704735,0
01:11:15:00:25:37,8836.18,8835.32,91.402,91.3293,83.6335,1.99958,1.99942,3302.19,116211,12560,2.25622,0,0,116211,0.707594,0.29954,5071.91,26.1167,3429.43,3302.19,0.707594,0
01:11:15:00:25:38,8857.92,8828.17,91.3659,91.4374,83.7977,1.99929,1.99942,3303.59,116328,12581.8,2.28226,0,0,116328,0.713449,0.30005,5093.66,26.1333,3430.96,3303.59,0.711908,0
01:11:15:00:25:39,8847.91,8835.61,91.2898,91.3399,83.7636,1.99959,1.99942,3304.99,116446,12571.8,2.3196,0,0,116446,0.712445,0.299357,5083.64,26.15,3432.48,3304.99,0.714502,0
01:11:15:00:25:40,8840.47,8826.45,91.2573,91.4788,83.701,1.99751,1.99942,3306.38,116563,12564.3,2.29967,0,0,116563,0.707767,0.298832,5076.21,26.1667,3434,3306.38,0.709227,0
01:11:15:00:25:41,8839.04,8831.89,91.2618,91.5763,83.6669,1.99875,1.99941,3307.78,116680,12562.9,2.31212,0,0,116680,0.708864,0.299269,5074.78,26.1833,3435.52,3307.78,0.709197,0
01:11:15:00:25:42,8839.33,8846.76,91.1598,91.5189,83.6695,1.99922,1.99941,3309.17,116797,12563.2,2.29967,0,0,116797,0.705049,0.299578,5075.06,26.2,3437.04,3309.17,0.708004,0
01:11:15:00:25:43,8846.76,8839.33,91.2294,91.4307,83.576,1.99921,1.99941,3310.56,116914,12570.6,2.24508,0,0,116914,0.690382,0.299952,5082.5,26.2167,3438.56,3310.56,0.697593,0
01:11:15:00:25:44,8852.49,8845.33,91.1768,91.4387,83.6415,1.9987,1.9994,3311.96,117031,12576.4,2.2031,0,0,117031,0.682251,0.300904,5088.22,26.2333,3440.08,3311.96,0.686337,0
01:11:15:00:25:45,8853.34,8830.17,91.3865,91.416,83.5924,1.99896,1.9994,3313.35,117148,12577.2,2.19817,0,0,117148,0.68124,0.301044,5089.08,26.25,3441.6,3313.35,0.68124,0
01:11:15:00:25:46,8855.92,8834.18,91.4853,91.4107,83.7833,1.99933,1.9994,3314.74,117265,12579.8,2.16375,0,0,117265,0.683245,0.301433,5091.66,26.2667,3443.13,3314.74,0.683952,0
01:11:15:00:25:47,8847.05,8841.04,91.2946,91.5175,83.8787,1.99796,1.99939,3316.14,117382,12570.9,2.14292,0,0,117382,0.67918,0.300156,5082.79,26.2833,3444.65,3316.14,0.682309,0
01:11:15:00:25:48,8842.19,8833.03,91.3304,91.5055,83.6942,2.00076,1.99939,3317.54,117499,12566.1,2.14414,0,0,117499,0.679918,0.299658,5077.92,26.3,3446.17,3317.54,0.677654,0
01:11:15:00:25:49,8849.05,8841.9,91.3292,91.4881,83.7334,1.99893,1.99939,3318.93,117617,12572.9,2.14047,0,0,117617,0.684388,0.299693,5084.79,26.3167,3447.69,3318.93,0.681624,0
01:11:15:00:25:50,8845.91,8834.46,91.1096,91.5269,83.7279,2.00019,1.99939,3320.33,117734,12569.8,2.17112,0,0,117734,0.690588,0.298504,5081.64,26.3333,3449.21,3320.33,0.689859,0
01:11:15:00:25:51,8856.78,8847.91,90.9702,91.4494,83.5341,1.99802,1.99938,3321.72,117851,12580.6,2.15026,0,0,117851,0.696808,0.297725,5092.51,26.35,3450.73,3321.72,0.696808,0
01:11:15:00:25:52,8840.47,8843.05,91.4148,91.4267,83.3995,1.99997,1.99938,3323.11,117968,12564.3,2.16253,0,0,117968,0.703367,0.298922,5076.21,26.3667,3452.25,3323.11,0.704575,0
01:11:15:00:25:53,8847.62,8838.18,91.2515,91.5068,83.8098,1.99918,1.99938,3324.51,118085,12571.5,2.11113,0,0,118085,0.703367,0.301456,5083.36,26.3833,3453.77,3324.51,0.706919,0
01:11:15:00:25:54,8859.64,8838.18,91.3442,91.4454,83.6593,1.99943,1.99937,3325.9,118202,12583.5,2.08554,0,0,118202,0.706919,0.301228,5095.38,26.4,3455.29,3325.9,0.706808,0
01:11:15:00:25:55,8849.05,8835.04,91.1963,91.5683,83.7472,1.99858,1.99937,3327.3,118319,12572.9,2.08189,0,0,118319,0.705556,0.303152,5084.79,26.4167,3456.82,3327.3,0.708667,0
01:11:15:00:25:56,8851.92,8831.6,91.1906,91.619,83.6092,1.9993,1.99937,3328.69,118436,12575.8,2.09407,0,0,118436,0.708667,0.302301,5087.65,26.4333,3458.33,3328.69,0.711941,0
01:11:15:00:25:57,8838.75,8835.04,91.2651,91.7031,83.6052,1.99891,1.99937,3330.09,118553,12562.6,2.10626,0,0,118553,0.710101,0.302519,5074.49,26.45,3459.86,3330.09,0.707533,0
01:11:15:00:25:58,8843.05,8841.33,91.4315,91.5055,83.6675,2.00065,1.99936,3331.48,118670,12566.9,2.08067,0,0,118670,0.707533,0.302471,5078.78,26.4667,3461.38,3331.48,0.707533,0
01:11:15:00:25:59,8842.76,8842.19,91.1622,91.6844,83.8231,1.99978,1.99936,3332.88,118787,12566.6,2.08554,0,0,118787,0.703643,0.302294,5078.49,26.4833,3462.9,3332.88,0.703643,0
01:11:15:00:26:00,8841.9,8839.61,91.1504,91.8046,83.5805,1.99854,1.99936,3334.27,118905,12565.8,2.11846,0,0,118905,0.710717,0.302522,5077.64,26.5,3464.42,3334.27,0.710717,0
01:11:15:00:26:01,8862.79,8831.6,91.4303,91.8406,83.5658,1.99967,1.99935,3335.66,119022,12586.6,2.10016,0,0,119022,0.713886,0.303432,5098.52,26.5167,3465.94,3335.66,0.713886,0
01:11:15:00:26:02,8852.2,8838.75,91.2002,91.8259,83.8229,1.99952,1.99935,3337.06,119139,12576.1,2.13313,0,0,119139,0.710148,0.304403,5087.94,26.5333,3467.46,3337.06,0.710994,0
01:11:15:00:26:03,8844.76,8824.45,91.1619,92.0075,83.6183,1.99771,1.99935,3338.46,119256,12568.6,2.0892,0,0,119256,0.704399,0.303763,5080.5,26.55,3468.98,3338.46,0.704399,0
01:11:15:00:26:04,8844.48,8833.03,91.112,92.1277,83.5792,1.99885,1.99935,3339.85,119373,12568.3,2.0746,0,0,119373,0.7002,0.303689,5080.21,26.5667,3470.5,3339.85,0.698631,0
01:11:15:00:26:05,8843.05,8845.33,91.2024,92.0436,83.5264,2.00086,1.99934,3341.24,119490,12566.9,2.11113,0,0,119490,0.704366,0.302344,5078.78,26.5833,3472.02,3341.24,0.702832,0
01:11:15:00:26:06,8840.76,8839.9,91.1523,91.9848,83.6102,2.00061,1.99934,3342.63,119607,12564.6,2.10748,0,0,119607,0.701466,0.299875,5076.49,26.6,3473.54,3342.63,0.701466,0
01:11:15:00:26:07,8851.06,8842.19,91.3004,91.9381,83.5699,1.99898,1.99934,3344.03,119724,12574.9,2.14537,0,0,119724,0.697391,0.298175,5086.79,26.6167,3475.06,3344.03,0.698056,0
01:11:15:00:26:08,8850.2,8831.6,91.3179,91.9034,83.7028,1.99982,1.99934,3345.42,119841,12574.1,2.16375,0,0,119841,0.692863,0.297543,5085.93,26.6333,3476.58,3345.42,0.697033,0
01:11:15:00:26:09,8854.78,8843.62,91.3844,91.866,83.7191,1.99973,1.99934,3346.82,119958,12578.6,2.16989,0,0,119958,0.695967,0.29756,5090.51,26.65,3478.1,3346.82,0.692929,0
01:11:15:00:26:10,8844.19,8841.33,91.262,91.623,83.7738,2.00152,1.99933,3348.21,120075,12568.1,2.12579,0,0,120075,0.701595,0.29799,5079.92,26.6667,3479.63,3348.21,0.700504,0
01:11:15:00:26:11,8837.61,8829.88,91.2094,91.619,83.6637,2.00092,1.99933,3349.61,120193,12561.5,2.14292,0,0,120193,0.712787,0.299958,5073.34,26.6833,3481.15,3349.61,0.712013,0
01:11:15:00:26:12,8852.49,8835.04,91.2206,91.6363,83.6249,1.99823,1.99933,3351,120310,12576.3,2.16498,0,0,120310,0.708916,0.302001,5088.22,26.7,3482.67,3351,0.712523,0
01:11:15:00:26:13,8841.9,8828.17,91.0899,91.7445,83.6319,1.99914,1.99933,3352.39,120427,12565.8,2.12946,0,0,120427,0.696519,0.304439,5077.63,26.7167,3484.19,3352.39,0.700832,0
01:11:15:00:26:14,8842.19,8836.18,91.3016,91.6457,83.5066,2.00072,1.99933,3353.79,120544,12566,2.20187,0,0,120544,0.693595,0.30485,5077.92,26.7333,3485.71,3353.79,0.694387,0
01:11:15:00:26:15,8834.46,8836.18,91.29,91.7111,83.7064,1.99909,1.99933,3355.18,120661,12558.3,2.17112,0,0,120661,0.698371,0.305188,5070.19,26.75,3487.23,3355.18,0.698371,0
01:11:15:00:26:16,8847.62,8838.47,91.2243,91.8767,83.6987,1.99823,1.99932,3356.58,120778,12571.5,2.14659,0,0,120778,0.702404,0.304239,5083.36,26.7667,3488.75,3356.58,0.702404,0
01:11:15:00:26:17,8854.78,8836.46,91.456,91.6737,83.6284,2.00116,1.99932,3357.97,120895,12578.6,2.15149,0,0,120895,0.694505,0.303097,5090.51,26.7833,3490.27,3357.97,0.691531,0
01:11:15:00:26:18,8845.62,8830.46,91.4833,91.6697,83.8498,1.99858,1.99932,3359.37,121012,12569.5,2.09407,0,0,121012,0.694114,0.30055,5081.35,26.8,3491.8,3359.37,0.694114,0
01:11:15:00:26:19,8856.78,8827.31,91.4645,91.6297,83.8689,2.00027,1.99932,3360.76,121129,12580.6,2.06609,0,0,121129,0.698299,0.298042,5092.51,26.8167,3493.32,3360.76,0.700244,0
01:11:15:00:26:20,8838.18,8835.61,91.4525,91.6323,83.8565,1.99887,1.99932,3362.16,121247,12562,2.12824,0,0,121247,0.696426,0.298331,5073.91,26.8333,3494.85,3362.16,0.696426,0
01:11:15:00:26:21,8843.62,8835.04,91.4147,91.5349,83.8432,1.99955,1.99932,3363.56,121364,12567.5,2.08432,0,0,121364,0.695581,0.299171,5079.35,26.85,3496.37,3363.56,0.695581,0
01:11:15:00:26:22,8836.46,8838.75,91.2094,91.7151,83.8074,1.99988,1.99932,3364.96,121481,12560.3,2.10016,0,0,121481,0.698271,0.300459,5072.2,26.8667,3497.89,3364.96,0.698271,0
01:11:15:00:26:23,8841.62,8839.61,91.1414,91.7151,83.6247,1.99827,1.99932,3366.35,121599,12565.5,2.07338,0,0,121599,0.700367,0.300683,5077.35,26.8833,3499.41,3366.35,0.700367,0
01:11:15:00:26:24,8857.35,8831.03,91.1615,91.7218,83.5587,1.99932,1.99932,3367.74,121716,12581.2,2.0491,0,0,121716,0.69463,0.299903,5093.08,26.9,3500.93,3367.74,0.69265,0
01:11:15:00:26:25,8848.48,8837.61,91.2093,91.7044,83.5791,1.99877,1.99932,3369.14,121833,12572.3,2.05031,0,0,121833,0.694706,0.29848,5084.22,26.9167,3502.45,3369.14,0.694706,0
01:11:15:00:26:26,8849.05,8835.89,91.32,91.8246,83.6236,1.99857,1.99932,3370.53,121950,12572.9,2.1087,0,0,121950,0.69097,0.297587,5084.79,26.9333,3503.97,3370.53,0.688595,0
01:11:15:00:26:27,8841.9,8835.04,91.2371,91.7819,83.722,1.99945,1.99932,3371.92,122067,12565.8,2.15149,0,0,122067,0.68623,0.296792,5077.64,26.95,3505.49,3371.92,0.68623,0
01:11:15:00:26:28,8839.33,8832.17,91.1495,91.6751,83.6428,2.00039,1.99932,3373.32,122184,12563.2,2.15517,0,0,122184,0.687375,0.296767,5075.06,26.9667,3507.01,3373.32,0.689004,0
01:11:15:00:26:29,8835.32,8826.74,91.1495,91.6604,83.5675,1.99894,1.99932,3374.71,122301,12559.2,2.16866,0,0,122301,0.695737,0.297395,5071.05,26.9833,3508.53,3374.71,0.695737,0
01:11:15:00:26:30,8849.63,8835.04,91.2186,91.7151,83.5654,1.99955,1.99932,3376.11,122418,12573.5,2.14047,0,0,122418,0.69287,0.29852,5085.36,27,3510.05,3376.11,0.695891,0
01:11:15:00:26:31,8841.9,8825.59,91.2186,91.7418,83.6349,1.99776,1.99932,3377.5,122535,12565.8,2.12946,0,0,122535,0.696055,0.299455,5077.63,27.0167,3511.57,3377.5,0.693402,0
01:11:15:00:26:32,8841.62,8845.91,91.2536,91.7992,83.6314,1.99877,1.99932,3378.89,122652,12565.5,2.12701,0,0,122652,0.70375,0.299867,5077.35,27.0333,3513.09,3378.89,0.699359,0
01:11:15:00:26:33,8843.9,8834.46,91.3365,91.8006,83.6626,1.99905,1.99932,3380.29,122769,12567.8,2.07338,0,0,122769,0.715773,0.300891,5079.64,27.05,3514.61,3380.29,0.710425,0
01:11:15:00:26:34,8847.91,8830.74,91.2535,91.8072,83.739,1.99893,1.99932,3381.68,122886,12571.8,2.1087,0,0,122886,0.715865,0.303041,5083.64,27.0667,3516.13,3381.68,0.71582,0
01:11:15:00:26:35,8857.35,8833.6,91.4892,91.8687,83.6624,1.99907,1.99932,3383.08,123003,12581.2,2.14537,0,0,123003,0.713608,0.303976,5093.08,27.0833,3517.66,3383.08,0.713608,0
01:11:15:00:26:36,8840.76,8827.88,91.2431,91.7752,83.8741,2.00032,1.99932,3384.47,123120,12564.6,2.13191,0,0,123120,0.719189,0.304888,5076.49,27.1,3519.18,3384.47,0.717111,0
01:11:15:00:26:37,8844.48,8832.75,91.1709,91.8206,83.6535,1.99886,1.99932,3385.87,123238,12568.3,2.13068,0,0,123238,0.721415,0.30417,5080.21,27.1167,3520.7,3385.87,0.719864,0
01:11:15:00:26:38,8831.32,8831.32,91.2586,91.7979,83.5859,1.99927,1.99932,3387.26,123355,12555.2,2.16375,0,0,123355,0.711525,0.302615,5067.05,27.1333,3522.22,3387.26,0.716833,0
01:11:15:00:26:39,8846.76,8841.62,91.2681,91.7351,83.6659,1.99937,1.99932,3388.66,123472,12570.6,2.18587,0,0,123472,0.706474,0.300324,5082.5,27.15,3523.74,3388.66,0.706128,0
01:11:15:00:26:40,8849.63,8836.46,91.4137,91.6697,83.6745,1.99945,1.99933,3390.05,123589,12573.5,2.18341,0,0,123589,0.691305,0.297002,5085.36,27.1667,3525.26,3390.05,0.69449,0
01:11:15:00:26:41,8843.62,8833.6,91.3367,91.4962,83.8051,2.00025,1.99933,3391.45,123706,12567.5,2.19817,0,0,123706,0.687765,0.296344,5079.35,27.1833,3526.79,3391.45,0.688379,0
01:11:15:00:26:42,8857.64,8821.3,91.2341,91.4681,83.7332,2.00064,1.99933,3392.84,123823,12581.5,2.23518,0,0,123823,0.690735,0.296147,5093.37,27.2,3528.31,3392.84,0.690735,0
01:11:15:00:26:43,8839.33,8836.18,91.0466,91.5602,83.6465,1.99852,1.99933,3394.24,123940,12563.2,2.18341,0,0,123940,0.695994,0.296881,5075.06,27.2167,3529.83,3394.24,0.695994,0
01:11:15:00:26:44,8845.05,8831.89,91.2626,91.5122,83.4721,1.99924,1.99933,3395.63,124058,12568.9,2.17603,0,0,124058,0.697397,0.297326,5080.78,27.2333,3531.35,3395.63,0.697653,0
01:11:15:00:26:45,8835.04,8827.31,91.3118,91.4641,83.6687,1.99964,1.99933,3397.02,124175,12558.9,2.18218,0,0,124175,0.694719,0.298595,5070.76,27.25,3532.87,3397.02,0.694719,0
01:11:15:00:26:46,8845.62,8829.6,91.1766,91.5095,83.7178,1.99849,1.99934,3398.42,124291,12569.5,2.15026,0,0,124291,0.694719,0.298614,5081.35,27.2667,3534.39,3398.42,0.70746,0
01:11:15:00:26:47,8851.34,8831.6,91.4446,91.5843,83.593,1.99873,1.99934,3399.81,124409,12575.2,2.13313,0,0,124409,0.702793,0.30189,5087.07,27.2833,3535.91,3399.81,0.712106,0
01:11:15:00:26:48,8847.62,8847.34,91.3574,91.647,83.8404,1.99827,1.99934,3401.21,124526,12571.5,2.14904,0,0,124526,0.712106,0.303565,5083.35,27.3,3537.43,3401.21,0.699124,0
01:11:15:00:26:49,8847.34,8832.75,91.4535,91.607,83.7538,2.00016,1.99934,3402.6,124643,12571.2,2.13191,0,0,124643,0.706163,0.30237,5083.07,27.3167,3538.96,3402.6,0.699124,0
01:11:15:00:26:50,8845.62,8839.9,91.1448,91.6564,83.8472,1.99864,1.99935,3404,124760,12569.5,2.13191,0,0,124760,0.690465,0.301642,5081.35,27.3333,3540.48,3404,0.690465,0
01:11:15:00:26:51,8855.06,8834.46,91.2163,91.6697,83.5624,1.99918,1.99935,3405.4,124877,12578.9,2.13068,0,0,124877,0.685329,0.299977,5090.79,27.35,3542,3405.4,0.685329,0
01:11:15:00:26:52,8843.05,8825.31,91.0563,91.651,83.6239,2.00033,1.99935,3406.79,124994,12566.9,2.16989,0,0,124994,0.689542,0.300496,5078.77,27.3667,3543.52,3406.79,0.689542,0
01:11:15:00:26:53,8838.75,8833.32,91.0814,91.6978,83.4833,1.99858,1.99935,3408.18,125111,12562.6,2.11358,0,0,125111,0.696129,0.301238,5074.48,27.3833,3545.04,3408.18,0.696129,0
01:11:15:00:26:54,8840.47,8825.31,91.025,91.7592,83.5041,1.99921,1.99936,3409.57,125228,12564.3,2.07946,0,0,125228,0.690585,0.303441,5076.2,27.4,3546.55,3409.57,0.684549,0
01:11:15:00:26:55,8837.9,8845.62,91.2398,91.7031,83.4509,1.99965,1.99936,3410.96,125345,12561.8,2.09407,0,0,125345,0.683798,0.303462,5073.62,27.4167,3548.07,3410.96,0.683798,0
01:11:15:00:26:56,8840.76,8832.17,91.2133,91.7445,83.6522,1.99839,1.99936,3412.36,125462,12564.6,2.10381,0,0,125462,0.684692,0.303284,5076.48,27.4333,3549.59,3412.36,0.683518,0
01:11:15:00:26:57,8846.76,8835.04,91.0584,91.639,83.6255,1.99907,1.99936,3413.75,125579,12570.6,2.13925,0,0,125579,0.685027,0.30157,5082.49,27.45,3551.11,3413.75,0.685027,0
01:11:15:00:26:58,8851.63,8829.31,91.3138,91.5896,83.4787,2.00046,1.99937,3415.14,125696,12575.5,2.19079,0,0,125696,0.690706,0.300944,5087.35,27.4667,3552.63,3415.14,0.688771,0
01:11:15:00:26:59,8838.47,8822.73,91.1857,91.5589,83.7129,2.00044,1.99937,3416.54,125813,12562.3,2.17357,0,0,125813,0.687138,0.300989,5074.19,27.4833,3554.15,3416.54,0.687138,0
01:11:15:00:27:00,8847.34,8831.6,91.1129,91.6457,83.6081,1.99678,1.99937,3417.93,125930,12571.2,2.21789,0,0,125930,0.688456,0.29915,5083.06,27.5,3555.67,3417.93,0.688456,0
01:11:15:00:27:01,8829.88,8831.32,91.0745,91.651,83.5286,2.00047,1.99938,3419.32,126047,12553.7,2.20556,0,0,126047,0.703929,0.297979,5065.61,27.5167,3557.19,3419.32,0.69764,0
01:11:15:00:27:02,8844.76,8840.18,91.2517,91.5349,83.4997,1.99866,1.99938,3420.72,126164,12568.6,2.19325,0,0,126164,0.71297,0.297424,5080.49,27.5333,3558.71,3420.72,0.706703,0
01:11:15:00:27:03,8841.62,8835.89,91.3684,91.5456,83.6552,2.00065,1.99938,3422.11,126281,12565.5,2.12579,0,0,126281,0.709607,0.29809,5077.34,27.55,3560.23,3422.11,0.712443,0
01:11:15:00:27:04,8841.62,8831.89,91.138,91.6978,83.7698,1.99847,1.99939,3423.5,126398,12565.5,2.15885,0,0,126398,0.702032,0.299346,5077.34,27.5667,3561.75,3423.5,0.703704,0
01:11:15:00:27:05,8852.49,8838.47,91.4048,91.651,83.5547,1.99957,1.99939,3424.9,126515,12576.3,2.15639,0,0,126515,0.696759,0.301637,5088.21,27.5833,3563.27,3424.9,0.696759,0
01:11:15:00:27:06,8836.18,8835.89,91.1617,91.623,83.8016,1.99894,1.99939,3426.29,126632,12560,2.15517,0,0,126632,0.695657,0.302863,5071.9,27.6,3564.79,3426.29,0.697935,0
01:11:15:00:27:07,8839.9,8829.88,91.5525,91.6777,83.5809,1.99829,1.9994,3427.69,126749,12563.8,2.16007,0,0,126749,0.693448,0.300568,5075.62,27.6167,3566.32,3427.69,0.693448,0
01:11:15:00:27:08,8829.88,8822.45,91.407,91.7044,83.9357,1.99932,1.9994,3429.08,126866,12553.7,2.16253,0,0,126866,0.693522,0.29992,5065.61,27.6333,3567.84,3429.08,0.692469,0
01:11:15:00:27:09,8841.9,8824.73,91.3128,91.7926,83.8038,1.99886,1.9994,3430.48,126983,12565.8,2.18095,0,0,126983,0.702394,0.297943,5077.63,27.65,3569.36,3430.48,0.698271,0
01:11:15:00:27:10,8837.61,8825.59,91.2361,91.8927,83.7171,1.99894,1.99941,3431.88,127101,12561.5,2.16498,0,0,127101,0.711209,0.298106,5073.33,27.6667,3570.89,3431.88,0.710522,0
01:11:15:00:27:11,8825.88,8840.47,91.2005,91.8112,83.6445,1.99962,1.99941,3433.27,127218,12549.7,2.13802,0,0,127218,0.714486,0.299311,5061.6,27.6833,3572.41,3433.27,0.713401,0
01:11:15:00:27:12,8841.33,8829.6,91.2154,91.8286,83.6089,2.00047,1.99941,3434.67,127335,12565.2,2.16253,0,0,127335,0.715189,0.301769,5077.05,27.7,3573.93,3434.67,0.715189,0
01:11:15:00:27:13,8839.61,8842.76,91.0696,91.8032,83.6299,1.99835,1.99942,3436.06,127452,12563.5,2.13313,0,0,127452,0.717512,0.302833,5075.33,27.7167,3575.45,3436.06,0.717512,0
01:11:15:00:27:14,8846.76,8826.74,91.4198,91.7338,83.4926,1.9994,1.99942,3437.45,127569,12570.6,2.12824,0,0,127569,0.714826,0.302638,5082.49,27.7333,3576.97,3437.45,0.710843,0
01:11:15:00:27:15,8837.9,8821.3,91.2979,91.7124,83.8152,1.99897,1.99942,3438.85,127686,12561.7,2.10381,0,0,127686,0.708588,0.302574,5073.62,27.75,3578.49,3438.85,0.708588,0
01:11:15:00:27:16,8840.47,8826.74,91.1684,91.8593,83.7051,1.99851,1.99943,3440.24,127803,12564.3,2.07946,0,0,127803,0.70879,0.299932,5076.19,27.7667,3580.01,3440.24,0.70829,0
01:11:15:00:27:17,8836.18,8825.59,91.1828,91.8259,83.584,1.99916,1.99943,3441.64,127920,12560,2.06123,0,0,127920,0.696454,0.29958,5071.9,27.7833,3581.53,3441.64,0.696454,0
01:11:15:00:27:18,8837.9,8843.9,91.2211,91.6564,83.5928,2.00045,1.99943,3443.03,128037,12561.7,2.0588,0,0,128037,0.690828,0.299439,5073.62,27.8,3583.05,3443.03,0.688624,0
01:11:15:00:27:19,8832.17,8830.46,91.4078,91.6136,83.6314,1.99943,1.99943,3444.42,128154,12556,2.12579,0,0,128154,0.690269,0.29847,5067.89,27.8167,3584.57,3444.42,0.690269,0
01:11:15:00:27:20,8844.76,8839.04,91.2876,91.623,83.8028,1.99935,1.99944,3445.82,128271,12568.6,2.13313,0,0,128271,0.691939,0.297713,5080.48,27.8333,3586.09,3445.82,0.691939,0
01:11:15:00:27:21,8850.2,8833.6,91.5054,91.6083,83.6948,1.99874,1.99944,3447.21,128389,12574,2.11724,0,0,128389,0.687793,0.299098,5085.92,27.85,3587.62,3447.21,0.687793,0
01:11:15:00:27:22,8841.04,8831.03,91.0759,91.7899,83.8934,1.99906,1.99944,3448.61,128506,12564.9,2.12457,0,0,128506,0.67892,0.301139,5076.76,27.8667,3589.14,3448.61,0.67892,0
01:11:15:00:27:23,8851.63,8830.17,91.3152,91.8179,83.4983,1.99941,1.99944,3450.01,128623,12575.5,2.1368,0,0,128623,0.684097,0.302607,5087.35,27.8833,3590.66,3450.01,0.692512,0
01:11:15:00:27:24,8831.03,8824.45,91.2506,91.7739,83.7181,1.99931,1.99945,3451.4,128740,12554.9,2.0965,0,0,128740,0.699935,0.304945,5066.75,27.9,3592.18,3451.4,0.699935,0
01:11:15:00:27:25,8847.34,8839.33,91.207,91.7712,83.6587,1.99937,1.99945,3452.79,128857,12571.2,2.12212,0,0,128857,0.704792,0.304849,5083.06,27.9167,3593.7,3452.79,0.707683,0
01:11:15:00:27:26,8835.61,8829.03,91.1911,91.7618,83.6248,1.99761,1.99945,3454.19,128974,12559.5,2.15149,0,0,128974,0.704518,0.304076,5071.32,27.9333,3595.22,3454.19,0.704518,0
01:11:15:00:27:27,8846.19,8837.61,91.4665,91.7792,83.609,1.99797,1.99945,3455.58,129091,12570,2.1368,0,0,129091,0.701359,0.301278,5081.91,27.95,3596.74,3455.58,0.701838,0
01:11:15:00:27:28,8849.63,8843.33,91.1441,91.7378,83.8546,1.99995,1.99945,3456.98,129208,12573.5,2.13558,0,0,129208,0.71033,0.299396,5085.34,27.9667,3598.26,3456.98,0.708493,0
01:11:15:00:27:29,8834.75,8847.05,91.0808,91.6751,83.5617,1.99917,1.99945,3458.37,129325,12558.6,2.11602,0,0,129325,0.71128,0.29821,5070.47,27.9833,3599.78,3458.37,0.71276,0
01:11:15:00:27:30,8858.5,8836.18,91.4497,91.6297,83.5033,1.99929,1.99946,3459.76,129443,12582.3,2.11113,0,0,129443,0.699914,0.299575,5094.21,28,3601.3,3459.76,0.707066,0
01:11:15:00:27:31,8845.05,8835.61,91.3466,91.4868,83.8391,1.99999,1.99946,3461.16,129560,12568.9,2.07824,0,0,129560,0.697236,0.300423,5080.76,28.0167,3602.83,3461.16,0.698266,0
01:11:15:00:27:32,8857.35,8834.46,91.4493,91.5135,83.7472,1.9992,1.99946,3462.56,129677,12581.2,2.1148,0,0,129677,0.698646,0.299013,5093.07,28.0333,3604.35,3462.56,0.697061,0
01:11:15:00:27:33,8843.05,8835.04,91.017,91.5068,83.8421,1.99902,1.99946,3463.95,129794,12566.9,2.12457,0,0,129794,0.699658,0.298835,5078.76,28.05,3605.87,3463.95,0.702271,0
01:11:15:00:27:34,8839.04,8849.05,91.017,91.4201,83.4432,1.99973,1.99946,3465.35,129911,12562.9,2.11236,0,0,129911,0.696374,0.297749,5074.75,28.0667,3607.39,3465.35,0.697115,0
01:11:15:00:27:35,8851.92,8839.33,91.2171,91.4321,83.4434,1.99967,1.99946,3466.74,130028,12575.8,2.10504,0,0,130028,0.690328,0.298919,5087.63,28.0833,3608.91,3466.74,0.694106,0
01:11:15:00:27:36,8845.91,8857.35,91.1857,91.5642,83.6291,1.99903,1.99946,3468.13,130145,12569.7,2.07338,0,0,130145,0.692654,0.298539,5081.62,28.1,3610.43,3468.13,0.692654,0
01:11:15:00:27:37,8860.21,8836.46,91.1857,91.5669,83.5979,1.99974,1.99946,3469.52,130262,12584.1,2.11358,0,0,130262,0.696078,0.29668,5095.93,28.1167,3611.95,3469.52,0.692657,0
01:11:15:00:27:38,8848.48,8841.04,91.2731,91.5656,83.6019,1.99859,1.99946,3470.92,130379,12572.3,2.09772,0,0,130379,0.701809,0.296478,5084.19,28.1333,3613.47,3470.92,0.701029,0
01:11:15:00:27:39,8858.5,8839.61,90.992,91.4895,83.6805,1.99903,1.99946,3472.31,130496,12582.3,2.10016,0,0,130496,0.710068,0.297369,5094.21,28.15,3614.98,3472.31,0.710337,0
01:11:15:00:27:40,8846.48,8842.47,91.2868,91.631,83.4253,1.9983,1.99946,3473.7,130613,12570.3,2.1087,0,0,130613,0.701777,0.29829,5082.19,28.1667,3616.5,3473.7,0.701895,0
01:11:15:00:27:41,8851.06,8856.49,91.2988,91.639,83.6958,1.99824,1.99946,3475.09,130730,12574.9,2.12824,0,0,130730,0.702455,0.301115,5086.77,28.1833,3618.03,3475.09,0.702455,0
01:11:15:00:27:42,8842.47,8842.19,91.2309,91.5255,83.7007,2,1.99946,3476.49,130847,12566.3,2.16253,0,0,130847,0.707638,0.302215,5078.19,28.2,3619.55,3476.49,0.707638,0
01:11:15:00:27:43,8857.92,8851.92,91.4855,91.5482,83.64,1.99952,1.99946,3477.88,130964,12581.8,2.12091,0,0,130964,0.718278,0.303717,5093.63,28.2167,3621.07,3477.88,0.716986,0
01:11:15:00:27:44,8855.92,8847.05,91.1319,91.5616,83.875,1.9991,1.99946,3479.28,131081,12579.8,2.10992,0,0,131081,0.714351,0.304153,5091.63,28.2333,3622.59,3479.28,0.714351,0
01:11:15:00:27:45,8849.91,8851.92,91.1576,91.5282,83.5487,1.99967,1.99946,3480.68,131198,12573.8,2.16744,0,0,131198,0.714351,0.302442,5085.62,28.25,3624.11,3480.68,0.702087,0
01:11:15:00:27:46,8866.22,8853.06,91.0502,91.5683,83.5789,1.99778,1.99946,3482.07,131315,12590.1,2.11724,0,0,131315,0.70389,0.301918,5101.93,28.2667,3625.63,3482.07,0.702691,0
01:11:15:00:27:47,8839.04,8835.32,91.3852,91.5776,83.474,1.99963,1.99946,3483.46,131432,12562.9,2.1148,0,0,131432,0.702691,0.298716,5074.75,28.2833,3627.15,3483.46,0.702691,0
01:11:15:00:27:48,8862.21,8848.77,91.2671,91.5856,83.7813,1.99959,1.99946,3484.85,131549,12586.1,2.10504,0,0,131549,0.702422,0.298137,5097.92,28.3,3628.67,3484.85,0.702815,0
01:11:15:00:27:49,8843.33,8835.32,91.2108,91.5763,83.6716,1.99999,1.99946,3486.25,131666,12567.2,2.12824,0,0,131666,0.699404,0.297044,5079.04,28.3167,3630.19,3486.25,0.699404,0
01:11:15:00:27:50,8843.9,8848.48,91.2654,91.4334,83.6224,1.99931,1.99946,3487.64,131783,12567.7,2.13802,0,0,131783,0.699383,0.297745,5079.61,28.3333,3631.71,3487.64,0.699383,0
01:11:15:00:27:51,8858.78,8847.91,91.1833,91.5442,83.6755,1.99844,1.99945,3489.04,131901,12582.6,2.16498,0,0,131901,0.697162,0.298085,5094.49,28.35,3633.23,3489.04,0.697162,0
01:11:15:00:27:52,8841.04,8857.92,91.1609,91.5683,83.5987,1.99885,1.99945,3490.43,132018,12564.9,2.20926,0,0,132018,0.693242,0.297586,5076.75,28.3667,3634.75,3490.43,0.693242,0
01:11:15:00:27:53,8865.65,8840.18,90.9991,91.5028,83.5743,1.99998,1.99945,3491.82,132135,12589.5,2.23024,0,0,132135,0.693034,0.297484,5101.36,28.3833,3636.27,3491.82,0.692211,0
01:11:15:00:27:54,8849.63,8847.91,91.3103,91.6924,83.4331,1.99792,1.99945,3493.22,132252,12573.5,2.15639,0,0,132252,0.69234,0.297762,5085.33,28.4,3637.79,3493.22,0.69234,0
01:11:15:00:27:55,8864.79,8841.33,91.3789,91.7685,83.7129,1.99951,1.99945,3494.61,132368,12588.6,2.24631,0,0,132368,0.691322,0.300537,5100.5,28.4167,3639.31,3494.61,0.686836,0
01:11:15:00:27:56,8845.33,8837.61,91.2411,91.85,83.7782,1.99882,1.99945,3496.01,132485,12569.2,2.2426,0,0,132485,0.681051,0.301085,5081.04,28.4333,3640.83,3496.01,0.680861,0
01:11:15:00:27:57,8843.33,8851.92,91.0812,91.9955,83.6514,1.99897,1.99945,3497.4,132603,12567.2,2.25746,0,0,132603,0.680176,0.30213,5079.04,28.45,3642.35,3497.4,0.680176,0
01:11:15:00:27:58,8851.34,8841.9,91.3729,92.0649,83.504,1.99918,1.99944,3498.79,132720,12575.2,2.31586,0,0,132720,0.680618,0.302624,5087.05,28.4667,3643.87,3498.79,0.680831,0
01:11:15:00:27:59,8845.62,8865.36,91.3291,92.0396,83.7696,1.9997,1.99944,3500.19,132837,12569.5,2.33208,0,0,132837,0.675774,0.303149,5081.33,28.4833,3645.4,3500.19,0.676059,0
01:11:15:00:28:00,8857.35,8840.18,91.4158,91.898,83.7243,2.00119,1.99944,3501.58,132954,12581.2,2.2773,0,0,132954,0.682634,0.301056,5093.06,28.5,3646.92,3501.58,0.677689,0
01:11:15:00:28:01,8852.2,8848.2,91.3117,91.7205,83.8055,2.00067,1.99944,3502.98,133071,12576,2.31212,0,0,133071,0.688879,0.300576,5087.91,28.5167,3648.44,3502.98,0.684237,0
01:11:15:00:28:02,8860.21,8856.49,91.1976,91.6777,83.7126,1.99994,1.99944,3504.38,133188,12584,2.28599,0,0,133188,0.6966,0.299761,5095.92,28.5333,3649.96,3504.38,0.695714,0
01:11:15:00:28:03,8845.91,8839.9,91.3322,91.6577,83.6137,1.99832,1.99944,3505.77,133306,12569.7,2.27482,0,0,133306,0.692585,0.29989,5081.61,28.55,3651.48,3505.77,0.695184,0
01:11:15:00:28:04,8854.2,8851.06,91.1563,91.8099,83.7364,1.99854,1.99943,3507.16,133423,12578,2.21172,0,0,133423,0.693822,0.300292,5089.91,28.5667,3653,3507.16,0.691377,0
01:11:15:00:28:05,8840.76,8827.6,91.3515,91.7659,83.5745,1.99871,1.99943,3508.56,133540,12564.6,2.2253,0,0,133540,0.707426,0.299169,5076.46,28.5833,3654.52,3508.56,0.700052,0
01:11:15:00:28:06,8856.21,8852.2,91.2073,91.7992,83.7565,1.99784,1.99943,3509.95,133657,12580,2.21666,0,0,133657,0.713989,0.299286,5091.91,28.6,3656.05,3509.95,0.713989,0
01:11:15:00:28:07,8849.63,8843.9,91.3133,91.8273,83.6172,1.99987,1.99943,3511.35,133774,12573.5,2.22901,0,0,133774,0.714438,0.2984,5085.33,28.6167,3657.57,3511.35,0.714574,0
01:11:15:00:28:08,8840.47,8849.05,91.4223,91.8486,83.7158,1.99947,1.99943,3512.74,133891,12564.3,2.1994,0,0,133891,0.708588,0.29891,5076.17,28.6333,3659.09,3512.74,0.704423,0
01:11:15:00:28:09,8858.78,8852.49,91.0955,91.7952,83.8132,2.0002,1.99943,3514.14,134008,12582.6,2.21666,0,0,134008,0.705325,0.297818,5094.48,28.65,3660.61,3514.14,0.705325,0
01:11:15:00:28:10,8853.06,8844.76,91.2806,91.7191,83.5156,1.99962,1.99942,3515.53,134125,12576.9,2.19325,0,0,134125,0.711595,0.296287,5088.76,28.6667,3662.13,3515.53,0.711846,0
01:11:15:00:28:11,8863.93,8851.63,91.2167,91.6964,83.6831,2.00025,1.99942,3516.93,134242,12587.8,2.19817,0,0,134242,0.709871,0.296818,5099.63,28.6833,3663.65,3516.93,0.709871,0
01:11:15:00:28:12,8845.05,8834.18,91.0909,91.7151,83.6249,2.00014,1.99942,3518.32,134359,12568.9,2.17849,0,0,134359,0.705799,0.29715,5080.75,28.7,3665.17,3518.32,0.705799,0
01:11:15:00:28:13,8851.34,8845.62,91.1196,91.6457,83.5141,1.99884,1.99942,3519.71,134477,12575.2,2.20063,0,0,134477,0.70398,0.300077,5087.04,28.7167,3666.69,3519.71,0.699148,0
01:11:15:00:28:14,8852.2,8846.19,91.1877,91.6911,83.5391,1.9992,1.99942,3521.1,134594,12576,2.14782,0,0,134594,0.695597,0.301852,5087.9,28.7333,3668.21,3521.1,0.695597,0
01:11:15:00:28:15,8839.33,8856.78,91.1173,91.6938,83.6046,1.99835,1.99942,3522.5,134710,12563.2,2.16744,0,0,134710,0.700131,0.302672,5075.03,28.75,3669.73,3522.5,0.703246,0
01:11:15:00:28:16,8863.07,8846.48,91.4012,91.9114,83.5391,1.99863,1.99941,3523.89,134827,12586.9,2.1871,0,0,134827,0.708545,0.30212,5098.77,28.7667,3671.25,3523.89,0.708545,0
01:11:15:00:28:17,8849.34,8855.63,91.3265,91.9314,83.7986,1.99884,1.99941,3525.28,134944,12573.2,2.16375,0,0,134944,0.703546,0.302058,5085.04,28.7833,3672.77,3525.28,0.698381,0
01:11:15:00:28:18,8865.93,8842.76,91.2616,91.9007,83.7253,2.00023,1.99941,3526.68,135061,12589.8,2.16375,0,0,135061,0.696185,0.300219,5101.64,28.8,3674.29,3526.68,0.696185,0
01:11:15:00:28:19,8847.62,8841.9,91.4184,91.9087,83.6711,1.99868,1.99941,3528.08,135179,12571.5,2.14904,0,0,135179,0.697691,0.299532,5083.32,28.8167,3675.81,3528.08,0.70071,0
01:11:15:00:28:20,8854.49,8851.34,91.315,91.7285,83.8067,2.00103,1.99941,3529.47,135296,12578.3,2.16375,0,0,135296,0.70523,0.298799,5090.19,28.8333,3677.34,3529.47,0.70523,0
01:11:15:00:28:21,8849.05,8834.18,91.4027,91.6123,83.7143,2.00036,1.99941,3530.87,135413,12572.9,2.11846,0,0,135413,0.701999,0.298003,5084.75,28.85,3678.86,3530.87,0.701999,0
01:11:15:00:28:22,8846.48,8853.06,91.2592,91.607,83.8018,1.99831,1.9994,3532.26,135530,12570.3,2.11846,0,0,135530,0.697848,0.297675,5082.18,28.8667,3680.38,3532.26,0.695376,0
01:11:15:00:28:23,8855.35,8840.47,91.2165,91.7592,83.671,1.9981,1.9994,3533.66,135647,12579.2,2.14782,0,0,135647,0.700029,0.296839,5091.05,28.8833,3681.9,3533.66,0.700029,0
01:11:15:00:28:24,8859.64,8852.49,91.1232,91.7191,83.6244,2.00024,1.9994,3535.05,135765,12583.5,2.13558,0,0,135765,0.706614,0.296805,5095.34,28.9,3683.42,3535.05,0.708926,0
01:11:15:00:28:25,8861.64,8853.34,91.1797,91.6083,83.5442,1.99871,1.9994,3536.45,135882,12585.5,2.1368,0,0,135882,0.708236,0.297428,5097.34,28.9167,3684.94,3536.45,0.706837,0
01:11:15:00:28:26,8851.63,8848.2,91.3827,91.5803,83.5925,1.99971,1.9994,3537.84,135999,12575.5,2.11358,0,0,135999,0.708853,0.298771,5087.33,28.9333,3686.46,3537.84,0.708853,0
01:11:15:00:28:27,8855.06,8852.77,91.1424,91.4748,83.7762,2.00041,1.9994,3539.23,136116,12578.9,2.1026,0,0,136116,0.70753,0.30141,5090.76,28.95,3687.98,3539.23,0.70909,0
01:11:15:00:28:28,8857.92,8829.6,91.3548,91.5269,83.5602,1.99915,1.9994,3540.63,136233,12581.8,2.08676,0,0,136233,0.703885,0.301627,5093.62,28.9667,3689.5,3540.63,0.705466,0
01:11:15:00:28:29,8857.92,8856.21,91.3195,91.615,83.7572,1.99851,1.9994,3542.02,136350,12581.8,2.12457,0,0,136350,0.700935,0.303106,5093.62,28.9833,3691.03,3542.02,0.70104,0
01:11:15:00:28:30,8845.91,8842.19,91.1264,91.854,83.7293,1.9972,1.99939,3543.42,136467,12569.7,2.1026,0,0,136467,0.698696,0.302123,5081.61,29,3692.55,3543.42,0.699196,0
01:11:15:00:28:31,8839.33,8848.77,91.182,91.9234,83.542,2.00017,1.99939,3544.81,136584,12563.2,2.09163,0,0,136584,0.695308,0.301061,5075.03,29.0167,3694.07,3544.81,0.69793,0
01:11:15:00:28:32,8857.35,8850.77,91.2649,91.7084,83.588,2.00161,1.99939,3546.2,136701,12581.2,2.14659,0,0,136701,0.693095,0.300721,5093.05,29.0333,3695.59,3546.2,0.694751,0
01:11:15:00:28:33,8846.48,8851.06,91.0339,91.6537,83.6715,1.99946,1.99939,3547.6,136818,12570.3,2.12701,0,0,136818,0.693995,0.299861,5082.18,29.05,3697.1,3547.6,0.693406,0
01:11:15:00:28:34,8864.5,8847.05,91.2574,91.7138,83.4617,1.99888,1.99939,3548.99,136935,12588.3,2.07581,0,0,136935,0.691104,0.299133,5100.2,29.0667,3698.62,3548.99,0.693484,0
01:11:15:00:28:35,8846.48,8840.47,91.1341,91.6484,83.6643,1.99952,1.99939,3550.38,137052,12570.3,2.10138,0,0,137052,0.688909,0.299538,5082.18,29.0833,3700.14,3550.38,0.688909,0
01:11:15:00:28:36,8861.07,8846.76,91.2641,91.7071,83.551,1.9996,1.99939,3551.78,137169,12584.9,2.12091,0,0,137169,0.698471,0.297841,5096.77,29.1,3701.66,3551.78,0.698471,0
01:11:15:00:28:37,8849.05,8841.9,91.3594,91.4254,83.6675,2.00038,1.99939,3553.17,137286,12572.9,2.17112,0,0,137286,0.702597,0.298199,5084.76,29.1167,3703.19,3553.17,0.704252,0
01:11:15:00:28:38,8844.19,8853.63,91.4442,91.3413,83.7587,1.99926,1.99939,3554.57,137403,12568,2.15639,0,0,137403,0.702814,0.299802,5079.89,29.1333,3704.71,3554.57,0.702814,0
01:11:15:00:28:39,8861.93,8845.05,91.182,91.3146,83.8354,1.99961,1.99939,3555.96,137520,12585.8,2.16989,0,0,137520,0.689975,0.301116,5097.63,29.15,3706.23,3555.96,0.686028,0
01:11:15:00:28:40,8846.76,8849.63,91.4386,91.4347,83.5966,1.99913,1.99939,3557.36,137638,12570.6,2.17972,0,0,137638,0.682765,0.302968,5082.47,29.1667,3707.75,3557.36,0.682765,0
01:11:15:00:28:41,8870.51,8855.63,91.2641,91.5335,83.8326,1.99892,1.99939,3558.75,137755,12594.3,2.15517,0,0,137755,0.682765,0.304198,5106.21,29.1833,3709.27,3558.75,0.689916,0
01:11:15:00:28:42,8852.2,8846.19,91.2641,91.4988,83.671,1.99937,1.99938,3560.15,137872,12576,2.11602,0,0,137872,0.689916,0.303613,5087.9,29.2,3710.8,3560.15,0.695082,0
01:11:15:00:28:43,8861.07,8851.06,91.3671,91.5469,83.6702,1.99961,1.99938,3561.54,137989,12584.9,2.13925,0,0,137989,0.695082,0.303361,5096.77,29.2167,3712.32,3561.54,0.689555,0
01:11:15:00:28:44,8850.2,8839.9,91.2984,91.3867,83.7614,2.00053,1.99938,3562.94,138106,12574,2.11968,0,0,138106,0.689555,0.302419,5085.9,29.2333,3713.84,3562.94,0.691061,0
01:11:15:00:28:45,8848.48,8854.49,91.3773,91.4467,83.7022,1.99944,1.99938,3564.33,138223,12572.3,2.04788,0,0,138223,0.688536,0.299818,5084.19,29.25,3715.36,3564.33,0.691061,0
01:11:15:00:28:46,8860.5,8837.32,91.0906,91.4614,83.7761,1.99901,1.99938,3565.73,138341,12584.3,2.04061,0,0,138341,0.703471,0.298873,5096.2,29.2667,3716.88,3565.73,0.703471,0
01:11:15:00:28:47,8844.48,8857.92,91.1682,91.4454,83.5126,1.99919,1.99938,3567.12,138458,12568.3,2.05274,0,0,138458,0.717675,0.297041,5080.18,29.2833,3718.4,3567.12,0.721197,0
01:11:15:00:28:48,8859.35,8852.77,91.4766,91.4721,83.583,1.99939,1.99938,3568.51,138575,12583.2,2.11602,0,0,138575,0.719456,0.297159,5095.06,29.3,3719.92,3568.51,0.719456,0
01:11:15:00:28:49,8848.2,8852.77,91.289,91.4694,83.8655,1.99947,1.99938,3569.91,138692,12572,2.11236,0,0,138692,0.712764,0.297193,5083.9,29.3167,3721.45,3569.91,0.712838,0
01:11:15:00:28:50,8860.21,8853.63,91.107,91.4494,83.6922,1.99986,1.99938,3571.31,138809,12584,2.10138,0,0,138809,0.709311,0.296842,5095.92,29.3333,3722.97,3571.31,0.709311,0
01:11:15:00:28:51,8863.64,8837.04,91.2367,91.3973,83.5278,1.99914,1.99938,3572.7,138926,12587.5,2.11358,0,0,138926,0.701548,0.298522,5099.35,29.35,3724.49,3572.7,0.702036,0
01:11:15:00:28:52,8865.08,8860.21,91.2293,91.3479,83.6427,2.00027,1.99938,3574.09,139043,12588.9,2.1087,0,0,139043,0.701866,0.299933,5100.78,29.3667,3726.01,3574.09,0.701985,0
01:11:15:00:28:53,8853.06,8839.04,91.1804,91.3546,83.6391,1.99938,1.99938,3575.49,139160,12576.9,2.1026,0,0,139160,0.699999,0.30026,5088.76,29.3833,3727.53,3575.49,0.701708,0
01:11:15:00:28:54,8849.91,8855.35,91.2805,91.404,83.5929,1.99978,1.99938,3576.88,139277,12573.7,2.1026,0,0,139277,0.692413,0.30058,5085.62,29.4,3729.05,3576.88,0.692744,0
01:11:15:00:28:55,8862.21,8851.92,91.0672,91.4361,83.6847,1.99976,1.99938,3578.27,139394,12586,2.0892,0,0,139394,0.69164,0.301014,5097.92,29.4167,3730.57,3578.27,0.691332,0
01:11:15:00:28:56,8850.77,8856.49,91.1846,91.5869,83.4936,1.99848,1.99938,3579.67,139512,12574.6,2.08798,0,0,139512,0.693939,0.301008,5086.48,29.4333,3732.09,3579.67,0.693939,0
01:11:15:00:28:57,8875.38,8850.2,91.366,91.5963,83.5997,1.99891,1.99938,3581.06,139628,12599.2,2.0965,0,0,139628,0.698779,0.302154,5111.08,29.45,3733.61,3581.06,0.700136,0
01:11:15:00:28:58,8855.63,8848.77,91.5297,91.5629,83.7636,1.9996,1.99938,3582.46,139745,12579.5,2.09894,0,0,139745,0.693581,0.302514,5091.34,29.4667,3735.13,3582.46,0.693581,0
01:11:15:00:28:59,8870.51,8849.05,91.3659,91.4935,83.9136,1.99963,1.99938,3583.85,139862,12594.3,2.12824,0,0,139862,0.682328,0.301608,5106.22,29.4833,3736.65,3583.85,0.686157,0
01:11:15:00:29:00,8851.63,8845.05,91.2124,91.4214,83.7627,1.99985,1.99938,3585.25,139980,12575.5,2.12579,0,0,139980,0.683149,0.298789,5087.34,29.5,3738.18,3585.25,0.683813,0
01:11:15:00:29:01,8851.63,8844.76,91.1832,91.4561,83.6261,1.99869,1.99938,3586.65,140097,12575.5,2.12212,0,0,140097,0.691789,0.296859,5087.34,29.5167,3739.7,3586.65,0.689322,0
01:11:15:00:29:02,8863.64,8845.62,91.1629,91.603,83.6031,1.99758,1.99938,3588.04,140214,12587.5,2.17357,0,0,140214,0.690577,0.296758,5099.35,29.5333,3741.22,3588.04,0.690488,0
01:11:15:00:29:03,8847.91,8854.78,91.2519,91.5896,83.5762,1.99994,1.99938,3589.43,140331,12571.7,2.17357,0,0,140331,0.682476,0.296903,5083.62,29.55,3742.74,3589.43,0.682892,0
01:11:15:00:29:04,8860.21,8852.49,91.1649,91.5522,83.6615,1.99889,1.99938,3590.83,140448,12584,2.16744,0,0,140448,0.68748,0.29774,5095.92,29.5667,3744.26,3590.83,0.683635,0
01:11:15:00:29:05,8846.19,8849.91,91.1657,91.6163,83.5812,1.99905,1.99938,3592.22,140565,12570,2.10138,0,0,140565,0.696134,0.298192,5081.9,29.5833,3745.78,3592.22,0.696134,0
01:11:15:00:29:06,8865.36,8856.21,91.3833,91.7098,83.5852,1.99812,1.99938,3593.61,140682,12589.2,2.09528,0,0,140682,0.697216,0.299498,5101.07,29.6,3747.3,3593.61,0.699753,0
01:11:15:00:29:07,8866.51,8844.76,91.5748,91.8807,83.7795,1.99958,1.99938,3595.01,140799,12590.3,2.1368,0,0,140799,0.695841,0.299493,5102.22,29.6167,3748.82,3595.01,0.697773,0
01:11:15:00:29:08,8857.64,8858.21,91.4508,91.7645,83.9549,1.99963,1.99938,3596.4,140916,12581.5,2.13558,0,0,140916,0.700853,0.297912,5093.35,29.6333,3750.35,3596.4,0.700853,0
01:11:15:00:29:09,8869.37,8837.61,91.1833,91.7939,83.8406,1.99985,1.99938,3597.8,141034,12593.2,2.1087,0,0,141034,0.701544,0.294923,5105.08,29.65,3751.87,3597.8,0.701354,0
01:11:15:00:29:10,8849.63,8856.78,91.2758,91.8607,83.5973,1.99927,1.99938,3599.2,141151,12573.5,2.13558,0,0,141151,0.697792,0.294662,5085.34,29.6667,3753.39,3599.2,0.697792,0
01:11:15:00:29:11,8856.78,8846.19,91.2516,91.8019,83.6844,1.99859,1.99937,3600.59,141268,12580.6,2.12701,0,0,141268,0.693,0.295418,5092.49,29.6833,3754.91,3600.59,0.693,0
01:11:15:00:29:12,8848.48,8853.63,91.2475,91.8607,83.6604,1.99914,1.99937,3601.99,141385,12572.3,2.19079,0,0,141385,0.698175,0.295632,5084.19,29.7,3756.43,3601.99,0.698175,0
01:11:15:00:29:13,8861.07,8855.06,91.1463,91.8366,83.6554,1.99948,1.99937,3603.38,141502,12584.9,2.16375,0,0,141502,0.702236,0.296909,5096.78,29.7167,3757.95,3603.38,0.702236,0
01:11:15:00:29:14,8863.36,8840.18,91.2423,91.8486,83.5589,2.00057,1.99937,3604.77,141619,12587.2,2.1368,0,0,141619,0.703804,0.297885,5099.07,29.7333,3759.47,3604.77,0.705164,0
01:11:15:00:29:15,8872.51,8856.78,91.292,91.838,83.6488,2.00002,1.99937,3606.17,141737,12596.4,2.14292,0,0,141737,0.708578,0.298429,5108.22,29.75,3760.99,3606.17,0.708578,0
01:11:15:00:29:16,8855.06,8833.6,91.2409,91.8767,83.6967,1.99935,1.99937,3607.56,141854,12578.9,2.15149,0,0,141854,0.71094,0.297398,5090.77,29.7667,3762.51,3607.56,0.712108,0
01:11:15:00:29:17,8857.64,8853.06,91.3885,91.7271,83.6454,2.00062,1.99937,3608.96,141971,12581.5,2.15639,0,0,141971,0.706434,0.295561,5093.35,29.7833,3764.03,3608.96,0.709898,0
01:11:15:00:29:18,8855.63,8851.06,91.2006,91.631,83.785,1.99941,1.99937,3610.35,142088,12579.5,2.16375,0,0,142088,0.700427,0.293502,5091.35,29.8,3765.56,3610.35,0.700427,0
01:11:15:00:29:19,8846.48,8844.48,91.4042,91.5522,83.6101,2.00014,1.99937,3611.75,142205,12570.3,2.17603,0,0,142205,0.687165,0.292545,5082.19,29.8167,3767.08,3611.75,0.691381,0
01:11:15:00:29:20,8869.65,8855.35,91.4279,91.5776,83.7981,1.99975,1.99936,3613.14,142322,12593.5,2.16253,0,0,142322,0.681561,0.29359,5105.37,29.8333,3768.6,3613.14,0.683238,0
01:11:15:00:29:21,8859.35,8846.19,91.089,91.643,83.8218,1.9992,1.99936,3614.54,142439,12583.2,2.12824,0,0,142439,0.685888,0.293956,5095.07,29.85,3770.12,3614.54,0.682842,0
01:11:15:00:29:22,8873.09,8864.5,91.3097,91.603,83.5095,1.99964,1.99936,3615.93,142557,12596.9,2.15394,0,0,142557,0.698578,0.296246,5108.8,29.8667,3771.64,3615.93,0.693335,0
01:11:15:00:29:23,8854.2,8849.05,91.282,91.6457,83.7147,1.99884,1.99936,3617.33,142674,12578,2.11602,0,0,142674,0.709117,0.298996,5089.92,29.8833,3773.16,3617.33,0.707461,0
01:11:15:00:29:24,8859.93,8847.91,91.1345,91.4441,83.6837,2.00045,1.99936,3618.72,142791,12583.8,2.11236,0,0,142791,0.708072,0.298874,5095.64,29.9,3774.68,3618.72,0.706978,0
01:11:15:00:29:25,8873.94,8844.19,91.1774,91.4187,83.5567,1.99808,1.99936,3620.12,142908,12597.8,2.06852,0,0,142908,0.697289,0.299583,5109.66,29.9167,3776.2,3620.12,0.699503,0
01:11:15:00:29:26,8851.92,8853.34,91.346,91.3653,83.5877,2.00047,1.99935,3621.51,143025,12575.8,2.07338,0,0,143025,0.695878,0.300649,5087.63,29.9333,3777.72,3621.51,0.696287,0
01:11:15:00:29:27,8860.21,8847.62,91.324,91.3493,83.7448,1.99975,1.99935,3622.9,143142,12584.1,2.16007,0,0,143142,0.706474,0.300847,5095.93,29.95,3779.25,3622.9,0.706474,0
01:11:15:00:29:28,8847.05,8852.49,91.1915,91.3493,83.7252,1.99959,1.99935,3624.3,143259,12570.9,2.13191,0,0,143259,0.708385,0.298976,5082.77,29.9667,3780.77,3624.3,0.710673,0
01:11:15:00:29:29,8871.66,8853.92,91.4214,91.404,83.6098,1.99784,1.99935,3625.69,143376,12595.5,2.11968,0,0,143376,0.701611,0.296488,5107.37,29.9833,3782.29,3625.69,0.708617,0
01:11:15:00:29:30,8864.79,8849.63,91.1877,91.5135,83.8143,1.99964,1.99935,3627.09,143493,12588.6,2.11358,0,0,143493,0.700073,0.295337,5100.51,30,3783.81,3627.09,0.699039,0
01:11:15:00:29:31,8865.36,8854.78,91.1426,91.4935,83.5981,2.00019,1.99934,3628.48,143610,12589.2,2.1613,0,0,143610,0.705666,0.293637,5101.08,30.0167,3785.33,3628.48,0.703562,0
01:11:15:00:29:32,8870.22,8843.05,91.0552,91.5856,83.5629,1.99844,1.99934,3629.88,143728,12594.1,2.13191,0,0,143728,0.70924,0.294053,5105.94,30.0333,3786.85,3629.88,0.707576,0
01:11:15:00:29:33,8859.35,8863.36,91.2437,91.5629,83.4785,1.99966,1.99934,3631.27,143845,12583.2,2.12091,0,0,143845,0.70924,0.294146,5095.07,30.05,3788.37,3631.27,0.708452,0
01:11:15:00:29:34,8861.93,8848.48,91.3049,91.5362,83.6507,1.99986,1.99934,3632.66,143962,12585.8,2.13802,0,0,143962,0.708425,0.294717,5097.65,30.0667,3789.89,3632.66,0.707772,0
01:11:15:00:29:35,8856.49,8859.93,91.1786,91.4921,83.7038,2.00071,1.99934,3634.06,144078,12580.3,2.0746,0,0,144078,0.707772,0.294872,5092.21,30.0833,3791.41,3634.06,0.704562,0
01:11:15:00:29:36,8867.65,8857.35,91.1229,91.591,83.5991,1.99753,1.99933,3635.45,144196,12591.5,2.1148,0,0,144196,0.704562,0.296825,5103.37,30.1,3792.93,3635.45,0.698189,0
01:11:15:00:29:37,8864.5,8852.77,91.3379,91.7498,83.543,1.99895,1.99933,3636.84,144313,12588.4,2.1368,0,0,144313,0.702127,0.298966,5100.22,30.1167,3794.45,3636.84,0.695339,0
01:11:15:00:29:38,8875.38,8866.79,91.3235,91.7392,83.7378,1.99964,1.99933,3638.24,144430,12599.2,2.15394,0,0,144430,0.695339,0.300984,5111.09,30.1333,3795.97,3638.24,0.698669,0
01:11:15:00:29:39,8862.21,8847.05,91.2711,91.8513,83.728,1.99868,1.99933,3639.63,144547,12586.1,2.15517,0,0,144547,0.696619,0.300486,5097.93,30.15,3797.49,3639.63,0.699559,0
01:11:15:00:29:40,8871.66,8863.64,91.2305,91.7632,83.6699,2.00154,1.99932,3641.03,144664,12595.5,2.17972,0,0,144664,0.699559,0.300156,5107.38,30.1667,3799.01,3641.03,0.700409,0
01:11:15:00:29:41,8856.21,8852.2,91.2227,91.7165,83.6398,1.9995,1.99932,3642.42,144781,12580.1,2.18587,0,0,144781,0.700409,0.298796,5091.93,30.1833,3800.54,3642.42,0.70887,0
01:11:15:00:29:42,8858.21,8852.77,91.3402,91.9047,83.6388,1.99774,1.99932,3643.82,144898,12582.1,2.13558,0,0,144898,0.70887,0.298027,5093.93,30.2,3802.06,3643.82,0.70887,0
01:11:15:00:29:43,8869.37,8859.07,91.1495,91.8553,83.7397,1.9997,1.99932,3645.21,145015,12593.2,2.16375,0,0,145015,0.709742,0.297816,5105.09,30.2167,3803.58,3645.21,0.709742,0
01:11:15:00:29:44,8858.78,8853.92,91.2219,91.9234,83.5689,1.99855,1.99931,3646.6,145132,12582.6,2.15394,0,0,145132,0.703478,0.298237,5094.5,30.2333,3805.1,3646.6,0.703299,0
01:11:15:00:29:45,8875.95,8867.08,91.0955,91.9715,83.6348,1.99867,1.99931,3648,145249,12599.8,2.10748,0,0,145249,0.700568,0.301271,5111.67,30.25,3806.62,3648,0.700568,0
01:11:15:00:29:46,8862.21,8856.78,91.1833,91.898,83.5117,2.00074,1.99931,3649.39,145366,12586.1,2.05759,0,0,145366,0.700873,0.302853,5097.94,30.2667,3808.14,3649.39,0.702404,0
01:11:15:00:29:47,8872.8,8853.92,91.1386,91.8206,83.596,1.99964,1.99931,3650.78,145483,12596.7,2.10381,0,0,145483,0.692543,0.304948,5108.52,30.2833,3809.66,3650.78,0.69948,0
01:11:15:00:29:48,8876.23,8851.34,91.3364,91.7178,83.5557,1.99944,1.9993,3652.18,145600,12600.1,2.08311,0,0,145600,0.687038,0.305236,5111.96,30.3,3811.18,3652.18,0.687038,0
01:11:15:00:29:49,8862.21,8861.36,91.2929,91.6403,83.7352,1.99997,1.9993,3653.57,145717,12586.1,2.11236,0,0,145717,0.694074,0.305211,5097.94,30.3167,3812.7,3653.57,0.688529,0
01:11:15:00:29:50,8872.23,8854.49,91.333,91.5028,83.6934,2.00055,1.9993,3654.97,145834,12596.1,2.09163,0,0,145834,0.70211,0.303779,5107.95,30.3333,3814.22,3654.97,0.699332,0
01:11:15:00:29:51,8856.78,8867.36,91.3421,91.5202,83.7368,1.99862,1.9993,3656.36,145952,12580.6,2.12701,0,0,145952,0.703579,0.30354,5092.5,30.35,3815.74,3656.36,0.704375,0
01:11:15:00:29:52,8877.66,8860.78,91.3022,91.6363,83.7442,1.9989,1.99929,3657.76,146069,12601.5,2.14047,0,0,146069,0.698314,0.303472,5113.39,30.3667,3817.26,3657.76,0.700821,0
01:11:15:00:29:53,8867.08,8859.93,91.1466,91.6283,83.7075,1.99892,1.99929,3659.15,146186,12590.9,2.12091,0,0,146186,0.701505,0.303575,5102.8,30.3833,3818.78,3659.15,0.698794,0
01:11:15:00:29:54,8872.23,8856.78,91.3382,91.607,83.5602,2.00028,1.99929,3660.55,146303,12596.1,2.12946,0,0,146303,0.709152,0.303798,5107.95,30.4,3820.3,3660.55,0.704824,0
01:11:15:00:29:55,8874.52,8846.19,91.2182,91.6096,83.742,1.99851,1.99929,3661.94,146420,12598.4,2.09894,0,0,146420,0.704627,0.303941,5110.24,30.4167,3821.83,3661.94,0.709783,0
01:11:15:00:29:56,8863.36,8866.51,91.2595,91.607,83.6342,1.99787,1.99928,3663.33,146537,12587.2,2.09041,0,0,146537,0.698746,0.302509,5099.08,30.4333,3823.35,3663.33,0.698523,0
01:11:15:00:29:57,8861.93,8849.91,91.2595,91.5669,83.6665,1.99944,1.99928,3664.73,146654,12585.8,2.06487,0,0,146654,0.695695,0.302842,5097.65,30.45,3824.87,3664.73,0.695695,0
01:11:15:00:29:58,8861.64,8852.77,91.312,91.6337,83.6661,1.99958,1.99928,3666.12,146771,12585.5,2.10626,0,0,146771,0.703662,0.302152,5097.37,30.4667,3826.39,3666.12,0.701763,0
01:11:15:00:29:59,8871.66,8857.06,91.312,91.6417,83.7109,2.00054,1.99928,3667.52,146888,12595.5,2.11846,0,0,146888,0.703405,0.301329,5107.38,30.4833,3827.91,3667.52,0.704958,0
01:11:15:00:30:00,8868.79,8857.64,91.3694,91.7218,83.7175,1.99865,1.99928,3668.91,147006,12592.6,2.12335,0,0,147006,0.695908,0.300317,5104.52,30.5,3829.43,3668.91,0.696766,0
01:11:15:00:30:01,8877.09,8865.93,91.3694,91.6724,83.7646,2.00025,1.99927,3670.31,147123,12600.9,2.07095,0,0,147123,0.698299,0.298812,5112.82,30.5167,3830.96,3670.31,0.695418,0
01:11:15:00:30:02,8870.51,8850.2,91.5818,91.4935,83.7653,2.00003,1.99927,3671.71,147240,12594.4,2.04546,0,0,147240,0.708966,0.298125,5106.24,30.5333,3832.48,3671.71,0.706944,0
01:11:15:00:30:03,8876.81,8867.94,91.2176,91.5936,83.9633,1.99911,1.99927,3673.1,147357,12600.7,2.0588,0,0,147357,0.706365,0.296967,5112.53,30.55,3834,3673.1,0.708649,0
01:11:15:00:30:04,8870.8,8851.06,91.2891,91.6444,83.6319,1.99836,1.99927,3674.5,147475,12594.7,2.09407,0,0,147475,0.70122,0.296815,5106.52,30.5667,3835.52,3674.5,0.695089,0
01:11:15:00:30:05,8863.64,8852.49,91.2448,91.5829,83.693,1.99963,1.99926,3675.89,147592,12587.5,2.02367,0,0,147592,0.686178,0.300063,5099.37,30.5833,3837.05,3675.89,0.686178,0
01:11:15:00:30:06,8867.36,8853.92,91.1577,91.607,83.6584,1.99792,1.99926,3677.29,147709,12591.2,2.0588,0,0,147709,0.683058,0.302539,5103.09,30.6,3838.57,3677.29,0.686773,0
01:11:15:00:30:07,8857.92,8853.63,91.4534,91.5749,83.5721,1.99978,1.99926,3678.68,147826,12581.8,2.08676,0,0,147826,0.687031,0.304279,5093.65,30.6167,3840.09,3678.68,0.687031,0
01:11:15:00:30:08,8869.94,8864.5,91.191,91.7191,83.8446,1.99936,1.99926,3680.08,147943,12593.8,2.13802,0,0,147943,0.685397,0.305333,5105.67,30.6333,3841.61,3680.08,0.686222,0
01:11:15:00:30:09,8858.78,8858.21,91.3474,91.6363,83.6038,1.99944,1.99926,3681.47,148060,12582.6,2.17357,0,0,148060,0.689767,0.304433,5094.51,30.65,3843.13,3681.47,0.689767,0
01:11:15:00:30:10,8875.66,8859.35,91.4974,91.5402,83.7399,2.00154,1.99925,3682.87,148177,12599.5,2.17849,0,0,148177,0.687389,0.304666,5111.39,30.6667,3844.65,3682.87,0.68397,0
01:11:15:00:30:11,8875.66,8853.92,91.5995,91.3066,83.8802,2.00071,1.99925,3684.26,148294,12599.5,2.18463,0,0,148294,0.687308,0.302686,5111.39,30.6833,3846.18,3684.26,0.687308,0
01:11:15:00:30:12,8864.5,8853.92,91.2222,91.2198,83.9833,1.99801,1.99925,3685.66,148412,12588.4,2.16007,0,0,148412,0.693573,0.299312,5100.23,30.7,3847.7,3685.66,0.693573,0
01:11:15:00:30:13,8869.08,8848.48,91.3721,91.3346,83.6345,1.99883,1.99925,3687.06,148529,12592.9,2.14292,0,0,148529,0.698299,0.296529,5104.81,30.7167,3849.23,3687.06,0.697818,0
01:11:15:00:30:14,8855.92,8866.22,91.1289,91.392,83.7735,1.9984,1.99925,3688.46,148647,12579.8,2.1148,0,0,148647,0.700399,0.297016,5091.65,30.7333,3850.75,3688.46,0.700399,0
01:11:15:00:30:15,8869.65,8862.79,91.2376,91.4094,83.5502,1.99845,1.99925,3689.85,148764,12593.5,2.06244,0,0,148764,0.705326,0.297047,5105.38,30.75,3852.27,3689.85,0.70415,0
01:11:15:00:30:16,8862.5,8854.49,91.3557,91.5055,83.651,1.99815,1.99924,3691.24,148881,12586.4,2.06002,0,0,148881,0.707878,0.299073,5098.23,30.7667,3853.79,3691.24,0.706881,0
01:11:15:00:30:17,8875.38,8858.78,91.1895,91.5562,83.757,1.9988,1.99924,3692.64,148998,12599.2,2.02488,0,0,148998,0.704991,0.299311,5111.1,30.7833,3855.31,3692.64,0.704991,0
01:11:15:00:30:18,8877.95,8859.93,91.2795,91.4628,83.5968,2.00105,1.99924,3694.03,149115,12601.8,2.01641,0,0,149115,0.686778,0.300125,5113.68,30.8,3856.83,3694.03,0.694996,0
01:11:15:00:30:19,8865.08,8870.8,91.4162,91.404,83.6836,1.99982,1.99924,3695.43,149232,12588.9,2.05153,0,0,149232,0.679936,0.301114,5100.8,30.8167,3858.35,3695.43,0.682998,0
01:11:15:00:30:20,8861.93,8851.06,91.3801,91.384,83.8108,1.99928,1.99924,3696.82,149349,12585.8,2.0588,0,0,149349,0.6908,0.300318,5097.66,30.8333,3859.88,3696.82,0.687053,0
01:11:15:00:30:21,8871.94,8857.64,91.1283,91.4201,83.7779,1.99921,1.99924,3698.22,149466,12595.8,2.1026,0,0,149466,0.695176,0.297881,5107.67,30.85,3861.4,3698.22,0.694049,0
01:11:15:00:30:22,8875.09,8853.92,91.1952,91.4614,83.5447,1.9999,1.99924,3699.61,149584,12598.9,2.11358,0,0,149584,0.693287,0.296348,5110.82,30.8667,3862.92,3699.61,0.694126,0
01:11:15:00:30:23,8863.36,8857.35,91.4456,91.38,83.6033,2.00068,1.99924,3701.01,149701,12587.2,2.12579,0,0,149701,0.695426,0.295658,5099.09,30.8833,3864.44,3701.01,0.693357,0
01:11:15:00:30:24,8857.92,8863.36,91.0021,91.36,83.8367,1.99958,1.99923,3702.4,149818,12581.8,2.11602,0,0,149818,0.716342,0.294189,5093.65,30.9,3865.96,3702.4,0.705855,0
01:11:15:00:30:25,8869.08,8858.21,91.2294,91.4254,83.4328,1.99879,1.99923,3703.8,149935,12592.9,2.0892,0,0,149935,0.723956,0.293354,5104.81,30.9167,3867.48,3703.8,0.721969,0
01:11:15:00:30:26,8880.81,8875.09,91.1073,91.4027,83.6356,2.00041,1.99923,3705.19,150052,12604.7,2.08554,0,0,150052,0.716673,0.294868,5116.54,30.9333,3869,3705.19,0.716673,0
01:11:15:00:30:27,8875.66,8860.78,91.0404,91.5415,83.5295,1.99873,1.99923,3706.58,150169,12599.5,2.0892,0,0,150169,0.716673,0.296843,5111.39,30.95,3870.51,3706.58,0.716013,0
01:11:15:00:30:28,8878.24,8858.21,91.342,91.5616,83.4702,1.99813,1.99923,3707.97,150286,12602.1,2.10626,0,0,150286,0.716703,0.299232,5113.96,30.9667,3872.03,3707.97,0.716927,0
01:11:15:00:30:29,8875.09,8862.21,91.2326,91.4467,83.7416,1.99962,1.99923,3709.37,150403,12598.9,2.11602,0,0,150403,0.717193,0.300931,5110.82,30.9833,3873.56,3709.37,0.725296,0
01:11:15:00:30:30,8865.65,8861.07,91.1754,91.6016,83.643,1.99913,1.99923,3710.76,150520,12589.5,2.10626,0,0,150520,0.726853,0.299541,5101.38,31,3875.08,3710.76,0.724022,0
01:11:15:00:30:31,8875.38,8869.94,91.3806,91.5242,83.5876,1.99997,1.99923,3712.15,150637,12599.2,2.11113,0,0,150637,0.720657,0.299334,5111.1,31.0167,3876.6,3712.15,0.703433,0
01:11:15:00:30:32,8865.65,8870.22,91.3571,91.4134,83.7758,1.99994,1.99923,3713.55,150754,12589.5,2.12824,0,0,150754,0.700268,0.298585,5101.38,31.0333,3878.12,3713.55,0.696693,0
01:11:15:00:30:33,8883.1,8866.22,91.1357,91.4534,83.755,1.99976,1.99923,3714.95,150871,12607,2.09407,0,0,150871,0.696408,0.297901,5118.83,31.05,3879.64,3714.95,0.699078,0
01:11:15:00:30:34,8878.24,8869.37,91.1571,91.3293,83.5503,2.00023,1.99923,3716.34,150988,12602.1,2.1148,0,0,150988,0.699078,0.298544,5113.96,31.0667,3881.16,3716.34,0.697304,0
01:11:15:00:30:35,8873.37,8859.64,91.2099,91.2785,83.5704,2.0001,1.99923,3717.73,151105,12597.2,2.08676,0,0,151105,0.697304,0.300132,5109.1,31.0833,3882.68,3717.73,0.693861,0
01:11:15:00:30:36,8876.23,8864.22,91.395,91.4988,83.623,1.99891,1.99923,3719.13,151222,12600.1,2.08798,0,0,151222,0.693558,0.301116,5111.96,31.1,3884.2,3719.13,0.694203,0
01:11:15:00:30:37,8865.93,8863.07,91.2034,91.7872,83.7917,1.99918,1.99923,3720.52,151339,12589.8,2.11236,0,0,151339,0.694203,0.301157,5101.66,31.1167,3885.72,3720.52,0.692974,0
01:11:15:00:30:38,8866.51,8861.07,91.2343,91.7472,83.6125,2.0002,1.99923,3721.92,151456,12590.4,2.11724,0,0,151456,0.692296,0.300225,5102.23,31.1333,3887.24,3721.92,0.699967,0
01:11:15:00:30:39,8869.37,8861.64,91.2296,91.8179,83.6495,1.9977,1.99923,3723.31,151574,12593.2,2.16253,0,0,151574,0.700487,0.299423,5105.1,31.15,3888.76,3723.31,0.700152,0
01:11:15:00:30:40,8866.22,8859.35,91.2764,91.9822,83.6428,1.9984,1.99923,3724.7,151691,12590.1,2.16253,0,0,151691,0.700152,0.298584,5101.95,31.1667,3890.29,3724.7,0.700238,0
01:11:15:00:30:41,8873.66,8871.37,91.367,91.9635,83.6851,1.99857,1.99924,3726.1,151808,12597.5,2.13802,0,0,151808,0.697764,0.297699,5109.39,31.1833,3891.81,3726.1,0.700238,0
01:11:15:00:30:42,8868.51,8877.09,91.4941,91.8887,83.7694,1.99823,1.99924,3727.49,151925,12592.4,2.15517,0,0,151925,0.69351,0.297702,5104.24,31.2,3893.33,3727.49,0.695355,0
01:11:15:00:30:43,8879.67,8861.93,91.1356,91.9127,83.8817,1.99945,1.99924,3728.89,152042,12603.5,2.13925,0,0,152042,0.688275,0.298564,5115.4,31.2167,3894.85,3728.89,0.689084,0
01:11:15:00:30:44,8880.53,8865.93,91.4915,91.9301,83.5524,1.9996,1.99924,3730.29,152159,12604.4,2.17481,0,0,152159,0.688941,0.299528,5116.25,31.2333,3896.38,3730.29,0.688012,0
01:11:15:00:30:45,8877.38,8859.35,91.2079,91.9127,83.8532,1.99931,1.99924,3731.68,152276,12601.2,2.13802,0,0,152276,0.69007,0.302388,5113.11,31.25,3897.9,3731.68,0.691378,0
01:11:15:00:30:46,8865.08,8861.93,91.0975,91.7819,83.5926,1.99951,1.99924,3733.08,152393,12588.9,2.13424,0,0,152393,0.687797,0.301525,5100.8,31.2667,3899.42,3733.08,0.689623,0
01:11:15:00:30:47,8859.64,8863.07,91.2963,91.7765,83.4903,1.99983,1.99924,3734.47,152511,12583.5,2.16252,0,0,152511,0.680215,0.302465,5095.37,31.2833,3900.94,3734.47,0.680215,0
01:11:15:00:30:48,8863.93,8864.5,91.386,91.5896,83.6673,2.0013,1.99924,3735.86,152628,12587.8,2.21311,0,0,152628,0.681684,0.303027,5099.66,31.3,3902.46,3735.86,0.679725,0
01:11:15:00:30:49,8871.08,8868.79,91.2527,91.5456,89.3489,0.500411,1.99925,3737.3,152745,12594.9,2.21806,0,0,152745,0.683689,0.301618,5106.81,31.3167,3903.98,3737.3,0.683689,0
01:11:15:00:30:50,8863.07,8856.49,91.2857,91.5002,89.2193,0.500242,1.99925,3738.79,152819,12586.9,2.17853,0,0,152819,0.690107,0.281767,5098.8,31.3333,3905.5,3738.79,0.686327,0
01:11:15:00:30:51,8871.08,8854.2,91.2334,91.3493,89.2503,0.500542,1.99925,3740.28,152850,12594.9,2.16128,0,0,152850,0.656993,0.281199,5106.81,31.35,3907.02,3740.28,0.695528,0
01:11:15:00:30:52,8863.93,8856.21,91.2307,91.352,89.1997,0.50043,1.99925,3741.77,152881,12587.8,2.17113,0,0,152881,0.67319,0.280834,5099.66,31.3667,3908.54,3741.77,0.667042,0
01:11:15:00:30:53,8857.64,8851.63,91.2599,91.2652,89.197,0.500414,1.99925,3743.25,152913,12581.5,2.1539,0,0,152913,0.675466,0.281386,5093.36,31.3833,3910.06,3743.25,0.674271,0
01:11:15:00:30:54,8857.92,8851.92,91.3851,91.2879,89.2253,0.500483,1.99925,3744.74,152944,12581.8,2.1773,0,0,152944,0.679565,0.283676,5093.65,31.4,3911.59,3744.74,0.678135,0
01:11:15:00:30:55,8851.06,8842.19,91.4044,91.2852,89.3486,0.500262,1.99926,3746.23,152975,12574.9,2.17113,0,0,152975,0.685071,0.287016,5086.78,31.4167,3913.11,3746.23,0.683208,0
01:11:15:00:30:56,8868.22,8852.2,91.2423,91.2839,89.3666,0.500505,1.99926,3747.72,153006,12592.1,2.16128,0,0,153006,0.693131,0.291303,5103.94,31.4333,3914.63,3747.72,0.693131,0
01:11:15:00:30:57,8856.21,8853.92,91.4252,91.2425,89.2078,0.500547,1.99926,3749.21,153038,12580.1,2.16252,0,0,153038,0.701677,0.293508,5091.93,31.45,3916.15,3749.21,0.698144,0
01:11:15:00:30:58,8862.21,8849.63,91.3068,91.2438,89.3866,0.50057,1.99926,3750.69,153069,12586.1,2.09383,0,0,153069,0.700482,0.296909,5097.93,31.4667,3917.68,3750.69,0.701911,0
01:11:15:00:30:59,8863.93,8852.2,90.96,91.2638,89.2689,0.501047,1.99927,3752.18,153100,12587.8,2.04871,0,0,153100,0.693743,0.297555,5099.65,31.4833,3919.2,3752.18,0.697618,0
01:11:15:00:31:00,8858.5,8849.91,91.4432,91.3172,88.9303,0.500936,1.99927,3753.67,153132,12582.3,1.95068,0,0,153132,0.687822,0.300209,5094.21,31.5,3920.72,3753.67,0.690832,0
01:11:15:00:31:01,8862.21,8838.75,91.4365,91.3399,89.4013,0.501304,1.99927,3755.15,153163,12586.1,1.8799,0,0,153163,0.690263,0.302332,5097.93,31.5167,3922.24,3755.15,0.68815,0
01:11:15:00:31:02,8844.19,8840.47,91.2997,91.2892,89.3959,0.501031,1.99927,3756.64,153194,12568,1.79068,0,0,153194,0.698366,0.301152,5079.91,31.5333,3923.76,3756.64,0.698366,0
01:11:15:00:31:03,8853.06,8834.46,91.1624,91.2011,89.2603,0.501459,1.99928,3758.13,153225,12576.9,1.73402,0,0,153225,0.694119,0.301459,5088.77,31.55,3925.28,3758.13,0.694119,0
01:11:15:00:31:04,8847.91,8849.63,91.4227,91.1824,89.1266,0.50134,1.99928,3759.62,153257,12571.7,1.69173,0,0,153257,0.694163,0.301127,5083.61,31.5667,3926.8,3759.62,0.694163,0
01:11:15:00:31:05,8840.47,8847.62,91.4702,91.2518,89.3818,0.501166,1.99928,3761.11,153288,12564.2,1.6182,0,0,153288,0.702495,0.301767,5076.12,31.5833,3928.33,3761.11,0.701866,0
01:11:15:00:31:06,8850.77,8844.19,91.2304,91.3439,89.4271,0.501448,1.99928,3762.6,153319,12574.5,1.59266,0,0,153319,0.704024,0.301467,5086.38,31.6,3929.85,3762.6,0.702699,0
01:11:15:00:31:07,8853.63,8851.92,91.4254,91.3386,89.1942,0.501067,1.99929,3764.08,153351,12577.3,1.51644,0,0,153351,0.693654,0.302454,5089.21,31.6167,3931.37,3764.08,0.698901,0
01:11:15:00:31:08,8855.35,8837.04,91.2598,91.5002,89.3845,0.501164,1.99929,3765.57,153382,12579,1.45453,0,0,153382,0.68874,0.303547,5090.91,31.6333,3932.9,3765.57,0.688651,0
01:11:15:00:31:09,8855.92,8838.18,91.2429,91.4401,89.2228,0.501108,1.99929,3767.06,153413,12578.7,1.3534,0,0,153413,0.690037,0.302391,5090.61,31.65,3934.42,3767.06,0.690037,0
01:11:15:00:31:10,8850.77,8840.47,91.207,91.4187,89.205,0.501404,1.99929,3768.55,153445,12570.6,1.24776,0,0,153445,0.690358,0.30179,5082.47,31.6667,3935.94,3768.55,0.69048,0
01:11:15:00:31:11,8849.05,8846.76,91.3489,91.3853,89.1701,0.501362,1.9993,3770.03,153476,12565.9,1.10803,0,0,153476,0.693837,0.300315,5077.77,31.6833,3937.46,3770.03,0.690109,0
01:11:15:00:31:12,8845.62,8852.77,91.3489,91.3439,89.3086,0.501417,1.9993,3771.52,153507,12559.5,1.04113,0,0,153507,0.699646,0.300265,5071.37,31.7,3938.98,3771.52,0.698512,0
01:11:15:00:31:13,8850.77,8847.62,91.0133,91.2758,89.3087,0.501395,1.9993,3773.01,153539,12561.7,0.916347,0,0,153539,0.702271,0.299833,5073.56,31.7167,3940.5,3773.01,0.70142,0
01:11:15:00:31:14,8864.5,8851.63,91.5354,91.2238,88.9798,0.501613,1.99931,3774.5,153570,12572.4,0.867979,0,0,153570,0.696388,0.299373,5084.3,31.7333,3942.02,3774.5,0.696372,0
01:11:15:00:31:15,8857.64,8856.21,91.3713,91.1837,89.4914,0.501315,1.99931,3775.98,153601,12562.6,0.776253,0,0,153601,0.688525,0.30051,5074.47,31.75,3943.55,3775.98,0.692396,0
01:11:15:00:31:16,8859.64,8855.35,91.3713,91.1877,89.3312,0.501245,1.99931,3777.47,153633,12561.6,0.673903,0,0,153633,0.69495,0.299202,5073.51,31.7667,3945.07,3777.47,0.691874,0
01:11:15:00:31:17,8861.64,8846.48,91.192,91.1236,89.3314,0.501204,1.99931,3778.96,153664,12560.7,0.670755,0,0,153664,0.695786,0.299342,5072.58,31.7833,3946.59,3778.96,0.697554,0
01:11:15:00:31:18,8857.06,8845.91,91.3442,91.1677,89.1563,0.50115,1.99932,3780.45,153695,12553.2,0.660275,0,0,153695,0.694993,0.299288,5065.07,31.8,3948.11,3780.45,0.694993,0
01:11:15:00:31:19,8867.08,8853.34,91.2317,91.1223,89.3046,0.501283,1.99932,3781.94,153727,12560.2,0.642485,0,0,153727,0.690638,0.300124,5072.08,31.8167,3949.63,3781.94,0.690927,0
01:11:15:00:31:20,8848.48,8853.06,91.1793,91.1597,89.1956,0.501025,1.99932,3783.42,153758,12538.6,0.642485,0,0,153758,0.690482,0.300166,5050.49,31.8333,3951.15,3783.42,0.688657,0
01:11:15:00:31:21,8861.36,8854.49,91.5133,91.1597,89.1437,0.501213,1.99932,3784.91,153789,12548.5,0.596604,0,0,153789,0.696719,0.300365,5060.4,31.85,3952.68,3784.91,0.694097,0
01:11:15:00:31:22,8861.64,8863.07,91.2089,91.2919,89.4703,0.50116,1.99933,3786.4,153821,12545.9,0.59452,0,0,153821,0.701147,0.300948,5057.73,31.8667,3954.2,3786.4,0.698257,0
01:11:15:00:31:23,8861.07,8856.49,91.574,91.2772,89.1728,0.501154,1.99933,3787.89,153852,12542.3,0.591402,0,0,153852,0.701147,0.300327,5054.19,31.8833,3955.72,3787.89,0.702682,0
01:11:15:00:31:24,8868.51,8852.49,91.0146,91.3426,89.5296,0.501192,1.99933,3789.38,153883,12546.7,0.591402,0,0,153883,0.70238,0.301514,5058.62,31.9,3957.24,3789.38,0.699413,0
01:11:15:00:31:25,8862.21,8856.21,91.3688,91.3119,88.981,0.501615,1.99933,3790.86,153915,12537.5,0.538543,0,0,153915,0.698372,0.29995,5049.33,31.9167,3958.76,3790.86,0.699055,0
01:11:15:00:31:26,8865.36,8847.62,91.3502,91.3279,89.3288,0.501233,1.99934,3792.35,153946,12537.7,0.526152,0,0,153946,0.699055,0.301803,5049.52,31.9333,3960.29,3792.35,0.700294,0
01:11:15:00:31:27,8859.07,8859.64,91.1934,91.2972,89.3101,0.501377,1.99934,3793.84,153977,12528.4,0.531313,0,0,153977,0.707825,0.300524,5040.28,31.95,3961.81,3793.84,0.707727,0
01:11:15:00:31:28,8855.92,8857.06,91.3704,91.3266,89.1578,0.501113,1.99934,3795.33,154009,12522.3,0.520994,0,0,154009,0.707727,0.300275,5034.14,31.9667,3963.33,3795.33,0.702124,0
01:11:15:00:31:29,8866.22,8863.64,91.2843,91.3586,89.3299,0.501357,1.99934,3796.81,154040,12529.6,0.559233,0,0,154040,0.702557,0.301131,5041.44,31.9833,3964.85,3796.81,0.702719,0
01:11:15:00:31:30,8863.93,8867.08,91.1683,91.3052,89.2449,0.50156,1.99935,3798.3,154071,12524.3,0.565452,0,0,154071,0.704372,0.299363,5036.17,32,3966.37,3798.3,0.705512,0
01:11:15:00:31:31,8867.36,8854.49,91.2817,91.3092,89.1329,0.501215,1.99935,3799.79,154103,12524.8,0.547849,0,0,154103,0.702215,0.299396,5036.65,32.0167,3967.89,3799.79,0.70048,0
01:11:15:00:31:32,8874.52,8855.06,91.2614,91.3546,89.2425,0.50153,1.99935,3801.27,154134,12529,0.54992,0,0,154134,0.70048,0.298928,5040.86,32.0333,3969.41,3801.27,0.703574,0
01:11:15:00:31:33,8865.08,8856.21,91.3301,91.3146,89.2232,0.501381,1.99935,3802.76,154165,12516.5,0.537512,0,0,154165,0.703574,0.298874,5028.41,32.05,3970.93,3802.76,0.704709,0
01:11:15:00:31:34,8868.79,8860.78,91.1815,91.2678,89.2908,0.501284,1.99935,3804.25,154196,12517.3,0.546817,0,0,154196,0.704709,0.298924,5029.14,32.0667,3972.45,3804.25,0.705652,0
01:11:15:00:31:35,8857.92,8858.78,91.3998,91.3413,89.1461,0.501136,1.99936,3805.74,154228,12503.4,0.499362,0,0,154228,0.704622,0.298938,5015.29,32.0833,3973.98,3805.74,0.704338,0
01:11:15:00:31:36,8864.5,8855.35,91.2558,91.2598,89.36,0.500997,1.99936,3807.22,154259,12507.1,0.495248,0,0,154259,0.702906,0.300388,5018.93,32.1,3975.5,3807.22,0.700663,0
01:11:15:00:31:37,8878.81,8866.79,91.2034,91.2785,89.2169,0.501602,1.99936,3808.71,154290,12518.4,0.515838,0,0,154290,0.700035,0.300052,5030.26,32.1167,3977.02,3808.71,0.700239,0
01:11:15:00:31:38,8865.36,8869.94,91.2049,91.2078,89.1675,0.50113,1.99936,3810.2,154322,12501.9,0.501421,0,0,154322,0.699617,0.299929,5013.81,32.1333,3978.54,3810.2,0.700239,0
01:11:15:00:31:39,8875.66,8867.65,91.4739,91.1503,89.1687,0.501191,1.99936,3811.68,154353,12509.3,0.512747,0,0,154353,0.694274,0.300369,5021.13,32.15,3980.06,3811.68,0.694274,0
01:11:15:00:31:40,8870.51,8866.79,91.0146,91.1717,89.4311,0.501373,1.99937,3813.17,154384,12501.1,0.528217,0,0,154384,0.693803,0.300646,5013.01,32.1667,3981.58,3813.17,0.693789,0
01:11:15:00:31:41,8881.1,8864.22,91.3963,91.0796,88.9817,0.501429,1.99937,3814.66,154416,12508.8,0.512747,0,0,154416,0.695926,0.299664,5020.65,32.1833,3983.1,3814.66,0.694721,0
01:11:15:00:31:42,8877.95,8866.22,91.381,91.0863,89.3554,0.501307,1.99937,3816.15,154447,12502.6,0.517901,0,0,154447,0.693888,0.300346,5014.52,32.2,3984.63,3816.15,0.696841,0
01:11:15:00:31:43,8864.5,8868.22,91.4177,91.1036,89.3405,0.501303,1.99937,3817.63,154478,12486.2,0.535443,0,0,154478,0.695491,0.298904,4998.07,32.2167,3986.15,3817.63,0.692978,0
01:11:15:00:31:44,8879.09,8868.79,91.4205,91.1063,89.3767,0.501211,1.99937,3819.12,154510,12497.8,0.537512,0,0,154510,0.691383,0.298377,5009.68,32.2333,3987.67,3819.12,0.689856,0
01:11:15:00:31:45,8875.09,8885.1,91.354,91.0729,89.3783,0.501504,1.99937,3820.61,154541,12490.8,0.487025,0,0,154541,0.70119,0.298489,5002.71,32.25,3989.2,3820.61,0.695003,0
01:11:15:00:31:46,8878.81,8871.94,91.2836,91.0529,89.3152,0.501024,1.99938,3822.1,154572,12491.6,0.497304,0,0,154572,0.697934,0.298501,5003.48,32.2667,3990.72,3822.1,0.702281,0
01:11:15:00:31:47,8886.82,8872.51,91.3066,91.1597,89.2465,0.500997,1.99938,3823.59,154604,12496.6,0.463427,0,0,154604,0.691845,0.298688,5008.48,32.2833,3992.24,3823.59,0.695837,0
01:11:15:00:31:48,8887.96,8881.96,91.3877,91.1009,89.2683,0.501156,1.99938,3825.08,154635,12494.8,0.482917,0,0,154635,0.690931,0.299388,5006.63,32.3,3993.76,3825.08,0.690931,0
01:11:15:00:31:49,8882.24,8870.8,91.1556,91.1103,89.3467,0.501374,1.99938,3826.57,154666,12486.1,0.501421,0,0,154666,0.6997,0.299327,4997.94,32.3167,3995.28,3826.57,0.696362,0
01:11:15:00:31:50,8883.1,8882.81,91.2892,91.0996,89.12,0.501333,1.99938,3828.05,154698,12484,0.498335,0,0,154698,0.705772,0.298811,4995.84,32.3333,3996.8,3828.05,0.702911,0
01:11:15:00:31:51,8880.53,8878.81,91.4694,91.1597,89.2509,0.501252,1.99938,3829.54,154729,12478.4,0.497304,0,0,154729,0.703478,0.29932,4990.31,32.35,3998.33,3829.54,0.706229,0
01:11:15:00:31:52,8885.1,8877.66,91.3935,91.141,89.4273,0.501193,1.99938,3831.03,154760,12480,0.499362,0,0,154760,0.70267,0.29895,4991.88,32.3667,3999.85,3831.03,0.701674,0
01:11:15:00:31:53,8887.39,8885.67,91.1644,91.1223,89.3527,0.501297,1.99938,3832.52,154792,12479.3,0.559233,0,0,154792,0.704739,0.299159,4991.17,32.3833,4001.37,3832.52,0.702941,0
01:11:15:00:31:54,8889.68,8881.38,91.4077,91.1089,89.128,0.501484,1.99939,3834.01,154823,12478.6,0.481892,0,0,154823,0.70138,0.300819,4990.5,32.4,4002.89,3834.01,0.702561,0
01:11:15:00:31:55,8903.7,8891.4,91.3185,91.133,89.3665,0.501315,1.99939,3835.49,154854,12489.7,0.453187,0,0,154854,0.697993,0.301637,5001.58,32.4167,4004.41,3835.49,0.697993,0
01:11:15:00:31:56,8893.11,8883.67,91.2042,91.1891,89.2796,0.501244,1.99939,3836.98,154886,12476.1,0.490108,0,0,154886,0.694813,0.300444,4988,32.4333,4005.94,3836.98,0.695702,0
01:11:15:00:31:57,8898.83,8889.68,91.2534,91.137,89.168,0.50121,1.99939,3838.47,154917,12478.8,0.476757,0,0,154917,0.690063,0.300725,4990.72,32.45,4007.46,3838.47,0.690063,0
01:11:15:00:31:58,8893.69,8882.81,91.4134,91.2572,89.216,0.501244,1.99939,3839.96,154948,12470.7,0.503477,0,0,154948,0.698023,0.300802,4982.59,32.4667,4008.98,3839.96,0.693444,0
01:11:15:00:31:59,8893.4,8886.82,91.1752,91.2238,89.3717,0.501434,1.99939,3841.44,154980,12467.5,0.507598,0,0,154980,0.703049,0.30021,4979.35,32.4833,4010.5,3841.44,0.701843,0
01:11:15:00:32:00,8899.69,8888.54,91.3716,91.1023,89.1386,0.501469,1.99939,3842.93,155011,12470.8,0.509656,0,0,155011,0.69902,0.299285,4982.7,32.5,4012.02,3842.93,0.69902,0
01:11:15:00:32:01,8889.97,8897.12,91.3968,91.141,89.3313,0.501279,1.99939,3844.42,155042,12458.1,0.55406,0,0,155042,0.689634,0.300134,4969.97,32.5167,4013.54,3844.42,0.687082,0
01:11:15:00:32:02,8906.56,8897.69,91.0851,91.1357,89.3554,0.501433,1.99939,3845.91,155073,12471.7,0.565452,0,0,155073,0.686982,0.299701,4983.56,32.5333,4015.06,3845.91,0.686982,0
01:11:15:00:32:03,8898.26,8897.12,91.2003,91.1677,89.0519,0.50113,1.99939,3847.4,155105,12460.4,0.589326,0,0,155105,0.689415,0.300457,4972.29,32.55,4016.58,3847.4,0.689415,0
01:11:15:00:32:04,8909.13,8896.83,91.3012,91.2118,89.1639,0.501273,1.9994,3848.88,155136,12468.3,0.52512,0,0,155136,0.698632,0.301785,4980.22,32.5667,4018.1,3848.88,0.694951,0
01:11:15:00:32:05,8907.13,8893.11,91.2859,91.2652,89.2622,0.501363,1.9994,3850.37,155167,12463.4,0.539576,0,0,155167,0.704877,0.301347,4975.26,32.5833,4019.63,3850.37,0.699601,0
01:11:15:00:32:06,8897.69,8899.69,91.3121,91.1931,89.2473,0.50135,1.9994,3851.85,155199,12450.9,0.512747,0,0,155199,0.698614,0.300384,4962.81,32.6,4021.15,3851.85,0.702414,0
01:11:15:00:32:07,8909.99,8895.4,91.1885,91.2171,89.2731,0.501304,1.9994,3853.34,155230,12460.3,0.54061,0,0,155230,0.696337,0.300109,4972.13,32.6167,4022.67,3853.34,0.696186,0
01:11:15:00:32:08,8900.55,8912.85,91.285,91.1437,89.1515,0.501495,1.9994,3854.83,155261,12447.8,0.522026,0,0,155261,0.702377,0.300477,4959.72,32.6333,4024.19,3854.83,0.702377,0
01:11:15:00:32:09,8904.27,8896.55,91.1055,91.0969,89.2467,0.501277,1.9994,3856.32,155293,12448.6,0.52512,0,0,155293,0.703486,0.301378,4960.5,32.65,4025.71,3856.32,0.703684,0
01:11:15:00:32:10,8913.14,8899.41,91.2336,91.0649,89.0705,0.501464,1.9994,3857.8,155324,12454.5,0.537512,0,0,155324,0.699882,0.30161,4966.38,32.6667,4027.23,3857.8,0.703422,0
01:11:15:00:32:11,8919.43,8908.56,91.1803,91.0435,89.1966,0.501235,1.9994,3859.29,155355,12457.8,0.536476,0,0,155355,0.695566,0.302098,4969.68,32.6833,4028.75,3859.29,0.697407,0
01:11:15:00:32:12,8913.14,8906.56,91.1267,91.0248,89.1445,0.501222,1.9994,3860.77,155387,12448.5,0.515838,0,0,155387,0.700924,0.301781,4960.41,32.7,4030.27,3860.77,0.696149,0
01:11:15:00:32:13,8918.86,8914,91.274,91.0182,89.0917,0.501328,1.9994,3862.26,155418,12451.3,0.527187,0,0,155418,0.705683,0.30213,4963.18,32.7167,4031.79,3862.26,0.706288,0
01:11:15:00:32:14,8906.27,8894.54,91.4369,91.0542,89.237,0.501008,1.9994,3863.75,155449,12435.8,0.497304,0,0,155449,0.697618,0.301587,4947.65,32.7333,4033.31,3863.75,0.702073,0
01:11:15:00:32:15,8918,8908.56,91.3864,91.0582,89.3952,0.501274,1.9994,3865.23,155480,12444.5,0.480861,0,0,155480,0.694779,0.300945,4956.38,32.75,4034.83,3865.23,0.694363,0
01:11:15:00:32:16,8911.14,8911.14,91.3394,91.129,89.3461,0.501205,1.9994,3866.72,155512,12434.6,0.494219,0,0,155512,0.694648,0.299262,4946.52,32.7667,4036.36,3866.72,0.693999,0
01:11:15:00:32:17,8914,8909.13,91.2719,91.157,89.3002,0.501208,1.9994,3868.21,155543,12434.5,0.474703,0,0,155543,0.698469,0.29924,4946.4,32.7833,4037.88,3868.21,0.698469,0
01:11:15:00:32:18,8924.87,8924.87,91.3134,91.1343,89.2332,0.501454,1.9994,3869.7,155574,12442.5,0.506566,0,0,155574,0.707551,0.299486,4954.32,32.8,4039.4,3869.7,0.707027,0
01:11:15:00:32:19,8921.44,8914,91.2535,91.0355,89.2734,0.501557,1.9994,3871.19,155606,12436.1,0.553024,0,0,155606,0.706194,0.299411,4947.93,32.8167,4040.92,3871.19,0.708243,0
01:11:15:00:32:20,8929.73,8918,91.3833,91.0689,89.2167,0.501073,1.9994,3872.68,155637,12441.4,0.50451,0,0,155637,0.706436,0.299071,4953.22,32.8333,4042.44,3872.68,0.705816,0
01:11:15:00:32:21,8924.58,8913.71,91.1641,91.1276,89.3432,0.501181,1.9994,3874.16,155668,12433.2,0.496275,0,0,155668,0.706436,0.29974,4945.09,32.85,4043.97,3874.16,0.705724,0
01:11:15:00:32:22,8929.45,8916,91.3188,91.153,89.1285,0.501263,1.99941,3875.65,155700,12435.1,0.47881,0,0,155700,0.705671,0.299499,4946.99,32.8667,4045.49,3875.65,0.703513,0
01:11:15:00:32:23,8932.02,8920.58,91.1556,91.173,89.2804,0.501127,1.99941,3877.14,155731,12434.7,0.456257,0,0,155731,0.700985,0.299624,4946.62,32.8833,4047.01,3877.14,0.701713,0
01:11:15:00:32:24,8918.58,8920.58,91.3382,91.0929,89.1205,0.501192,1.99941,3878.62,155762,12418.3,0.454209,0,0,155762,0.703548,0.29964,4930.19,32.9,4048.53,3878.62,0.708148,0
01:11:15:00:32:25,8936.89,8921.15,91.105,91.0368,89.2981,0.501453,1.99941,3880.11,155794,12433.6,0.469577,0,0,155794,0.706016,0.301017,4945.51,32.9167,4050.05,3880.11,0.705352,0
01:11:15:00:32:26,8928.88,8926.59,91.1592,91.0956,89.071,0.50121,1.99941,3881.6,155825,12422.6,0.496275,0,0,155825,0.705352,0.299977,4934.51,32.9333,4051.57,3881.6,0.704654,0
01:11:15:00:32:27,8938.89,8919.72,91.2702,91.0008,89.1229,0.501485,1.99941,3883.08,155856,12429.7,0.498335,0,0,155856,0.703563,0.300787,4941.57,32.95,4053.09,3883.08,0.706128,0
01:11:15:00:32:28,8935.74,8918.58,91.2336,91.1103,89.233,0.501102,1.99941,3884.57,155887,12423.6,0.526152,0,0,155887,0.706128,0.301231,4935.49,32.9667,4054.61,3884.57,0.710169,0
01:11:15:00:32:29,8935.46,8925.73,91.2758,91.1877,89.197,0.501124,1.99941,3886.06,155919,12420.3,0.53338,0,0,155919,0.707472,0.30116,4932.2,32.9833,4056.13,3886.06,0.706424,0
01:11:15:00:32:30,8936.6,8921.72,91.3993,91.173,89.2383,0.501134,1.9994,3887.54,155950,12418.5,0.539576,0,0,155950,0.706424,0.300625,4930.35,33,4057.65,3887.54,0.692875,0
01:11:15:00:32:31,8932.88,8930.59,91.3951,91.177,89.3581,0.501369,1.9994,3889.03,155981,12411.8,0.548881,0,0,155981,0.693925,0.301526,4923.66,33.0167,4059.17,3889.03,0.697565,0
01:11:15:00:32:32,8937.17,8923.44,91.1905,91.1584,89.3543,0.501308,1.9994,3890.52,156013,12413.1,0.569601,0,0,156013,0.697565,0.29979,4925,33.0333,4060.7,3890.52,0.70274,0
01:11:15:00:32:33,8944.61,8932.59,91.1438,91.2451,89.1556,0.500943,1.9994,3892.01,156044,12417.6,0.523055,0,0,156044,0.70274,0.299033,4929.48,33.05,4062.21,3892.01,0.702977,0
01:11:15:00:32:34,8949.19,8942.04,91.1457,91.4307,89.1091,0.501161,1.9994,3893.49,156075,12419.2,0.522026,0,0,156075,0.704242,0.299454,4931.05,33.0667,4063.73,3893.49,0.702977,0
01:11:15:00:32:35,8939.17,8934.6,91.1457,91.2064,89.1096,0.50151,1.9994,3894.98,156107,12406.2,0.556131,0,0,156107,0.704287,0.29855,4918.05,33.0833,4065.25,3894.98,0.702737,0
01:11:15:00:32:36,8946.61,8938.89,91.3265,91.2264,89.1115,0.501038,1.9994,3896.46,156138,12410.7,0.545779,0,0,156138,0.711863,0.298541,4922.53,33.1,4066.77,3896.46,0.709667,0
01:11:15:00:32:37,8948.9,8924.01,91.2055,91.2224,89.286,0.501577,1.9994,3897.95,156169,12410,0.588282,0,0,156169,0.713511,0.298328,4921.87,33.1167,4068.29,3897.95,0.714321,0
01:11:15:00:32:38,8952.91,8938.6,91.0649,91.2438,89.1692,0.501232,1.9994,3899.44,156200,12411,0.558198,0,0,156200,0.703981,0.296359,4922.9,33.1333,4069.81,3899.44,0.703981,0
01:11:15:00:32:39,8944.61,8935.46,91.0451,91.2064,89.0316,0.501261,1.9994,3900.92,156232,12399.7,0.570638,0,0,156232,0.685943,0.295586,4911.6,33.15,4071.33,3900.92,0.694016,0
01:11:15:00:32:40,8944.04,8939.75,91.233,91.1864,89.0126,0.501161,1.9994,3902.41,156263,12396.2,0.559233,0,0,156263,0.681776,0.295164,4908.06,33.1667,4072.85,3902.41,0.681776,0
01:11:15:00:32:41,8956.63,8944.9,91.2999,91.133,89.195,0.501477,1.9994,3903.89,156294,12405.8,0.569601,0,0,156294,0.689302,0.295053,4917.69,33.1833,4074.37,3903.89,0.683324,0
01:11:15:00:32:42,8947.76,8946.33,91.2423,91.1544,89.2614,0.50124,1.9994,3905.38,156326,12394,0.513776,0,0,156326,0.696365,0.295197,4905.88,33.2,4075.89,3905.38,0.693312,0
01:11:15:00:32:43,8964.92,8942.89,91.3339,91.1597,89.2048,0.501309,1.9994,3906.87,156357,12408.2,0.442957,0,0,156357,0.698171,0.295296,4920.09,33.2167,4077.41,3906.87,0.698447,0
01:11:15:00:32:44,8953.77,8939.75,91.4067,91.1944,89.2946,0.501256,1.9994,3908.35,156388,12394.1,0.472654,0,0,156388,0.700796,0.296456,4905.99,33.2333,4078.94,3908.35,0.699407,0
01:11:15:00:32:45,8964.92,8944.9,91.2028,91.1997,89.3653,0.501372,1.9994,3909.84,156419,12402.3,0.493192,0,0,156419,0.701027,0.295642,4914.22,33.25,4080.46,3909.84,0.701769,0
01:11:15:00:32:46,8960.35,8946.9,91.3026,91.2131,89.1662,0.501302,1.9994,3911.33,156451,12394.9,0.467524,0,0,156451,0.700283,0.295614,4906.73,33.2667,4081.98,3911.33,0.701699,0
01:11:15:00:32:47,8948.62,8952.62,91.3026,91.2465,89.2639,0.501269,1.9994,3912.82,156482,12380.2,0.482917,0,0,156482,0.70131,0.296513,4892.12,33.2833,4083.5,3912.82,0.70131,0
01:11:15:00:32:48,8969.79,8947.47,91.3978,91.1851,89.2635,0.501375,1.9994,3914.3,156513,12399,0.4706,0,0,156513,0.700055,0.297488,4910.83,33.3,4085.02,3914.3,0.700871,0
01:11:15:00:32:49,8958.92,8962.64,91.158,91.3106,89.3572,0.501218,1.99939,3915.79,156545,12385.6,0.493192,0,0,156545,0.69319,0.29806,4897.51,33.3167,4086.55,3915.79,0.696164,0
01:11:15:00:32:50,8971.22,8960.06,91.2228,91.2518,89.1221,0.501394,1.99939,3917.28,156576,12395.5,0.518932,0,0,156576,0.68956,0.297907,4907.37,33.3333,4088.06,3917.28,0.689017,0
01:11:15:00:32:51,8963.21,8954.05,91.2533,91.2425,89.1865,0.501144,1.99939,3918.77,156607,12385.1,0.522026,0,0,156607,0.694854,0.299116,4896.94,33.35,4089.59,3918.77,0.689736,0
01:11:15:00:32:52,8965.5,8952.91,91.1619,91.2411,89.2162,0.501169,1.99939,3920.25,156639,12385.3,0.487025,0,0,156639,0.706026,0.299315,4897.15,33.3667,4091.11,3920.25,0.705121,0
01:11:15:00:32:53,8961.21,8946.9,91.2214,91.2104,89.1265,0.501256,1.99939,3921.74,156670,12379.6,0.458303,0,0,156670,0.701788,0.299559,4891.45,33.3833,4092.63,3921.74,0.703729,0
01:11:15:00:32:54,8961.21,8960.35,91.3835,91.2091,89.1852,0.50111,1.99939,3923.22,156701,12378.2,0.501421,0,0,156701,0.692395,0.300525,4890.05,33.4,4094.15,3923.22,0.692966,0
01:11:15:00:32:55,8972.65,8944.9,91.2533,91.1343,89.3415,0.501642,1.99939,3924.71,156733,12388.2,0.50451,0,0,156733,0.696316,0.300613,4900.1,33.4167,4095.67,3924.71,0.696316,0
01:11:15:00:32:56,8962.35,8963.49,91.5139,91.1156,89.2162,0.501173,1.99939,3926.2,156764,12376.5,0.493192,0,0,156764,0.697197,0.300093,4888.4,33.4333,4097.19,3926.2,0.695422,0
01:11:15:00:32:57,8965.5,8960.92,91.3188,91.1624,89.4712,0.501097,1.99939,3927.69,156795,12378.6,0.496275,0,0,156795,0.693733,0.30055,4890.44,33.45,4098.72,3927.69,0.693733,0
01:11:15:00:32:58,8962.35,8955.2,91.3632,91.2265,89.2799,0.501227,1.99939,3929.18,156827,12374.5,0.481892,0,0,156827,0.706543,0.299433,4886.33,33.4667,4100.24,3929.18,0.701657,0
01:11:15:00:32:59,8970.65,8961.78,91.153,91.161,89.323,0.501299,1.99939,3930.67,156858,12381.8,0.511717,0,0,156858,0.712819,0.300521,4893.68,33.4833,4101.76,3930.67,0.710641,0
01:11:15:00:33:00,8972.36,8944.04,91.1919,91.1383,89.1174,0.501359,1.99939,3932.15,156889,12382.6,0.551988,0,0,156889,0.71791,0.300395,4894.44,33.5,4103.28,3932.15,0.71791,0
01:11:15:00:33:01,8970.07,8958.92,91.3193,91.1463,89.156,0.5012,1.99939,3933.64,156921,12379.3,0.565452,0,0,156921,0.715748,0.301088,4891.2,33.5167,4104.8,3933.64,0.715716,0
01:11:15:00:33:02,8959.77,8946.04,91.3475,91.1704,89.2801,0.501313,1.99938,3935.13,156952,12368.2,0.551988,0,0,156952,0.714655,0.300656,4880.04,33.5333,4106.32,3935.13,0.715791,0
01:11:15:00:33:03,8960.63,8956.63,91.2259,91.2051,89.3076,0.501338,1.99938,3936.62,156983,12368.2,0.55406,0,0,156983,0.698505,0.300016,4880.04,33.55,4107.84,3936.62,0.704415,0
01:11:15:00:33:04,8968.93,8957.77,91.2345,91.2158,89.1894,0.501167,1.99938,3938.1,157014,12375.6,0.577898,0,0,157014,0.6912,0.299892,4887.48,33.5667,4109.36,3938.1,0.695085,0
01:11:15:00:33:05,8954.34,8956.63,91.4325,91.2131,89.1977,0.501167,1.99938,3939.59,157046,12360.2,0.546817,0,0,157046,0.692308,0.300319,4872.04,33.5833,4110.89,3939.59,0.692199,0
01:11:15:00:33:06,8971.22,8951.76,91.2666,91.1343,89.3911,0.501252,1.99938,3941.08,157077,12376.2,0.550953,0,0,157077,0.693989,0.299905,4888.07,33.6,4112.41,3941.08,0.695011,0
01:11:15:00:33:07,8959.2,8950.05,91.0502,91.0983,89.2295,0.501069,1.99938,3942.57,157108,12363.3,0.53338,0,0,157108,0.690593,0.29917,4875.21,33.6167,4113.93,3942.57,0.690593,0
01:11:15:00:33:08,8974.65,8952.34,91.3825,91.0008,89.0169,0.501341,1.99938,3944.05,157140,12377.9,0.530283,0,0,157140,0.687818,0.300297,4889.81,33.6333,4115.45,3944.05,0.68819,0
01:11:15:00:33:09,8960.63,8948.62,91.297,90.9287,89.3415,0.50139,1.99938,3945.54,157171,12363.1,0.537512,0,0,157171,0.696434,0.301478,4874.95,33.65,4116.97,3945.54,0.696434,0
01:11:15:00:33:10,8952.91,8947.47,91.1701,91.0889,89.2589,0.501149,1.99938,3947.03,157202,12354.5,0.535443,0,0,157202,0.708439,0.300419,4866.38,33.6667,4118.49,3947.03,0.704226,0
01:11:15:00:33:11,8965.21,8943.18,91.4135,91.0555,89.1331,0.501602,1.99938,3948.51,157234,12366.1,0.508626,0,0,157234,0.699942,0.301406,4878,33.6833,4120.01,3948.51,0.705853,0
01:11:15:00:33:12,8952.62,8953.19,91.2562,91.0903,89.3728,0.501163,1.99937,3950,157265,12353,0.499362,0,0,157265,0.693338,0.301066,4864.83,33.7,4121.54,3950,0.694325,0
01:11:15:00:33:13,8966.93,8952.34,91.4037,91.0769,89.2183,0.501332,1.99937,3951.49,157296,12366.7,0.490108,0,0,157296,0.696678,0.299029,4878.54,33.7167,4123.06,3951.49,0.694841,0
01:11:15:00:33:14,8950.05,8949.19,91.3422,91.0809,89.3629,0.501242,1.99937,3952.98,157328,12349.2,0.519961,0,0,157328,0.696678,0.300237,4861.08,33.7333,4124.58,3952.98,0.700764,0
01:11:15:00:33:15,8964.07,8953.19,91.2736,91.1116,89.3021,0.501409,1.99937,3954.47,157359,12362.6,0.54992,0,0,157359,0.702692,0.29952,4874.51,33.75,4126.1,3954.47,0.704229,0
01:11:15:00:33:16,8968.07,8943.75,91.3044,91.0716,89.236,0.501159,1.99937,3955.95,157390,12366.4,0.542678,0,0,157390,0.703074,0.29924,4878.26,33.7667,4127.62,3955.95,0.696956,0
01:11:15:00:33:17,8954.91,8951.19,91.3265,91.0061,89.2651,0.501409,1.99937,3957.44,157422,12353,0.559233,0,0,157422,0.696956,0.29987,4864.87,33.7833,4129.15,3957.44,0.69148,0
01:11:15:00:33:18,8964.92,8933.17,91.3858,90.9047,89.2865,0.501452,1.99937,3958.93,157453,12362.8,0.588282,0,0,157453,0.69111,0.30077,4874.65,33.8,4130.67,3958.93,0.696862,0
01:11:15:00:33:19,8957.2,8957.77,91.2475,90.8673,89.346,0.501077,1.99936,3960.42,157484,12354.8,0.615347,0,0,157484,0.696862,0.300307,4866.7,33.8167,4132.19,3960.42,0.700433,0
01:11:15:00:33:20,8953.19,8947.76,91.5685,90.7725,89.2089,0.501569,1.99936,3961.91,157516,12350.6,0.602847,0,0,157516,0.702702,0.301265,4862.49,33.8333,4133.71,3961.91,0.702804,0
01:11:15:00:33:21,8947.47,8944.61,91.0768,90.8486,89.5242,0.501204,1.99936,3963.4,157547,12344.7,0.602847,0,0,157547,0.700133,0.302307,4856.62,33.85,4135.23,3963.4,0.694851,0
01:11:15:00:33:22,8959.77,8950.33,91.3151,90.7792,89.0426,0.501414,1.99936,3964.88,157578,12356.9,0.548881,0,0,157578,0.689258,0.302208,4868.78,33.8667,4136.75,3964.88,0.683053,0
01:11:15:00:33:23,8957.2,8941.18,91.3951,90.7538,89.2764,0.501193,1.99936,3966.37,157610,12354.2,0.527187,0,0,157610,0.680128,0.304819,4866.06,33.8833,4138.28,3966.37,0.677669,0
01:11:15:00:33:24,8960.35,8945.47,91.4059,90.9474,89.3548,0.50115,1.99936,3967.86,157641,12357.2,0.514809,0,0,157641,0.682348,0.304121,4869.06,33.9,4139.8,3967.86,0.690265,0
01:11:15:00:33:25,8948.04,8931.74,91.1796,91.0596,89.366,0.501006,1.99936,3969.35,157672,12344.8,0.52512,0,0,157672,0.690265,0.303732,4856.62,33.9167,4141.32,3969.35,0.703017,0
01:11:15:00:33:26,8949.48,8940.32,91.3378,91.0409,89.1433,0.501372,1.99936,3970.84,157704,12346.1,0.55406,0,0,157704,0.699778,0.30398,4857.93,33.9333,4142.84,3970.84,0.70152,0
01:11:15:00:33:27,8943.18,8937.75,91.3721,90.9995,89.2978,0.501426,1.99935,3972.32,157735,12339.6,0.556131,0,0,157735,0.700334,0.30416,4851.52,33.95,4144.37,3972.32,0.704764,0
01:11:15:00:33:28,8936.31,8926.59,91.2019,90.9835,89.3314,0.501384,1.99935,3973.81,157766,12332.7,0.532346,0,0,157766,0.711166,0.303808,4844.53,33.9667,4145.89,3973.81,0.714273,0
01:11:15:00:33:29,8954.05,8935.74,91.119,91.169,89.1667,0.50097,1.99935,3975.3,157798,12350.3,0.508626,0,0,157798,0.718385,0.304255,4862.14,33.9833,4147.41,3975.3,0.715829,0
01:11:15:00:33:30,8940.89,8926.87,91.2696,91.125,89.0841,0.50135,1.99935,3976.78,157829,12337.1,0.529247,0,0,157829,0.715829,0.304723,4848.97,34,4148.93,3976.78,0.709708,0
01:11:15:00:33:31,8955.2,8939.75,91.4492,91.1597,89.2319,0.501215,1.99935,3978.27,157860,12351.4,0.542678,0,0,157860,0.709601,0.304973,4863.28,34.0167,4150.45,3978.27,0.709708,0
01:11:15:00:33:32,8935.46,8925.16,91.3274,91.2184,89.4077,0.501164,1.99935,3979.76,157891,12331.7,0.515838,0,0,157891,0.708538,0.30434,4843.54,34.0333,4151.97,3979.76,0.707959,0
01:11:15:00:33:33,8938.03,8924.58,91.1824,91.0836,89.2862,0.501775,1.99935,3981.25,157923,12334.2,0.512747,0,0,157923,0.706599,0.303623,4846.11,34.05,4153.49,3981.25,0.70796,0
01:11:15:00:33:34,8946.9,8922.01,90.9997,91.117,89.1465,0.501255,1.99934,3982.73,157954,12343.1,0.490108,0,0,157954,0.707183,0.30277,4854.98,34.0667,4155.01,3982.73,0.70745,0
01:11:15:00:33:35,8925.16,8924.58,91.2101,91.0876,88.9676,0.501304,1.99934,3984.22,157985,12321.4,0.481892,0,0,157985,0.700631,0.303291,4833.24,34.0833,4156.53,3984.22,0.702721,0
01:11:15:00:33:36,8933.17,8915.14,91.3663,90.9928,89.174,0.501143,1.99934,3985.7,158017,12329.4,0.475731,0,0,158017,0.695707,0.30427,4841.25,34.1,4158.05,3985.7,0.697182,0
01:11:15:00:33:37,8916.29,8922.29,91.1754,90.9514,89.3267,0.501145,1.99934,3987.19,158048,12312.5,0.483943,0,0,158048,0.687653,0.303971,4824.37,34.1167,4159.57,3987.19,0.690309,0
01:11:15:00:33:38,8932.59,8919.72,91.1187,91.0222,89.1398,0.501216,1.99934,3988.68,158079,12328.8,0.492163,0,0,158079,0.688176,0.30378,4840.68,34.1333,4161.09,3988.68,0.686957,0
01:11:15:00:33:39,8921.44,8916,91.1462,91.0222,89.084,0.501297,1.99934,3990.16,158111,12317.6,0.483943,0,0,158111,0.695112,0.304265,4829.52,34.15,4162.61,3990.16,0.695112,0
01:11:15:00:33:40,8925.16,8918,91.3275,91.0769,89.111,0.501274,1.99934,3991.65,158142,12321.4,0.496275,0,0,158142,0.69707,0.303512,4833.24,34.1667,4164.13,3991.65,0.697903,0
01:11:15:00:33:41,8932.02,8901.12,91.2375,91.0395,89.288,0.501352,1.99934,3993.14,158173,12328.2,0.462402,0,0,158173,0.697897,0.30307,4840.11,34.1833,4165.65,3993.14,0.697365,0
01:11:15:00:33:42,8920.01,8918.58,91.4107,91.0355,89.1996,0.501442,1.99933,3994.62,158204,12316.2,0.463427,0,0,158204,0.711273,0.302312,4828.09,34.2,4167.17,3994.62,0.709228,0
01:11:15:00:33:43,8909.42,8896.83,91.2552,91.0355,89.3696,0.501283,1.99933,3996.11,158236,12305.6,0.485999,0,0,158236,0.719414,0.301729,4817.5,34.2167,4168.7,3996.11,0.718394,0
01:11:15:00:33:44,8902.84,8905.7,91.265,90.9688,89.2176,0.50128,1.99933,3997.6,158267,12299.1,0.497304,0,0,158267,0.720572,0.300374,4810.92,34.2333,4170.22,3997.6,0.721279,0
01:11:15:00:33:45,8918.29,8907.13,91.2371,90.9087,89.2264,0.501461,1.99933,3999.09,158298,12314.5,0.526152,0,0,158298,0.71336,0.300151,4826.37,34.25,4171.74,3999.09,0.718053,0
01:11:15:00:33:46,8908.56,8906.56,91.3041,90.93,89.2005,0.501104,1.99933,4000.57,158330,12304.8,0.496275,0,0,158330,0.711153,0.300095,4816.65,34.2667,4173.26,4000.57,0.711153,0
01:11:15:00:33:47,8922.87,8899.69,91.2902,90.93,89.2663,0.501045,1.99933,4002.06,158361,12319.1,0.507598,0,0,158361,0.711256,0.299966,4830.95,34.2833,4174.78,4002.06,0.711631,0
01:11:15:00:33:48,8907.99,8891.68,91.3239,91.0248,89.2526,0.501066,1.99933,4003.55,158392,12304.2,0.534414,0,0,158392,0.708566,0.298572,4816.07,34.3,4176.3,4003.55,0.708566,0
01:11:15:00:33:49,8917.15,8903.41,91.2971,90.9794,89.2839,0.501504,1.99933,4005.04,158424,12313.4,0.536476,0,0,158424,0.707936,0.298611,4825.23,34.3167,4177.82,4005.04,0.707051,0
01:11:15:00:33:50,8895.69,8891.11,91.3153,91.0061,89.2592,0.501108,1.99933,4006.52,158455,12291.9,0.557165,0,0,158455,0.706295,0.299231,4803.77,34.3333,4179.35,4006.52,0.708391,0
01:11:15:00:33:51,8889.97,8886.25,91.1626,90.906,89.276,0.501371,1.99933,4008.01,158486,12286.2,0.496275,0,0,158486,0.701339,0.300708,4798.05,34.35,4180.87,4008.01,0.703034,0
01:11:15:00:33:52,8906.56,8883.96,91.4197,90.9154,89.1269,0.50131,1.99933,4009.5,158518,12302.8,0.516867,0,0,158518,0.702561,0.301165,4814.65,34.3667,4182.39,4009.5,0.702116,0
01:11:15:00:33:53,8885.67,8883.39,91.3184,91.0075,89.3796,0.500993,1.99933,4010.99,158549,12281.9,0.520994,0,0,158549,0.700724,0.301833,4793.76,34.3833,4183.91,4010.99,0.700724,0
01:11:15:00:33:54,8896.26,8892.54,91.2145,91.129,89.2796,0.501207,1.99933,4012.47,158580,12292.5,0.518932,0,0,158580,0.695119,0.300577,4804.34,34.4,4185.43,4012.47,0.695189,0
01:11:15:00:33:55,8881.38,8884.24,91.1272,91.1317,89.1787,0.501064,1.99933,4013.96,158612,12277.6,0.534414,0,0,158612,0.685382,0.301026,4789.47,34.4167,4186.95,4013.96,0.686199,0
01:11:15:00:33:56,8897.69,8889.68,91.2492,91.1717,89.0933,0.501047,1.99933,4015.45,158643,12293.9,0.515838,0,0,158643,0.680959,0.301376,4805.78,34.4333,4188.47,4015.45,0.683096,0
01:11:15:00:33:57,8899.69,8878.24,91.2707,91.1357,89.2115,0.501332,1.99933,4016.93,158674,12295.9,0.51069,0,0,158674,0.685361,0.301516,4807.78,34.45,4189.99,4016.93,0.683263,0
01:11:15:00:33:58,8883.96,8879.38,91.108,91.1009,89.2328,0.50125,1.99933,4018.42,158705,12280.2,0.485999,0,0,158705,0.690411,0.301563,4792.04,34.4667,4191.51,4018.42,0.68673,0
01:11:15:00:33:59,8896.55,8863.64,91.3818,91.0061,89.0733,0.501348,1.99991,4019.91,158737,12292.8,0.491133,0,0,158737,0.691082,0.30067,4804.63,34.4833,4193.03,4019.91,0.691082,0
01:11:15:00:34:00,8870.8,8880.24,91.1038,91.0449,89.3423,0.50104,1.99991,4021.39,158768,12267,0.503477,0,0,158768,0.688324,0.30052,4778.88,34.5,4194.55,4021.39,0.689733,0
01:11:15:00:34:01,8887.11,8873.09,91.1937,91.0876,89.0692,0.501368,1.99991,4022.88,158799,12283.3,0.438866,0,0,158799,0.694541,0.298792,4795.19,34.5167,4196.07,4022.88,0.690475,0
01:11:15:00:34:02,8873.94,8877.66,91.5608,91.1824,89.1581,0.501107,1.99991,4024.36,158831,12270.2,0.488053,0,0,158831,0.701558,0.299635,4782.03,34.5333,4197.6,4024.36,0.700697,0
01:11:15:00:34:03,8883.96,8873.94,91.1826,91.1664,89.5157,0.501444,1.99991,4025.85,158862,12280.2,0.511717,0,0,158862,0.702748,0.299783,4792.04,34.55,4199.12,4025.85,0.701834,0
01:11:15:00:34:04,8887.11,8858.78,91.2725,91.2572,89.1472,0.501113,0.501071,4027.34,158893,12283.3,0.54061,0,0,158893,0.698694,0.298237,4795.19,34.5667,4200.64,4027.34,0.700213,0
01:11:15:00:34:05,8880.24,8875.09,91.5289,91.1757,89.2331,0.501634,0.501072,4028.83,158924,12276.5,0.523055,0,0,158924,0.693691,0.299626,4788.32,34.5833,4202.16,4028.83,0.698227,0
01:11:15:00:34:06,8876.23,8846.48,91.349,91.2171,89.4858,0.501109,0.501073,4030.32,158956,12272.4,0.556131,0,0,158956,0.694611,0.299063,4784.32,34.6,4203.69,4030.32,0.693606,0
01:11:15:00:34:07,8866.79,8865.93,91.4401,91.2478,89.3085,0.501476,0.501074,4031.81,158987,12263,0.576862,0,0,158987,0.696548,0.297905,4774.88,34.6167,4205.21,4031.81,0.694733,0
01:11:15:00:34:08,8869.37,8852.77,91.0933,91.2131,89.3975,0.50148,0.501075,4033.3,159019,12265.6,0.571673,0,0,159019,0.698561,0.299074,4777.45,34.6333,4206.73,4033.3,0.698561,0
01:11:15:00:34:09,8857.35,8849.34,91.1673,91.2064,89.0593,0.501272,0.501076,4034.78,159050,12253.6,0.566491,0,0,159050,0.698498,0.299822,4765.44,34.65,4208.25,4034.78,0.698673,0
01:11:15:00:34:10,8873.94,8862.79,91.4084,91.1917,89.1317,0.501263,0.501077,4036.27,159081,12270.2,0.545779,0,0,159081,0.698498,0.300892,4782.03,34.6667,4209.77,4036.27,0.697609,0
01:11:15:00:34:11,8863.93,8846.19,91.4354,91.177,89.367,0.501361,0.501079,4037.76,159112,12260.1,0.535443,0,0,159112,0.698225,0.300269,4772.02,34.6833,4211.29,4037.76,0.708319,0
01:11:15:00:34:12,8856.21,8867.08,91.3577,91.2545,89.3958,0.500762,0.501081,4039.25,159144,12252.4,0.560271,0,0,159144,0.712294,0.300277,4764.29,34.7,4212.82,4039.25,0.717364,0
01:11:15:00:34:13,8856.49,8840.47,91.3226,91.2037,89.3163,0.501634,0.501083,4040.74,159175,12252.7,0.564417,0,0,159175,0.718288,0.300309,4764.58,34.7167,4214.34,4040.74,0.716004,0
01:11:15:00:34:14,8847.05,8840.47,91.3836,91.0649,89.2832,0.501358,0.501085,4042.22,159206,12243.3,0.546817,0,0,159206,0.711152,0.300257,4755.14,34.7333,4215.86,4042.22,0.708967,0
01:11:15:00:34:15,8858.21,8829.88,91.1178,91.1797,89.3428,0.501372,0.501087,4043.71,159238,12254.4,0.529247,0,0,159238,0.706075,0.300324,4766.29,34.75,4217.38,4043.71,0.708928,0
01:11:15:00:34:16,8834.75,8831.03,91.3041,91.1917,89.0832,0.501294,0.501089,4045.2,159269,12231,0.534414,0,0,159269,0.712198,0.301579,4742.83,34.7667,4218.9,4045.2,0.712309,0
01:11:15:00:34:17,8840.18,8830.17,91.2163,91.2371,89.266,0.501112,0.501092,4046.69,159300,12236.4,0.527187,0,0,159300,0.713257,0.302919,4748.27,34.7833,4220.43,4046.69,0.703141,0
01:11:15:00:34:18,8820.16,8821.02,91.0924,91.2491,89.1787,0.501501,0.501095,4048.17,159332,12216.4,0.487025,0,0,159332,0.703141,0.301692,4728.24,34.8,4221.94,4048.17,0.698385,0
01:11:15:00:34:19,8836.46,8832.46,91.2007,91.1557,89.0572,0.501584,0.501097,4049.66,159363,12232.7,0.489081,0,0,159363,0.695274,0.301315,4744.55,34.8167,4223.46,4049.66,0.689364,0
01:11:15:00:34:20,8827.31,8816.44,91.0307,91.2291,89.1656,0.50094,0.5011,4051.14,159394,12223.5,0.458303,0,0,159394,0.690809,0.300294,4735.4,34.8333,4224.98,4051.14,0.689369,0
01:11:15:00:34:21,8821.59,8815.29,91.3867,91.2772,88.9976,0.501389,0.501103,4052.63,159426,12217.8,0.467524,0,0,159426,0.689369,0.299013,4729.67,34.85,4226.5,4052.63,0.698714,0
01:11:15:00:34:22,8839.04,8801.85,91.3744,91.1383,89.3454,0.501449,0.501106,4054.11,159457,12235.3,0.468549,0,0,159457,0.698714,0.299233,4747.13,34.8667,4228.03,4054.11,0.702617,0
01:11:15:00:34:23,8811.57,8815.87,91.3951,91.2505,89.3338,0.501359,0.501109,4055.6,159488,12207.8,0.488053,0,0,159488,0.706177,0.298101,4719.66,34.8833,4229.55,4055.6,0.705842,0
01:11:15:00:34:24,8821.02,8798.99,91.2847,91.2411,89.3551,0.50109,0.501113,4057.09,159520,12217.2,0.53338,0,0,159520,0.705734,0.297492,4729.1,34.9,4231.07,4057.09,0.701164,0
01:11:15:00:34:25,8800.13,8805.57,91.587,91.3359,89.2467,0.501208,0.501116,4058.58,159551,12196.3,0.528217,0,0,159551,0.70153,0.298205,4708.22,34.9167,4232.59,4058.58,0.703313,0
01:11:15:00:34:26,8810.43,8797.27,91.2275,91.2812,89.5419,0.501312,0.501119,4060.07,159582,12206.6,0.509656,0,0,159582,0.702901,0.299363,4718.52,34.9333,4234.12,4060.07,0.703313,0
01:11:15:00:34:27,8806.14,8791.55,91.2275,91.2465,89.1912,0.501115,0.501123,4061.56,159614,12202.4,0.501421,0,0,159614,0.696298,0.299586,4714.23,34.95,4235.64,4061.56,0.699913,0
01:11:15:00:34:28,8808.43,8807,91.1164,91.3052,89.1904,0.501301,0.501126,4063.05,159645,12204.6,0.508626,0,0,159645,0.686943,0.301315,4716.51,34.9667,4237.16,4063.05,0.693249,0
01:11:15:00:34:29,8809,8790.4,91.2006,91.2852,89.081,0.501493,0.50113,4064.53,159676,12205.2,0.474703,0,0,159676,0.690325,0.301513,4717.09,34.9833,4238.68,4064.53,0.690325,0
01:11:15:00:34:30,8808.43,8804.99,91.2963,91.2945,89.164,0.501311,0.501133,4066.02,159707,12204.6,0.442957,0,0,159707,0.707101,0.302621,4716.51,35,4240.2,4066.02,0.703904,0
01:11:15:00:34:31,8812.43,8788.69,91.3571,91.2945,89.2571,0.50143,0.501137,4067.5,159739,12208.6,0.457279,0,0,159739,0.717129,0.302409,4720.52,35.0167,4241.72,4067.5,0.717129,0
01:11:15:00:34:32,8793.84,8783.54,91.3683,91.3613,89.3174,0.501218,0.50114,4068.99,159770,12190.1,0.513776,0,0,159770,0.709742,0.301664,4701.92,35.0333,4243.24,4068.99,0.714029,0
01:11:15:00:34:33,8800.42,8796.7,91.327,91.2839,89.3278,0.501367,0.501144,4070.48,159801,12196.6,0.487025,0,0,159801,0.698338,0.300658,4708.5,35.05,4244.77,4070.48,0.705147,0
01:11:15:00:34:34,8801.27,8787.83,91.4103,91.3813,89.2872,0.501413,0.501148,4071.97,159833,12197.5,0.490108,0,0,159833,0.693413,0.29959,4709.36,35.0667,4246.29,4071.97,0.693295,0
01:11:15:00:34:35,8794.12,8811,91.4545,91.3079,89.369,0.501324,0.501151,4073.46,159864,12190.3,0.476757,0,0,159864,0.697825,0.299082,4702.21,35.0833,4247.81,4073.46,0.696286,0
01:11:15:00:34:36,8798.7,8785.54,91.2745,91.3506,89.4132,0.501073,0.501155,4074.95,159895,12194.9,0.485999,0,0,159895,0.703496,0.298257,4706.79,35.1,4249.33,4074.95,0.703621,0
01:11:15:00:34:37,8802.71,8801.85,91.3403,91.3226,89.2367,0.501228,0.501158,4076.44,159927,12198.9,0.511717,0,0,159927,0.694997,0.298133,4710.79,35.1167,4250.86,4076.44,0.700524,0
01:11:15:00:34:38,8811.57,8791.26,91.2624,91.3867,89.3014,0.501113,0.501162,4077.92,159958,12207.8,0.534414,0,0,159958,0.688691,0.300364,4719.66,35.1333,4252.38,4077.92,0.688691,0
01:11:15:00:34:39,8799.84,8795.55,91.3031,91.2799,89.2239,0.501476,0.501165,4079.41,159989,12196.1,0.543714,0,0,159989,0.686538,0.300562,4707.93,35.15,4253.9,4079.41,0.684316,0
01:11:15:00:34:40,8809.29,8792.41,91.292,91.2892,89.2644,0.501283,0.501169,4080.9,160021,12205.5,0.507598,0,0,160021,0.691097,0.300386,4717.37,35.1667,4255.42,4080.9,0.68984,0
01:11:15:00:34:41,8789.83,8789.54,91.3137,91.2638,89.2538,0.501203,0.501172,4082.39,160052,12186,0.477782,0,0,160052,0.697381,0.300289,4697.92,35.1833,4256.94,4082.39,0.69535,0
01:11:15:00:34:42,8809.86,8806.42,91.3204,91.2678,89.2741,0.50144,0.501176,4083.87,160083,12206.1,0.467524,0,0,160083,0.696873,0.30035,4717.95,35.2,4258.46,4083.87,0.697259,0
01:11:15:00:34:43,8793.26,8797.56,91.2409,91.3293,89.2813,0.50128,0.501179,4085.36,160115,12189.5,0.456257,0,0,160115,0.69265,0.300111,4701.35,35.2167,4259.99,4085.36,0.694392,0
01:11:15:00:34:44,8803.85,8798.13,91.2042,91.2238,89.2027,0.501493,0.501182,4086.85,160146,12200.1,0.464449,0,0,160146,0.695291,0.30081,4711.94,35.2333,4261.51,4086.85,0.693685,0
01:11:15:00:34:45,8817.3,8798.99,90.9632,91.1757,89.1675,0.501319,0.501185,4088.34,160177,12213.5,0.484972,0,0,160177,0.702432,0.301261,4725.38,35.25,4263.02,4088.34,0.699759,0
01:11:15:00:34:46,8799.84,8800.7,90.94,91.2358,88.934,0.500799,0.501189,4089.82,160209,12196.1,0.489081,0,0,160209,0.700337,0.301884,4707.93,35.2667,4264.54,4089.82,0.700337,0
01:11:15:00:34:47,8810.43,8796.7,91.3869,91.2358,88.9088,0.501421,0.501192,4091.3,160240,12206.6,0.496275,0,0,160240,0.700746,0.302823,4718.52,35.2833,4266.06,4091.3,0.700166,0
01:11:15:00:34:48,8792.12,8789.54,91.5546,91.3413,89.3471,0.501104,0.501195,4092.79,160271,12188.3,0.517901,0,0,160271,0.703954,0.302996,4700.21,35.3,4267.58,4092.79,0.703954,0
01:11:15:00:34:49,8804.71,8792.41,91.1942,91.4427,89.5109,0.501116,0.501198,4094.28,160302,12200.9,0.493192,0,0,160302,0.704155,0.300954,4712.8,35.3167,4269.11,4094.28,0.705109,0
01:11:15:00:34:50,8800.99,8787.54,91.3049,91.3987,89.1574,0.501423,0.501201,4095.77,160334,12197.2,0.483943,0,0,160334,0.70481,0.298394,4709.08,35.3333,4270.63,4095.77,0.707804,0
01:11:15:00:34:51,8791.26,8801.56,91.2624,91.5028,89.266,0.501327,0.501204,4097.25,160365,12187.5,0.507598,0,0,160365,0.69978,0.299019,4699.35,35.35,4272.15,4097.25,0.69978,0
01:11:15:00:34:52,8807.85,8790.98,91.3269,91.4,89.2238,0.50148,0.501206,4098.74,160396,12204.1,0.508626,0,0,160396,0.698823,0.298293,4715.94,35.3667,4273.67,4098.74,0.696972,0
01:11:15:00:34:53,8796.98,8811,91.1279,91.416,89.2873,0.50136,0.501209,4100.23,160428,12193.2,0.490108,0,0,160428,0.698886,0.298261,4705.07,35.3833,4275.19,4100.23,0.698303,0
01:11:15:00:34:54,8811.57,8792.69,91.3798,91.4401,89.093,0.501298,0.501212,4101.71,160459,12207.8,0.52512,0,0,160459,0.707861,0.298924,4719.66,35.4,4276.71,4101.71,0.704999,0
01:11:15:00:34:55,8799.27,8793.84,91.3628,91.4508,89.3383,0.501541,0.501214,4103.2,160490,12195.5,0.555093,0,0,160490,0.713293,0.300092,4707.36,35.4167,4278.24,4103.2,0.711647,0
01:11:15:00:34:56,8806.71,8792.41,91.2432,91.3813,89.3219,0.501507,0.501217,4104.69,160522,12202.9,0.548881,0,0,160522,0.710071,0.299594,4714.8,35.4333,4279.76,4104.69,0.712057,0
01:11:15:00:34:57,8798.7,8789.83,91.4042,91.3586,89.2055,0.501353,0.501219,4106.18,160553,12194.9,0.571673,0,0,160553,0.705329,0.300142,4706.79,35.45,4281.28,4106.18,0.707135,0
01:11:15:00:34:58,8797.84,8806.14,91.3021,91.2518,89.3622,0.501534,0.501222,4107.67,160584,12194.1,0.584128,0,0,160584,0.70768,0.300392,4705.93,35.4667,4282.8,4107.67,0.70768,0
01:11:15:00:34:59,8793.84,8787.83,91.3723,91.2945,89.2634,0.501291,0.501224,4109.15,160616,12190.1,0.522026,0,0,160616,0.70999,0.300279,4701.92,35.4833,4284.32,4109.15,0.712021,0
01:11:15:00:35:00,8805.28,8804.71,91.5071,91.2785,89.3326,0.501139,0.501226,4110.64,160647,12201.5,0.517901,0,0,160647,0.703624,0.301101,4713.37,35.5,4285.85,4110.64,0.703624,0
01:11:15:00:35:01,8806.14,8792.12,91.373,91.2492,89.463,0.501503,0.501228,4112.13,160678,12202.4,0.576862,0,0,160678,0.693723,0.301227,4714.23,35.5167,4287.37,4112.13,0.698456,0
01:11:15:00:35:02,8799.27,8796.98,91.2253,91.3293,89.3333,0.501125,0.50123,4113.62,160710,12195.5,0.557165,0,0,160710,0.686595,0.300406,4707.36,35.5333,4288.89,4113.62,0.689675,0
01:11:15:00:35:03,8812.15,8788.4,91.2829,91.2665,89.1871,0.501592,0.501232,4115.11,160741,12208.4,0.55406,0,0,160741,0.684655,0.300591,4720.23,35.55,4290.42,4115.11,0.684677,0
01:11:15:00:35:04,8790.4,8782.96,91.2656,91.2358,89.2441,0.501416,0.501234,4116.6,160772,12186.6,0.553024,0,0,160772,0.687073,0.300477,4698.49,35.5667,4291.94,4116.6,0.68521,0
01:11:15:00:35:05,8806.42,8801.27,91.397,91.2358,89.228,0.501208,0.501236,4118.08,160804,12202.6,0.546817,0,0,160804,0.696226,0.300651,4714.51,35.5833,4293.46,4118.08,0.693725,0
01:11:15:00:35:06,8785.54,8784.39,91.2155,91.2799,89.3569,0.501121,0.501238,4119.57,160835,12181.8,0.571673,0,0,160835,0.695875,0.300492,4693.63,35.6,4294.98,4119.57,0.698327,0
01:11:15:00:35:07,8804.99,8796.13,91.2035,91.3252,89.1802,0.500919,0.501239,4121.06,160866,12201.2,0.544747,0,0,160866,0.695875,0.300039,4713.08,35.6167,4296.5,4121.06,0.6954,0
01:11:15:00:35:08,8811.86,8796.7,91.3384,91.3159,89.1688,0.500834,0.501241,4122.55,160898,12208.1,0.531313,0,0,160898,0.6954,0.300971,4719.95,35.6333,4298.02,4122.55,0.695347,0
01:11:15:00:35:09,8788.97,8799.84,91.2122,91.2785,89.2984,0.5014,0.501242,4124.03,160929,12185.2,0.490108,0,0,160929,0.699843,0.300526,4697.06,35.65,4299.54,4124.03,0.702192,0
01:11:15:00:35:10,8811.86,8792.98,91.3268,91.3586,89.1758,0.501202,0.501244,4125.52,160960,12208.1,0.483943,0,0,160960,0.702192,0.30028,4719.95,35.6667,4301.06,4125.52,0.700665,0
01:11:15:00:35:11,8796.7,8794.98,90.9618,91.2625,89.2869,0.501431,0.501245,4127.01,160992,12192.9,0.511717,0,0,160992,0.699894,0.300592,4704.79,35.6833,4302.58,4127.01,0.693454,0
01:11:15:00:35:12,8816.15,8792.69,91.0768,91.3346,88.9317,0.501022,0.501247,4128.49,161023,12212.4,0.508626,0,0,161023,0.691316,0.300008,4724.24,35.7,4304.1,4128.49,0.690303,0
01:11:15:00:35:13,8796.98,8788.97,91.0231,91.3199,89.0428,0.50136,0.501248,4129.98,161054,12193.2,0.516867,0,0,161054,0.690303,0.301691,4705.07,35.7167,4305.62,4129.98,0.697207,0
01:11:15:00:35:14,8797.27,8795.84,91.3865,91.2692,88.9899,0.501466,0.501249,4131.46,161085,12193.5,0.535443,0,0,161085,0.697207,0.301936,4705.36,35.7333,4307.14,4131.46,0.705472,0
01:11:15:00:35:15,8807,8788.97,91.3022,91.2411,89.3459,0.501261,0.50125,4132.95,161117,12203.2,0.536476,0,0,161117,0.705472,0.300971,4715.08,35.75,4308.66,4132.95,0.70573,0
01:11:15:00:35:16,8795.84,8815.01,91.0201,91.2104,89.2645,0.501046,0.501251,4134.44,161148,12192.1,0.505536,0,0,161148,0.70573,0.299663,4703.93,35.7667,4310.18,4134.44,0.706848,0
01:11:15:00:35:17,8809,8788.69,91.2943,91.3333,88.9862,0.501664,0.501253,4135.92,161179,12205.2,0.485999,0,0,161179,0.706879,0.299555,4717.09,35.7833,4311.7,4135.92,0.700932,0
01:11:15:00:35:18,8799.56,8797.84,91.3562,91.2959,89.2565,0.501108,0.501254,4137.41,161211,12195.8,0.501421,0,0,161211,0.700932,0.300035,4707.65,35.8,4313.22,4137.41,0.702888,0
01:11:15:00:35:19,8811.57,8790.4,91.251,91.5375,89.3181,0.500836,0.501254,4138.89,161242,12207.8,0.467524,0,0,161242,0.705186,0.298938,4719.66,35.8167,4314.74,4138.89,0.706528,0
01:11:15:00:35:20,8798.7,8792.69,91.3326,91.4441,89.2132,0.501362,0.501255,4140.38,161273,12194.9,0.505536,0,0,161273,0.701136,0.299217,4706.79,35.8333,4316.27,4140.38,0.695877,0
01:11:15:00:35:21,8800.13,8801.27,90.8742,91.4334,89.2932,0.501291,0.501256,4141.87,161304,12196.3,0.498335,0,0,161304,0.695877,0.299037,4708.22,35.85,4317.78,4141.87,0.695877,0
01:11:15:00:35:22,8792.69,8784.97,91.2491,91.4948,88.845,0.501294,0.501257,4143.35,161336,12188.9,0.548881,0,0,161336,0.689383,0.299174,4700.78,35.8667,4319.3,4143.35,0.689723,0
01:11:15:00:35:23,8807.28,8809.57,91.3488,91.4921,89.2113,0.501355,0.501258,4144.84,161367,12203.5,0.54992,0,0,161367,0.690187,0.301786,4715.37,35.8833,4320.82,4144.84,0.688728,0
01:11:15:00:35:24,8800.7,8792.12,91.2955,91.595,89.3102,0.501008,0.501259,4146.32,161398,12196.9,0.543714,0,0,161398,0.70051,0.300004,4708.79,35.9,4322.35,4146.32,0.698521,0
01:11:15:00:35:25,8800.42,8795.84,91.2749,91.5562,89.2568,0.501314,0.501259,4147.81,161430,12196.6,0.539576,0,0,161430,0.693224,0.300605,4708.5,35.9167,4323.87,4147.81,0.698712,0
01:11:15:00:35:26,8814.44,8799.27,91.3536,91.5295,89.2361,0.501449,0.50126,4149.3,161461,12210.7,0.514809,0,0,161461,0.691449,0.300401,4722.52,35.9333,4325.39,4149.3,0.689799,0
01:11:15:00:35:27,8791.83,8788.11,91.4352,91.5028,89.314,0.501218,0.501261,4150.79,161492,12188.1,0.488053,0,0,161492,0.697512,0.300634,4699.92,35.95,4326.91,4150.79,0.692672,0
01:11:15:00:35:28,8814.72,8800.13,91.3273,91.5002,89.3933,0.501338,0.501261,4152.28,161524,12210.9,0.487025,0,0,161524,0.708615,0.299578,4722.81,35.9667,4328.43,4152.28,0.704728,0
01:11:15:00:35:29,8800.42,8781.82,91.0446,91.4668,89.2867,0.501602,0.501262,4153.77,161555,12196.6,0.469577,0,0,161555,0.71252,0.299031,4708.5,35.9833,4329.95,4153.77,0.712033,0
01:11:15:00:35:30,8801.27,8796.13,91.1108,91.3226,89.01,0.501691,0.501262,4155.25,161586,12197.5,0.473679,0,0,161586,0.709098,0.29918,4709.36,36,4331.47,4155.25,0.709098,0
01:11:15:00:35:31,8800.99,8790.98,91.4396,91.3239,89.0762,0.501322,0.501263,4156.74,161618,12197.2,0.490108,0,0,161618,0.704783,0.299671,4709.08,36.0167,4332.99,4156.74,0.706046,0
01:11:15:00:35:32,8788.4,8801.27,91.3316,91.4187,89.3987,0.501071,0.501263,4158.22,161649,12184.6,0.492163,0,0,161649,0.708836,0.300023,4696.49,36.0333,4334.52,4158.22,0.704374,0
01:11:15:00:35:33,8810.43,8790.98,91.2056,91.352,89.2919,0.501364,0.501264,4159.71,161680,12206.6,0.529247,0,0,161680,0.707241,0.29949,4718.52,36.05,4336.04,4159.71,0.709634,0
01:11:15:00:35:34,8796.7,8796.7,91.1842,91.3026,89.1696,0.501141,0.501264,4161.2,161712,12192.9,0.532346,0,0,161712,0.703289,0.30004,4704.79,36.0667,4337.56,4161.2,0.70618,0
01:11:15:00:35:35,8817.3,8793.55,91.3934,91.2304,89.1479,0.501348,0.501265,4162.69,161743,12213.5,0.495248,0,0,161743,0.696813,0.299473,4725.39,36.0833,4339.08,4162.69,0.699014,0
01:11:15:00:35:36,8798.7,8786.4,91.2909,91.2612,89.3527,0.501264,0.501265,4164.17,161774,12194.9,0.489081,0,0,161774,0.69159,0.29968,4706.79,36.1,4340.6,4164.17,0.6939,0
01:11:15:00:35:37,8799.56,8791.83,91.2296,91.2772,89.2527,0.501242,0.501265,4165.66,161805,12195.8,0.490108,0,0,161805,0.693026,0.29867,4707.65,36.1167,4342.12,4165.66,0.693026,0
01:11:15:00:35:38,8804.42,8786.11,91.2723,91.3546,89.1925,0.501283,0.501266,4167.15,161837,12200.6,0.467524,0,0,161837,0.701472,0.299505,4712.51,36.1333,4343.64,4167.15,0.699412,0
01:11:15:00:35:39,8791.55,8810.14,91.2789,91.2665,89.2342,0.501304,0.501266,4168.64,161868,12187.8,0.494219,0,0,161868,0.701695,0.300204,4699.64,36.15,4345.17,4168.64,0.701695,0
01:11:15:00:35:40,8802.13,8785.54,91.3118,91.3119,89.2412,0.501169,0.501266,4170.12,161899,12198.4,0.512747,0,0,161899,0.696625,0.298934,4710.22,36.1667,4346.69,4170.12,0.696391,0
01:11:15:00:35:41,8803.28,8798.7,91.3448,91.2451,89.2719,0.501532,0.501267,4171.61,161931,12199.5,0.527187,0,0,161931,0.696491,0.299498,4711.37,36.1833,4348.21,4171.61,0.695726,0
01:11:15:00:35:42,8807.85,8788.97,91.5598,91.2732,89.3045,0.501436,0.501267,4173.1,161962,12204.1,0.514809,0,0,161962,0.707077,0.300397,4715.94,36.2,4349.73,4173.1,0.702056,0
01:11:15:00:35:43,8795.27,8788.4,91.5598,91.3466,89.516,0.501123,0.501267,4174.59,161993,12191.5,0.496275,0,0,161993,0.709651,0.300115,4703.36,36.2167,4351.26,4174.59,0.709553,0
01:11:15:00:35:44,8799.56,8797.84,91.254,91.3306,89.5156,0.501217,0.501268,4176.08,162025,12195.8,0.483943,0,0,162025,0.704481,0.299409,4707.65,36.2333,4352.78,4176.08,0.704481,0
01:11:15:00:35:45,8792.98,8779.53,91.297,91.4174,89.2173,0.501051,0.501268,4177.57,162056,12189.2,0.482917,0,0,162056,0.702712,0.299379,4701.07,36.25,4354.3,4177.57,0.702712,0
01:11:15:00:35:46,8802.13,8800.7,91.3699,91.3399,89.2587,0.501193,0.501268,4179.06,162088,12198.4,0.474703,0,0,162088,0.701231,0.300152,4710.22,36.2667,4355.83,4179.06,0.699659,0
01:11:15:00:35:47,8792.98,8783.82,91.3892,91.2371,89.3294,0.501357,0.501268,4180.55,162119,12189.2,0.483943,0,0,162119,0.699405,0.300067,4701.07,36.2833,4357.35,4180.55,0.699405,0
01:11:15:00:35:48,8791.55,8790.69,91.3581,91.2171,89.3477,0.501495,0.501269,4182.04,162150,12187.8,0.445,0,0,162150,0.696909,0.299266,4699.64,36.3,4358.87,4182.04,0.696689,0
01:11:15:00:35:49,8801.56,8797.56,91.3581,91.2451,89.3186,0.501177,0.501269,4183.52,162181,12197.8,0.45216,0,0,162181,0.699046,0.299443,4709.65,36.3167,4360.39,4183.52,0.696215,0
01:11:15:00:35:50,8797.56,8789.83,91.2507,91.3439,89.3183,0.501266,0.501269,4185.01,162213,12193.8,0.474703,0,0,162213,0.702634,0.299541,4705.65,36.3333,4361.92,4185.01,0.702634,0
01:11:15:00:35:51,8807.85,8793.84,91.2817,91.2558,89.2132,0.501276,0.501269,4186.5,162244,12204.1,0.490108,0,0,162244,0.702865,0.298403,4715.94,36.35,4363.44,4186.5,0.702636,0
01:11:15:00:35:52,8799.56,8776.96,91.4395,91.2652,89.2435,0.501278,0.501269,4187.99,162275,12195.8,0.482917,0,0,162275,0.701662,0.299038,4707.65,36.3667,4364.96,4187.99,0.701266,0
01:11:15:00:35:53,8806.14,8788.97,91.3684,91.2118,89.3969,0.501509,0.50127,4189.48,162307,12202.4,0.474703,0,0,162307,0.697097,0.299285,4714.23,36.3833,4366.48,4189.48,0.699192,0
01:11:15:00:35:54,8794.41,8786.97,91.2033,91.181,89.3291,0.501054,0.50127,4190.97,162338,12190.6,0.47881,0,0,162338,0.689313,0.299244,4702.5,36.4,4368,4190.97,0.691515,0
01:11:15:00:35:55,8788.97,8792.41,91.2645,91.1837,89.1669,0.501274,0.50127,4192.45,162370,12185.2,0.476757,0,0,162370,0.700405,0.299418,4697.06,36.4167,4369.52,4192.45,0.694078,0
01:11:15:00:35:56,8802.42,8788.97,91.4241,91.2064,89.2272,0.501143,0.50127,4193.94,162401,12198.6,0.492163,0,0,162401,0.705706,0.299837,4710.51,36.4333,4371.05,4193.94,0.702457,0
01:11:15:00:35:57,8795.84,8795.84,91.2328,91.2011,89.3827,0.501279,0.50127,4195.43,162432,12192.1,0.495248,0,0,162432,0.699284,0.300087,4703.93,36.45,4372.57,4195.43,0.703419,0
01:11:15:00:35:58,8813.58,8789.26,91.308,91.2652,89.1958,0.501233,0.501271,4196.92,162463,12209.8,0.442957,0,0,162463,0.69661,0.30048,4721.67,36.4667,4374.09,4196.92,0.69646,0
01:11:15:00:35:59,8797.84,8784.39,91.2052,91.2371,89.2698,0.501124,0.501271,4198.4,162495,12194.1,0.442957,0,0,162495,0.69571,0.301739,4705.93,36.4833,4375.61,4198.4,0.69571,0
01:11:15:00:36:00,8801.27,8780.67,91.1635,91.2865,89.1689,0.501225,0.501271,4199.89,162526,12197.5,0.472654,0,0,162526,0.701394,0.300618,4709.36,36.5,4377.13,4199.89,0.697393,0
01:11:15:00:36:01,8795.55,8784.68,91.2251,91.2398,89.1273,0.50144,0.501271,4201.38,162557,12191.8,0.4706,0,0,162557,0.705012,0.300412,4703.64,36.5167,4378.65,4201.38,0.701994,0
01:11:15:00:36:02,8785.83,8790.12,91.4118,91.2398,89.188,0.501321,0.501271,4202.86,162589,12182,0.493192,0,0,162589,0.709405,0.300597,4693.92,36.5333,4380.17,4202.86,0.707724,0
01:11:15:00:36:03,8794.69,8778.1,91.3283,91.3012,89.371,0.501204,0.501271,4204.35,162620,12190.9,0.508626,0,0,162620,0.708796,0.300688,4702.78,36.55,4381.7,4204.35,0.709905,0
01:11:15:00:36:04,8803.56,8788.69,91.0959,91.2772,89.2891,0.50127,0.501271,4205.84,162651,12199.8,0.51069,0,0,162651,0.698443,0.300356,4711.65,36.5667,4383.22,4205.84,0.700913,0
01:11:15:00:36:05,8798.7,8786.4,91.4503,91.2678,89.0606,0.501589,0.501272,4207.33,162683,12194.9,0.479835,0,0,162683,0.696983,0.299983,4706.79,36.5833,4384.74,4207.33,0.696382,0
01:11:15:00:36:06,8791.55,8786.4,91.2046,91.133,89.4075,0.501487,0.501272,4208.81,162714,12187.8,0.484972,0,0,162714,0.696983,0.300613,4699.64,36.6,4386.26,4208.81,0.705156,0
01:11:15:00:36:07,8796.41,8787.26,91.2344,91.133,89.1659,0.501837,0.501272,4210.3,162745,12192.6,0.487025,0,0,162745,0.708889,0.300162,4704.5,36.6167,4387.78,4210.3,0.709513,0
01:11:15:00:36:08,8804.42,8774.67,91.1881,91.0983,89.1974,0.501247,0.501272,4211.79,162777,12200.6,0.483943,0,0,162777,0.705921,0.300317,4712.51,36.6333,4389.3,4211.79,0.6998,0
01:11:15:00:36:09,8801.27,8792.41,91.2547,91.177,89.1529,0.501042,0.501272,4213.27,162808,12197.5,0.466502,0,0,162808,0.6998,0.300167,4709.36,36.65,4390.82,4213.27,0.701703,0
01:11:15:00:36:10,8792.98,8776.67,91.3998,91.1423,89.2163,0.501468,0.501272,4214.76,162839,12189.2,0.45216,0,0,162839,0.702285,0.300763,4701.07,36.6667,4392.34,4214.76,0.704408,0
01:11:15:00:36:11,8790.12,8784.11,91.2653,91.1343,89.3593,0.501184,0.501272,4216.25,162871,12186.3,0.441934,0,0,162871,0.705757,0.300771,4698.21,36.6833,4393.87,4216.25,0.707123,0
01:11:15:00:36:12,8794.41,8788.11,91.2914,91.1477,89.2279,0.50114,0.501272,4217.74,162902,12190.6,0.475731,0,0,162902,0.706557,0.300859,4702.5,36.7,4395.39,4217.74,0.700139,0
01:11:15:00:36:13,8791.55,8787.83,91.4537,91.153,89.2525,0.501386,0.501272,4219.22,162933,12187.8,0.460353,0,0,162933,0.702398,0.299989,4699.64,36.7167,4396.91,4219.22,0.697318,0
01:11:15:00:36:14,8804.99,8783.54,91.2333,91.133,89.4109,0.501453,0.501272,4220.71,162964,12201.2,0.465477,0,0,162964,0.697318,0.299945,4713.08,36.7333,4398.43,4220.71,0.699097,0
01:11:15:00:36:15,8795.27,8777.53,91.1852,91.1156,89.1959,0.501343,0.501272,4222.2,162996,12191.5,0.473679,0,0,162996,0.699097,0.299085,4703.36,36.75,4399.95,4222.2,0.698891,0
01:11:15:00:36:16,8804.42,8780.67,91.2289,91.2345,89.1488,0.501338,0.501272,4223.69,163027,12200.6,0.502451,0,0,163027,0.699264,0.299405,4712.51,36.7667,4401.47,4223.69,0.703987,0
01:11:15:00:36:17,8788.11,8781.25,91.4062,91.2532,89.1913,0.50141,0.501272,4225.17,163058,12184.3,0.481892,0,0,163058,0.703987,0.299731,4696.2,36.7833,4402.99,4225.17,0.696653,0
01:11:15:00:36:18,8788.4,8782.96,91.2901,91.1891,89.3657,0.501144,0.501272,4226.66,163090,12184.6,0.503477,0,0,163090,0.699403,0.299763,4696.49,36.8,4404.52,4226.66,0.696653,0
01:11:15:00:36:19,8797.27,8784.39,91.2948,91.2638,89.2517,0.501272,0.501272,4228.15,163121,12193.5,0.531313,0,0,163121,0.687855,0.29973,4705.36,36.8167,4406.04,4228.15,0.690501,0
01:11:15:00:36:20,8789.54,8795.55,91.3496,91.2598,89.2566,0.501209,0.501272,4229.64,163152,12185.8,0.566491,0,0,163152,0.688211,0.299975,4697.64,36.8333,4407.56,4229.64,0.688211,0
01:11:15:00:36:21,8802.99,8784.97,91.1272,91.364,89.3104,0.501137,0.501272,4231.12,163184,12199.2,0.598685,0,0,163184,0.696579,0.300154,4711.08,36.85,4409.08,4231.12,0.692653,0
01:11:15:00:36:22,8790.69,8783.25,91.4467,91.3546,89.0922,0.50135,0.501272,4232.61,163215,12186.9,0.563381,0,0,163215,0.701342,0.300137,4698.78,36.8667,4410.6,4232.61,0.701342,0
01:11:15:00:36:23,8798.7,8784.68,91.2824,91.3399,89.4038,0.501525,0.501272,4234.1,163246,12194.9,0.584128,0,0,163246,0.694714,0.301621,4706.79,36.8833,4412.13,4234.1,0.696278,0
01:11:15:00:36:24,8789.26,8782.96,91.2568,91.3386,89.2439,0.501345,0.501272,4235.59,163278,12185.5,0.576862,0,0,163278,0.694764,0.299388,4697.35,36.9,4413.65,4235.59,0.692644,0
01:11:15:00:36:25,8782.11,8780.67,91.083,91.2799,88.2329,0.752232,0.501272,4237.07,163309,12178.3,0.550953,0,0,163309,0.705101,0.298764,4690.2,36.9167,4415.17,4237.07,0.702013,0
01:11:15:00:36:26,8797.84,8773.24,91.3773,91.2825,88.064,0.752415,0.501272,4238.54,163348,12194.1,0.579977,0,0,163348,0.709629,0.301568,4705.93,36.9333,4416.69,4238.54,0.705985,0
01:11:15:00:36:27,8783.82,8787.26,91.3356,91.2718,88.3481,0.752549,0.501272,4240.01,163394,12180,0.519961,0,0,163394,0.715179,0.303101,4691.91,36.95,4418.21,4240.01,0.717956,0
01:11:15:00:36:28,8790.4,8780.96,91.3489,91.2305,88.3074,0.752639,0.501272,4241.48,163441,12186.6,0.469577,0,0,163441,0.70784,0.302408,4698.49,36.9667,4419.73,4241.48,0.70914,0
01:11:15:00:36:29,8783.25,8785.25,91.0584,91.2211,88.3202,0.752658,0.501272,4242.95,163487,12179.5,0.476757,0,0,163487,0.697524,0.302941,4691.34,36.9833,4421.25,4242.95,0.697524,0
01:11:15:00:36:30,8791.83,8783.54,91.0999,91.2291,88.0397,0.75255,0.501272,4244.42,163534,12188.1,0.542678,0,0,163534,0.699517,0.301707,4699.92,37,4422.77,4244.42,0.698389,0
01:11:15:00:36:31,8800.42,8778.39,91.3146,91.2732,88.0804,0.752422,0.501272,4245.89,163580,12196.6,0.564417,0,0,163580,0.695569,0.302259,4708.51,37.0167,4424.29,4245.89,0.699082,0
01:11:15:00:36:32,8794.41,8786.11,91.2169,91.1957,88.2871,0.75263,0.501272,4247.36,163627,12190.6,0.566491,0,0,163627,0.695993,0.299736,4702.5,37.0333,4425.81,4247.36,0.692998,0
01:11:15:00:36:33,8787.83,8766.94,91.5686,91.1343,88.1922,0.752753,0.501272,4248.83,163673,12184,0.558198,0,0,163673,0.700429,0.298462,4695.92,37.05,4427.33,4248.83,0.698889,0
01:11:15:00:36:34,8787.26,8781.25,91.4358,91.1076,88.5335,0.752439,0.501272,4250.3,163720,12183.5,0.563381,0,0,163720,0.703101,0.298755,4695.35,37.0667,4428.86,4250.3,0.702648,0
01:11:15:00:36:35,8784.97,8783.54,91.2361,91.0702,88.4053,0.752382,0.501272,4251.77,163766,12181.2,0.544747,0,0,163766,0.708564,0.297617,4693.06,37.0833,4430.38,4251.77,0.70532,0
01:11:15:00:36:36,8784.39,8783.82,91.5054,91.1423,88.2117,0.752513,0.501272,4253.25,163813,12180.6,0.530283,0,0,163813,0.705471,0.298153,4692.49,37.1,4431.9,4253.25,0.707697,0
01:11:15:00:36:37,8796.7,8780.67,91.2534,91.2879,88.4748,0.751803,0.501272,4254.72,163859,12192.9,0.497304,0,0,163859,0.704515,0.298557,4704.79,37.1167,4433.43,4254.72,0.706363,0
01:11:15:00:36:38,8792.98,8777.24,91.2918,91.3132,88.2291,0.752334,0.501271,4256.19,163906,12189.2,0.512747,0,0,163906,0.703891,0.29843,4701.07,37.1333,4434.95,4256.19,0.703891,0
01:11:15:00:36:39,8800.42,8779.53,91.3594,91.3186,88.2652,0.752614,0.501271,4257.66,163952,12196.6,0.506566,0,0,163952,0.699877,0.299064,4708.51,37.15,4436.47,4257.66,0.698859,0
01:11:15:00:36:40,8783.54,8780.96,91.1888,91.368,88.3316,0.752332,0.501271,4259.13,163999,12179.8,0.497304,0,0,163999,0.703023,0.299498,4691.63,37.1667,4437.99,4259.13,0.699608,0
01:11:15:00:36:41,8786.97,8774.67,91.2018,91.4481,88.1662,0.752471,0.501271,4260.6,164045,12183.2,0.501421,0,0,164045,0.691925,0.298271,4695.05,37.1833,4439.51,4260.6,0.691925,0
01:11:15:00:36:42,8791.83,8775.53,91.4352,91.3893,88.1779,0.752674,0.501271,4262.07,164092,12188,0.485999,0,0,164092,0.684161,0.299237,4699.87,37.2,4441.03,4262.07,0.68397,0
01:11:15:00:36:43,8782.11,8774.38,91.1408,91.3546,88.4039,0.752574,0.501271,4263.54,164138,12178.2,0.466502,0,0,164138,0.692104,0.299988,4690.11,37.2167,4442.56,4263.54,0.692104,0
01:11:15:00:36:44,8793.55,8775.53,91.3085,91.3146,88.1192,0.752627,0.501271,4265.02,164185,12189.7,0.509656,0,0,164185,0.698808,0.299052,4701.53,37.2333,4444.08,4265.02,0.698808,0
01:11:15:00:36:45,8774.38,8778.96,91.1255,91.3066,88.2817,0.752536,0.501271,4266.49,164231,12170.6,0.545779,0,0,164231,0.702863,0.300334,4682.5,37.25,4445.6,4266.49,0.702863,0
01:11:15:00:36:46,8791.26,8781.25,91.33,91.3346,88.1052,0.752422,0.501272,4267.96,164278,12188,0.516867,0,0,164278,0.706305,0.29905,4699.88,37.2667,4447.12,4267.96,0.706305,0
01:11:15:00:36:47,8794.98,8785.25,91.4035,91.3146,88.303,0.752401,0.501272,4269.43,164324,12192.2,0.544747,0,0,164324,0.70696,0.299428,4704.11,37.2833,4448.64,4269.43,0.706396,0
01:11:15:00:36:48,8786.97,8775.81,91.4067,91.3893,88.3741,0.752377,0.501272,4270.9,164371,12184.8,0.556131,0,0,164371,0.709292,0.298313,4696.63,37.3,4450.16,4270.9,0.709292,0
01:11:15:00:36:49,8794.98,8768.37,91.163,91.4094,88.3783,0.752091,0.501272,4272.37,164417,12193.3,0.550953,0,0,164417,0.708606,0.297693,4705.18,37.3167,4451.68,4272.37,0.707494,0
01:11:15:00:36:50,8784.11,8781.82,91.15,91.3506,88.1421,0.752238,0.501272,4273.84,164464,12183,0.602847,0,0,164464,0.707918,0.297456,4694.85,37.3333,4453.2,4273.84,0.709467,0
01:11:15:00:36:51,8780.67,8774.38,91.3393,91.392,88.1296,0.752235,0.501272,4275.31,164510,12180.1,0.630991,0,0,164510,0.703917,0.29887,4691.94,37.35,4454.72,4275.31,0.703917,0
01:11:15:00:36:52,8782.39,8778.96,91.2309,91.3974,88.3131,0.75211,0.501272,4276.78,164557,12182.3,0.646668,0,0,164557,0.69734,0.298572,4694.19,37.3667,4456.25,4276.78,0.694918,0
01:11:15:00:36:53,8786.68,8782.96,91.0741,91.3466,88.2079,0.752217,0.501272,4278.25,164603,12187.2,0.648761,0,0,164603,0.701445,0.298359,4699.04,37.3833,4457.76,4278.25,0.698081,0
01:11:15:00:36:54,8790.4,8774.67,91.2688,91.4027,88.0555,0.752408,0.501273,4279.72,164650,12191.5,0.679152,0,0,164650,0.701094,0.299091,4703.34,37.4,4459.28,4279.72,0.703662,0
01:11:15:00:36:55,8786.68,8775.81,91.1576,91.396,88.2446,0.752193,0.501273,4281.19,164696,12188.3,0.676003,0,0,164696,0.695532,0.300476,4700.14,37.4167,4460.8,4281.19,0.700261,0
01:11:15:00:36:56,8783.82,8765.51,91.2835,91.4054,88.1369,0.752221,0.501273,4282.66,164742,12185.9,0.657132,0,0,164742,0.687111,0.297953,4697.78,37.4333,4462.32,4282.66,0.688501,0
01:11:15:00:36:57,8784.97,8773.81,91.252,91.4267,88.258,0.752377,0.501273,4284.13,164789,12187.6,0.653993,0,0,164789,0.688553,0.298148,4699.44,37.45,4463.85,4284.13,0.685395,0
01:11:15:00:36:58,8772.95,8778.1,91.2502,91.396,88.2282,0.752242,0.501273,4285.6,164835,12176.1,0.661324,0,0,164835,0.697806,0.297812,4687.96,37.4667,4465.37,4285.6,0.697806,0
01:11:15:00:36:59,8777.81,8775.24,91.3655,91.3666,88.2255,0.752484,0.501274,4287.07,164882,12181.5,0.676003,0,0,164882,0.698519,0.299006,4693.38,37.4833,4466.89,4287.07,0.699767,0
01:11:15:00:37:00,8782.68,8767.51,91.3181,91.3893,88.3382,0.752166,0.501274,4288.54,164928,12186.9,0.687555,0,0,164928,0.695999,0.299072,4698.74,37.5,4468.41,4288.54,0.695999,0
01:11:15:00:37:01,8785.83,8767.51,91.3331,91.36,88.2895,0.752899,0.501274,4290.02,164975,12190.5,0.689655,0,0,164975,0.696896,0.299128,4702.4,37.5167,4469.93,4290.02,0.695737,0
01:11:15:00:37:02,8790.4,8781.25,91.2921,91.4508,88.3063,0.752327,0.501275,4291.49,165021,12195.6,0.701225,0,0,165021,0.70062,0.298926,4707.5,37.5333,4471.45,4291.49,0.700384,0
01:11:15:00:37:03,8774.09,8770.09,91.106,91.4201,88.2674,0.75212,0.501275,4292.96,165068,12179.9,0.688605,0,0,165068,0.707161,0.298438,4691.74,37.55,4472.97,4292.96,0.705891,0
01:11:15:00:37:04,8788.4,8766.08,91.2487,91.4508,88.0867,0.752311,0.501275,4294.43,165114,12194.7,0.671806,0,0,165114,0.70399,0.298745,4706.59,37.5667,4474.49,4294.43,0.706003,0
01:11:15:00:37:05,8784.39,8767.51,91.1956,91.404,88.2247,0.752294,0.501276,4295.9,165161,12191.2,0.687555,0,0,165161,0.703348,0.300615,4703.07,37.5833,4476.01,4295.9,0.702359,0
01:11:15:00:37:06,8777.24,8760.08,91.3182,91.4387,88.173,0.752401,0.501276,4297.37,165207,12184.6,0.676003,0,0,165207,0.710003,0.299794,4696.43,37.6,4477.54,4297.37,0.703668,0
01:11:15:00:37:07,8776.96,8765.8,91.3233,91.3613,88.2907,0.752623,0.501276,4298.84,165254,12184.8,0.694913,0,0,165254,0.713268,0.30046,4696.68,37.6167,4479.06,4298.84,0.713268,0
01:11:15:00:37:08,8770.95,8770.95,91.2012,91.2612,88.2943,0.752955,0.501277,4300.31,165300,12179.4,0.712806,0,0,165300,0.713268,0.299146,4691.22,37.6333,4480.58,4300.31,0.716308,0
01:11:15:00:37:09,8782.39,8772.38,91.2385,91.2625,88.1767,0.752839,0.501277,4301.78,165347,12191.3,0.714915,0,0,165347,0.716869,0.298736,4703.19,37.65,4482.1,4301.78,0.716655,0
01:11:15:00:37:10,8776.96,8774.38,91.3936,91.177,88.2136,0.752602,0.501277,4303.25,165393,12186.4,0.691759,0,0,165393,0.71262,0.298784,4698.25,37.6667,4483.62,4303.25,0.702559,0
01:11:15:00:37:11,8776.38,8756.93,91.0732,91.2064,88.3638,0.752569,0.501278,4304.72,165439,12186.3,0.688605,0,0,165439,0.698622,0.299025,4698.19,37.6833,4485.14,4304.72,0.696079,0
01:11:15:00:37:12,8781.53,8760.08,91.1586,91.1397,88.0554,0.752215,0.501278,4306.19,165486,12192,0.711754,0,0,165486,0.694029,0.298597,4703.88,37.7,4486.66,4306.19,0.699902,0
01:11:15:00:37:13,8775.24,8767.51,91.2257,91.1877,88.1367,0.752518,0.501279,4307.66,165532,12186.3,0.697013,0,0,165532,0.699902,0.30024,4698.14,37.7167,4488.18,4307.66,0.70591,0
01:11:15:00:37:14,8767.8,8759.5,91.173,91.4414,88.202,0.752444,0.501279,4309.13,165579,12179.3,0.694913,0,0,165579,0.70591,0.300145,4691.21,37.7333,4489.7,4309.13,0.707121,0
01:11:15:00:37:15,8772.38,8765.51,91.3173,91.2265,88.1482,0.753169,0.501279,4310.6,165625,12184.4,0.669708,0,0,165625,0.707121,0.300696,4696.29,37.75,4491.22,4310.6,0.708432,0
01:11:15:00:37:16,8771.52,8767.51,91.4762,91.4187,88.2915,0.752163,0.50128,4312.07,165672,12184.1,0.63935,0,0,165672,0.708432,0.301205,4695.95,37.7667,4492.74,4312.07,0.709218,0
01:11:15:00:37:17,8773.81,8767.51,91.2982,91.3733,88.4427,0.752784,0.50128,4313.54,165718,12186.9,0.650852,0,0,165718,0.707812,0.300822,4698.79,37.7833,4494.27,4313.54,0.706192,0
01:11:15:00:37:18,8772.95,8760.93,91.1957,91.4347,88.2733,0.752138,0.501281,4315.01,165765,12186.6,0.67705,0,0,165765,0.706192,0.301028,4698.47,37.8,4495.79,4315.01,0.699905,0
01:11:15:00:37:19,8776.67,8763.79,91.3023,91.3733,88.1732,0.752369,0.501281,4316.48,165811,12190.8,0.72546,0,0,165811,0.702585,0.301394,4702.69,37.8167,4497.31,4316.48,0.696208,0
01:11:15:00:37:20,8778.96,8768.09,91.3195,91.4027,88.2768,0.752251,0.501281,4317.96,165858,12193.6,0.711754,0,0,165858,0.691393,0.302093,4705.49,37.8333,4498.83,4317.96,0.696208,0
01:11:15:00:37:21,8757.79,8756.93,91.0892,91.4534,88.2926,0.75246,0.501282,4319.43,165904,12173,0.707542,0,0,165904,0.683974,0.302163,4684.85,37.85,4500.35,4319.43,0.683974,0
01:11:15:00:37:22,8767.8,8753.78,91.3729,91.3106,88.0696,0.752549,0.501282,4320.9,165951,12183.5,0.72546,0,0,165951,0.684593,0.302071,4695.42,37.8667,4501.87,4320.9,0.682373,0
01:11:15:00:37:23,8772.38,8758.65,91.3208,91.2919,88.3444,0.752403,0.501283,4322.37,165997,12188.6,0.733908,0,0,165997,0.689079,0.302367,4700.52,37.8833,4503.39,4322.37,0.687531,0
01:11:15:00:37:24,8768.95,8764.94,91.3083,91.2131,88.294,0.752421,0.501283,4323.84,166044,12185.7,0.728627,0,0,166044,0.686806,0.301462,4697.58,37.9,4504.91,4323.84,0.68924,0
01:11:15:00:37:25,8770.66,8769.23,91.3083,91.2518,88.2823,0.752311,0.501283,4325.31,166090,12187.9,0.717022,0,0,166090,0.679084,0.301501,4699.81,37.9167,4506.44,4325.31,0.685093,0
01:11:15:00:37:26,8765.23,8766.37,91.1485,91.2692,88.2827,0.752205,0.501284,4326.78,166137,12183,0.692808,0,0,166137,0.679533,0.30167,4694.92,37.9333,4507.96,4326.78,0.677384,0
01:11:15:00:37:27,8782.68,8759.79,91.3475,91.2104,88.1256,0.752878,0.501284,4328.25,166183,12201,0.681252,0,0,166183,0.690783,0.301904,4712.92,37.95,4509.48,4328.25,0.686303,0
01:11:15:00:37:28,8774.67,8765.23,91.1144,91.2572,88.3208,0.75217,0.501284,4329.72,166230,12193.5,0.687555,0,0,166230,0.702918,0.302387,4705.42,37.9667,4511,4329.72,0.702918,0
01:11:15:00:37:29,8774.67,8754.93,91.2623,91.2371,88.0944,0.752424,0.501285,4331.19,166276,12194,0.705435,0,0,166276,0.707309,0.301457,4705.92,37.9833,4512.52,4331.19,0.705058,0
01:11:15:00:37:30,8773.24,8759.22,91.1902,91.2037,88.2373,0.752466,0.501285,4332.66,166323,12193.1,0.689655,0,0,166323,0.706098,0.300868,4705.01,38,4514.04,4332.66,0.706098,0
01:11:15:00:37:31,8767.51,8768.09,91.3684,91.2518,88.1685,0.752216,0.501285,4334.13,166369,12188,0.666562,0,0,166369,0.705966,0.300655,4699.83,38.0167,4515.56,4334.13,0.706249,0
01:11:15:00:37:32,8772.66,8765.23,91.3684,91.2625,88.3392,0.752602,0.501286,4335.6,166415,12193.7,0.679152,0,0,166415,0.702322,0.300824,4705.53,38.0333,4517.08,4335.6,0.704772,0
01:11:15:00:37:33,8769.8,8772.09,91.472,91.2545,88.339,0.752657,0.501286,4337.07,166462,12191.3,0.642485,0,0,166462,0.704814,0.300338,4703.16,38.05,4518.61,4337.07,0.70461,0
01:11:15:00:37:34,8777.81,8759.5,91.2541,91.3199,88.4419,0.751953,0.501286,4338.55,166508,12199.8,0.643529,0,0,166508,0.701039,0.299531,4711.68,38.0667,4520.13,4338.55,0.705085,0
01:11:15:00:37:35,8780.39,8763.22,91.0413,91.3666,88.2309,0.75203,0.501287,4340.02,166555,12202.9,0.617428,0,0,166555,0.692296,0.299588,4714.79,38.0833,4521.65,4340.02,0.696182,0
01:11:15:00:37:36,8769.23,8760.93,91.407,91.2892,88.024,0.752362,0.501287,4341.49,166602,12192.3,0.636215,0,0,166602,0.692321,0.299684,4704.18,38.1,4523.17,4341.49,0.691958,0
01:11:15:00:37:37,8766.08,8752.92,91.3485,91.3666,88.3789,0.752026,0.501287,4342.96,166648,12189.7,0.637259,0,0,166648,0.696429,0.299567,4701.56,38.1167,4524.69,4342.96,0.696429,0
01:11:15:00:37:38,8770.66,8760.93,91.4388,91.3346,88.3204,0.752525,0.501288,4344.43,166694,12194.8,0.665515,0,0,166694,0.70737,0.298625,4706.64,38.1333,4526.21,4344.43,0.707621,0
01:11:15:00:37:39,8769.23,8752.64,91.3817,91.4067,88.4096,0.752031,0.501288,4345.9,166741,12193.8,0.650852,0,0,166741,0.699858,0.297938,4705.72,38.15,4527.74,4345.9,0.699858,0
01:11:15:00:37:40,8770.95,8768.09,91.2643,91.3706,88.3533,0.752318,0.501288,4347.38,166787,12196.1,0.666562,0,0,166787,0.696386,0.2981,4707.98,38.1667,4529.26,4347.38,0.697113,0
01:11:15:00:37:41,8766.66,8761.51,91.3359,91.3066,88.2393,0.752428,0.501288,4348.85,166834,12192.4,0.69912,0,0,166834,0.698723,0.297489,4704.24,38.1833,4530.78,4348.85,0.699171,0
01:11:15:00:37:42,8775.81,8764.08,91.2507,91.3573,88.3094,0.752209,0.501288,4350.32,166880,12202,0.692808,0,0,166880,0.7021,0.299488,4713.9,38.2,4532.3,4350.32,0.7021,0
01:11:15:00:37:43,8774.95,8766.94,91.2881,91.3706,88.227,0.752228,0.501289,4351.79,166927,12201.7,0.692808,0,0,166927,0.700329,0.299184,4713.54,38.2167,4533.82,4351.79,0.700329,0
01:11:15:00:37:44,8769.8,8757.21,91.227,91.4962,88.2637,0.752076,0.501289,4353.26,166973,12197,0.668662,0,0,166973,0.69278,0.299417,4708.92,38.2333,4535.35,4353.26,0.69278,0
01:11:15:00:37:45,8776.38,8755.21,91.3599,91.4134,88.2028,0.75254,0.501289,4354.73,167020,12204.2,0.640392,0,0,167020,0.693249,0.298858,4716.04,38.25,4536.87,4354.73,0.693249,0
01:11:15:00:37:46,8768.09,8755.5,91.3582,91.4334,88.3316,0.752479,0.501289,4356.2,167066,12196.4,0.676003,0,0,167066,0.699943,0.299659,4708.29,38.2667,4538.39,4356.2,0.703041,0
01:11:15:00:37:47,8767.51,8760.93,91.0021,91.376,88.33,0.752451,0.501289,4357.67,167113,12196.3,0.689655,0,0,167113,0.705385,0.298963,4708.21,38.2833,4539.91,4357.67,0.705385,0
01:11:15:00:37:48,8760.93,8760.65,91.2713,91.3252,87.9854,0.752532,0.501289,4359.14,167159,12190.3,0.722296,0,0,167159,0.704039,0.299124,4702.14,38.3,4541.43,4359.14,0.701881,0
01:11:15:00:37:49,8760.93,8761.51,91.2133,91.2865,88.2465,0.752333,0.501289,4360.61,167206,12190.8,0.744475,0,0,167206,0.695619,0.299587,4702.67,38.3167,4542.95,4360.61,0.699114,0
01:11:15:00:37:50,8776.1,8760.36,91.3918,91.2598,88.1891,0.752652,0.501289,4362.08,167252,12206.5,0.752937,0,0,167252,0.695691,0.299293,4718.39,38.3333,4544.47,4362.08,0.695691,0
01:11:15:00:37:51,8768.37,8765.51,91.3115,91.2625,88.3616,0.752675,0.501289,4363.55,167299,12199.3,0.719131,0,0,167299,0.698727,0.299663,4711.19,38.35,4545.99,4363.55,0.698811,0
01:11:15:00:37:52,8772.38,8747.77,91.3642,91.1957,88.2837,0.752746,0.50129,4365.03,167345,12203.8,0.713859,0,0,167345,0.698846,0.299177,4715.69,38.3667,4547.52,4365.03,0.698513,0
01:11:15:00:37:53,8769.52,8754.07,91.2918,91.2692,88.3373,0.752073,0.50129,4366.5,167392,12201.5,0.744475,0,0,167392,0.690771,0.299536,4713.34,38.3833,4549.04,4366.5,0.693634,0
01:11:15:00:37:54,8765.23,8761.79,91.4109,91.2224,88.2661,0.752369,0.50129,4367.97,167438,12197.7,0.75929,0,0,167438,0.692585,0.300137,4709.59,38.4,4550.56,4367.97,0.690764,0
01:11:15:00:37:55,8760.65,8758.36,91.2484,91.2024,88.3806,0.752542,0.50129,4369.44,167485,12193.7,0.693859,0,0,167485,0.697825,0.301166,4705.57,38.4167,4552.08,4369.44,0.695641,0
01:11:15:00:37:56,8761.79,8763.51,91.182,91.2318,88.2225,0.752805,0.50129,4370.91,167531,12195.3,0.731794,0,0,167531,0.700749,0.300344,4707.22,38.4333,4553.6,4370.91,0.699474,0
01:11:15:00:37:57,8763.51,8752.64,91.0748,91.2278,88.1616,0.751954,0.50129,4372.38,167578,12197.6,0.72335,0,0,167578,0.696207,0.301137,4709.44,38.45,4555.12,4372.38,0.698035,0
01:11:15:00:37:58,8774.67,8768.66,91.3895,91.2331,88.0552,0.752666,0.50129,4373.85,167624,12209.2,0.695964,0,0,167624,0.699727,0.300763,4721.12,38.4667,4556.64,4373.85,0.696623,0
01:11:15:00:37:59,8760.93,8758.65,91.3574,91.2385,88.3612,0.752234,0.50129,4375.32,167671,12196.1,0.739188,0,0,167671,0.704849,0.30146,4707.92,38.4833,4558.17,4375.32,0.704849,0
01:11:15:00:38:00,8763.79,8754.07,91.3222,91.1824,88.3278,0.75283,0.50129,4376.79,167717,12199.5,0.758231,0,0,167717,0.711181,0.299754,4711.33,38.5,4559.69,4376.79,0.708983,0
01:11:15:00:38:01,8769.52,8761.79,91.1724,91.0876,88.2938,0.752816,0.50129,4378.27,167764,12205.7,0.767768,0,0,167764,0.710645,0.298572,4717.55,38.5167,4561.21,4378.27,0.713168,0
01:11:15:00:38:02,8765.23,8751.78,91.3571,91.1824,88.1521,0.752006,0.50129,4379.74,167810,12201.9,0.724407,0,0,167810,0.707033,0.298147,4713.77,38.5333,4562.73,4379.74,0.707966,0
01:11:15:00:38:03,8765.51,8758.93,91.5502,91.2371,88.3287,0.752513,0.501289,4381.21,167857,12202.7,0.72546,0,0,167857,0.701609,0.299375,4714.58,38.55,4564.25,4381.21,0.704181,0
01:11:15:00:38:04,8754.64,8754.64,91.2627,91.1503,88.5149,0.752627,0.501289,4382.68,167903,12192.4,0.702276,0,0,167903,0.694213,0.299014,4704.26,38.5667,4565.78,4382.68,0.698447,0
01:11:15:00:38:05,8760.93,8759.5,91.2973,91.2345,88.2376,0.752488,0.501289,4384.15,167950,12199.2,0.70017,0,0,167950,0.693401,0.29803,4711.09,38.5833,4567.3,4384.15,0.693763,0
01:11:15:00:38:06,8762.94,8763.51,91.2226,91.2598,88.2719,0.752268,0.501289,4385.62,167996,12201.7,0.70017,0,0,167996,0.693401,0.298483,4713.59,38.6,4568.82,4385.62,0.693406,0
01:11:15:00:38:07,8762.08,8756.93,91.1741,91.3199,88.1994,0.752322,0.501289,4387.1,168043,12201.4,0.690704,0,0,168043,0.693406,0.299048,4713.24,38.6167,4570.34,4387.1,0.692042,0
01:11:15:00:38:08,8774.38,8752.92,91.1474,91.2251,88.1523,0.752382,0.501289,4388.56,168089,12214.2,0.68335,0,0,168089,0.690343,0.300024,4726.08,38.6333,4571.86,4388.56,0.682788,0
01:11:15:00:38:09,8762.08,8756.93,91.012,91.2425,88.1272,0.752206,0.501289,4390.03,168136,12202.5,0.692808,0,0,168136,0.682788,0.300124,4714.34,38.65,4573.38,4390.03,0.690668,0
01:11:15:00:38:10,8765.8,8754.07,91.3125,91.3239,87.9951,0.752512,0.501289,4391.5,168182,12206.7,0.720185,0,0,168182,0.690668,0.300576,4718.56,38.6667,4574.9,4391.5,0.698696,0
01:11:15:00:38:11,8753.78,8755.5,91.1581,91.3413,88.2873,0.752061,0.501289,4392.97,168228,12195.2,0.708592,0,0,168228,0.695962,0.300681,4707.04,38.6833,4576.42,4392.97,0.698881,0
01:11:15:00:38:12,8760.36,8758.36,91.0523,91.2038,88.1349,0.752866,0.501289,4394.44,168275,12202.3,0.733908,0,0,168275,0.698881,0.298705,4714.15,38.7,4577.93,4394.44,0.701521,0
01:11:15:00:38:13,8764.65,8758.07,91.4012,91.2718,88.0361,0.751981,0.501289,4395.91,168321,12207.1,0.753998,0,0,168321,0.6986,0.298944,4718.98,38.7167,4579.46,4395.91,0.69967,0
01:11:15:00:38:14,8754.07,8761.22,91.4769,91.1076,88.3711,0.752562,0.501289,4397.38,168368,12197.1,0.728627,0,0,168368,0.69967,0.299466,4708.94,38.7333,4580.98,4397.38,0.702625,0
01:11:15:00:38:15,8770.09,8743.2,91.3913,91.3066,88.4481,0.751613,0.501289,4398.85,168414,12213.6,0.690704,0,0,168414,0.702625,0.298019,4725.46,38.75,4582.5,4398.85,0.703237,0
01:11:15:00:38:16,8766.08,8754.93,91.6165,91.5042,88.3628,0.752243,0.501289,4400.33,168461,12210.1,0.712806,0,0,168461,0.702826,0.298339,4721.97,38.7667,4584.03,4400.33,0.703479,0
01:11:15:00:38:17,8763.51,8754.64,91.3734,91.4027,88.5801,0.752371,0.501289,4401.8,168507,12208,0.721241,0,0,168507,0.703479,0.299334,4719.92,38.7833,4585.55,4401.8,0.697733,0
01:11:15:00:38:18,8748.92,8751.78,91.136,91.5175,88.3455,0.752246,0.501289,4403.27,168554,12194,0.728627,0,0,168554,0.701312,0.298729,4705.88,38.8,4587.07,4403.27,0.697733,0
01:11:15:00:38:19,8752.64,8748.35,91.343,91.3026,88.1151,0.752475,0.501289,4404.75,168600,12198.3,0.751881,0,0,168600,0.694258,0.300589,4710.13,38.8167,4588.59,4404.75,0.694276,0
01:11:15:00:38:20,8753.5,8742.34,91.2274,91.3106,88.3151,0.752499,0.501289,4406.22,168647,12199.6,0.708592,0,0,168647,0.702245,0.30036,4711.48,38.8333,4590.12,4406.22,0.702245,0
01:11:15:00:38:21,8753.78,8763.22,91.3531,91.3186,88.2044,0.752243,0.501289,4407.69,168693,12200.4,0.741304,0,0,168693,0.712565,0.298836,4712.27,38.85,4591.64,4407.69,0.712597,0
01:11:15:00:38:22,8751.21,8746.63,91.4469,91.2572,88.3257,0.752289,0.501288,4409.16,168740,12198.4,0.780501,0,0,168740,0.714116,0.298841,4710.22,38.8667,4593.16,4409.16,0.715366,0
01:11:15:00:38:23,8758.65,8754.35,91.071,91.3253,88.415,0.752653,0.501288,4410.63,168786,12206.3,0.792185,0,0,168786,0.706465,0.299111,4718.2,38.8833,4594.68,4410.63,0.709415,0
01:11:15:00:38:24,8765.23,8755.21,91.3299,91.4267,88.053,0.752285,0.501288,4412.1,168833,12213.3,0.744475,0,0,168833,0.70191,0.299668,4725.21,38.9,4596.2,4412.1,0.706143,0
01:11:15:00:38:25,8755.78,8746.92,91.3504,91.4067,88.3035,0.752213,0.501288,4413.57,168879,12204.3,0.727573,0,0,168879,0.700785,0.301167,4716.19,38.9167,4597.72,4413.57,0.699452,0
01:11:15:00:38:26,8760.93,8752.07,91.3185,91.3386,88.3222,0.752512,0.501288,4415.04,168926,12209.9,0.742359,0,0,168926,0.701439,0.299831,4721.77,38.9333,4599.25,4415.04,0.69911,0
01:11:15:00:38:27,8750.06,8745.49,91.228,91.396,88.2916,0.752433,0.501288,4416.52,168972,12199.5,0.753998,0,0,168972,0.693906,0.299686,4711.34,38.95,4600.77,4416.52,0.694788,0
01:11:15:00:38:28,8754.93,8756.07,91.4778,91.3933,88.2035,0.75261,0.501288,4417.99,169019,12204.7,0.787934,0,0,169019,0.695459,0.300231,4716.58,38.9667,4602.29,4417.99,0.693958,0
01:11:15:00:38:29,8751.78,8752.07,91.2485,91.3092,88.4448,0.752654,0.501288,4419.46,169065,12201.8,0.778377,0,0,169065,0.694403,0.300976,4713.68,38.9833,4603.81,4419.46,0.694403,0
01:11:15:00:38:30,8748.92,8749.2,91.1194,91.3279,88.2257,0.752014,0.501289,4420.93,169112,12199.2,0.76141,0,0,169112,0.699343,0.300042,4711.06,39,4605.33,4420.93,0.696385,0
01:11:15:00:38:31,8768.09,8746.34,91.0201,91.3346,88.1001,0.752203,0.501289,4422.4,169158,12218.6,0.750823,0,0,169158,0.700748,0.301446,4730.48,39.0167,4606.85,4422.4,0.701852,0
01:11:15:00:38:32,8752.35,8752.92,91.0793,91.2785,88.0021,0.752709,0.501289,4423.87,169205,12203.1,0.717022,0,0,169205,0.701535,0.301526,4714.99,39.0333,4608.37,4423.87,0.702558,0
01:11:15:00:38:33,8757.79,8743.48,91.1009,91.2251,88.0603,0.752466,0.501289,4425.33,169251,12208.8,0.728627,0,0,169251,0.700409,0.301048,4720.63,39.05,4609.89,4425.33,0.700182,0
01:11:15:00:38:34,8742.91,8743.77,91.1326,91.1664,88.0802,0.752721,0.501289,4426.8,169298,12194,0.707542,0,0,169298,0.705412,0.3002,4705.92,39.0667,4611.41,4426.8,0.704379,0
01:11:15:00:38:35,8750.92,8748.63,91.3433,91.2118,88.1135,0.752032,0.501289,4428.27,169344,12202.2,0.688605,0,0,169344,0.705724,0.299916,4714.09,39.0833,4612.93,4428.27,0.705747,0
01:11:15:00:38:36,8752.07,8738.62,91.1395,91.3052,88.3154,0.752491,0.501289,4429.74,169390,12203.5,0.658183,0,0,169390,0.696551,0.300628,4715.41,39.1,4614.45,4429.74,0.702131,0
01:11:15:00:38:37,8744.91,8747.2,91.2407,91.3119,88.1196,0.752188,0.501289,4431.21,169437,12196.6,0.708592,0,0,169437,0.687922,0.299674,4708.43,39.1167,4615.97,4431.21,0.690668,0
01:11:15:00:38:38,8763.22,8742.62,91.1874,91.2652,88.2159,0.752565,0.501289,4432.68,169483,12215,0.73285,0,0,169483,0.687951,0.299927,4726.89,39.1333,4617.49,4432.68,0.687951,0
01:11:15:00:38:39,8760.93,8752.35,91.4561,91.2745,88.165,0.752418,0.501289,4434.15,169530,12212.9,0.729682,0,0,169530,0.698874,0.299963,4724.75,39.15,4619.01,4434.15,0.694207,0
01:11:15:00:38:40,8760.93,8748.06,91.403,91.3132,88.4255,0.752259,0.50129,4435.62,169576,12213,0.708592,0,0,169576,0.702079,0.299799,4724.9,39.1667,4620.53,4435.62,0.700585,0
01:11:15:00:38:41,8755.78,8741.48,91.2626,91.4147,88.375,0.752012,0.50129,4437.1,169623,12208,0.706486,0,0,169623,0.700979,0.298073,4719.9,39.1833,4622.05,4437.1,0.700979,0
01:11:15:00:38:42,8753.78,8743.77,91.1815,91.3867,88.2387,0.752152,0.50129,4438.57,169669,12206.2,0.68335,0,0,169669,0.702321,0.298427,4718.05,39.2,4623.57,4438.57,0.701606,0
01:11:15:00:38:43,8760.93,8736.33,91.0572,91.3453,88.1599,0.752266,0.50129,4440.04,169716,12213.5,0.674954,0,0,169716,0.704643,0.298676,4725.35,39.2167,4625.09,4440.04,0.704643,0
01:11:15:00:38:44,8747.49,8755.21,91.2417,91.356,88.0398,0.752241,0.50129,4441.51,169762,12200.2,0.627859,0,0,169762,0.70839,0.300133,4712.05,39.2333,4626.61,4441.51,0.70839,0
01:11:15:00:38:45,8751.49,8738.62,91.3989,91.3012,88.2171,0.752519,0.50129,4442.97,169808,12204.3,0.622644,0,0,169808,0.706386,0.300504,4716.2,39.25,4628.13,4442.97,0.706368,0
01:11:15:00:38:46,8752.07,8750.35,91.2084,91.2078,88.3693,0.752459,0.501291,4444.45,169855,12205.1,0.649806,0,0,169855,0.703072,0.299989,4716.93,39.2667,4629.66,4444.45,0.703072,0
01:11:15:00:38:47,8758.93,8750.35,91.2084,91.1891,88.1841,0.752718,0.501291,4445.92,169901,12212,0.681252,0,0,169901,0.700021,0.299119,4723.92,39.2833,4631.18,4445.92,0.697327,0
01:11:15:00:38:48,8752.92,8741.48,91.4914,91.2104,88.185,0.752482,0.501291,4447.39,169948,12206.1,0.709646,0,0,169948,0.697171,0.299924,4718.01,39.3,4632.7,4447.39,0.697171,0
01:11:15:00:38:49,8764.65,8746.63,91.3674,91.2104,88.4584,0.752559,0.501291,4448.86,169994,12218,0.72546,0,0,169994,0.702467,0.299316,4729.84,39.3167,4634.22,4448.86,0.702467,0
01:11:15:00:38:50,8753.78,8739.76,91.2811,91.1584,88.3372,0.752886,0.501292,4450.33,170041,12207.2,0.749763,0,0,170041,0.695568,0.298539,4719.08,39.3333,4635.75,4450.33,0.696689,0
01:11:15:00:38:51,8754.93,8752.35,91.1713,91.1664,88.2555,0.752426,0.501292,4451.8,170087,12208.5,0.715969,0,0,170087,0.688268,0.299206,4720.33,39.35,4637.27,4451.8,0.688268,0
01:11:15:00:38:52,8746.63,8747.2,91.3058,91.1851,88.1492,0.75249,0.501292,4453.27,170134,12200.2,0.686501,0,0,170134,0.694967,0.299487,4712.07,39.3667,4638.79,4453.27,0.68925,0
01:11:15:00:38:53,8750.92,8748.06,91.4026,91.1156,88.2788,0.752593,0.501292,4454.74,170180,12204.5,0.668662,0,0,170180,0.699906,0.301024,4716.41,39.3833,4640.31,4454.74,0.695593,0
01:11:15:00:38:54,8767.8,8746.63,91.4809,91.1544,88.3736,0.752281,0.501293,4456.22,170227,12221.5,0.657132,0,0,170227,0.704015,0.300622,4733.33,39.4,4641.83,4456.22,0.702669,0
01:11:15:00:38:55,8756.64,8750.06,91.1453,91.149,88.4485,0.752494,0.501293,4457.69,170273,12210.3,0.692808,0,0,170273,0.701044,0.300234,4722.21,39.4167,4643.35,4457.69,0.703076,0
01:11:15:00:38:56,8761.51,8754.93,91.2477,91.2211,88.1241,0.752457,0.501293,4459.16,170320,12215.2,0.669708,0,0,170320,0.700811,0.299398,4727.11,39.4333,4644.87,4459.16,0.699836,0
01:11:15:00:38:57,8746.92,8740.05,91.4763,91.2051,88.2244,0.752137,0.501293,4460.63,170366,12200.7,0.681252,0,0,170366,0.703853,0.300046,4712.54,39.45,4646.4,4460.63,0.704938,0
01:11:15:00:38:58,8757.79,8745.2,91.4422,91.2024,88.4443,0.752417,0.501294,4462.1,170413,12211.6,0.658183,0,0,170413,0.705375,0.299642,4723.44,39.4667,4647.92,4462.1,0.705375,0
01:11:15:00:38:59,8750.63,8742.34,91.2728,91.1183,88.4098,0.752819,0.501294,4463.58,170459,12204.4,0.668662,0,0,170459,0.695281,0.29944,4716.31,39.4833,4649.44,4463.58,0.70155,0
01:11:15:00:39:00,8749.78,8747.77,91.2684,91.0569,88.2456,0.752933,0.501294,4465.05,170506,12203.6,0.697013,0,0,170506,0.690361,0.298773,4715.48,39.5,4650.97,4465.05,0.692168,0
01:11:15:00:39:01,8762.37,8744.05,91.3319,91.0796,88.2436,0.752341,0.501294,4466.52,170553,12216.2,0.691759,0,0,170553,0.69165,0.299321,4728.09,39.5167,4652.49,4466.52,0.692068,0
01:11:15:00:39:02,8750.35,8757.79,91.2993,91.1677,88.3048,0.752406,0.501295,4467.99,170599,12204.2,0.750823,0,0,170599,0.698141,0.299596,4716.1,39.5333,4654.01,4467.99,0.693931,0
01:11:15:00:39:03,8761.79,8747.77,91.3086,91.1997,88.2724,0.752612,0.501295,4469.46,170646,12215.7,0.72335,0,0,170646,0.705226,0.299668,4727.56,39.55,4655.53,4469.46,0.702671,0
01:11:15:00:39:04,8761.22,8746.63,91.2344,91.177,88.2829,0.752242,0.501295,4470.93,170692,12215.1,0.704383,0,0,170692,0.705438,0.299472,4727.01,39.5667,4657.05,4470.93,0.70675,0
01:11:15:00:39:05,8764.65,8747.77,91.2214,91.1957,88.2098,0.752588,0.501295,4472.4,170739,12218.6,0.703328,0,0,170739,0.700422,0.298731,4730.47,39.5833,4658.57,4472.4,0.702238,0
01:11:15:00:39:06,8763.79,8740.62,91.1335,91.177,88.199,0.752121,0.501296,4473.87,170785,12217.7,0.731794,0,0,170785,0.700422,0.300353,4729.61,39.6,4660.09,4473.87,0.702145,0
01:11:15:00:39:07,8754.35,8753.21,91.2874,91.2265,88.1147,0.751973,0.501296,4475.34,170831,12208.3,0.746587,0,0,170831,0.702731,0.300281,4720.17,39.6167,4661.61,4475.34,0.713444,0
01:11:15:00:39:08,8752.92,8738.05,91.3914,91.2078,88.2617,0.752417,0.501296,4476.81,170878,12206.9,0.739188,0,0,170878,0.713444,0.30121,4718.74,39.6333,4663.13,4476.81,0.714878,0
01:11:15:00:39:09,8760.93,8757.79,91.2634,91.1637,88.3621,0.752477,0.501296,4478.29,170924,12214.9,0.751881,0,0,170924,0.714878,0.300261,4726.75,39.65,4664.66,4478.29,0.707015,0
01:11:15:00:39:10,8759.79,8753.5,91.5083,91.1116,88.2386,0.752387,0.501297,4479.76,170971,12213.7,0.780501,0,0,170971,0.709351,0.298648,4725.61,39.6667,4666.18,4479.76,0.699013,0
01:11:15:00:39:11,8756.36,8746.92,91.2992,91.1143,88.4744,0.752643,0.501297,4481.23,171017,12210.3,0.692808,0,0,171017,0.699013,0.299025,4722.17,39.6833,4667.7,4481.23,0.693282,0
01:11:15:00:39:12,8769.8,8743.77,91.2499,91.2278,88.2735,0.752313,0.501297,4482.7,171064,12223.7,0.652946,0,0,171064,0.696,0.297679,4735.62,39.7,4669.22,4482.7,0.690952,0
01:11:15:00:39:13,8755.78,8741.48,91.2324,91.0609,88.2239,0.752811,0.501297,4484.17,171110,12209.7,0.640392,0,0,171110,0.690952,0.299049,4721.6,39.7167,4670.74,4484.17,0.696516,0
01:11:15:00:39:14,8764.65,8755.78,91.3895,90.9888,88.2079,0.752556,0.501298,4485.64,171157,12218.6,0.685453,0,0,171157,0.696516,0.299217,4730.47,39.7333,4672.27,4485.64,0.699499,0
01:11:15:00:39:15,8745.2,8740.62,91.3591,91.1503,88.3612,0.752203,0.501298,4487.11,171203,12199.1,0.707542,0,0,171203,0.699499,0.299014,4711.02,39.75,4673.79,4487.11,0.698251,0
01:11:15:00:39:16,8756.07,8744.91,91.1878,91.0716,88.3295,0.752803,0.501298,4488.59,171250,12210,0.72335,0,0,171250,0.698251,0.299352,4721.89,39.7667,4675.31,4488.59,0.697772,0
01:11:15:00:39:17,8766.94,8751.49,91.1518,91.2051,88.1657,0.752341,0.501298,4490.06,171296,12220.9,0.738132,0,0,171296,0.697066,0.300017,4732.76,39.7833,4676.83,4490.06,0.697772,0
01:11:15:00:39:18,8756.07,8752.35,91.2174,91.2104,88.131,0.752324,0.501298,4491.53,171343,12210,0.778377,0,0,171343,0.704512,0.300248,4721.89,39.8,4678.35,4491.53,0.704512,0
01:11:15:00:39:19,8765.51,8753.21,91.2066,91.1904,88.1927,0.752748,0.501298,4493,171389,12219.5,0.778377,0,0,171389,0.704877,0.300735,4731.33,39.8167,4679.87,4493,0.704389,0
01:11:15:00:39:20,8752.92,8750.06,91.2171,91.2745,88.1853,0.751974,0.501299,4494.47,171436,12206.9,0.752937,0,0,171436,0.696033,0.300815,4718.74,39.8333,4681.39,4494.47,0.697167,0
01:11:15:00:39:21,8772.66,8750.63,91.2307,91.3052,88.194,0.752346,0.501299,4495.94,171482,12226.6,0.722296,0,0,171482,0.693192,0.301475,4738.48,39.85,4682.91,4495.94,0.693192,0
01:11:15:00:39:22,8761.22,8743.2,91.112,91.2905,88.2073,0.752283,0.501299,4497.41,171529,12215.2,0.749763,0,0,171529,0.694145,0.30066,4727.04,39.8667,4684.43,4497.41,0.69347,0
01:11:15:00:39:23,8757.5,8748.35,91.2243,91.2224,88.0924,0.752331,0.501299,4498.88,171575,12211.4,0.690704,0,0,171575,0.692923,0.300718,4723.32,39.8833,4685.95,4498.88,0.693648,0
01:11:15:00:39:24,8764.37,8744.63,91.2803,91.3026,88.2006,0.75243,0.501299,4500.34,171622,12218.3,0.72335,0,0,171622,0.692163,0.300797,4730.19,39.9,4687.47,4500.34,0.692428,0
01:11:15:00:39:25,8746.92,8763.22,91.2862,91.3293,88.2559,0.752152,0.501299,4501.81,171668,12200.9,0.69912,0,0,171668,0.694168,0.299603,4712.73,39.9167,4688.99,4501.81,0.693691,0
01:11:15:00:39:26,8760.36,8745.2,91.1648,91.2772,88.2589,0.752838,0.501299,4503.29,171714,12214.3,0.703328,0,0,171714,0.695389,0.298982,4726.18,39.9333,4690.51,4503.29,0.694345,0
01:11:15:00:39:27,8757.21,8752.07,91.4584,91.2598,88.1432,0.752396,0.501299,4504.76,171761,12211.2,0.687555,0,0,171761,0.693586,0.297849,4723.03,39.95,4692.03,4504.76,0.695549,0
01:11:15:00:39:28,8771.52,8747.77,91.3252,91.2118,88.4273,0.752337,0.5013,4506.23,171807,12225.5,0.704383,0,0,171807,0.69403,0.298394,4737.34,39.9667,4693.56,4506.23,0.69403,0
01:11:15:00:39:29,8758.36,8742.34,91.1896,91.0876,88.298,0.752486,0.5013,4507.7,171854,12212.3,0.70017,0,0,171854,0.693061,0.298115,4724.18,39.9833,4695.08,4507.7,0.692612,0
01:11:15:00:39:30,8759.22,8751.78,91.3256,91.1303,88.1685,0.75206,0.5013,4509.17,171900,12213.2,0.708592,0,0,171900,0.686736,0.299173,4725.04,40,4696.6,4509.17,0.686736,0
01:11:15:00:39:31,8756.64,8738.05,91.1844,91.2211,88.2982,0.752507,0.5013,4510.64,171947,12210.6,0.708592,0,0,171947,0.68541,0.300297,4722.46,40.0167,4698.12,4510.64,0.685656,0
01:11:15:00:39:32,8761.22,8762.37,91.3254,91.2251,88.1609,0.752716,0.5013,4512.11,171993,12215.2,0.692808,0,0,171993,0.686602,0.300263,4727.04,40.0333,4699.64,4512.11,0.686306,0
01:11:15:00:39:33,8758.65,8745.2,91.5102,91.1677,88.2966,0.752887,0.5013,4513.58,172040,12212.6,0.682302,0,0,172040,0.683664,0.301229,4724.46,40.05,4701.17,4513.58,0.685058,0
01:11:15:00:39:34,8754.64,8746.06,91.2166,91.2438,88.4775,0.752313,0.5013,4515.06,172086,12208.6,0.703328,0,0,172086,0.684374,0.30054,4720.46,40.0667,4702.69,4515.06,0.68229,0
01:11:15:00:39:35,8776.1,8754.35,91.2474,91.2852,88.1938,0.752276,0.5013,4516.53,172133,12230,0.734963,0,0,172133,0.688099,0.299757,4741.92,40.0833,4704.21,4516.53,0.686764,0
01:11:15:00:39:36,8760.93,8747.49,91.4021,91.3787,88.2233,0.752341,0.501339,4518,172179,12214.9,0.72546,0,0,172179,0.69599,0.299601,4726.75,40.1,4705.73,4518,0.693713,0
01:11:15:00:39:37,8769.8,8763.22,91.2614,91.3333,88.3734,0.752231,0.501339,4519.47,172226,12223.8,0.709646,0,0,172226,0.711192,0.299036,4735.62,40.1167,4707.25,4519.47,0.711192,0
01:11:15:00:39:38,8760.93,8740.62,91.2886,91.3573,88.2364,0.752442,0.501339,4520.94,172272,12214.9,0.743416,0,0,172272,0.710342,0.298906,4726.75,40.1333,4708.77,4520.94,0.712478,0
01:11:15:00:39:39,8760.36,8750.63,91.2174,91.2211,88.2622,0.752586,0.501339,4522.41,172319,12214.3,0.724407,0,0,172319,0.702338,0.299595,4726.18,40.15,4710.29,4522.41,0.70741,0
01:11:15:00:39:40,8760.08,8745.2,91.2625,91.3453,88.1948,0.752212,0.752425,4523.88,172365,12214,0.717022,0,0,172365,0.696199,0.300152,4725.9,40.1667,4711.82,4523.88,0.696199,0
01:11:15:00:39:41,8744.63,8751.78,91.4057,91.3199,88.2378,0.752357,0.752425,4525.35,172412,12198.6,0.722296,0,0,172412,0.696484,0.300285,4710.45,40.1833,4713.34,4525.35,0.698289,0
01:11:15:00:39:42,8769.23,8755.5,91.4588,91.384,88.378,0.751942,0.752425,4526.82,172458,12223.2,0.676003,0,0,172458,0.70156,0.301144,4735.05,40.2,4714.86,4526.82,0.70156,0
01:11:15:00:39:43,8754.64,8757.79,91.2265,91.3693,88.4275,0.752389,0.752425,4528.3,172505,12208.6,0.704383,0,0,172505,0.7037,0.299935,4720.46,40.2167,4716.38,4528.3,0.7037,0
01:11:15:00:39:44,8773.24,8754.93,91.2615,91.2812,88.202,0.752621,0.752425,4529.77,172551,12227.2,0.727573,0,0,172551,0.696196,0.299581,4739.06,40.2333,4717.9,4529.77,0.696196,0
01:11:15:00:39:45,8762.65,8747.2,91.5574,91.2505,88.2375,0.752197,0.752425,4531.24,172598,12216.6,0.708592,0,0,172598,0.691393,0.301018,4728.47,40.25,4719.43,4531.24,0.691393,0
01:11:15:00:39:46,8761.51,8750.63,91.1979,91.2398,88.5222,0.752547,0.752425,4532.71,172644,12215.5,0.691759,0,0,172644,0.693396,0.300485,4727.33,40.2667,4720.95,4532.71,0.701102,0
01:11:15:00:39:47,8765.23,8743.2,91.1979,91.3733,88.177,0.751943,0.752425,4534.19,172691,12219.2,0.703328,0,0,172691,0.70973,0.29899,4731.04,40.2833,4722.47,4534.19,0.70973,0
01:11:15:00:39:48,8747.49,8767.23,91.5654,91.3346,88.1746,0.752568,0.752425,4535.65,172737,12201.4,0.663418,0,0,172737,0.70544,0.299266,4713.31,40.3,4723.99,4535.65,0.701422,0
01:11:15:00:39:49,8762.37,8747.49,91.2817,91.3413,88.5304,0.752443,0.752425,4537.13,172784,12216.3,0.697013,0,0,172784,0.699303,0.299123,4728.18,40.3167,4725.52,4537.13,0.699303,0
01:11:15:00:39:50,8758.07,8759.5,91.254,91.2919,88.2561,0.752437,0.752425,4538.6,172830,12212,0.707542,0,0,172830,0.710517,0.298694,4723.89,40.3333,4727.04,4538.6,0.710517,0
01:11:15:00:39:51,8772.95,8751.78,91.0819,91.3239,88.2294,0.752425,0.752425,4540.07,172877,12226.9,0.686501,0,0,172877,0.7109,0.299948,4738.77,40.35,4728.56,4540.07,0.715119,0
01:11:15:00:39:52,8763.51,8749.2,91.1586,91.3359,88.0633,0.752339,0.752425,4541.54,172923,12217.5,0.656087,0,0,172923,0.710474,0.300102,4729.33,40.3667,4730.08,4541.54,0.710463,0
01:11:15:00:39:53,8760.93,8759.5,91.3272,91.2411,88.1367,0.752516,0.752425,4543.01,172970,12214.9,0.669708,0,0,172970,0.70045,0.300036,4726.75,40.3833,4731.6,4543.01,0.704662,0
01:11:15:00:39:54,8756.07,8740.62,91.157,91.1757,88.2991,0.752693,0.752425,4544.48,173016,12210,0.681252,0,0,173016,0.700579,0.299569,4721.89,40.4,4733.12,4544.48,0.699552,0
01:11:15:00:39:55,8763.79,8757.5,91.0822,91.2812,88.1361,0.752285,0.752425,4545.95,173063,12217.7,0.693859,0,0,173063,0.695029,0.299445,4729.61,40.4167,4734.64,4545.95,0.695851,0
01:11:15:00:39:56,8755.78,8740.91,91.0822,91.1437,88.0624,0.752648,0.752425,4547.42,173109,12209.7,0.697013,0,0,173109,0.693665,0.299433,4721.6,40.4333,4736.15,4547.42,0.693941,0
01:11:15:00:39:57,8750.92,8748.35,91.0387,91.1851,88.0629,0.752509,0.752424,4548.89,173156,12204.9,0.724407,0,0,173156,0.697321,0.300101,4716.74,40.45,4737.67,4548.89,0.697321,0
01:11:15:00:39:58,8761.51,8755.78,91.2316,91.1984,88.0218,0.752267,0.752424,4550.35,173202,12215.5,0.748706,0,0,173202,0.690323,0.300302,4727.33,40.4667,4739.19,4550.35,0.695496,0
01:11:15:00:39:59,8762.65,8755.5,91.2755,91.2812,88.2088,0.752138,0.752424,4551.82,173248,12216.6,0.715969,0,0,173248,0.684361,0.301231,4728.47,40.4833,4740.71,4551.82,0.684361,0
01:11:15:00:40:00,8772.09,8765.23,91.0238,91.3306,88.2505,0.752328,0.752424,4553.29,173295,12226,0.69912,0,0,173295,0.695451,0.301059,4737.91,40.5,4742.23,4553.29,0.691813,0
01:11:15:00:40:01,8767.23,8744.63,91.2485,91.2345,88.0052,0.752831,0.752424,4554.76,173341,12221.2,0.722296,0,0,173341,0.705276,0.301612,4733.05,40.5167,4743.75,4554.76,0.701888,0
01:11:15:00:40:02,8773.52,8758.07,91.199,91.2358,88.2251,0.752171,0.752424,4556.23,173388,12227.5,0.681252,0,0,173388,0.699445,0.302059,4739.34,40.5333,4745.27,4556.23,0.703567,0
01:11:15:00:40:03,8764.94,8749.49,91.3811,91.2959,88.1765,0.752344,0.752423,4557.7,173434,12218.9,0.702276,0,0,173434,0.695686,0.300166,4730.76,40.55,4746.79,4557.7,0.69752,0
01:11:15:00:40:04,8752.92,8754.35,91.4393,91.2358,88.3509,0.752774,0.752423,4559.17,173480,12206.9,0.690704,0,0,173480,0.696794,0.299968,4718.74,40.5667,4748.31,4559.17,0.69273,0
01:11:15:00:40:05,8773.24,8756.07,91.5134,91.2612,88.4085,0.75241,0.752423,4560.64,173527,12227.2,0.697013,0,0,173527,0.701859,0.298743,4739.06,40.5833,4749.84,4560.64,0.700713,0
01:11:15:00:40:06,8759.5,8766.37,91.3899,91.3413,88.4796,0.75258,0.752423,4562.12,173573,12213.5,0.707542,0,0,173573,0.705159,0.298789,4725.32,40.6,4751.36,4562.12,0.705159,0
01:11:15:00:40:07,8775.24,8761.22,91.3208,91.3479,88.3606,0.752453,0.752422,4563.59,173620,12229.2,0.729682,0,0,173620,0.705159,0.298094,4741.06,40.6167,4752.89,4563.59,0.703269,0
01:11:15:00:40:08,8767.8,8754.35,91.3906,91.2598,88.2922,0.752879,0.752422,4565.06,173667,12221.7,0.755054,0,0,173667,0.704735,0.298723,4733.62,40.6333,4754.41,4565.06,0.706312,0
01:11:15:00:40:09,8776.96,8756.36,91.3035,91.3573,88.3622,0.752221,0.752422,4566.54,173713,12230.9,0.782622,0,0,173713,0.706312,0.298765,4742.78,40.65,4755.93,4566.54,0.71615,0
01:11:15:00:40:10,8770.95,8751.21,91.1104,91.2665,88.2762,0.752696,0.752422,4568.01,173760,12224.9,0.75929,0,0,173760,0.71615,0.299308,4736.77,40.6667,4757.45,4568.01,0.720494,0
01:11:15:00:40:11,8757.79,8769.23,91.1471,91.2799,88.0911,0.752283,0.752421,4569.48,173806,12211.7,0.769887,0,0,173806,0.71927,0.299997,4723.61,40.6833,4758.97,4569.48,0.719905,0
01:11:15:00:40:12,8765.51,8747.2,91.3287,91.3239,88.1263,0.75235,0.752421,4570.95,173853,12219.5,0.734963,0,0,173853,0.719905,0.300701,4731.33,40.7,4760.49,4570.95,0.71589,0
01:11:15:00:40:13,8765.23,8756.07,91.1652,91.3987,88.302,0.752306,0.75242,4572.42,173899,12219.2,0.708592,0,0,173899,0.71589,0.299711,4731.05,40.7167,4762.01,4572.42,0.703072,0
01:11:15:00:40:14,8778.1,8759.22,91.2136,91.4107,88.1435,0.752413,0.75242,4573.89,173946,12232,0.731794,0,0,173946,0.703072,0.299466,4743.92,40.7333,4763.53,4573.89,0.69396,0
01:11:15:00:40:15,8766.94,8758.07,91.0408,91.3346,88.1882,0.752989,0.75242,4575.36,173992,12220.9,0.698068,0,0,173992,0.69396,0.30059,4732.76,40.75,4765.05,4575.36,0.687428,0
01:11:15:00:40:16,8764.65,8769.23,91.1748,91.3439,88.0254,0.751859,0.752419,4576.82,174038,12218.6,0.742359,0,0,174038,0.690926,0.300509,4730.47,40.7667,4766.57,4576.82,0.687428,0
01:11:15:00:40:17,8776.96,8752.35,91.3581,91.3586,88.1527,0.75246,0.752419,4578.29,174085,12230.9,0.746587,0,0,174085,0.687446,0.300909,4742.78,40.7833,4768.09,4578.29,0.687446,0
01:11:15:00:40:18,8772.09,8766.08,91.1975,91.2558,88.3303,0.752366,0.752419,4579.76,174131,12226,0.733908,0,0,174131,0.692502,0.3004,4737.91,40.8,4769.61,4579.76,0.693684,0
01:11:15:00:40:19,8773.52,8746.34,91.2369,91.2545,88.1747,0.752453,0.752418,4581.23,174178,12227.5,0.762467,0,0,174178,0.69816,0.298862,4739.34,40.8167,4771.13,4581.23,0.69816,0
01:11:15:00:40:20,8762.94,8759.5,91.4152,91.2278,88.2119,0.752668,0.752418,4582.7,174224,12216.9,0.734963,0,0,174224,0.699285,0.298023,4728.76,40.8333,4772.65,4582.7,0.699285,0
01:11:15:00:40:21,8770.09,8762.08,91.3216,91.2532,88.3853,0.752403,0.752417,4584.17,174271,12224,0.669708,0,0,174271,0.696377,0.297977,4735.91,40.85,4774.18,4584.17,0.698305,0
01:11:15:00:40:22,8762.08,8764.08,91.069,91.1877,88.2929,0.7529,0.752417,4585.65,174317,12216,0.686501,0,0,174317,0.690863,0.297427,4727.9,40.8667,4775.7,4585.65,0.695352,0
01:11:15:00:40:23,8776.67,8766.94,91.2247,91.1276,88.0492,0.75275,0.752416,4587.12,174364,12230.6,0.690704,0,0,174364,0.687866,0.297074,4742.49,40.8833,4777.22,4587.12,0.689321,0
01:11:15:00:40:24,8767.51,8752.07,91.2048,91.1503,88.201,0.752425,0.752416,4588.59,174410,12221.5,0.724407,0,0,174410,0.691345,0.298392,4733.33,40.9,4778.74,4588.59,0.690643,0
01:11:15:00:40:25,8785.83,8765.51,91.3584,91.2184,88.1818,0.752418,0.752415,4590.06,174457,12239.8,0.741304,0,0,174457,0.694958,0.296769,4751.65,40.9167,4780.26,4590.06,0.695533,0
01:11:15:00:40:26,8763.79,8753.21,91.1449,91.0716,88.3284,0.752894,0.752415,4591.53,174503,12217.7,0.719131,0,0,174503,0.696107,0.297175,4729.62,40.9333,4781.78,4591.53,0.695421,0
01:11:15:00:40:27,8759.5,8757.5,91.2571,91.0649,88.1236,0.752511,0.752415,4593,174550,12213.5,0.724407,0,0,174550,0.698832,0.296248,4725.32,40.95,4783.3,4593,0.698899,0
01:11:15:00:40:28,8778.1,8757.5,91.348,91.0876,88.2314,0.752678,0.752414,4594.47,174596,12232.1,0.686501,0,0,174596,0.696701,0.296796,4743.92,40.9667,4784.82,4594.47,0.69719,0
01:11:15:00:40:29,8758.65,8773.52,91.0394,91.0716,88.3199,0.752518,0.752414,4595.94,174642,12212.6,0.673903,0,0,174642,0.701669,0.296658,4724.47,40.9833,4786.34,4595.94,0.701669,0
01:11:15:00:40:30,8780.1,8760.08,91.2358,91.0422,88.0216,0.752502,0.752413,4597.41,174689,12234.1,0.681252,0,0,174689,0.704103,0.296569,4745.93,41,4787.86,4597.41,0.70383,0
01:11:15:00:40:31,8764.65,8759.5,91.2497,91.165,88.2108,0.75268,0.752413,4598.88,174735,12218.6,0.658183,0,0,174735,0.702118,0.297172,4730.48,41.0167,4789.38,4598.88,0.704065,0
01:11:15:00:40:32,8778.67,8764.65,91.3531,90.9901,88.2245,0.752616,0.752412,4600.35,174782,12232.6,0.649806,0,0,174782,0.699189,0.296403,4744.5,41.0333,4790.9,4600.35,0.700714,0
01:11:15:00:40:33,8768.95,8759.79,91.2499,91.1103,88.3257,0.752283,0.752412,4601.82,174828,12222.9,0.680201,0,0,174828,0.701399,0.296182,4734.77,41.05,4792.42,4601.82,0.699392,0
01:11:15:00:40:34,8763.22,8766.94,91.3733,90.9901,88.2244,0.752674,0.752411,4603.29,174875,12217.2,0.717022,0,0,174875,0.713527,0.295301,4729.05,41.0667,4793.94,4603.29,0.710007,0
01:11:15:00:40:35,8766.37,8748.92,91.3033,91.0435,88.3452,0.752286,0.752411,4604.76,174921,12220.3,0.708592,0,0,174921,0.71374,0.295229,4732.19,41.0833,4795.47,4604.76,0.714709,0
01:11:15:00:40:36,8764.08,8764.65,91.263,91.0382,88.2756,0.752779,0.752411,4606.23,174968,12218,0.721241,0,0,174968,0.705249,0.294792,4729.91,41.1,4796.99,4606.23,0.705249,0
01:11:15:00:40:37,8775.24,8760.08,91.2838,90.9901,88.2372,0.752635,0.75241,4607.7,175014,12229.2,0.741304,0,0,175014,0.701656,0.295688,4741.06,41.1167,4798.51,4607.7,0.702961,0
01:11:15:00:40:38,8757.79,8759.79,91.378,91.0342,88.2579,0.752509,0.75241,4609.17,175061,12211.7,0.746587,0,0,175061,0.703012,0.29614,4723.61,41.1333,4800.03,4609.17,0.704006,0
01:11:15:00:40:39,8770.66,8771.23,91.2829,91.0569,88.3498,0.752281,0.752409,4610.65,175107,12224.6,0.719131,0,0,175107,0.701803,0.296783,4736.49,41.15,4801.55,4610.65,0.701803,0
01:11:15:00:40:40,8773.81,8758.36,91.3868,91.1049,88.2579,0.752283,0.752409,4612.12,175154,12227.8,0.717022,0,0,175154,0.698187,0.297278,4739.63,41.1667,4803.08,4612.12,0.695234,0
01:11:15:00:40:41,8774.38,8773.52,91.3325,91.2358,88.3585,0.752225,0.752408,4613.59,175200,12228.3,0.662372,0,0,175200,0.693134,0.298188,4740.21,41.1833,4804.6,4613.59,0.693134,0
01:11:15:00:40:42,8775.24,8743.77,91.1735,91.113,88.3051,0.75247,0.752408,4615.06,175247,12229.2,0.666562,0,0,175247,0.690845,0.298327,4741.06,41.2,4806.12,4615.06,0.691019,0
01:11:15:00:40:43,8768.09,8762.37,91.3956,91.1036,88.1518,0.752363,0.752407,4616.53,175293,12222,0.641441,0,0,175293,0.691517,0.299891,4733.91,41.2167,4807.64,4616.53,0.691517,0
01:11:15:00:40:44,8769.52,8758.07,91.3049,91.2211,88.3679,0.752017,0.752407,4618,175340,12223.5,0.658183,0,0,175340,0.699421,0.299949,4735.34,41.2333,4809.16,4618,0.699421,0
01:11:15:00:40:45,8753.21,8765.23,91.148,91.2171,88.2781,0.752556,0.752406,4619.47,175386,12207.2,0.682302,0,0,175386,0.704376,0.299261,4719.03,41.25,4810.68,4619.47,0.706813,0
01:11:15:00:40:46,8772.95,8764.08,91.3253,91.2224,88.1278,0.752192,0.752406,4620.94,175433,12226.9,0.737073,0,0,175433,0.703564,0.300172,4738.77,41.2667,4812.2,4620.94,0.703564,0
01:11:15:00:40:47,8764.08,8755.5,91.3217,91.2959,88.2987,0.752317,0.752406,4622.42,175479,12218,0.711754,0,0,175479,0.700368,0.300715,4729.91,41.2833,4813.73,4622.42,0.701937,0
01:11:15:00:40:48,8782.11,8764.37,91.4249,91.3306,88.2952,0.752324,0.752405,4623.89,175526,12236.1,0.75929,0,0,175526,0.710998,0.300176,4747.93,41.3,4815.25,4623.89,0.710998,0
01:11:15:00:40:49,8762.08,8749.49,91.1327,91.4147,88.3958,0.752129,0.752405,4625.36,175572,12216,0.722296,0,0,175572,0.71187,0.300082,4727.91,41.3167,4816.77,4625.36,0.71187,0
01:11:15:00:40:50,8762.08,8762.65,91.2398,91.3947,88.1133,0.752121,0.752404,4626.83,175619,12216,0.70017,0,0,175619,0.69682,0.29977,4727.91,41.3333,4818.29,4626.83,0.703847,0
01:11:15:00:40:51,8772.66,8757.21,91.1964,91.3479,88.2158,0.752376,0.752404,4628.3,175665,12226.6,0.707542,0,0,175665,0.688406,0.30106,4738.49,41.35,4819.81,4628.3,0.695454,0
01:11:15:00:40:52,8756.07,8756.36,91.1914,91.2892,88.1732,0.752531,0.752403,4629.77,175712,12210,0.69912,0,0,175712,0.69004,0.300408,4721.9,41.3667,4821.33,4629.77,0.685834,0
01:11:15:00:40:53,8773.81,8762.65,91.1816,91.3933,88.1699,0.752163,0.752403,4631.24,175758,12227.8,0.674954,0,0,175758,0.69359,0.300652,4739.63,41.3833,4822.85,4631.24,0.692804,0
01:11:15:00:40:54,8758.36,8757.21,91.1891,91.2585,88.1566,0.753116,0.752403,4632.71,175805,12212.3,0.681252,0,0,175805,0.697619,0.30151,4724.19,41.4,4824.37,4632.71,0.69723,0
01:11:15:00:40:55,8766.94,8767.23,91.2314,91.2545,88.1678,0.752116,0.752402,4634.18,175851,12220.9,0.68335,0,0,175851,0.694914,0.301625,4732.77,41.4167,4825.89,4634.18,0.696911,0
01:11:15:00:40:56,8768.09,8757.21,91.1347,91.3399,88.2086,0.75216,0.752402,4635.65,175897,12222,0.691759,0,0,175897,0.694747,0.301024,4733.91,41.4333,4827.41,4635.65,0.694416,0
01:11:15:00:40:57,8765.8,8766.37,91.4951,91.3907,87.1568,1.00174,0.752402,4637.11,175944,12219.8,0.719131,0,0,175944,0.697055,0.300234,4731.62,41.45,4828.93,4637.11,0.695778,0
01:11:15:00:40:58,8782.39,8748.63,91.2271,91.4227,87.4994,1.00227,0.752401,4638.56,175998,12236.3,0.724407,0,0,175998,0.695219,0.303483,4748.22,41.4667,4830.46,4638.56,0.695219,0
01:11:15:00:40:59,8760.36,8765.51,91.1411,91.4027,87.2429,1.00233,0.752401,4640.02,176059,12214.3,0.692808,0,0,176059,0.70274,0.302545,4726.19,41.4833,4831.98,4640.02,0.701365,0
01:11:15:00:41:00,8772.09,8755.21,91.2506,91.4201,87.1616,1.00209,0.7524,4641.47,176120,12226,0.707542,0,0,176120,0.706397,0.302875,4737.92,41.5,4833.49,4641.47,0.705796,0
01:11:15:00:41:01,8757.5,8760.65,91.2067,91.5496,87.2663,1.00211,0.7524,4642.93,176181,12211.5,0.707542,0,0,176181,0.70393,0.302869,4723.33,41.5167,4835.02,4642.93,0.707212,0
01:11:15:00:41:02,8767.8,8766.37,91.3081,91.4681,87.2204,1.00313,0.7524,4644.38,176243,12221.8,0.697013,0,0,176243,0.698305,0.302278,4733.63,41.5333,4836.54,4644.38,0.701229,0
01:11:15:00:41:03,8769.8,8758.36,91.1862,91.412,87.3204,1.00233,0.752399,4645.84,176304,12223.8,0.685453,0,0,176304,0.698941,0.3024,4735.63,41.55,4838.06,4645.84,0.695706,0
01:11:15:00:41:04,8769.23,8772.09,91.1596,91.352,87.2032,1.00249,0.752399,4647.29,176365,12223.2,0.667614,0,0,176365,0.698941,0.301318,4735.06,41.5667,4839.58,4647.29,0.700782,0
01:11:15:00:41:05,8770.38,8740.91,91.2216,91.3573,87.1761,1.00293,0.752399,4648.74,176426,12224.3,0.695964,0,0,176426,0.702452,0.301071,4736.2,41.5833,4841.1,4648.74,0.704904,0
01:11:15:00:41:06,8771.23,8761.51,91.16,91.2425,87.2369,1.00252,0.752398,4650.2,176487,12225.2,0.711754,0,0,176487,0.703412,0.300863,4737.06,41.6,4842.62,4650.2,0.70369,0
01:11:15:00:41:07,8765.8,8757.21,91.3068,91.2505,87.1799,1.00202,0.752398,4651.65,176549,12219.8,0.734963,0,0,176549,0.70369,0.300726,4731.62,41.6167,4844.14,4651.65,0.703473,0
01:11:15:00:41:08,8754.64,8763.51,91.3068,91.3106,87.319,1.00238,0.752398,4653.1,176610,12208.6,0.734963,0,0,176610,0.70361,0.300751,4720.47,41.6333,4845.66,4653.1,0.701538,0
01:11:15:00:41:09,8772.66,8764.37,91.3104,91.161,87.3174,1.00279,0.752397,4654.56,176671,12226.6,0.746587,0,0,176671,0.701538,0.300572,4738.49,41.65,4847.18,4654.56,0.698516,0
01:11:15:00:41:10,8761.51,8748.92,91.3774,91.2184,87.3223,1.0024,0.752397,4656.02,176732,12215.5,0.688605,0,0,176732,0.699027,0.301238,4727.33,41.6667,4848.7,4656.02,0.702828,0
01:11:15:00:41:11,8782.11,8777.24,91.3774,91.2345,87.3851,1.00273,0.752397,4657.47,176794,12236.1,0.689655,0,0,176794,0.702828,0.30158,4747.93,41.6833,4850.23,4657.47,0.705269,0
01:11:15:00:41:12,8763.79,8759.79,91.1485,91.2144,87.3861,1.00246,0.752397,4658.93,176855,12217.8,0.663418,0,0,176855,0.707271,0.30199,4729.62,41.7,4851.75,4658.93,0.698122,0
01:11:15:00:41:13,8768.95,8763.51,91.1334,91.1263,87.1671,1.00252,0.752397,4660.38,176916,12222.9,0.676003,0,0,176916,0.698122,0.303027,4734.76,41.7167,4853.27,4660.38,0.692236,0
01:11:15:00:41:14,8782.11,8762.37,91.4219,91.1303,87.1546,1.002,0.752397,4661.83,176978,12236,0.703328,0,0,176978,0.692236,0.303535,4747.88,41.7333,4854.79,4661.83,0.692236,0
01:11:15:00:41:15,8763.79,8761.51,91.4449,91.1637,87.4287,1.00247,0.752397,4663.29,177039,12217.7,0.713859,0,0,177039,0.693414,0.303094,4729.53,41.75,4856.31,4663.29,0.694349,0
01:11:15:00:41:16,8772.66,8758.07,91.3039,91.0716,87.4486,1.003,0.752397,4664.75,177100,12226.5,0.713859,0,0,177100,0.699257,0.302136,4738.38,41.7667,4857.83,4664.75,0.699257,0
01:11:15:00:41:17,8754.07,8762.08,91.2127,91.0889,87.3146,1.0028,0.752397,4666.2,177161,12208,0.705435,0,0,177161,0.697695,0.301799,4719.91,41.7833,4859.36,4666.2,0.694514,0
01:11:15:00:41:18,8770.38,8771.23,91.3842,91.129,87.2281,1.00262,0.752397,4667.66,177223,12224.8,0.72335,0,0,177223,0.68959,0.302281,4736.71,41.8,4860.88,4667.66,0.689187,0
01:11:15:00:41:19,8767.51,8764.37,91.3787,91.1196,87.3937,1.0022,0.752397,4669.11,177284,12222.5,0.763526,0,0,177284,0.694682,0.30291,4734.35,41.8167,4862.4,4669.11,0.694682,0
01:11:15:00:41:20,8769.8,8765.8,91.4036,91.1183,87.3874,1.00246,0.752397,4670.57,177345,12225.3,0.764587,0,0,177345,0.70193,0.302279,4737.15,41.8333,4863.92,4670.57,0.700032,0
01:11:15:00:41:21,8779.82,8753.5,91.3182,91.1637,87.4116,1.00239,0.752397,4672.03,177406,12235.8,0.800695,0,0,177406,0.701905,0.302341,4747.69,41.85,4865.45,4672.03,0.701905,0
01:11:15:00:41:22,8764.08,8769.52,91.3804,91.3266,87.3309,1.0021,0.752397,4673.48,177468,12220.6,0.808145,0,0,177468,0.699301,0.302436,4732.49,41.8667,4866.97,4673.48,0.6999,0
01:11:15:00:41:23,8767.23,8755.5,91.0313,91.3333,87.3888,1.00252,0.752397,4674.94,177529,12224.3,0.762467,0,0,177529,0.701485,0.303341,4736.14,41.8833,4868.49,4674.94,0.700566,0
01:11:15:00:41:24,8756.07,8764.37,91.3295,91.2745,87.0546,1.00262,0.752397,4676.39,177590,12213.6,0.783681,0,0,177590,0.706881,0.302664,4725.5,41.9,4870.01,4676.39,0.707315,0
01:11:15:00:41:25,8768.37,8763.79,91.198,91.125,87.3402,1.00249,0.752398,4677.85,177652,12226.5,0.787934,0,0,177652,0.706216,0.303626,4738.35,41.9167,4871.53,4677.85,0.707542,0
01:11:15:00:41:26,8763.79,8762.94,91.2974,91.1717,87.2149,1.00238,0.752398,4679.3,177713,12222.5,0.814537,0,0,177713,0.703552,0.301886,4734.34,41.9333,4873.05,4679.3,0.7054,0
01:11:15:00:41:27,8770.38,8767.23,91.1355,91.356,87.3111,1.00209,0.752398,4680.75,177774,12229.6,0.827332,0,0,177774,0.698933,0.302134,4741.43,41.95,4874.57,4680.75,0.701312,0
01:11:15:00:41:28,8768.37,8755.5,91.2065,91.2732,87.1536,1.00277,0.752398,4682.21,177835,12228,0.864765,0,0,177835,0.701511,0.302502,4739.91,41.9667,4876.09,4682.21,0.701511,0
01:11:15:00:41:29,8776.67,8768.09,91.1424,91.364,87.225,1.00186,0.752399,4683.66,177896,12236.8,0.865835,0,0,177896,0.702562,0.301724,4748.71,41.9833,4877.61,4683.66,0.702309,0
01:11:15:00:41:30,8762.65,8756.93,91.4706,91.412,87.1634,1.00197,0.752399,4685.11,177958,12223.3,0.842287,0,0,177958,0.697646,0.300401,4735.22,42,4879.13,4685.11,0.699413,0
01:11:15:00:41:31,8753.78,8755.78,91.241,91.4467,87.4763,1.0022,0.7524,4686.57,178019,12215,0.89374,0,0,178019,0.691485,0.300048,4726.88,42.0167,4880.65,4686.57,0.693156,0
01:11:15:00:41:32,8769.8,8757.5,91.4277,91.4828,87.256,1.00241,0.7524,4688.03,178080,12231.5,0.905577,0,0,178080,0.691246,0.299533,4743.4,42.0333,4882.18,4688.03,0.691877,0
01:11:15:00:41:33,8760.36,8750.35,91.0983,91.4267,87.4351,1.00224,0.7524,4689.48,178141,12222.6,0.882997,0,0,178141,0.694318,0.299934,4734.44,42.05,4883.7,4689.48,0.691729,0
01:11:15:00:41:34,8768.09,8770.66,91.3397,91.3974,87.1188,1.00258,0.752401,4690.94,178203,12230.8,0.905577,0,0,178203,0.70183,0.300305,4742.68,42.0667,4885.22,4690.94,0.698655,0
01:11:15:00:41:35,8760.36,8758.07,91.2396,91.3693,87.3501,1.00248,0.752401,4692.39,178264,12223.6,0.912037,0,0,178264,0.698227,0.300651,4735.49,42.0833,4886.74,4692.39,0.700446,0
01:11:15:00:41:36,8769.8,8765.51,91.2707,91.424,87.2532,1.00278,0.752402,4693.85,178325,12233.6,0.957392,0,0,178325,0.697777,0.300006,4745.46,42.1,4888.26,4693.85,0.69529,0
01:11:15:00:41:37,8774.67,8758.93,91.1519,91.4494,87.2857,1.00204,0.752402,4695.3,178386,12238.9,0.928206,0,0,178386,0.700094,0.299483,4750.8,42.1167,4889.78,4695.3,0.700092,0
01:11:15:00:41:38,8762.65,8757.5,91.1871,91.5162,87.1692,1.00282,0.752403,4696.75,178448,12227.4,0.942246,0,0,178448,0.702415,0.299828,4739.28,42.1333,4891.3,4696.75,0.702415,0
01:11:15:00:41:39,8775.81,8750.06,91.4023,91.5402,87.2046,1.00234,0.752403,4698.21,178509,12241.1,0.961722,0,0,178509,0.704899,0.300891,4752.96,42.15,4892.82,4698.21,0.703954,0
01:11:15:00:41:40,8754.35,8759.22,91.3519,91.4601,87.4097,1.00253,0.752404,4699.66,178570,12220.2,0.953063,0,0,178570,0.705085,0.301611,4732.04,42.1667,4894.34,4699.66,0.705085,0
01:11:15:00:41:41,8768.95,8762.37,91.4185,91.4775,87.3616,1.00249,0.752405,4701.12,178631,12235.3,0.922815,0,0,178631,0.707235,0.301042,4747.14,42.1833,4895.87,4701.12,0.70871,0
01:11:15:00:41:42,8753.21,8760.08,91.2838,91.5202,87.427,1.00207,0.752405,4702.57,178693,12220,0.932528,0,0,178693,0.705605,0.300816,4731.89,42.2,4897.39,4702.57,0.705605,0
01:11:15:00:41:43,8764.08,8758.65,91.1216,91.5829,87.2953,1.0028,0.752406,4704.03,178754,12231.4,0.961722,0,0,178754,0.700182,0.299775,4743.27,42.2167,4898.91,4704.03,0.700182,0
01:11:15:00:41:44,8774.67,8751.49,91.1205,91.5776,87.1436,1.00192,0.752406,4705.48,178815,12242.5,0.949817,0,0,178815,0.698239,0.299954,4754.38,42.2333,4900.43,4705.48,0.69626,0
01:11:15:00:41:45,8764.65,8768.95,91.3638,91.5015,87.1402,1.00254,0.752407,4706.94,178876,12233,0.958472,0,0,178876,0.695692,0.299781,4744.9,42.25,4901.95,4706.94,0.695692,0
01:11:15:00:41:46,8770.38,8746.06,91.426,91.5389,87.3759,1.00174,0.752407,4708.39,178938,12239.2,0.947652,0,0,178938,0.696454,0.300045,4751.11,42.2667,4903.47,4708.39,0.696699,0
01:11:15:00:41:47,8757.5,8761.22,91.4039,91.6924,87.4359,1.00161,0.752408,4709.85,178999,12226.9,0.941166,0,0,178999,0.692841,0.299328,4738.73,42.2833,4905,4709.85,0.694716,0
01:11:15:00:41:48,8761.51,8748.06,91.4551,91.6844,87.4135,1.00195,0.752408,4711.3,179060,12231.4,0.937924,0,0,179060,0.689023,0.299762,4743.25,42.3,4906.52,4711.3,0.689023,0
01:11:15:00:41:49,8755.5,8747.2,91.6593,91.591,87.459,1.00286,0.752409,4712.76,179121,12225.9,0.88622,0,0,179121,0.691943,0.299432,4737.77,42.3167,4908.04,4712.76,0.690656,0
01:11:15:00:41:50,8765.51,8758.93,91.1805,91.6363,87.6572,1.00207,0.752409,4714.22,179183,12236.4,0.863689,0,0,179183,0.693047,0.298602,4748.31,42.3333,4909.57,4714.22,0.693047,0
01:11:15:00:41:51,8763.22,8747.49,91.126,91.5923,87.1984,1.00232,0.75241,4715.68,179244,12234.6,0.838012,0,0,179244,0.701102,0.299149,4746.51,42.35,4911.09,4715.68,0.698876,0
01:11:15:00:41:52,8760.65,8766.66,91.2344,91.4628,87.1456,1.00251,0.752411,4717.13,179305,12232.6,0.85084,0,0,179305,0.705248,0.300847,4744.43,42.3667,4912.61,4717.13,0.70544,0
01:11:15:00:41:53,8766.66,8747.49,91.1099,91.3626,87.2493,1.00249,0.752411,4718.58,179367,12239.1,0.848702,0,0,179367,0.702681,0.300963,4750.95,42.3833,4914.13,4718.58,0.705741,0
01:11:15:00:41:54,8760.08,8746.06,91.1977,91.5656,87.1335,1.00162,0.752412,4720.04,179428,12233,0.881923,0,0,179428,0.69418,0.300011,4744.91,42.4,4915.65,4720.04,0.696995,0
01:11:15:00:41:55,8766.37,8747.2,91.2015,91.607,87.2167,1.00186,0.752412,4721.49,179489,12239.8,0.948734,0,0,179489,0.695344,0.300466,4751.72,42.4167,4917.17,4721.49,0.692156,0
01:11:15:00:41:56,8755.5,8743.48,91.3449,91.6871,87.2202,1.00185,0.752413,4722.94,179550,12229.5,0.926053,0,0,179550,0.70248,0.300006,4741.33,42.4333,4918.69,4722.94,0.698015,0
01:11:15:00:41:57,8762.37,8755.5,91.2233,91.6938,87.3565,1.00209,0.752413,4724.4,179611,12236.8,0.923892,0,0,179611,0.707044,0.300291,4748.7,42.45,4920.21,4724.4,0.707044,0
01:11:15:00:41:58,8748.92,8741.77,91.1587,91.5683,87.2385,1.00253,0.752413,4725.85,179672,12223.9,0.962809,0,0,179672,0.700612,0.299918,4735.77,42.4667,4921.73,4725.85,0.703055,0
01:11:15:00:41:59,8761.22,8754.93,91.1762,91.7084,87.1787,1.00202,0.752414,4727.31,179734,12236.7,0.958472,0,0,179734,0.698959,0.300146,4748.61,42.4833,4923.25,4727.31,0.698959,0
01:11:15:00:42:00,8762.08,8747.77,90.9854,91.7058,87.1938,1.00245,0.752414,4728.76,179795,12238.1,0.92929,0,0,179795,0.706675,0.30005,4749.96,42.5,4924.77,4728.76,0.70479,0
01:11:15:00:42:01,8754.35,8750.92,91.0638,91.659,87.0109,1.00256,0.752415,4730.21,179856,12230.9,0.939007,0,0,179856,0.707877,0.299998,4742.72,42.5167,4926.28,4730.21,0.70822,0
01:11:15:00:42:02,8766.94,8738.05,91.2314,91.5642,87.0876,1.00211,0.752415,4731.66,179917,12244,0.974729,0,0,179917,0.701659,0.300611,4755.82,42.5333,4927.8,4731.66,0.703043,0
01:11:15:00:42:03,8750.63,8746.34,91.1915,91.4427,87.2446,1.00296,0.752415,4733.12,179978,12228.2,0.954145,0,0,179978,0.700943,0.301248,4740.04,42.55,4929.32,4733.12,0.699303,0
01:11:15:00:42:04,8759.22,8748.06,91.2182,91.3746,87.2105,1.00192,0.752416,4734.57,180039,12237.3,0.919581,0,0,180039,0.705766,0.300925,4749.16,42.5667,4930.84,4734.57,0.705194,0
01:11:15:00:42:05,8743.77,8746.34,91.2666,91.4347,87.2361,1.00189,0.752416,4736.02,180101,12222.3,0.922815,0,0,180101,0.704044,0.300879,4734.19,42.5833,4932.36,4736.02,0.704044,0
01:11:15:00:42:06,8757.5,8748.63,91.1021,91.38,87.2779,1.00307,0.752416,4737.48,180162,12236.5,0.948734,0,0,180162,0.699862,0.299996,4748.42,42.6,4933.88,4737.48,0.69427,0
01:11:15:00:42:07,8762.94,8742.91,91.2006,91.2785,87.1218,1.00274,0.752416,4738.93,180223,12242.5,0.976901,0,0,180223,0.699862,0.299347,4754.37,42.6167,4935.4,4738.93,0.687281,0
01:11:15:00:42:08,8751.78,8754.64,91.4027,91.2131,87.2146,1.00311,0.752417,4740.38,180284,12231.9,1.01168,0,0,180284,0.687281,0.299448,4743.75,42.6333,4936.92,4740.38,0.687594,0
01:11:15:00:42:09,8759.5,8746.34,91.3659,91.1624,87.4108,1.00235,0.752417,4741.84,180345,12240.1,0.936845,0,0,180345,0.684081,0.299834,4751.99,42.65,4938.45,4741.84,0.695498,0
01:11:15:00:42:10,8752.64,8744.05,91.3692,91.4,87.3774,1.00189,0.752417,4743.3,180407,12233.7,0.898042,0,0,180407,0.695498,0.299445,4745.6,42.6667,4939.97,4743.3,0.703106,0
01:11:15:00:42:11,8752.35,8739.19,91.1758,91.4494,87.3797,1.0021,0.752417,4744.75,180468,12233.9,0.919581,0,0,180468,0.70275,0.300495,4745.82,42.6833,4941.49,4744.75,0.701879,0
01:11:15:00:42:12,8755.5,8740.05,91.2091,91.2959,87.1899,1.00337,0.752417,4746.21,180529,12237.6,0.921734,0,0,180529,0.701879,0.300877,4749.49,42.7,4943.01,4746.21,0.699811,0
01:11:15:00:42:13,8750.06,8746.92,91.3586,91.404,87.2265,1.00213,0.752418,4747.66,180591,12232.7,0.91419,0,0,180591,0.699811,0.301558,4744.59,42.7167,4944.53,4747.66,0.698183,0
01:11:15:00:42:14,8756.07,8738.33,91.2462,91.424,87.3695,1.00211,0.752418,4749.12,180652,12239.2,0.912037,0,0,180652,0.698183,0.300544,4751.09,42.7333,4946.05,4749.12,0.701235,0
01:11:15:00:42:15,8748.92,8757.21,91.0671,91.4374,87.2605,1.00252,0.752418,4750.57,180713,12232.6,0.892668,0,0,180713,0.701235,0.300134,4744.43,42.75,4947.57,4750.57,0.701235,0
01:11:15:00:42:16,8752.64,8738.33,91.0716,91.4935,87.0896,1.00243,0.752418,4752.02,180774,12236.8,0.91419,0,0,180774,0.70542,0.300236,4748.66,42.7667,4949.09,4752.02,0.704282,0
01:11:15:00:42:17,8757.79,8742.05,91.34,91.3613,87.0925,1.00276,0.752418,4753.48,180835,12242.5,0.939007,0,0,180835,0.703873,0.299757,4754.34,42.7833,4950.61,4753.48,0.703873,0
01:11:15:00:42:18,8760.36,8743.2,91.1369,91.408,87.3527,1.00186,0.752418,4754.93,180897,12245.6,0.972558,0,0,180897,0.700713,0.299714,4757.44,42.8,4952.13,4754.93,0.700674,0
01:11:15:00:42:19,8749.49,8736.9,91.1428,91.4347,87.1568,1.00229,0.752418,4756.38,180958,12235.2,0.930366,0,0,180958,0.704351,0.2982,4747.05,42.8167,4953.65,4756.38,0.702001,0
01:11:15:00:42:20,8750.35,8742.91,91.381,91.5215,87.1639,1.00191,0.752418,4757.84,181019,12236.5,0.907727,0,0,181019,0.704035,0.299984,4748.4,42.8333,4955.17,4757.84,0.704035,0
01:11:15:00:42:21,8740.05,8733.75,91.3549,91.5869,87.3918,1.00187,0.752418,4759.29,181080,12226.7,0.908806,0,0,181080,0.702825,0.299874,4738.62,42.85,4956.7,4759.29,0.703165,0
01:11:15:00:42:22,8755.78,8747.49,91.4918,91.4508,87.3632,1.00284,0.752419,4760.75,181141,12243,0.956311,0,0,181141,0.700085,0.299761,4754.89,42.8667,4958.22,4760.75,0.700094,0
01:11:15:00:42:23,8750.35,8746.06,91.4897,91.5496,87.4982,1.00176,0.752419,4762.2,181203,12238.1,0.983413,0,0,181203,0.703174,0.299368,4749.97,42.8833,4959.74,4762.2,0.702559,0
01:11:15:00:42:24,8751.21,8739.48,91.2931,91.5869,87.4944,1.00223,0.752419,4763.66,181264,12239.4,0.976901,0,0,181264,0.705382,0.298894,4751.31,42.9,4961.27,4763.66,0.70522,0
01:11:15:00:42:25,8758.65,8732.32,91.1277,91.5269,87.3064,1.00223,0.752419,4765.12,181325,12247.4,0.948734,0,0,181325,0.692548,0.298734,4759.25,42.9167,4962.79,4765.12,0.696655,0
01:11:15:00:42:26,8749.49,8736.9,90.976,91.4187,87.1475,1.00242,0.752419,4766.57,181387,12238.8,0.998622,0,0,181387,0.691646,0.299047,4750.62,42.9333,4964.31,4766.57,0.692147,0
01:11:15:00:42:27,8753.5,8742.05,90.976,91.4014,87.003,1.00228,0.752419,4768.02,181448,12243.3,0.971476,0,0,181448,0.695605,0.299553,4755.17,42.95,4965.82,4768.02,0.695605,0
01:11:15:00:42:28,8740.91,8738.62,91.3993,91.3653,87.0013,1.00273,0.752419,4769.47,181509,12231.2,0.959559,0,0,181509,0.699514,0.300302,4743.07,42.9667,4967.34,4769.47,0.699236,0
01:11:15:00:42:29,8750.06,8737.19,91.215,91.2879,87.4064,1.00265,0.752419,4770.93,181570,12240.8,0.910957,0,0,181570,0.693853,0.300741,4752.71,42.9833,4968.86,4770.93,0.693853,0
01:11:15:00:42:30,8753.21,8740.05,91.2457,91.3413,87.232,1.00217,0.75242,4772.38,181631,12244.5,0.937924,0,0,181631,0.696795,0.300201,4756.37,43,4970.38,4772.38,0.693183,0
01:11:15:00:42:31,8742.05,8744.34,91.4389,91.2999,87.2589,1.00281,0.75242,4773.84,181693,12233.9,0.92497,0,0,181693,0.696264,0.300706,4745.74,43.0167,4971.91,4773.84,0.697962,0
01:11:15:00:42:32,8751.49,8740.05,91.5398,91.153,87.4432,1.00292,0.75242,4775.29,181754,12243.8,0.896967,0,0,181754,0.696319,0.299787,4755.71,43.0333,4973.43,4775.29,0.697421,0
01:11:15:00:42:33,8748.06,8743.2,91.3634,91.2652,87.5444,1.00168,0.75242,4776.75,181815,12240.9,0.889441,0,0,181815,0.692586,0.299271,4752.76,43.05,4974.96,4776.75,0.694898,0
01:11:15:00:42:34,8760.65,8739.48,91.378,91.3907,87.3741,1.00211,0.75242,4778.21,181876,12254,0.92713,0,0,181876,0.688961,0.29895,4765.84,43.0667,4976.48,4778.21,0.690349,0
01:11:15:00:42:35,8749.49,8734.33,91.4346,91.3159,87.3872,1.00236,0.752421,4779.66,181938,12243.3,0.935767,0,0,181938,0.687619,0.299574,4755.2,43.0833,4978,4779.66,0.688358,0
01:11:15:00:42:36,8746.63,8731.75,91.3833,91.3533,87.4418,1.00223,0.752421,4781.12,181999,12241,0.985581,0,0,181999,0.688062,0.299087,4752.88,43.1,4979.52,4781.12,0.688843,0
01:11:15:00:42:37,8750.06,8734.9,91.2917,91.2718,87.3901,1.00291,0.752421,4782.58,182060,12245,1.01713,0,0,182060,0.687616,0.299118,4756.83,43.1167,4981.05,4782.58,0.687616,0
01:11:15:00:42:38,8744.91,8750.35,91.4234,91.2839,87.3037,1.00258,0.752422,4784.03,182122,12240.3,1.01277,0,0,182122,0.688768,0.299388,4752.16,43.1333,4982.57,4784.03,0.688008,0
01:11:15:00:42:39,8741.48,8736.9,91.3103,91.2051,87.4279,1.00307,0.752422,4785.49,182183,12237.4,0.934685,0,0,182183,0.691155,0.299888,4749.23,43.15,4984.09,4785.49,0.691155,0
01:11:15:00:42:40,8751.49,8736.62,91.2421,91.1557,87.3223,1.00238,0.752422,4786.95,182244,12247.9,0.92713,0,0,182244,0.691154,0.299155,4759.76,43.1667,4985.61,4786.95,0.691473,0
01:11:15:00:42:41,8753.21,8736.62,91.2887,91.2638,87.2575,1.00229,0.752423,4788.4,182306,12250.2,0.986671,0,0,182306,0.689922,0.29988,4762.02,43.1833,4987.13,4788.4,0.689922,0
01:11:15:00:42:42,8750.35,8733.47,91.4781,91.1744,87.2994,1.00297,0.752423,4789.86,182367,12247.8,0.968223,0,0,182367,0.692039,0.299898,4759.66,43.2,4988.66,4789.86,0.692039,0
01:11:15:00:42:43,8748.35,8731.18,91.281,91.2718,87.4848,1.00183,0.752424,4791.31,182428,12246.3,0.984498,0,0,182428,0.700868,0.300244,4758.14,43.2167,4990.18,4791.31,0.700868,0
01:11:15:00:42:44,8740.91,8732.9,91.294,91.3119,87.2941,1.00244,0.752424,4792.77,182490,12239.3,0.983413,0,0,182490,0.706753,0.298941,4751.21,43.2333,4991.7,4792.77,0.706753,0
01:11:15:00:42:45,8752.07,8738.62,91.0481,91.3947,87.3079,1.00205,0.752425,4794.22,182551,12251,0.971476,0,0,182551,0.711437,0.299549,4762.9,43.25,4993.22,4794.22,0.711814,0
01:11:15:00:42:46,8737.19,8732.61,91.313,91.3813,87.0719,1.00229,0.752425,4795.68,182612,12236.7,0.951979,0,0,182612,0.714021,0.299466,4748.56,43.2667,4994.74,4795.68,0.714021,0
01:11:15:00:42:47,8745.77,8732.9,91.2753,91.3653,87.3241,1.00257,0.752426,4797.13,182673,12245.8,0.906651,0,0,182673,0.711521,0.301324,4757.62,43.2833,4996.26,4797.13,0.708963,0
01:11:15:00:42:48,8756.64,8741.77,91.0937,91.4441,87.2901,1.00203,0.752427,4798.59,182734,12257.1,0.909882,0,0,182734,0.707801,0.300186,4768.99,43.3,4997.78,4798.59,0.707801,0
01:11:15:00:42:49,8749.2,8736.62,91.166,91.5442,87.1161,1.00214,0.752427,4800.04,182796,12250.2,0.89374,0,0,182796,0.709443,0.300316,4762.07,43.3167,4999.3,4800.04,0.709443,0
01:11:15:00:42:50,8754.07,8737.19,91.25,91.595,87.1852,1.00215,0.752428,4801.49,182857,12255.6,0.917422,0,0,182857,0.705179,0.299808,4767.46,43.3333,5000.82,4801.49,0.709417,0
01:11:15:00:42:51,8742.91,8734.33,91.0876,91.5496,87.2631,1.00278,0.752429,4802.95,182918,12245,0.962809,0,0,182918,0.697427,0.299574,4756.82,43.35,5002.34,4802.95,0.699338,0
01:11:15:00:42:52,8748.63,8727.17,91.3011,91.647,87.1117,1.00176,0.752429,4804.4,182979,12251.1,0.937924,0,0,182979,0.689205,0.297571,4763.02,43.3667,5003.86,4804.4,0.690012,0
01:11:15:00:42:53,8740.33,8736.9,91.4678,91.7165,87.3157,1.00181,0.75243,4805.85,183040,12243.3,0.977984,0,0,183040,0.694294,0.298802,4755.22,43.3833,5005.38,4805.85,0.691012,0
01:11:15:00:42:54,8733.18,8733.18,91.3112,91.7245,87.4742,1.00204,0.752431,4807.31,183102,12236.7,0.986671,0,0,183102,0.701867,0.299741,4748.58,43.4,5006.91,4807.31,0.700612,0
01:11:15:00:42:55,8743.77,8734.61,91.0414,91.6203,87.3244,1.00207,0.752432,4808.77,183163,12247.8,0.991015,0,0,183163,0.697372,0.300222,4759.69,43.4167,5008.43,4808.77,0.699929,0
01:11:15:00:42:56,8741.19,8743.2,91.2171,91.5522,87.065,1.00241,0.752432,4810.22,183224,12245.7,0.999709,0,0,183224,0.696117,0.301203,4757.53,43.4333,5009.95,4810.22,0.696117,0
01:11:15:00:42:57,8747.2,8730.89,91.3981,91.4868,87.233,1.00244,0.752433,4811.67,183285,12252.1,0.996446,0,0,183285,0.708082,0.301639,4763.95,43.45,5011.47,4811.67,0.706721,0
01:11:15:00:42:58,8743.48,8732.04,91.0275,91.4654,87.4066,1.0023,0.752434,4813.13,183347,12248.8,0.966053,0,0,183347,0.717542,0.300292,4760.65,43.4667,5012.99,4813.13,0.717542,0
01:11:15:00:42:59,8745.77,8727.17,91.0708,91.4307,87.0509,1.00265,0.752435,4814.58,183408,12251.5,0.94441,0,0,183408,0.707099,0.298713,4763.36,43.4833,5014.5,4814.58,0.712722,0
01:11:15:00:43:00,8744.34,8730.61,91.161,91.4881,87.0945,1.00205,0.752435,4816.03,183469,12250.4,0.96714,0,0,183469,0.69767,0.299486,4762.31,43.5,5016.02,4816.03,0.703638,0
01:11:15:00:43:01,8733.75,8738.05,91.3576,91.416,87.1801,1.00221,0.752436,4817.48,183530,12240.1,0.947652,0,0,183530,0.702102,0.299911,4751.96,43.5167,5017.54,4817.48,0.697094,0
01:11:15:00:43:02,8732.32,8728.89,91.1988,91.4027,87.3663,1.00269,0.752437,4818.94,183591,12238.9,0.957392,0,0,183591,0.706654,0.299588,4750.76,43.5333,5019.07,4818.94,0.708645,0
01:11:15:00:43:03,8742.05,8735.47,91.3651,91.3159,87.2142,1.00275,0.752438,4820.39,183652,12248.9,0.949817,0,0,183652,0.708209,0.299185,4760.73,43.55,5020.59,4820.39,0.708209,0
01:11:15:00:43:04,8741.19,8726.03,91.1122,91.4481,87.3778,1.00157,0.752438,4821.85,183714,12248.2,0.894819,0,0,183714,0.700698,0.300338,4760.12,43.5667,5022.11,4821.85,0.700698,0
01:11:15:00:43:05,8745.49,8734.9,91.173,91.2999,87.129,1.00339,0.752439,4823.3,183775,12252.7,0.898042,0,0,183775,0.695708,0.299321,4764.61,43.5833,5023.63,4823.3,0.696538,0
01:11:15:00:43:06,8740.05,8729.75,91.1057,91.2438,87.1904,1.00255,0.75244,4824.75,183836,12247.5,0.956311,0,0,183836,0.694545,0.300552,4759.33,43.6,5025.15,4824.75,0.694545,0
01:11:15:00:43:07,8734.33,8726.03,91.2883,91.2518,87.128,1.00203,0.752441,4826.21,183897,12241.9,0.964971,0,0,183897,0.694545,0.299619,4753.77,43.6167,5026.67,4826.21,0.694498,0
01:11:15:00:43:08,8740.91,8731.75,91.4664,91.2451,87.3034,1.00181,0.752441,4827.66,183959,12248.6,0.921734,0,0,183959,0.693017,0.299245,4760.52,43.6333,5028.19,4827.66,0.693192,0
01:11:15:00:43:09,8731.18,8723.74,91.3096,91.2492,87.4716,1.00238,0.752442,4829.12,184020,12239.1,0.946572,0,0,184020,0.693192,0.298627,4750.96,43.65,5029.71,4829.12,0.696795,0
01:11:15:00:43:10,8735.47,8725.46,91.3358,91.4187,87.3229,1.00203,0.752442,4830.57,184081,12243.5,0.941166,0,0,184081,0.695083,0.299156,4755.39,43.6667,5031.23,4830.57,0.694236,0
01:11:15:00:43:11,8738.33,8737.47,91.2355,91.2919,87.3439,1.0031,0.752443,4832.03,184142,12246.5,0.951979,0,0,184142,0.694236,0.29969,4758.4,43.6833,5032.76,4832.03,0.696207,0
01:11:15:00:43:12,8736.62,8733.47,91.2909,91.352,87.2536,1.00164,0.752444,4833.48,184204,12245,0.983413,0,0,184204,0.696362,0.299364,4756.83,43.7,5034.28,4833.48,0.698287,0
01:11:15:00:43:13,8743.77,8729.46,91.4563,91.376,87.3041,1.00229,0.752444,4834.94,184265,12252.3,0.94333,0,0,184265,0.698287,0.299313,4764.13,43.7167,5035.8,4834.94,0.698287,0
01:11:15:00:43:14,8738.05,8730.32,91.2995,91.388,87.4637,1.00192,0.752445,4836.4,184326,12246.7,0.975814,0,0,184326,0.698671,0.300202,4758.56,43.7333,5037.32,4836.4,0.698671,0
01:11:15:00:43:15,8747.2,8728.32,91.3045,91.5042,87.3144,1.00174,0.752445,4837.85,184387,12256,0.984498,0,0,184387,0.696853,0.298855,4767.86,43.75,5038.84,4837.85,0.695467,0
01:11:15:00:43:16,8739.76,8736.62,91.1998,91.4641,87.3177,1.00214,0.752445,4839.31,184449,12248.7,0.994274,0,0,184449,0.693796,0.30011,4760.56,43.7667,5040.37,4839.31,0.693796,0
01:11:15:00:43:17,8731.47,8728.03,91.2995,91.4147,87.2162,1.00251,0.752446,4840.76,184510,12240.5,0.983413,0,0,184510,0.70518,0.300556,4752.41,43.7833,5041.89,4840.76,0.702846,0
01:11:15:00:43:18,8737.19,8729.46,91.2209,91.2598,87.3105,1.00276,0.752446,4842.22,184571,12246.4,0.887292,0,0,184571,0.712868,0.301546,4758.28,43.8,5043.41,4842.22,0.708268,0
01:11:15:00:43:19,8738.05,8738.33,91.1071,91.1811,87.235,1.00286,0.752446,4843.67,184632,12247.4,0.865835,0,0,184632,0.717187,0.301043,4759.25,43.8167,5044.93,4843.67,0.717187,0
01:11:15:00:43:20,8742.91,8732.9,91.3064,91.1357,87.1276,1.00249,0.752447,4845.12,184694,12252.3,0.900194,0,0,184694,0.718216,0.301631,4764.22,43.8333,5046.45,4845.12,0.721254,0
01:11:15:00:43:21,8744.63,8731.47,91.2374,91.149,87.3184,1.00244,0.752447,4846.58,184755,12254.2,0.933606,0,0,184755,0.713862,0.3009,4766.04,43.85,5047.97,4846.58,0.715697,0
01:11:15:00:43:22,8740.91,8724.6,91.3593,91.1664,87.2515,1.00266,0.752447,4848.03,184816,12250.5,0.976901,0,0,184816,0.702127,0.300699,4762.42,43.8667,5049.49,4848.03,0.704823,0
01:11:15:00:43:23,8742.62,8729.46,91.4907,91.0662,87.3696,1.00226,0.752447,4849.49,184877,12252.4,0.974729,0,0,184877,0.700747,0.300068,4764.24,43.8833,5051.01,4849.49,0.701437,0
01:11:15:00:43:24,8729.18,8732.61,91.3531,91.1063,87.4949,1.00236,0.752447,4850.94,184939,12239,0.955225,0,0,184939,0.70593,0.299668,4750.83,43.9,5052.54,4850.94,0.702852,0
01:11:15:00:43:25,8732.61,8724.03,91.2458,91.117,87.3632,1.00238,0.752447,4852.4,185000,12242.4,0.950899,0,0,185000,0.70729,0.299256,4754.31,43.9167,5054.06,4852.4,0.707632,0
01:11:15:00:43:26,8746.34,8733.47,91.3955,91.181,87.2618,1.00208,0.752447,4853.86,185061,12256.2,0.932528,0,0,185061,0.703093,0.298976,4768.08,43.9333,5055.58,4853.86,0.707267,0
01:11:15:00:43:27,8739.19,8730.89,91.4284,91.2892,87.4033,1.00251,0.752447,4855.31,185122,12249.1,0.906651,0,0,185122,0.69977,0.299699,4760.97,43.95,5057.1,4855.31,0.70014,0
01:11:15:00:43:28,8740.05,8734.61,91.2302,91.3359,87.4378,1.00171,0.752447,4856.77,185184,12250,0.852981,0,0,185184,0.699114,0.297918,4761.86,43.9667,5058.63,4856.77,0.699114,0
01:11:15:00:43:29,8732.9,8731.47,91.3326,91.3666,87.2456,1.00243,0.752447,4858.23,185245,12242.9,0.889441,0,0,185245,0.704495,0.29785,4754.73,43.9833,5060.15,4858.23,0.703108,0
01:11:15:00:43:30,8744.34,8729.18,91.2719,91.3439,87.3432,1.00251,0.752447,4859.68,185306,12254.3,0.88622,0,0,185306,0.70162,0.298537,4766.2,44,5061.67,4859.68,0.704611,0
01:11:15:00:43:31,8746.63,8736.33,91.0648,91.5536,87.2874,1.00188,0.752446,4861.14,185368,12256.6,0.861549,0,0,185368,0.694311,0.29814,4768.52,44.0167,5063.19,4861.14,0.69671,0
01:11:15:00:43:32,8736.04,8727.75,91.3855,91.4694,87.0888,1.00206,0.752446,4862.59,185429,12246.1,0.900194,0,0,185429,0.694375,0.298897,4757.96,44.0333,5064.71,4862.59,0.69371,0
01:11:15:00:43:33,8744.05,8727.46,91.427,91.392,87.3936,1.00254,0.752446,4864.04,185490,12254.1,0.922815,0,0,185490,0.70987,0.299068,4765.99,44.05,5066.23,4864.04,0.706823,0
01:11:15:00:43:34,8736.62,8740.05,91.4082,91.4401,87.4368,1.00164,0.752446,4865.5,185551,12246.7,0.910957,0,0,185551,0.716592,0.298915,4758.57,44.0667,5067.76,4865.5,0.716592,0
01:11:15:00:43:35,8735.18,8731.75,91.0526,91.388,87.4167,1.00219,0.752445,4866.96,185613,12245.3,0.912037,0,0,185613,0.712342,0.298639,4757.16,44.0833,5069.28,4866.96,0.706148,0
01:11:15:00:43:36,8739.48,8734.61,91.0588,91.3813,87.0756,1.00244,0.752445,4868.41,185674,12249.6,0.926053,0,0,185674,0.703355,0.29816,4761.48,44.1,5070.8,4868.41,0.703355,0
01:11:15:00:43:37,8743.2,8732.61,91.393,91.3346,87.0813,1.00253,0.752444,4869.86,185735,12253.3,0.935767,0,0,185735,0.704677,0.299744,4765.21,44.1167,5072.32,4869.86,0.706482,0
01:11:15:00:43:38,8747.49,8725.46,91.2154,91.2585,87.4006,1.00259,0.752444,4871.32,185796,12257.6,0.91527,0,0,185796,0.706678,0.299181,4769.51,44.1333,5073.84,4871.32,0.706678,0
01:11:15:00:43:39,8737.19,8732.9,91.3762,91.2505,87.2331,1.00199,0.752444,4872.77,185857,12247.3,0.922815,0,0,185857,0.699693,0.296786,4759.21,44.15,5075.36,4872.77,0.698314,0
01:11:15:00:43:40,8731.75,8720.88,91.2622,91.36,87.3854,1.00236,0.752443,4874.23,185919,12241.9,0.910957,0,0,185919,0.690143,0.298514,4753.77,44.1667,5076.88,4874.23,0.690143,0
01:11:15:00:43:41,8736.33,8733.47,91.3304,91.3226,87.2758,1.00251,0.752443,4875.68,185980,12246.5,0.896967,0,0,185980,0.68846,0.297837,4758.35,44.1833,5078.4,4875.68,0.689539,0
01:11:15:00:43:42,8736.33,8737.47,91.3199,91.2825,87.3409,1.00255,0.752442,4877.14,186041,12246.5,0.913113,0,0,186041,0.689085,0.297273,4758.35,44.2,5079.93,4877.14,0.689085,0
01:11:15:00:43:43,8736.9,8730.61,91.3122,91.3293,87.3317,1.00232,0.752442,4878.59,186102,12247,0.920658,0,0,186102,0.686842,0.298186,4758.92,44.2167,5081.45,4878.59,0.686842,0
01:11:15:00:43:44,8743.2,8736.62,91.3907,91.2852,87.3232,1.00263,0.752441,4880.05,186164,12253.3,0.92713,0,0,186164,0.683994,0.298644,4765.22,44.2333,5082.97,4880.05,0.683981,0
01:11:15:00:43:45,8741.48,8731.18,91.2133,91.2932,87.3994,1.00231,0.752441,4881.5,186225,12251.6,0.909882,0,0,186225,0.689586,0.297886,4763.5,44.25,5084.49,4881.5,0.689586,0
01:11:15:00:43:46,8747.2,8741.77,91.3171,91.2705,87.2299,1.00228,0.75244,4882.96,186286,12257.3,0.892668,0,0,186286,0.693664,0.296034,4769.22,44.2667,5086.01,4882.96,0.693114,0
01:11:15:00:43:47,8732.32,8733.75,91.3368,91.1717,87.3288,1.00239,0.75244,4884.41,186348,12242.5,0.895893,0,0,186348,0.690662,0.297974,4754.34,44.2833,5087.53,4884.41,0.692649,0
01:11:15:00:43:48,8744.91,8731.47,91.1612,91.2198,87.3485,1.00216,0.75244,4885.87,186409,12255.1,0.861549,0,0,186409,0.694234,0.297488,4766.93,44.3,5089.06,4885.87,0.694234,0
01:11:15:00:43:49,8749.49,8733.47,91.1962,91.2665,87.179,1.00258,0.752439,4887.32,186470,12259.6,0.894819,0,0,186470,0.698509,0.296857,4771.51,44.3167,5090.57,4887.32,0.698995,0
01:11:15:00:43:50,8734.04,8732.32,91.2868,91.1811,87.2113,1.00287,0.752439,4888.78,186531,12244.2,0.91419,0,0,186531,0.698582,0.299478,4756.06,44.3333,5092.1,4888.78,0.698582,0
01:11:15:00:43:51,8739.48,8733.18,91.3438,91.2411,87.3014,1.00195,0.752438,4890.23,186593,12249.6,0.939007,0,0,186593,0.699368,0.299672,4761.5,44.35,5093.62,4890.23,0.699125,0
01:11:15:00:43:52,8732.32,8733.47,91.1941,91.2678,87.3558,1.00201,0.752438,4891.69,186654,12242.5,0.979067,0,0,186654,0.70178,0.298588,4754.34,44.3667,5095.14,4891.69,0.701328,0
01:11:15:00:43:53,8746.92,8736.9,91.3255,91.3787,87.2115,1.0023,0.752437,4893.14,186715,12257.1,0.968223,0,0,186715,0.700833,0.299088,4768.93,44.3833,5096.66,4893.14,0.702848,0
01:11:15:00:43:54,8749.2,8737.47,91.2008,91.38,87.3379,1.00211,0.752437,4894.6,186776,12259.4,0.941166,0,0,186776,0.69686,0.300244,4771.22,44.4,5098.18,4894.6,0.698778,0
01:11:15:00:43:55,8737.47,8730.89,91.1524,91.4027,87.2179,1.00229,0.752437,4896.05,186837,12247.6,0.948734,0,0,186837,0.692024,0.29766,4759.49,44.4167,5099.7,4896.05,0.694023,0
01:11:15:00:43:56,8748.35,8723.17,91.1568,91.4414,87.1715,1.00232,0.752436,4897.5,186899,12258.5,0.94441,0,0,186899,0.690452,0.297183,4770.36,44.4333,5101.22,4897.5,0.690888,0
01:11:15:00:43:57,8736.04,8742.05,91.1568,91.4988,87.1752,1.00246,0.752436,4898.96,186960,12246.2,0.934685,0,0,186960,0.699253,0.298045,4758.06,44.45,5102.74,4898.96,0.699253,0
01:11:15:00:43:58,8740.91,8734.04,91.1443,91.4921,87.1776,1.00182,0.752436,4900.41,187021,12251.1,0.885146,0,0,187021,0.713398,0.297864,4762.93,44.4667,5104.26,4900.41,0.707882,0
01:11:15:00:43:59,8737.19,8734.33,91.2832,91.4614,87.1639,1.00228,0.752436,4901.86,187082,12247.3,0.889441,0,0,187082,0.714364,0.298696,4759.21,44.4833,5105.78,4901.86,0.715064,0
01:11:15:00:44:00,8743.2,8737.47,91.5042,91.4067,87.2975,1.00209,0.752435,4903.32,187143,12253.3,0.937924,0,0,187143,0.705761,0.299115,4765.21,44.5,5107.3,4903.32,0.710052,0
01:11:15:00:44:01,8746.34,8728.03,91.4251,91.4227,87.5074,1.00246,0.752435,4904.77,187205,12256.5,0.940087,0,0,187205,0.698846,0.297933,4768.36,44.5167,5108.82,4904.77,0.700456,0
01:11:15:00:44:02,8740.33,8744.63,91.2619,91.4201,87.4316,1.00252,0.752435,4906.23,187266,12250.5,0.936845,0,0,187266,0.690694,0.297825,4762.35,44.5333,5110.35,4906.23,0.692274,0
01:11:15:00:44:03,8739.48,8728.89,91.1991,91.3039,87.2759,1.00241,0.752435,4907.69,187327,12249.6,0.904497,0,0,187327,0.693823,0.297624,4761.49,44.55,5111.87,4907.69,0.693823,0
01:11:15:00:44:04,8742.05,8741.19,91.2503,91.3947,87.2172,1.00205,0.752435,4909.14,187389,12252.2,0.931446,0,0,187389,0.699886,0.29872,4764.07,44.5667,5113.39,4909.14,0.699886,0
01:11:15:00:44:05,8737.19,8733.75,91.1954,91.3827,87.2635,1.00275,0.752435,4910.6,187450,12247.3,0.96714,0,0,187450,0.699886,0.299887,4759.21,44.5833,5114.91,4910.6,0.698941,0
01:11:15:00:44:06,8738.05,8731.47,91.5626,91.3199,87.2102,1.00296,0.752435,4912.05,187511,12248.2,0.973645,0,0,187511,0.698941,0.301724,4760.06,44.6,5116.43,4912.05,0.686473,0
01:11:15:00:44:07,8737.47,8743.77,91.4131,91.2558,87.5631,1.00251,0.752435,4913.51,187572,12247.6,0.987755,0,0,187572,0.691057,0.301832,4759.49,44.6167,5117.96,4913.51,0.686001,0
01:11:15:00:44:08,8740.62,8737.19,91.3202,91.1971,87.4185,1.00294,0.752389,4914.96,187634,12250.8,1.02149,0,0,187634,0.686001,0.301506,4762.64,44.6333,5119.48,4914.96,0.699931,0
01:11:15:00:44:09,8746.92,8751.78,91.0395,91.3974,87.3345,1.00166,0.752389,4916.42,187695,12257.1,0.932528,0,0,187695,0.695184,0.300925,4768.93,44.65,5121,4916.42,0.702482,0
01:11:15:00:44:10,8748.06,8738.05,91.3115,91.2118,87.0615,1.00286,0.752389,4917.87,187756,12258.2,0.902346,0,0,187756,0.702482,0.301158,4770.08,44.6667,5122.52,4917.87,0.706186,0
01:11:15:00:44:11,8752.07,8740.33,91.3626,91.1797,87.324,1.00223,0.752389,4919.33,187817,12262.2,0.932528,0,0,187817,0.703166,0.300949,4774.08,44.6833,5124.04,4919.33,0.706186,0
01:11:15:00:44:12,8751.21,8738.9,91.2803,91.3346,87.375,1.00167,1.0024,4920.78,187879,12261.4,0.900194,0,0,187879,0.712125,0.299789,4773.23,44.7,5125.56,4920.78,0.712125,0
01:11:15:00:44:13,8739.76,8737.76,91.3623,91.2892,87.2939,1.00231,1.0024,4922.24,187940,12249.9,0.946572,0,0,187940,0.717242,0.299849,4761.78,44.7167,5127.08,4922.24,0.717242,0
01:11:15:00:44:14,8745.77,8741.48,91.775,91.2398,87.3718,1.00243,1.0024,4923.69,188001,12255.9,0.933606,0,0,188001,0.717376,0.29981,4767.79,44.7333,5128.61,4923.69,0.715702,0
01:11:15:00:44:15,8737.19,8741.19,91.0542,91.4427,87.7693,1.0017,1.0024,4925.15,188062,12247.3,0.951979,0,0,188062,0.708548,0.300092,4759.21,44.75,5130.13,4925.15,0.708548,0
01:11:15:00:44:16,8751.78,8745.2,91.0547,91.4868,87.0754,1.00288,1.0024,4926.61,188124,12261.9,0.936845,0,0,188124,0.704137,0.299419,4773.8,44.7667,5131.65,4926.61,0.701379,0
01:11:15:00:44:17,8746.92,8741.77,90.8949,91.5282,87.0775,1.00247,1.0024,4928.06,188185,12257.1,0.879776,0,0,188185,0.693534,0.302424,4768.93,44.7833,5133.17,4928.06,0.698139,0
01:11:15:00:44:18,8746.63,8738.33,91.4424,91.5215,86.9262,1.00207,1.0024,4929.51,188246,12256.8,0.874409,0,0,188246,0.697966,0.302722,4768.65,44.8,5134.69,4929.51,0.697966,0
01:11:15:00:44:19,8755.5,8735.47,91.3158,91.3613,87.4477,1.00263,1.00239,4930.96,188307,12265.6,0.885146,0,0,188307,0.70308,0.303494,4777.52,44.8167,5136.21,4930.96,0.699667,0
01:11:15:00:44:20,8742.34,8750.06,91.3561,91.4014,87.3298,1.00181,1.00239,4932.42,188368,12252.5,0.919581,0,0,188368,0.706891,0.30201,4764.36,44.8333,5137.73,4932.42,0.706891,0
01:11:15:00:44:21,8743.77,8739.48,91.3483,91.4054,87.366,1.0024,1.00239,4933.88,188430,12253.9,0.918502,0,0,188430,0.701802,0.303871,4765.79,44.85,5139.26,4933.88,0.703054,0
01:11:15:00:44:22,8747.2,8737.47,91.656,91.5122,87.3596,1.00214,1.00239,4935.33,188491,12257.3,0.947652,0,0,188491,0.705885,0.304632,4769.22,44.8667,5140.78,4935.33,0.703012,0
01:11:15:00:44:23,8754.35,8742.62,91.4184,91.5015,87.6534,1.00225,1.00239,4936.79,188552,12264.5,0.98884,0,0,188552,0.713947,0.304286,4776.37,44.8833,5142.31,4936.79,0.710439,0
01:11:15:00:44:24,8752.35,8744.34,91.3749,91.5402,87.427,1.00204,1.00239,4938.25,188614,12262.5,0.992099,0,0,188614,0.712843,0.303419,4774.37,44.9,5143.83,4938.25,0.713449,0
01:11:15:00:44:25,8755.5,8751.78,91.1746,91.5242,87.3838,1.00247,1.00239,4939.71,188675,12265.6,0.968223,0,0,188675,0.697613,0.303792,4777.52,44.9167,5145.35,4939.71,0.703616,0
01:11:15:00:44:26,8757.21,8736.62,91.3299,91.5215,87.195,1.00172,1.00239,4941.16,188736,12267.4,1.00189,0,0,188736,0.694886,0.304007,4779.23,44.9333,5146.87,4941.16,0.694199,0
01:11:15:00:44:27,8760.36,8750.06,91.3375,91.5549,87.3436,1.0017,1.00239,4942.62,188798,12270.5,0.948734,0,0,188798,0.690989,0.304591,4782.38,44.95,5148.39,4942.62,0.690989,0
01:11:15:00:44:28,8755.78,8740.05,91.4361,91.7098,87.352,1.00143,1.00239,4944.07,188859,12265.9,0.973645,0,0,188859,0.699792,0.304392,4777.8,44.9667,5149.92,4944.07,0.695262,0
01:11:15:00:44:29,8749.78,8737.19,91.176,91.6136,87.442,1.00253,1.00238,4945.53,188920,12259.9,0.984498,0,0,188920,0.699945,0.30439,4771.79,44.9833,5151.44,4945.53,0.699945,0
01:11:15:00:44:30,8750.92,8748.63,91.2267,91.6804,87.1939,1.00238,1.00238,4946.98,188981,12261.1,1.0095,0,0,188981,0.693978,0.304138,4772.94,45,5152.96,4946.98,0.695488,0
01:11:15:00:44:31,8747.2,8745.49,91.2448,91.655,87.2426,1.00232,1.00238,4948.44,189043,12257.3,1.03021,0,0,189043,0.692176,0.30389,4769.22,45.0167,5154.48,4948.44,0.69469,0
01:11:15:00:44:32,8756.64,8757.21,91.2876,91.6136,87.2603,1.00221,1.00238,4949.89,189104,12266.8,1.05097,0,0,189104,0.700379,0.303355,4778.66,45.0333,5156,4949.89,0.700379,0
01:11:15:00:44:33,8751.49,8745.77,91.2276,91.6096,87.3021,1.00198,1.00238,4951.35,189165,12261.6,1.00515,0,0,189165,0.70231,0.302353,4773.51,45.05,5157.52,4951.35,0.70231,0
01:11:15:00:44:34,8762.94,8748.06,91.4239,91.6323,87.2433,1.00235,1.00238,4952.8,189226,12273.1,0.984498,0,0,189226,0.691812,0.301888,4784.95,45.0667,5159.04,4952.8,0.691812,0
01:11:15:00:44:35,8764.94,8748.35,91.2639,91.5816,87.43,1.00262,1.00238,4954.26,189288,12275.1,0.975814,0,0,189288,0.688243,0.30245,4786.96,45.0833,5160.57,4954.26,0.688243,0
01:11:15:00:44:36,8751.78,8746.92,91.5006,91.5936,87.2775,1.00249,1.00238,4955.71,189349,12261.9,0.939007,0,0,189349,0.692291,0.301284,4773.79,45.1,5162.09,4955.71,0.697344,0
01:11:15:00:44:37,8759.22,8746.06,91.207,91.4201,87.5043,1.00237,1.00237,4957.17,189410,12269.4,0.891595,0,0,189410,0.706944,0.30206,4781.23,45.1167,5163.61,4957.17,0.706944,0
01:11:15:00:44:38,8745.2,8755.5,91.3269,91.3079,87.223,1.00252,1.00237,4958.63,189471,12255.3,0.913113,0,0,189471,0.710399,0.300933,4767.21,45.1333,5165.13,4958.63,0.713524,0
01:11:15:00:44:39,8764.65,8756.64,91.1306,91.2758,87.3381,1.0024,1.00237,4960.08,189533,12274.8,0.951979,0,0,189533,0.713642,0.300994,4786.67,45.15,5166.65,4960.08,0.713642,0
01:11:15:00:44:40,8754.07,8748.06,91.1252,91.3146,87.1504,1.0024,1.00237,4961.53,189594,12264.2,0.973645,0,0,189594,0.714578,0.301317,4776.08,45.1667,5168.17,4961.53,0.713609,0
01:11:15:00:44:41,8765.23,8752.07,91.0398,91.2839,87.1453,1.00238,1.00237,4962.99,189655,12275.4,0.931446,0,0,189655,0.703272,0.301549,4787.24,45.1833,5169.69,4962.99,0.706633,0
01:11:15:00:44:42,8765.8,8750.63,91.2066,91.36,87.0637,1.00235,1.00237,4964.44,189716,12275.9,0.985581,0,0,189716,0.699678,0.300999,4787.81,45.2,5171.21,4964.44,0.700547,0
01:11:15:00:44:43,8753.21,8755.5,91.1824,91.2411,87.2223,1.0026,1.00237,4965.89,189777,12263.4,1.02585,0,0,189777,0.689961,0.301499,4775.22,45.2167,5172.73,4965.89,0.695013,0
01:11:15:00:44:44,8755.78,8743.77,91.1948,91.3706,87.202,1.00183,1.00237,4967.34,189839,12265.9,1.01495,0,0,189839,0.685128,0.299855,4777.8,45.2333,5174.25,4967.34,0.685827,0
01:11:15:00:44:45,8754.35,8747.2,91.2239,91.4334,87.211,1.00259,1.00236,4968.8,189900,12264.5,1.06411,0,0,189900,0.684051,0.299124,4776.37,45.25,5175.77,4968.8,0.683273,0
01:11:15:00:44:46,8763.79,8748.63,91.5285,91.2358,87.2371,1.00306,1.00236,4970.25,189961,12273.9,1.03786,0,0,189961,0.693206,0.30034,4785.81,45.2667,5177.29,4970.25,0.687953,0
01:11:15:00:44:47,8757.5,8753.5,91.2867,91.1664,87.5301,1.00261,1.00236,4971.71,190022,12267.6,0.955225,0,0,190022,0.696972,0.300145,4779.52,45.2833,5178.81,4971.71,0.696972,0
01:11:15:00:44:48,8753.78,8758.65,90.9998,91.0956,87.2977,1.00289,1.00236,4973.16,190084,12263.9,0.930366,0,0,190084,0.690861,0.298767,4775.8,45.3,5180.33,4973.16,0.69451,0
01:11:15:00:44:49,8768.66,8746.63,91.2287,91.1597,87.026,1.00221,1.00236,4974.62,190145,12278.8,0.951979,0,0,190145,0.688525,0.300061,4790.67,45.3167,5181.85,4974.62,0.688525,0
01:11:15:00:44:50,8770.66,8764.65,91.3134,91.2585,87.2456,1.00203,1.00236,4976.07,190206,12280.8,0.958472,0,0,190206,0.70245,0.300242,4792.68,45.3333,5183.37,4976.07,0.699183,0
01:11:15:00:44:51,8770.09,8744.91,91.3097,91.3426,87.327,1.00192,1.00236,4977.52,190267,12280.2,0.999709,0,0,190267,0.71339,0.299739,4792.1,45.35,5184.9,4977.52,0.708008,0
01:11:15:00:44:52,8760.08,8748.06,91.3455,91.3319,87.3222,1.00228,1.00236,4978.98,190328,12270.2,0.993185,0,0,190328,0.707372,0.300263,4782.09,45.3667,5186.42,4978.98,0.711107,0
01:11:15:00:44:53,8763.22,8750.63,91.2028,91.3987,87.3558,1.00241,1.00236,4980.44,190390,12273.4,0.986671,0,0,190390,0.706067,0.30028,4785.24,45.3833,5187.94,4980.44,0.707094,0
01:11:15:00:44:54,8751.49,8753.5,91.1971,91.5108,87.2189,1.00255,1.00236,4981.89,190451,12261.6,0.971476,0,0,190451,0.707376,0.299672,4773.51,45.4,5189.46,4981.89,0.705791,0
01:11:15:00:44:55,8763.79,8762.37,91.3568,91.5843,87.2129,1.00267,1.00235,4983.34,190512,12273.9,0.92713,0,0,190512,0.707376,0.300577,4785.81,45.4167,5190.98,4983.34,0.707738,0
01:11:15:00:44:56,8757.79,8751.78,91.3086,91.6203,87.3666,1.00241,1.00235,4984.8,190573,12267.9,0.910957,0,0,190573,0.707738,0.301706,4779.8,45.4333,5192.5,4984.8,0.708325,0
01:11:15:00:44:57,8774.09,8759.5,91.2556,91.4534,87.3191,1.0028,1.00235,4986.25,190635,12284.2,0.89374,0,0,190635,0.707759,0.300766,4796.11,45.45,5194.02,4986.25,0.707785,0
01:11:15:00:44:58,8767.23,8747.49,91.3638,91.4895,87.2701,1.00234,1.00235,4987.71,190696,12277.4,0.920658,0,0,190696,0.707785,0.301655,4789.24,45.4667,5195.54,4987.71,0.704015,0
01:11:15:00:44:59,8756.36,8746.63,91.1716,91.4748,87.374,1.00223,1.00235,4989.16,190757,12266.5,0.981239,0,0,190757,0.707188,0.301798,4778.37,45.4833,5197.07,4989.16,0.699136,0
01:11:15:00:45:00,8769.23,8752.92,91.1197,91.3266,87.1888,1.00261,1.00235,4990.62,190818,12279.4,1.0008,0,0,190818,0.699136,0.300705,4791.25,45.5,5198.59,4990.62,0.695924,0
01:11:15:00:45:01,8751.21,8747.77,91.1197,91.2211,87.1398,1.00245,1.00235,4992.07,190880,12261.4,1.00733,0,0,190880,0.695924,0.301526,4773.22,45.5167,5200.1,4992.07,0.699937,0
01:11:15:00:45:02,8765.8,8755.21,91.2733,91.2184,87.14,1.00239,1.00235,4993.52,190941,12275.9,0.982324,0,0,190941,0.700572,0.301918,4787.81,45.5333,5201.62,4993.52,0.701836,0
01:11:15:00:45:03,8758.07,8750.63,91.2307,91.2238,87.2849,1.00292,1.00235,4994.98,191002,12268.2,1.00297,0,0,191002,0.701836,0.301476,4780.09,45.55,5203.15,4994.98,0.701836,0
01:11:15:00:45:04,8758.65,8755.21,91.2223,91.2692,87.2451,1.00267,1.00235,4996.43,191063,12268.8,1.03349,0,0,191063,0.692016,0.300315,4780.66,45.5667,5204.67,4996.43,0.693624,0
01:11:15:00:45:05,8772.66,8754.07,91.2334,91.3279,87.2389,1.00219,1.00235,4997.89,191125,12282.8,1.02912,0,0,191125,0.69104,0.300933,4794.68,45.5833,5206.19,4997.89,0.690293,0
01:11:15:00:45:06,8758.36,8762.37,91.2902,91.412,87.2498,1.0021,1.00235,4999.34,191186,12268.5,0.995362,0,0,191186,0.701551,0.30024,4780.38,45.6,5207.71,4999.34,0.697993,0
01:11:15:00:45:07,8778.1,8746.63,91.1868,91.3439,87.303,1.00242,1.00235,5000.79,191247,12288.2,0.98884,0,0,191247,0.703575,0.300257,4800.12,45.6167,5209.23,5000.79,0.704342,0
01:11:15:00:45:08,8762.65,8756.36,91.2237,91.3853,87.2047,1.00223,1.00235,5002.25,191308,12272.8,1.01168,0,0,191308,0.693129,0.300935,4784.67,45.6333,5210.75,5002.25,0.698452,0
01:11:15:00:45:09,8771.23,8751.78,91.5237,91.4321,87.2408,1.00203,1.00235,5003.7,191369,12281.4,1.03895,0,0,191369,0.691332,0.300759,4793.25,45.65,5212.27,5003.7,0.690964,0
01:11:15:00:45:10,8758.07,8752.92,91.0599,91.4694,87.5268,1.00225,1.00235,5005.16,191431,12268.2,1.03786,0,0,191431,0.700889,0.299967,4780.09,45.6667,5213.79,5005.16,0.700889,0
01:11:15:00:45:11,8756.36,8759.79,91.3418,91.5042,87.0827,1.0024,1.00235,5006.61,191492,12266.5,1.02694,0,0,191492,0.707762,0.299868,4778.37,45.6833,5215.31,5006.61,0.707008,0
01:11:15:00:45:12,8766.66,8749.2,91.5334,91.4601,87.3538,1.00203,1.00235,5008.07,191553,12276.8,1.02367,0,0,191553,0.700111,0.301731,4788.67,45.7,5216.84,5008.07,0.707398,0
01:11:15:00:45:13,8769.52,8767.51,91.4085,91.4107,87.5357,1.00237,1.00235,5009.53,191614,12279.7,1.0008,0,0,191614,0.691072,0.29948,4791.53,45.7167,5218.36,5009.53,0.6931,0
01:11:15:00:45:14,8769.8,8743.77,91.1327,91.3813,87.4151,1.00268,1.00235,5010.98,191676,12280,0.977984,0,0,191676,0.686916,0.297852,4791.82,45.7333,5219.88,5010.98,0.689548,0
01:11:15:00:45:15,8763.22,8750.35,91.3012,91.2932,87.1539,1.002,1.00235,5012.44,191737,12273.4,0.980157,0,0,191737,0.69479,0.298943,4785.24,45.75,5221.4,5012.44,0.691822,0
01:11:15:00:45:16,8766.37,8750.92,91.4379,91.3586,87.3153,1.00194,1.00235,5013.89,191798,12276.5,0.932528,0,0,191798,0.705716,0.299973,4788.39,45.7667,5222.92,5013.89,0.70035,0
01:11:15:00:45:17,8750.06,8750.92,91.1272,91.2825,87.4446,1.0023,1.00235,5015.35,191859,12260.2,0.923892,0,0,191859,0.713466,0.299005,4772.08,45.7833,5224.45,5015.35,0.713324,0
01:11:15:00:45:18,8764.65,8758.36,91.2589,91.2945,87.147,1.00242,1.00235,5016.8,191921,12274.8,0.957392,0,0,191921,0.708453,0.299726,4786.67,45.8,5225.97,5016.8,0.708453,0
01:11:15:00:45:19,8757.21,8740.33,91.3989,91.2024,87.2712,1.00288,1.00235,5018.26,191982,12267.4,0.974729,0,0,191982,0.703998,0.301316,4779.23,45.8167,5227.49,5018.26,0.703681,0
01:11:15:00:45:20,8774.09,8760.36,91.3004,91.3439,87.4071,1.00235,1.00235,5019.71,192043,12284.2,0.966053,0,0,192043,0.707091,0.301238,4796.11,45.8333,5229.01,5019.71,0.707091,0
01:11:15:00:45:21,8760.93,8752.64,91.366,91.3146,87.3124,1.00249,1.00235,5021.17,192104,12271.1,0.947652,0,0,192104,0.712349,0.301761,4782.95,45.85,5230.53,5021.17,0.710033,0
01:11:15:00:45:22,8762.65,8756.36,91.4243,91.2879,87.3752,1.00248,1.00235,5022.63,192166,12272.8,0.98884,0,0,192166,0.70173,0.301261,4784.67,45.8667,5232.06,5022.63,0.70173,0
01:11:15:00:45:23,8769.8,8752.92,91.2566,91.2438,87.4314,1.00234,1.00234,5024.08,192227,12280,1.00406,0,0,192227,0.697601,0.301201,4791.82,45.8833,5233.58,5024.08,0.69742,0
01:11:15:00:45:24,8766.37,8752.07,91.3123,91.3359,87.2724,1.00199,1.00234,5025.54,192288,12276.5,0.971476,0,0,192288,0.692412,0.301608,4788.39,45.9,5235.1,5025.54,0.692412,0
01:11:15:00:45:25,8773.24,8753.78,91.4754,91.1957,87.3224,1.00285,1.00234,5026.99,192350,12283.4,0.947652,0,0,192350,0.687913,0.301118,4795.25,45.9167,5236.62,5026.99,0.687913,0
01:11:15:00:45:26,8752.35,8744.91,91.256,91.2865,87.4813,1.0021,1.00234,5028.45,192411,12262.5,0.92929,0,0,192411,0.683097,0.299641,4774.37,45.9333,5238.15,5028.45,0.68476,0
01:11:15:00:45:27,8765.8,8753.5,91.2895,91.2024,87.2699,1.00251,1.00234,5029.91,192472,12275.9,0.940087,0,0,192472,0.686571,0.298815,4787.82,45.95,5239.67,5029.91,0.687265,0
01:11:15:00:45:28,8766.08,8754.64,91.1815,91.3106,87.3028,1.00227,1.00234,5031.36,192534,12276.2,0.951979,0,0,192534,0.688019,0.299936,4788.1,45.9667,5241.19,5031.36,0.689197,0
01:11:15:00:45:29,8756.64,8760.08,91.2872,91.2305,87.1986,1.00253,1.00234,5032.81,192595,12266.8,0.96389,0,0,192595,0.694612,0.298564,4778.66,45.9833,5242.71,5032.81,0.689325,0
01:11:15:00:45:30,8774.09,8747.77,91.3375,91.2572,87.3011,1.00216,1.00234,5034.27,192656,12284.2,0.977984,0,0,192656,0.699944,0.299569,4796.11,46,5244.23,5034.27,0.699944,0
01:11:15:00:45:31,8762.65,8758.36,91.2236,91.1944,85.491,1.50099,1.00234,5035.71,192717,12272.8,0.984498,0,0,192717,0.707537,0.299502,4784.67,46.0167,5245.75,5035.71,0.70451,0
01:11:15:00:45:32,8770.09,8744.63,91.2793,91.3373,85.3861,1.50052,1.00234,5037.13,192793,12280.2,0.946572,0,0,192793,0.706185,0.306886,4792.11,46.0333,5247.27,5037.13,0.706185,0
01:11:15:00:45:33,8757.79,8751.49,91.2632,91.3907,85.4383,1.50052,1.00234,5038.56,192883,12267.9,0.949817,0,0,192883,0.721551,0.307579,4779.81,46.05,5248.79,5038.56,0.721816,0
01:11:15:00:45:34,8760.36,8754.93,91.3397,91.384,85.4179,1.50198,1.00234,5039.98,192972,12270.5,0.966053,0,0,192972,0.719669,0.306296,4782.38,46.0667,5250.32,5039.98,0.72246,0
01:11:15:00:45:35,8759.79,8750.92,91.2352,91.3893,85.4919,1.50131,1.00234,5041.4,193062,12269.9,0.984498,0,0,193062,0.711677,0.307028,4781.81,46.0833,5251.84,5041.4,0.714787,0
01:11:15:00:45:36,8766.37,8763.22,91.2555,91.3746,85.3936,1.50146,1.00234,5042.83,193152,12276.5,0.905577,0,0,193152,0.709504,0.305877,4788.39,46.1,5253.36,5042.83,0.710669,0
01:11:15:00:45:37,8767.8,8744.05,91.3542,91.3279,85.4146,1.50091,1.00234,5044.25,193242,12278,0.906651,0,0,193242,0.70964,0.304733,4789.82,46.1167,5254.88,5044.25,0.708605,0
01:11:15:00:45:38,8771.52,8762.37,91.2142,91.2919,85.5014,1.50244,1.00234,5045.68,193331,12281.7,0.92713,0,0,193331,0.712909,0.301462,4793.54,46.1333,5256.4,5045.68,0.711489,0
01:11:15:00:45:39,8765.51,8757.79,91.27,91.2318,85.3734,1.50158,1.00234,5047.1,193421,12275.7,0.961722,0,0,193421,0.710328,0.300046,4787.53,46.15,5257.92,5047.1,0.710328,0
01:11:15:00:45:40,8755.21,8751.78,91.718,91.416,85.4292,1.50061,1.00234,5048.52,193511,12265.4,0.940087,0,0,193511,0.707675,0.301421,4777.23,46.1667,5259.45,5048.52,0.708867,0
01:11:15:00:45:41,8766.37,8757.21,91.3492,91.3239,85.8459,1.50133,1.00234,5049.95,193601,12276.5,0.949817,0,0,193601,0.711004,0.30281,4788.39,46.1833,5260.97,5049.95,0.711004,0
01:11:15:00:45:42,8752.92,8744.05,91.3545,91.4201,85.5008,1.50129,1.00234,5051.38,193691,12263.1,0.985581,0,0,193691,0.710024,0.301731,4774.95,46.2,5262.49,5051.38,0.712288,0
01:11:15:00:45:43,8766.94,8763.22,91.3708,91.2972,85.5034,1.50195,1.00234,5052.8,193781,12277.1,1.01277,0,0,193781,0.710024,0.302378,4788.96,46.2167,5264.02,5052.8,0.710672,0
01:11:15:00:45:44,8756.93,8756.93,91.3791,91.3039,85.5205,1.50145,1.00234,5054.23,193871,12267.1,1.01168,0,0,193871,0.706483,0.301468,4778.95,46.2333,5265.54,5054.23,0.711132,0
01:11:15:00:45:45,8758.65,8761.22,91.1901,91.2198,85.5283,1.50143,1.00234,5055.65,193961,12268.8,0.958472,0,0,193961,0.710109,0.298736,4780.67,46.25,5267.06,5055.65,0.710044,0
01:11:15:00:45:46,8775.81,8757.5,91.1459,91.2385,85.3544,1.5006,1.00234,5057.08,194050,12286,0.904497,0,0,194050,0.708605,0.297162,4797.84,46.2667,5268.58,5057.08,0.70139,0
01:11:15:00:45:47,8766.37,8760.36,91.4146,91.2131,85.3091,1.50169,1.00234,5058.5,194140,12276.5,0.89912,0,0,194140,0.70139,0.297496,4788.38,46.2833,5270.1,5058.5,0.70109,0
01:11:15:00:45:48,8778.96,8754.93,91.1097,91.2211,85.564,1.50075,1.00234,5059.92,194230,12289.1,0.895893,0,0,194230,0.70109,0.298105,4800.93,46.3,5271.62,5059.92,0.703583,0
01:11:15:00:45:49,8755.78,8756.93,90.9825,91.3466,85.279,1.50064,1.00234,5061.35,194320,12265.9,0.922815,0,0,194320,0.701545,0.299633,4777.72,46.3167,5273.14,5061.35,0.703322,0
01:11:15:00:45:50,8772.66,8758.93,91.1327,91.4214,85.1598,1.50071,1.00234,5062.77,194409,12282.7,0.951979,0,0,194409,0.703322,0.302156,4794.58,46.3333,5274.66,5062.77,0.69349,0
01:11:15:00:45:51,8764.08,8760.93,91.1707,91.4521,85.2979,1.50139,1.00234,5064.19,194499,12274.4,0.991015,0,0,194499,0.694888,0.303452,4786.26,46.35,5276.18,5064.19,0.690389,0
01:11:15:00:45:52,8763.79,8765.51,91.3089,91.5282,85.3379,1.50016,1.00233,5065.61,194589,12275.1,1.04879,0,0,194589,0.690389,0.302091,4786.94,46.3667,5277.7,5065.61,0.698708,0
01:11:15:00:45:53,8775.53,8749.2,91.2214,91.5429,85.4631,1.50129,1.00233,5067.03,194678,12287.8,1.09043,0,0,194678,0.694435,0.30063,4799.65,46.3833,5279.22,5067.03,0.695841,0
01:11:15:00:45:54,8767.51,8769.8,91.1955,91.5189,85.3834,1.5007,1.00233,5068.46,194768,12280.8,1.09923,0,0,194768,0.694036,0.298722,4792.62,46.4,5280.74,5068.46,0.6943,0
01:11:15:00:45:55,8775.24,8748.63,91.3815,91.4895,85.3542,1.50207,1.00233,5069.88,194858,12289.5,1.11683,0,0,194858,0.69306,0.298646,4801.35,46.4167,5282.26,5069.88,0.692076,0
01:11:15:00:45:56,8762.08,8760.08,91.2556,91.5803,85.535,1.50021,1.00233,5071.3,194947,12277.3,1.13227,0,0,194947,0.692189,0.299669,4789.19,46.4333,5283.78,5071.3,0.691886,0
01:11:15:00:45:57,8771.23,8758.07,91.3698,91.663,85.4114,1.5018,1.00233,5072.73,195037,12287.5,1.19761,0,0,195037,0.690834,0.300943,4799.33,46.45,5285.3,5072.73,0.691886,0
01:11:15:00:45:58,8760.65,8750.35,91.1876,91.599,85.5218,1.50082,1.00233,5074.15,195127,12277.9,1.24552,0,0,195127,0.69378,0.302353,4789.74,46.4667,5286.83,5074.15,0.691277,0
01:11:15:00:45:59,8768.37,8769.8,91.3137,91.611,85.3478,1.50181,1.00233,5075.58,195217,12286.6,1.30155,0,0,195217,0.696527,0.301293,4798.49,46.4833,5288.35,5075.58,0.694358,0
01:11:15:00:46:00,8766.94,8750.35,91.3993,91.627,85.4689,1.50094,1.00233,5077,195307,12286.2,1.30829,0,0,195307,0.696503,0.300824,4798.1,46.5,5289.87,5077,0.696503,0
01:11:15:00:46:01,8779.24,8769.8,91.2622,91.7004,85.5463,1.5017,1.00233,5078.43,195396,12299.5,1.31055,0,0,195396,0.699143,0.29873,4811.38,46.5167,5291.39,5078.43,0.695928,0
01:11:15:00:46:02,8775.81,8759.5,91.2381,91.6991,85.4152,1.50246,1.00233,5079.85,195486,12297,1.33307,0,0,195486,0.705367,0.298307,4808.91,46.5333,5292.91,5079.85,0.705367,0
01:11:15:00:46:03,8760.93,8761.79,91.3216,91.635,85.3984,1.50088,1.00233,5081.27,195576,12283.1,1.39077,0,0,195576,0.717196,0.300775,4795.01,46.55,5294.43,5081.27,0.716195,0
01:11:15:00:46:04,8770.95,8757.5,91.2567,91.6884,85.4752,1.50123,1.00233,5082.7,195666,12294.2,1.42146,0,0,195666,0.713794,0.30167,4806.03,46.5667,5295.96,5082.7,0.717262,0
01:11:15:00:46:05,8764.08,8753.5,91.2131,91.7018,85.4161,1.5008,1.00233,5084.12,195756,12288.3,1.3647,0,0,195756,0.708425,0.300868,4800.18,46.5833,5297.48,5084.12,0.708819,0
01:11:15:00:46:06,8769.23,8768.66,91.4414,91.8086,85.3777,1.50015,1.00233,5085.55,195845,12294.4,1.3919,0,0,195845,0.708211,0.300477,4806.29,46.6,5299,5085.55,0.706624,0
01:11:15:00:46:07,8752.92,8754.64,91.316,91.8727,85.5881,1.50104,1.00233,5086.97,195935,12279.1,1.41008,0,0,195935,0.707988,0.299197,4790.95,46.6167,5300.52,5086.97,0.707673,0
01:11:15:00:46:08,8759.79,8767.8,91.2742,91.8713,85.4737,1.50022,1.00233,5088.4,196025,12286.9,1.40553,0,0,196025,0.702615,0.297729,4798.8,46.6333,5302.04,5088.4,0.705272,0
01:11:15:00:46:09,8770.09,8755.5,91.3701,91.7338,85.4298,1.50152,1.00233,5089.82,196115,12298.2,1.3851,0,0,196115,0.692456,0.298629,4810.11,46.65,5303.56,5089.82,0.692456,0
01:11:15:00:46:10,8760.65,8762.94,91.3783,91.6417,85.5209,1.50117,1.00233,5091.24,196204,12289.8,1.41918,0,0,196204,0.691629,0.301515,4801.67,46.6667,5305.09,5091.24,0.691366,0
01:11:15:00:46:11,8777.24,8752.35,91.4065,91.6777,85.5327,1.50003,1.00233,5092.67,196294,12307.4,1.40894,0,0,196294,0.690222,0.301871,4819.23,46.6833,5306.61,5092.67,0.690222,0
01:11:15:00:46:12,8752.92,8758.65,91.1535,91.7912,85.554,1.50141,1.00233,5094.1,196384,12284,1.42487,0,0,196384,0.69458,0.300661,4795.88,46.7,5308.13,5094.1,0.691138,0
01:11:15:00:46:13,8771.52,8758.93,91.3367,91.8193,85.3161,1.50172,1.00233,5095.52,196474,12303.6,1.43627,0,0,196474,0.701511,0.29908,4815.47,46.7167,5309.65,5095.52,0.699887,0
01:11:15:00:46:14,8753.78,8756.93,91.2377,91.8072,85.4889,1.50137,1.00233,5096.94,196564,12286.9,1.48544,0,0,196564,0.698753,0.299665,4798.75,46.7333,5311.17,5096.94,0.700618,0
01:11:15:00:46:15,8759.22,8762.08,91.5044,91.906,85.3978,1.50094,1.00232,5098.37,196654,12293.3,1.42715,0,0,196654,0.687057,0.300504,4805.17,46.75,5312.7,5098.37,0.691686,0
01:11:15:00:46:16,8768.09,8752.64,91.4196,91.9902,85.6484,1.50067,1.00232,5099.79,196743,12303.1,1.44996,0,0,196743,0.678602,0.302357,4815,46.7667,5314.22,5099.79,0.677575,0
01:11:15:00:46:17,8764.37,8762.65,91.2679,91.8513,85.5684,1.50084,1.00232,5101.22,196833,12300.4,1.44768,0,0,196833,0.687332,0.301808,4812.26,46.7833,5315.74,5101.22,0.680606,0
01:11:15:00:46:18,8767.51,8758.36,91.5398,91.9007,85.4274,1.50058,1.00232,5102.64,196923,12304.5,1.43057,0,0,196923,0.692211,0.300342,4816.41,46.8,5317.27,5102.64,0.69516,0
01:11:15:00:46:19,8759.79,8762.08,91.5135,91.9261,85.6809,1.50083,1.00232,5104.07,197013,12297.8,1.42601,0,0,197013,0.696124,0.298632,4809.7,46.8167,5318.79,5104.07,0.696124,0
01:11:15:00:46:20,8767.51,8754.35,91.2912,91.9007,85.6562,1.50085,1.00232,5105.5,197103,12306.5,1.44083,0,0,197103,0.695421,0.296419,4818.39,46.8333,5320.32,5105.5,0.697623,0
01:11:15:00:46:21,8766.66,8747.2,91.3612,92.1197,85.4497,1.50045,1.00232,5106.92,197193,12306.6,1.45225,0,0,197193,0.697741,0.296967,4818.5,46.85,5321.84,5106.92,0.697741,0
01:11:15:00:46:22,8755.78,8763.51,91.1242,92.1624,85.5125,1.50118,1.00232,5108.35,197283,12296.7,1.46597,0,0,197283,0.69708,0.299603,4808.62,46.8667,5323.36,5108.35,0.695091,0
01:11:15:00:46:23,8756.93,8744.63,91.1882,91.9368,85.2863,1.5024,1.00232,5109.77,197372,12298.9,1.43969,0,0,197372,0.69774,0.300256,4810.77,46.8833,5324.88,5109.77,0.69774,0
01:11:15:00:46:24,8752.64,8764.94,91.5458,91.8153,85.3491,1.50158,1.00232,5111.19,197462,12295.6,1.41805,0,0,197462,0.697955,0.302011,4807.48,46.9,5326.4,5111.19,0.696794,0
01:11:15:00:46:25,8765.23,8754.93,91.2767,91.7378,85.6874,1.5006,1.00232,5112.62,197552,12309.2,1.40439,0,0,197552,0.709027,0.302663,4821.02,46.9167,5327.93,5112.62,0.702146,0
01:11:15:00:46:26,8752.64,8757.5,91.0757,91.6857,85.4322,1.50151,1.00232,5114.04,197642,12297.5,1.39417,0,0,197642,0.711332,0.300519,4809.41,46.9333,5329.44,5114.04,0.71062,0
01:11:15:00:46:27,8764.37,8751.21,91.1881,91.603,85.2451,1.50125,1.00232,5115.47,197732,12310.3,1.42601,0,0,197732,0.708763,0.301176,4822.14,46.95,5330.96,5115.47,0.70982,0
01:11:15:00:46:28,8756.64,8746.06,91.1866,91.5229,85.3508,1.50111,1.00232,5116.89,197821,12303.6,1.42715,0,0,197821,0.704076,0.303107,4815.42,46.9667,5332.48,5116.89,0.704438,0
01:11:15:00:46:29,8763.79,8756.36,91.2626,91.631,85.3499,1.50096,1.00232,5118.31,197911,12311.7,1.4694,0,0,197911,0.698,0.302516,4823.56,46.9833,5334,5118.31,0.699865,0
01:11:15:00:46:30,8739.48,8741.19,91.1863,91.6898,85.4209,1.501,1.00232,5119.73,198001,12288.3,1.47741,0,0,198001,0.698669,0.301169,4800.2,47,5335.52,5119.73,0.697395,0
01:11:15:00:46:31,8749.78,8755.78,91.1302,91.6404,85.348,1.50141,1.00232,5121.16,198090,12299.6,1.45453,0,0,198090,0.70196,0.301159,4811.48,47.0167,5337.04,5121.16,0.70196,0
01:11:15:00:46:32,8750.92,8747.77,91.2287,91.655,85.2962,1.50121,1.00232,5122.58,198180,12301.7,1.44426,0,0,198180,0.701743,0.302314,4813.62,47.0333,5338.56,5122.58,0.702014,0
01:11:15:00:46:33,8749.2,8754.35,91.2758,91.6123,85.3878,1.50138,1.00232,5124,198270,12301,1.43855,0,0,198270,0.697174,0.30259,4812.92,47.05,5340.08,5124,0.698452,0
01:11:15:00:46:34,8768.09,8742.05,91.482,91.6257,85.4343,1.50071,1.00232,5125.43,198360,12320.9,1.41008,0,0,198360,0.696859,0.30146,4832.77,47.0667,5341.61,5125.43,0.695232,0
01:11:15:00:46:35,8745.49,8749.49,91.482,91.5963,85.6236,1.50173,1.00232,5126.85,198449,12299.3,1.37603,0,0,198449,0.698056,0.300268,4811.13,47.0833,5343.13,5126.85,0.696433,0
01:11:15:00:46:36,8760.93,8756.64,91.2755,91.6644,85.6267,1.50089,1.00232,5128.28,198539,12315.7,1.38736,0,0,198539,0.697106,0.299625,4827.57,47.1,5344.65,5128.28,0.699461,0
01:11:15:00:46:37,8740.33,8741.77,91.1847,91.7618,85.4324,1.50115,1.00232,5129.7,198629,12296.1,1.3919,0,0,198629,0.692126,0.299904,4807.98,47.1167,5346.17,5129.7,0.694228,0
01:11:15:00:46:38,8748.92,8742.62,91.0905,91.7472,85.3441,1.50207,1.00232,5131.13,198719,12305.7,1.40667,0,0,198719,0.691072,0.301189,4817.56,47.1333,5347.69,5131.13,0.691072,0
01:11:15:00:46:39,8751.49,8741.19,91.3204,91.5963,85.2543,1.50252,1.00232,5132.55,198809,12309.2,1.48773,0,0,198809,0.691072,0.302639,4821.09,47.15,5349.21,5132.55,0.690904,0
01:11:15:00:46:40,8742.34,8754.35,91.3223,91.6577,85.4728,1.50159,1.00232,5133.97,198898,12301,1.46711,0,0,198898,0.692593,0.302446,4812.91,47.1667,5350.74,5133.97,0.693814,0
01:11:15:00:46:41,8755.21,8743.77,91.2548,91.5709,85.4767,1.50099,1.00232,5135.4,198988,12314.9,1.46825,0,0,198988,0.693814,0.299672,4826.78,47.1833,5352.26,5135.4,0.698963,0
01:11:15:00:46:42,8742.34,8754.64,91.2185,91.5135,85.4103,1.50191,1.00232,5136.82,199078,12303,1.46597,0,0,199078,0.700274,0.2978,4814.92,47.2,5353.78,5136.82,0.704559,0
01:11:15:00:46:43,8763.22,8744.34,91.5566,91.5616,85.3799,1.50093,1.00232,5138.24,199168,12324.9,1.48544,0,0,199168,0.706901,0.293157,4836.79,47.2167,5355.3,5138.24,0.71173,0
01:11:15:00:46:44,8753.5,8743.77,91.1956,91.5976,85.6964,1.5009,1.00232,5139.67,199258,12316.1,1.48314,0,0,199258,0.711183,0.290674,4828.02,47.2333,5356.82,5139.67,0.710989,0
01:11:15:00:46:45,8752.35,8750.35,91.4282,91.5562,85.3551,1.50185,1.00232,5141.09,199347,12316,1.39644,0,0,199347,0.711542,0.289928,4827.86,47.25,5358.35,5141.09,0.715113,0
01:11:15:00:46:46,8748.35,8735.47,91.1411,91.4694,85.5758,1.50103,1.00232,5142.52,199437,12313,1.4226,0,0,199437,0.71529,0.29402,4824.85,47.2667,5359.87,5142.52,0.716204,0
01:11:15:00:46:47,8746.63,8754.93,91.3223,91.3666,85.3063,1.50122,1.00232,5143.94,199527,12312.3,1.44882,0,0,199527,0.715746,0.294248,4824.15,47.2833,5361.39,5143.94,0.711981,0
01:11:15:00:46:48,8750.06,8740.62,91.2572,91.4414,85.4789,1.5004,1.00232,5145.36,199617,12316.7,1.43969,0,0,199617,0.711981,0.295573,4828.55,47.3,5362.91,5145.36,0.698448,0
01:11:15:00:46:49,8745.2,8750.92,91.2876,91.6003,85.4186,1.50024,1.00232,5146.79,199707,12312.8,1.44539,0,0,199707,0.697072,0.295259,4824.65,47.3167,5364.43,5146.79,0.698803,0
01:11:15:00:46:50,8756.36,8739.48,91.2638,91.7245,85.4446,1.50093,1.00232,5148.21,199796,12324.9,1.40099,0,0,199796,0.698803,0.296333,4836.79,47.3333,5365.95,5148.21,0.693599,0
01:11:15:00:46:51,8746.63,8743.2,91.1096,91.8366,85.4248,1.50022,1.00232,5149.64,199886,12316.2,1.41008,0,0,199886,0.693608,0.295096,4828.07,47.35,5367.47,5149.64,0.692139,0
01:11:15:00:46:52,8754.07,8741.48,91.3643,91.8927,85.2755,1.5016,1.00232,5151.06,199976,12324.6,1.3919,0,0,199976,0.692139,0.293144,4836.52,47.3667,5368.99,5151.06,0.693063,0
01:11:15:00:46:53,8733.75,8732.61,91.3565,91.8286,85.5163,1.50092,1.00232,5152.48,200066,12305.3,1.39871,0,0,200066,0.692329,0.295781,4817.16,47.3833,5370.52,5152.48,0.690393,0
01:11:15:00:46:54,8752.35,8750.35,91.325,91.8046,85.504,1.50233,1.00232,5153.91,200155,12324.9,1.41235,0,0,200155,0.690393,0.297548,4836.73,47.4,5372.04,5153.91,0.692445,0
01:11:15:00:46:55,8739.76,8736.04,91.1716,91.6938,85.4742,1.50239,1.00231,5155.33,200245,12313.3,1.37829,0,0,200245,0.691718,0.301102,4825.13,47.4167,5373.56,5155.33,0.695345,0
01:11:15:00:46:56,8737.47,8742.62,91.0736,91.6323,85.3313,1.5022,1.00231,5156.76,200335,12312,1.39304,0,0,200335,0.696521,0.303746,4823.86,47.4333,5375.08,5156.76,0.697393,0
01:11:15:00:46:57,8757.5,8742.05,91.3272,91.5189,85.2395,1.50222,1.00231,5158.18,200425,12333,1.40553,0,0,200425,0.694991,0.304784,4844.87,47.45,5376.6,5158.18,0.691492,0
01:11:15:00:46:58,8742.34,8740.05,91.3037,91.5816,85.482,1.50081,1.00231,5159.6,200515,12318.8,1.44882,0,0,200515,0.687719,0.305374,4830.66,47.4667,5378.12,5159.6,0.686941,0
01:11:15:00:46:59,8756.07,8746.63,91.2436,91.5175,85.4565,1.50177,1.00231,5161.02,200604,12333.5,1.48085,0,0,200604,0.692764,0.306147,4845.37,47.4833,5379.64,5161.02,0.686941,0
01:11:15:00:47:00,8742.62,8740.62,91.2681,91.5763,85.4031,1.50099,1.00231,5162.45,200694,12321.1,1.47169,0,0,200694,0.697958,0.306663,4832.93,47.5,5381.16,5162.45,0.695133,0
01:11:15:00:47:01,8750.63,8738.9,91.4397,91.6817,85.427,1.50073,1.00231,5163.87,200784,12330.1,1.46139,0,0,200784,0.700619,0.306414,4841.95,47.5167,5382.68,5163.87,0.700619,0
01:11:15:00:47:02,8752.35,8731.75,91.2385,91.6978,85.5848,1.50151,1.00231,5165.3,200874,12332.8,1.48429,0,0,200874,0.694833,0.304357,4844.64,47.5333,5384.21,5165.3,0.69724,0
01:11:15:00:47:03,8738.33,8749.78,91.1291,91.8046,85.399,1.50081,1.00231,5166.72,200963,12319.7,1.49346,0,0,200963,0.685993,0.301546,4831.58,47.55,5385.73,5166.72,0.690387,0
01:11:15:00:47:04,8751.21,8735.76,91.3167,91.7205,85.2954,1.50116,1.00231,5168.14,201053,12333.6,1.52104,0,0,201053,0.688478,0.302516,4845.44,47.5667,5387.25,5168.14,0.684497,0
01:11:15:00:47:05,8734.9,8752.35,91.2275,91.6764,85.469,1.50169,1.00231,5169.57,201143,12318.3,1.45339,0,0,201143,0.696633,0.303248,4830.14,47.5833,5388.77,5169.57,0.689535,0
01:11:15:00:47:06,8759.22,8737.19,91.1188,91.6724,85.3881,1.50098,1.00231,5170.99,201233,12343.6,1.47398,0,0,201233,0.706006,0.301689,4855.46,47.6,5390.29,5170.99,0.703919,0
01:11:15:00:47:07,8746.92,8739.76,91.4118,91.6697,85.2842,1.50157,1.00231,5172.41,201323,12332.2,1.50609,0,0,201323,0.702258,0.300243,4844.12,47.6167,5391.81,5172.41,0.704255,0
01:11:15:00:47:08,8749.2,8739.48,91.2242,91.647,85.5562,1.50219,1.00231,5173.84,201412,12335.5,1.53716,0,0,201412,0.69574,0.298389,4847.38,47.6333,5393.33,5173.84,0.696185,0
01:11:15:00:47:09,8743.48,8728.6,91.278,91.5642,85.3815,1.50194,1.00231,5175.26,201502,12330.8,1.49461,0,0,201502,0.691363,0.296506,4842.65,47.65,5394.85,5175.26,0.690543,0
01:11:15:00:47:10,8744.34,8753.21,91.3066,91.5616,85.433,1.50164,1.00231,5176.69,201592,12332.6,1.49576,0,0,201592,0.69429,0.298403,4844.52,47.6667,5396.37,5176.69,0.69429,0
01:11:15:00:47:11,8742.62,8732.32,91.2202,91.5709,85.4628,1.50079,1.00231,5178.11,201682,12331.9,1.51759,0,0,201682,0.705986,0.298898,4843.8,47.6833,5397.89,5178.11,0.702987,0
01:11:15:00:47:12,8743.2,8747.2,91.2191,91.5789,85.3824,1.50066,1.00231,5179.53,201771,12333.5,1.51299,0,0,201771,0.705474,0.299331,4845.33,47.7,5399.41,5179.53,0.7052,0
01:11:15:00:47:13,8753.21,8737.19,91.324,91.5415,85.3777,1.50169,1.00231,5180.96,201861,12344.4,1.4694,0,0,201861,0.697281,0.298488,4856.31,47.7167,5400.93,5180.96,0.698427,0
01:11:15:00:47:14,8742.91,8738.62,91.133,91.7018,85.4809,1.50031,1.00231,5182.38,201951,12335.1,1.47398,0,0,201951,0.69795,0.298397,4847.01,47.7333,5402.45,5182.38,0.697027,0
01:11:15:00:47:15,8757.79,8752.64,91.2445,91.6964,85.2977,1.50152,1.00231,5183.8,202041,12351,1.45453,0,0,202041,0.696994,0.298485,4862.91,47.75,5403.97,5183.8,0.695974,0
01:11:15:00:47:16,8737.19,8729.46,91.55,91.663,85.3981,1.50259,1.00231,5185.23,202130,12331.4,1.46597,0,0,202130,0.697639,0.299926,4843.28,47.7667,5405.5,5185.23,0.696371,0
01:11:15:00:47:17,8754.64,8747.77,91.1635,91.7819,85.6898,1.50101,1.00231,5186.65,202220,12349.8,1.45111,0,0,202220,0.700728,0.30007,4861.69,47.7833,5407.02,5186.65,0.700728,0
01:11:15:00:47:18,8736.62,8732.04,91.1823,91.7792,85.3264,1.50147,1.00231,5188.08,202310,12332.8,1.47627,0,0,202310,0.70176,0.298536,4844.65,47.8,5408.54,5188.08,0.701975,0
01:11:15:00:47:19,8738.05,8740.05,91.3318,91.7378,85.3435,1.50162,1.00231,5189.5,202400,12335.2,1.49231,0,0,202400,0.696525,0.299249,4847.09,47.8167,5410.06,5189.5,0.696544,0
01:11:15:00:47:20,8747.49,8733.18,91.0332,91.6991,85.4872,1.50056,1.00231,5190.92,202490,12345.7,1.52564,0,0,202490,0.70242,0.3003,4857.54,47.8333,5411.58,5190.92,0.696525,0
01:11:15:00:47:21,8736.9,8740.33,91.1475,91.6724,85.2059,1.50108,1.00231,5192.34,202579,12336,1.52219,0,0,202579,0.707344,0.30108,4847.92,47.85,5413.1,5192.34,0.707344,0
01:11:15:00:47:22,8758.36,8745.2,91.3108,91.6684,85.3114,1.50146,1.00232,5193.77,202669,12358.5,1.50264,0,0,202669,0.70399,0.302241,4870.34,47.8667,5414.62,5193.77,0.707924,0
01:11:15:00:47:23,8737.47,8734.61,91.1073,91.5976,85.4624,1.50199,1.00232,5195.19,202759,12338.6,1.53831,0,0,202759,0.705916,0.300243,4850.44,47.8833,5416.14,5195.19,0.705916,0
01:11:15:00:47:24,8752.64,8736.33,91.2078,91.6938,85.2775,1.50046,1.00232,5196.61,202848,12354.7,1.51529,0,0,202848,0.709426,0.297917,4866.62,47.9,5417.66,5196.61,0.707964,0
01:11:15:00:47:25,8752.35,8728.32,91.3099,91.6791,85.369,1.50118,1.00232,5198.03,202938,12355.4,1.4797,0,0,202938,0.707717,0.2984,4867.32,47.9167,5419.18,5198.03,0.709081,0
01:11:15:00:47:26,8742.05,8743.48,91.1397,91.5482,85.4633,1.50149,1.00232,5199.46,203028,12346.1,1.46254,0,0,203028,0.703118,0.29953,4857.96,47.9333,5420.7,5199.46,0.703452,0
01:11:15:00:47:27,8750.06,8728.89,91.3152,91.4935,85.3024,1.50195,1.00232,5200.88,203117,12355.1,1.47398,0,0,203117,0.69761,0.299478,4866.94,47.95,5422.22,5200.88,0.698473,0
01:11:15:00:47:28,8734.04,8747.77,91.3309,91.5896,85.4732,1.50014,1.00232,5202.3,203207,12340,1.44083,0,0,203207,0.698704,0.298645,4851.89,47.9667,5423.74,5202.3,0.697295,0
01:11:15:00:47:29,8751.78,8734.61,91.0631,91.6243,85.4832,1.50145,1.00232,5203.73,203297,12358.8,1.43627,0,0,203297,0.699412,0.296625,4870.63,47.9833,5425.26,5203.73,0.699162,0
01:11:15:00:47:30,8742.05,8737.76,90.8975,91.6323,85.2333,1.50123,1.00232,5205.15,203387,12349.8,1.45111,0,0,203387,0.696934,0.29669,4861.7,48,5426.78,5205.15,0.696934,0
01:11:15:00:47:31,8749.78,8733.75,91.3271,91.6737,85.082,1.50022,1.00232,5206.57,203476,12358.4,1.46254,0,0,203476,0.694289,0.29987,4870.23,48.0167,5428.3,5206.57,0.694513,0
01:11:15:00:47:32,8748.35,8728.89,91.3164,91.6951,85.4802,1.50127,1.00232,5207.99,203566,12357.7,1.45911,0,0,203566,0.696812,0.302127,4869.6,48.0333,5429.82,5207.99,0.696812,0
01:11:15:00:47:33,8743.77,8750.92,91.231,91.7084,85.47,1.50133,1.00232,5209.42,203655,12354,1.47398,0,0,203655,0.69716,0.300521,4865.85,48.05,5431.34,5209.42,0.697378,0
01:11:15:00:47:34,8736.33,8726.89,91.2138,91.6457,85.3899,1.50137,1.00232,5210.84,203745,12347.2,1.50609,0,0,203745,0.692798,0.298489,4859.11,48.0667,5432.86,5210.84,0.695411,0
01:11:15:00:47:35,8743.2,8738.05,91.2454,91.6283,85.3738,1.50137,1.00232,5212.26,203835,12354.6,1.47283,0,0,203835,0.696129,0.297241,4866.44,48.0833,5434.38,5212.26,0.695025,0
01:11:15:00:47:36,8747.2,8733.75,91.0881,91.4027,85.3995,1.50244,1.00233,5213.69,203925,12359,1.50609,0,0,203925,0.695399,0.297027,4870.91,48.1,5435.9,5213.69,0.695085,0
01:11:15:00:47:37,8743.48,8737.76,91.3319,91.3933,85.2599,1.50036,1.00233,5215.11,204015,12355.8,1.5291,0,0,204015,0.693793,0.297927,4867.66,48.1167,5437.42,5215.11,0.693565,0
01:11:15:00:47:38,8740.62,8749.2,91.2613,91.4548,85.4843,1.50139,1.00233,5216.53,204104,12353.4,1.53716,0,0,204104,0.698663,0.299734,4865.27,48.1333,5438.94,5216.53,0.694094,0
01:11:15:00:47:39,8734.04,8723.46,91.0765,91.5162,85.4185,1.50132,1.00233,5217.96,204194,12347.2,1.53947,0,0,204194,0.698663,0.299767,4859.06,48.15,5440.46,5217.96,0.706762,0
01:11:15:00:47:40,8756.93,8746.34,91.0761,91.5856,85.2472,1.50085,1.00233,5219.38,204284,12370.4,1.54293,0,0,204284,0.706762,0.298913,4882.26,48.1667,5441.98,5219.38,0.709143,0
01:11:15:00:47:41,8749.49,8730.32,91.3527,91.5322,85.2447,1.50145,1.00233,5220.8,204373,12363.3,1.52449,0,0,204373,0.710521,0.299776,4875.13,48.1833,5443.5,5220.8,0.709321,0
01:11:15:00:47:42,8741.19,8735.18,91.3553,91.5215,85.506,1.50078,1.00233,5222.22,204463,12355.3,1.52449,0,0,204463,0.708932,0.301201,4867.16,48.2,5445.02,5222.22,0.706199,0
01:11:15:00:47:43,8742.91,8732.32,91.2379,91.6283,85.507,1.50119,1.00233,5223.65,204553,12357.3,1.49231,0,0,204553,0.705251,0.30028,4869.19,48.2167,5446.55,5223.65,0.704017,0
01:11:15:00:47:44,8731.75,8735.76,91.2766,91.5202,85.3936,1.50214,1.00233,5225.07,204643,12346.4,1.46025,0,0,204643,0.701154,0.299916,4858.32,48.2333,5448.07,5225.07,0.697687,0
01:11:15:00:47:45,8747.49,8738.62,91.4775,91.4187,85.4338,1.50104,1.00233,5226.49,204732,12362.5,1.43285,0,0,204732,0.698769,0.299167,4874.34,48.25,5449.59,5226.49,0.699123,0
01:11:15:00:47:46,8734.9,8736.04,91.3851,91.4681,85.6242,1.50041,1.00234,5227.92,204822,12350.2,1.43399,0,0,204822,0.69833,0.298524,4862.03,48.2667,5451.11,5227.92,0.70033,0
01:11:15:00:47:47,8755.78,8735.76,91.5086,91.5749,85.5368,1.50065,1.00234,5229.35,204912,12371.3,1.46711,0,0,204912,0.698676,0.298864,4883.2,48.2833,5452.64,5229.35,0.696661,0
01:11:15:00:47:48,8747.49,8731.47,91.2394,91.5642,85.6477,1.50195,1.00234,5230.77,205002,12363.3,1.49805,0,0,205002,0.696008,0.299612,4875.19,48.3,5454.16,5230.77,0.694776,0
01:11:15:00:47:49,8738.9,8732.61,90.9523,91.5522,85.3992,1.50097,1.00234,5232.2,205092,12355,1.49231,0,0,205092,0.694776,0.298878,4866.89,48.3167,5455.68,5232.2,0.700972,0
01:11:15:00:47:50,8740.91,8721.45,91.494,91.4668,85.1288,1.50144,1.00234,5233.62,205182,12357.3,1.45911,0,0,205182,0.700396,0.298488,4869.17,48.3333,5457.2,5233.62,0.692396,0
01:11:15:00:47:51,8732.32,8743.48,91.2798,91.5549,85.6359,1.50143,1.00234,5235.04,205271,12349,1.50954,0,0,205271,0.692396,0.300985,4860.87,48.35,5458.72,5235.04,0.6895,0
01:11:15:00:47:52,8744.63,8732.9,91.1258,91.5602,85.4388,1.50049,1.00234,5236.47,205361,12361.6,1.49346,0,0,205361,0.693759,0.300032,4873.45,48.3667,5460.24,5236.47,0.703838,0
01:11:15:00:47:53,8740.05,8733.75,91.2859,91.3907,85.2878,1.5024,1.00234,5237.89,205451,12357.2,1.48085,0,0,205451,0.703838,0.300892,4869.1,48.3833,5461.76,5237.89,0.706177,0
01:11:15:00:47:54,8748.92,8733.47,91.2608,91.3226,85.4422,1.50112,1.00234,5239.31,205541,12366.3,1.52334,0,0,205541,0.710637,0.301068,4878.16,48.4,5463.28,5239.31,0.712247,0
01:11:15:00:47:55,8742.34,8730.32,91.2819,91.3159,85.4176,1.50144,1.00234,5240.74,205630,12359.9,1.46711,0,0,205630,0.711098,0.301031,4871.78,48.4167,5464.81,5240.74,0.713623,0
01:11:15:00:47:56,8745.2,8743.2,91.2597,91.4321,85.4406,1.50056,1.00235,5242.16,205720,12363,1.44311,0,0,205720,0.712444,0.301079,4874.84,48.4333,5466.33,5242.16,0.71253,0
01:11:15:00:47:57,8742.62,8722.02,91.3705,91.5402,85.4201,1.50045,1.00235,5243.58,205810,12360.6,1.4226,0,0,205810,0.710584,0.299776,4872.46,48.45,5467.85,5243.58,0.707702,0
01:11:15:00:47:58,8740.33,8737.19,91.5433,91.7004,85.5233,1.5006,1.00235,5245.01,205900,12358.4,1.41008,0,0,205900,0.706269,0.300804,4870.25,48.4667,5469.37,5245.01,0.704913,0
01:11:15:00:47:59,8745.77,8728.89,91.2766,91.7899,85.6874,1.49997,1.00235,5246.44,205989,12363.9,1.42601,0,0,205989,0.704548,0.300344,4875.77,48.4833,5470.9,5246.44,0.704913,0
01:11:15:00:48:00,8735.47,8735.47,91.4537,91.7485,85.4355,1.5006,1.00235,5247.86,206079,12353.7,1.41463,0,0,206079,0.704689,0.299422,4865.54,48.5,5472.42,5247.86,0.704689,0
01:11:15:00:48:01,8737.19,8739.48,91.3335,91.8567,85.5994,1.50109,1.00235,5249.29,206169,12355.5,1.43969,0,0,206169,0.695777,0.301844,4867.34,48.5167,5473.94,5249.29,0.697025,0
01:11:15:00:48:02,8736.33,8731.18,91.3335,91.8807,85.4881,1.50077,1.00235,5250.71,206259,12354.7,1.45682,0,0,206259,0.688651,0.301768,4866.55,48.5333,5475.46,5250.71,0.688651,0
01:11:15:00:48:03,8752.64,8740.33,91.2041,91.9488,85.483,1.50215,1.00235,5252.14,206349,12371,1.50724,0,0,206349,0.692489,0.302525,4882.91,48.55,5476.98,5252.14,0.689425,0
01:11:15:00:48:04,8742.91,8729.18,91.3152,91.8807,85.3638,1.50163,1.00235,5253.56,206439,12361.4,1.5337,0,0,206439,0.697371,0.302979,4873.23,48.5667,5478.51,5253.56,0.6942,0
01:11:15:00:48:05,8744.05,8734.04,91.3152,91.8887,85.4705,1.50089,1.00235,5254.99,206529,12362.5,1.49002,0,0,206529,0.690651,0.302954,4874.42,48.5833,5480.03,5254.99,0.693525,0
01:11:15:00:48:06,8740.62,8730.89,91.3638,91.8072,85.471,1.50076,1.00235,5256.41,206618,12359.2,1.49805,0,0,206618,0.68679,0.300717,4871.03,48.6,5481.55,5256.41,0.687732,0
01:11:15:00:48:07,8732.32,8737.76,91.294,91.6711,85.5123,1.50189,1.00235,5257.83,206708,12350.9,1.49117,0,0,206708,0.685716,0.298961,4862.78,48.6167,5483.07,5257.83,0.685329,0
01:11:15:00:48:08,8746.06,8736.9,91.2365,91.7031,85.4523,1.50044,1.00235,5259.26,206798,12364.7,1.50724,0,0,206798,0.688187,0.299833,4876.55,48.6333,5484.59,5259.26,0.686228,0
01:11:15:00:48:09,8735.18,8739.76,91.28,91.7098,85.394,1.50166,1.00235,5260.68,206888,12353.8,1.46368,0,0,206888,0.69005,0.300235,4865.72,48.65,5486.11,5260.68,0.69005,0
01:11:15:00:48:10,8757.5,8736.9,91.4308,91.627,85.4376,1.50089,1.00236,5262.11,206978,12376.2,1.45453,0,0,206978,0.695666,0.299453,4888.08,48.6667,5487.64,5262.11,0.693614,0
01:11:15:00:48:11,8744.05,8737.19,91.4677,91.5976,85.5771,1.50132,1.00236,5263.53,207067,12362.8,1.43171,0,0,207067,0.695105,0.29797,4874.67,48.6833,5489.16,5263.53,0.695105,0
01:11:15:00:48:12,8738.62,8734.9,91.1001,91.5415,85.6106,1.50161,1.00236,5264.96,207157,12357.4,1.42715,0,0,207157,0.692183,0.296758,4869.24,48.7,5490.68,5264.96,0.691601,0
01:11:15:00:48:13,8747.2,8728.03,91.2939,91.4828,85.2694,1.50081,1.00236,5266.38,207247,12366,1.42487,0,0,207247,0.701455,0.2985,4877.82,48.7167,5492.2,5266.38,0.695888,0
01:11:15:00:48:14,8740.33,8734.33,91.3903,91.3453,85.4465,1.50201,1.00236,5267.81,207337,12359.1,1.44768,0,0,207337,0.719254,0.29989,4870.96,48.7333,5493.72,5267.81,0.713748,0
01:11:15:00:48:15,8744.91,8735.47,91.3338,91.3426,85.5402,1.50107,1.00236,5269.23,207427,12363.7,1.41918,0,0,207427,0.724621,0.299536,4875.54,48.75,5495.25,5269.23,0.721039,0
01:11:15:00:48:16,8735.47,8738.9,91.2039,91.4721,85.4891,1.50056,1.00236,5270.66,207517,12354.2,1.48429,0,0,207517,0.714068,0.299541,4866.09,48.7667,5496.77,5270.66,0.71904,0
01:11:15:00:48:17,8747.2,8736.04,91.2361,91.4868,85.3654,1.50116,1.00236,5272.08,207606,12366,1.48085,0,0,207606,0.703994,0.299002,4877.82,48.7833,5498.29,5272.08,0.708306,0
01:11:15:00:48:18,8752.35,8740.62,91.1845,91.38,85.396,1.50101,1.00236,5273.5,207696,12371.1,1.5015,0,0,207696,0.698739,0.29849,4882.97,48.8,5499.81,5273.5,0.698739,0
01:11:15:00:48:19,8749.2,8753.5,91.2682,91.4775,85.3487,1.50073,1.00236,5274.93,207786,12368,1.44198,0,0,207786,0.697807,0.298845,4879.83,48.8167,5501.33,5274.93,0.697039,0
01:11:15:00:48:20,8756.64,8733.75,91.1636,91.4267,85.4246,1.50141,1.00236,5276.35,207876,12375.4,1.4797,0,0,207876,0.693017,0.300279,4887.26,48.8333,5502.85,5276.35,0.688826,0
01:11:15:00:48:21,8757.21,8750.06,91.4551,91.364,85.3287,1.50087,1.00236,5277.77,207965,12376,1.48544,0,0,207965,0.690115,0.299236,4887.84,48.85,5504.37,5277.77,0.688482,0
01:11:15:00:48:22,8755.21,8733.75,91.3174,91.368,85.5968,1.50216,1.00236,5279.2,208055,12374,1.49576,0,0,208055,0.692114,0.297677,4885.83,48.8667,5505.89,5279.2,0.692114,0
01:11:15:00:48:23,8748.06,8744.34,91.3861,91.5162,85.4737,1.50055,1.00236,5280.62,208145,12366.8,1.51874,0,0,208145,0.697005,0.296885,4878.68,48.8833,5507.42,5280.62,0.694908,0
01:11:15:00:48:24,8753.21,8750.92,91.3966,91.4748,85.5344,1.50159,1.00236,5282.05,208235,12372,1.47398,0,0,208235,0.700095,0.297715,4883.83,48.9,5508.94,5282.05,0.700279,0
01:11:15:00:48:25,8750.06,8746.92,91.3308,91.5749,85.5476,1.50065,1.00236,5283.47,208325,12368.8,1.45339,0,0,208325,0.70649,0.29834,4880.68,48.9167,5510.46,5283.47,0.706232,0
01:11:15:00:48:26,8764.65,8754.93,91.3702,91.5763,85.482,1.50173,1.00236,5284.9,208414,12383.4,1.44654,0,0,208414,0.706523,0.297602,4895.27,48.9333,5511.99,5284.9,0.70683,0
01:11:15:00:48:27,8756.93,8744.34,91.043,91.5362,85.5211,1.50111,1.00236,5286.32,208504,12375.7,1.44539,0,0,208504,0.706607,0.297496,4887.55,48.95,5513.51,5286.32,0.70656,0
01:11:15:00:48:28,8763.79,8749.49,91.3163,91.6951,85.2182,1.50021,1.00236,5287.75,208594,12382.5,1.43627,0,0,208594,0.706774,0.297815,4894.42,48.9667,5515.02,5287.75,0.706623,0
01:11:15:00:48:29,8760.93,8747.49,91.216,91.7752,85.472,1.50077,1.00236,5289.17,208684,12379.7,1.43855,0,0,208684,0.70377,0.301272,4891.56,48.9833,5516.55,5289.17,0.70377,0
01:11:15:00:48:30,8756.07,8757.79,91.419,91.7151,85.3751,1.5016,1.00236,5290.59,208773,12374.8,1.46254,0,0,208773,0.692754,0.300566,4886.69,49,5518.07,5290.59,0.69622,0
01:11:15:00:48:31,8761.22,8753.21,91.2483,91.7191,85.5677,1.50086,1.00236,5292.02,208863,12380,1.47856,0,0,208863,0.689384,0.300967,4891.84,49.0167,5519.59,5292.02,0.689384,0
01:11:15:00:48:32,8755.78,8748.06,91.1215,91.7004,85.4035,1.50208,1.00236,5293.44,208953,12374.5,1.48314,0,0,208953,0.691754,0.299015,4886.4,49.0333,5521.11,5293.44,0.692629,0
01:11:15:00:48:33,8773.52,8758.07,91.4559,91.7165,85.2876,1.50133,1.00236,5294.86,209043,12392.3,1.41691,0,0,209043,0.687871,0.298699,4904.14,49.05,5522.63,5294.86,0.69075,0
01:11:15:00:48:34,8768.09,8762.37,91.1954,91.6777,85.5996,1.50162,1.00236,5296.29,209133,12386.8,1.39871,0,0,209133,0.687563,0.299495,4898.71,49.0667,5524.15,5296.29,0.685614,0
01:11:15:00:48:35,8766.94,8762.37,91.287,91.6177,85.3564,1.50145,1.00236,5297.71,209222,12385.7,1.37829,0,0,209222,0.69232,0.299464,4897.56,49.0833,5525.67,5297.71,0.690446,0
01:11:15:00:48:36,8777.53,8757.5,91.2299,91.4668,85.4399,1.50203,1.00236,5299.14,209312,12396.3,1.40439,0,0,209312,0.696144,0.301521,4908.15,49.1,5527.19,5299.14,0.695067,0
01:11:15:00:48:37,8773.52,8762.08,91.422,91.4815,85.3879,1.50164,1.00236,5300.56,209402,12392.3,1.42601,0,0,209402,0.702995,0.29983,4904.14,49.1167,5528.72,5300.56,0.699238,0
01:11:15:00:48:38,8779.24,8760.36,91.2859,91.3747,85.5684,1.50146,1.00236,5301.98,209492,12398,1.45225,0,0,209492,0.704355,0.299009,4909.86,49.1333,5530.24,5301.98,0.704355,0
01:11:15:00:48:39,8762.37,8764.65,91.2933,91.4067,85.4403,1.50166,1.00236,5303.41,209582,12381.1,1.44996,0,0,209582,0.709012,0.298269,4892.99,49.15,5531.76,5303.41,0.707136,0
01:11:15:00:48:40,8770.66,8762.65,91.1762,91.4294,85.4503,1.50083,1.00236,5304.83,209672,12389.4,1.46825,0,0,209672,0.706215,0.2989,4901.28,49.1667,5533.28,5304.83,0.706215,0
01:11:15:00:48:41,8777.53,8770.66,91.2745,91.3907,85.3429,1.5002,1.00236,5306.26,209761,12396.3,1.48429,0,0,209761,0.706215,0.299983,4908.15,49.1833,5534.8,5306.26,0.704842,0
01:11:15:00:48:42,8771.52,8772.66,91.1741,91.4828,85.4314,1.50115,1.00237,5307.68,209851,12390.3,1.45111,0,0,209851,0.705509,0.299486,4902.14,49.2,5536.32,5307.68,0.708064,0
01:11:15:00:48:43,8777.81,8758.07,91.2671,91.4481,85.3408,1.50022,1.00237,5309.1,209941,12396.6,1.46482,0,0,209941,0.709435,0.297784,4908.43,49.2167,5537.84,5309.1,0.710159,0
01:11:15:00:48:44,8780.67,8772.09,91.4931,91.5215,85.4251,1.50099,1.00237,5310.52,210030,12399.4,1.43171,0,0,210030,0.705306,0.298576,4911.3,49.2333,5539.37,5310.52,0.704205,0
01:11:15:00:48:45,8777.24,8763.22,91.1017,91.424,85.6346,1.50156,1.00237,5311.95,210120,12396,1.42373,0,0,210120,0.698554,0.300121,4907.86,49.25,5540.89,5311.95,0.696705,0
01:11:15:00:48:46,8776.96,8767.23,91.2977,91.6604,85.2745,1.49981,1.50116,5313.37,210210,12395.7,1.44882,0,0,210210,0.696441,0.298875,4907.58,49.2667,5542.41,5313.37,0.698354,0
01:11:15:00:48:47,8773.52,8774.38,91.1044,91.4094,85.4508,1.50181,1.50116,5314.8,210300,12392.3,1.44083,0,0,210300,0.697302,0.298558,4904.14,49.2833,5543.93,5314.8,0.692466,0
01:11:15:00:48:48,8776.96,8772.09,90.9326,91.4534,85.2719,1.50124,1.50116,5316.22,210389,12395.7,1.46254,0,0,210389,0.692466,0.297486,4907.58,49.3,5545.44,5316.22,0.691446,0
01:11:15:00:48:49,8783.54,8777.53,91.4393,91.4481,85.1136,1.50057,1.50116,5317.64,210479,12402.3,1.44882,0,0,210479,0.68414,0.299817,4914.16,49.3167,5546.96,5317.64,0.681207,0
01:11:15:00:48:50,8779.24,8769.52,91.3386,91.5415,85.5865,1.50094,1.50116,5319.06,210569,12398,1.46482,0,0,210569,0.681925,0.30033,4909.86,49.3333,5548.49,5319.06,0.685996,0
01:11:15:00:48:51,8793.26,8777.81,91.585,91.2985,85.4897,1.50164,1.50116,5320.49,210658,12412,1.49805,0,0,210658,0.685996,0.298358,4923.88,49.35,5550.01,5320.49,0.691981,0
01:11:15:00:48:52,8784.68,8780.67,91.403,91.2037,85.7231,1.50087,1.50116,5321.92,210748,12403.4,1.44539,0,0,210748,0.691981,0.29973,4915.3,49.3667,5551.54,5321.92,0.694665,0
01:11:15:00:48:53,8778.67,8776.67,91.1982,91.3787,85.5531,1.50077,1.50116,5323.34,210838,12397.4,1.42715,0,0,210838,0.700495,0.299531,4909.29,49.3833,5553.06,5323.34,0.703363,0
01:11:15:00:48:54,8780.1,8777.24,91.2357,91.2678,85.3578,1.50175,1.50116,5324.77,210928,12398.8,1.43171,0,0,210928,0.704293,0.300768,4910.72,49.4,5554.58,5324.77,0.706916,0
01:11:15:00:48:55,8782.39,8772.66,91.2838,91.2358,85.3956,1.50103,1.50116,5326.19,211018,12401.1,1.41691,0,0,211018,0.7065,0.302166,4913.01,49.4167,5556.1,5326.19,0.708612,0
01:11:15:00:48:56,8792.98,8783.25,91.2049,91.2144,85.4384,1.50162,1.50116,5327.61,211108,12411.7,1.47283,0,0,211108,0.710636,0.30185,4923.6,49.4333,5557.62,5327.61,0.708547,0
01:11:15:00:48:57,8782.96,8789.54,91.2139,91.2198,85.366,1.50123,1.50116,5329.04,211197,12401.7,1.47627,0,0,211197,0.706429,0.302644,4913.58,49.45,5559.14,5329.04,0.705124,0
01:11:15:00:48:58,8789.26,8782.39,91.269,91.2598,85.374,1.50137,1.50116,5330.46,211287,12408,1.47398,0,0,211287,0.701725,0.302573,4919.88,49.4667,5560.66,5330.46,0.6938,0
01:11:15:00:48:59,8792.12,8782.11,91.1637,91.2224,85.4262,1.50116,1.50116,5331.88,211377,12410.9,1.46254,0,0,211377,0.688588,0.302073,4922.74,49.4833,5562.18,5331.88,0.6938,0
01:11:15:00:49:00,8790.69,8780.39,91.1877,91.2892,85.3275,1.50124,1.50116,5333.31,211467,12409.4,1.44311,0,0,211467,0.685107,0.301871,4921.31,49.5,5563.7,5333.31,0.686487,0
01:11:15:00:49:01,8793.26,8780.96,91.2151,91.3867,85.3495,1.50137,1.50116,5334.73,211556,12412,1.45796,0,0,211556,0.69103,0.301574,4923.88,49.5167,5565.22,5334.73,0.69103,0
01:11:15:00:49:02,8788.4,8788.4,91.4127,91.2718,85.3738,1.50172,1.50116,5336.15,211646,12407.1,1.50264,0,0,211646,0.699276,0.30269,4919.02,49.5333,5566.74,5336.15,0.696647,0
01:11:15:00:49:03,8788.69,8783.54,91.2715,91.2411,85.5633,1.50046,1.50116,5337.58,211736,12407.4,1.51069,0,0,211736,0.697842,0.30239,4919.3,49.55,5568.26,5337.58,0.698193,0
01:11:15:00:49:04,8794.41,8791.55,91.2738,91.2972,85.4294,1.50096,1.50116,5339,211826,12413.2,1.46825,0,0,211826,0.698016,0.302197,4925.02,49.5667,5569.79,5339,0.698668,0
01:11:15:00:49:05,8789.26,8789.54,91.2507,91.2812,85.4289,1.50167,1.50116,5340.42,211915,12408,1.49461,0,0,211915,0.696671,0.302389,4919.88,49.5833,5571.31,5340.42,0.699431,0
01:11:15:00:49:06,8797.84,8784.97,91.3847,91.2011,85.4086,1.5013,1.50116,5341.85,212005,12416.6,1.50724,0,0,212005,0.703436,0.301712,4928.46,49.6,5572.83,5341.85,0.699846,0
01:11:15:00:49:07,8807.57,8795.27,91.0844,91.2211,85.5338,1.50136,1.50116,5343.27,212095,12426.3,1.53831,0,0,212095,0.70755,0.30234,4938.18,49.6167,5574.35,5343.27,0.705251,0
01:11:15:00:49:08,8796.7,8791.55,91.0662,91.2959,85.253,1.5013,1.50116,5344.7,212185,12415.4,1.55216,0,0,212185,0.705793,0.301658,4927.31,49.6333,5575.87,5344.7,0.705793,0
01:11:15:00:49:09,8800.42,8796.98,91.2706,91.368,85.2394,1.50035,1.50116,5346.12,212275,12419.2,1.51529,0,0,212275,0.692366,0.302416,4931.03,49.65,5577.39,5346.12,0.70013,0
01:11:15:00:49:10,8797.56,8792.98,91.4413,91.3586,85.4279,1.50114,1.50116,5347.54,212364,12416.3,1.48544,0,0,212364,0.687334,0.302788,4928.17,49.6667,5578.91,5347.54,0.687334,0
01:11:15:00:49:11,8803.28,8795.55,91.2859,91.38,85.5876,1.50113,1.50116,5348.96,212454,12422,1.47054,0,0,212454,0.692517,0.301576,4933.89,49.6833,5580.43,5348.96,0.689295,0
01:11:15:00:49:12,8808.14,8806.14,91.6743,91.3974,85.4426,1.50101,1.50116,5350.39,212544,12426.9,1.49117,0,0,212544,0.698924,0.300023,4938.76,49.7,5581.96,5350.39,0.69678,0
01:11:15:00:49:13,8807.57,8804.42,91.3998,91.424,85.8047,1.50142,1.50116,5351.82,212633,12426.3,1.46711,0,0,212633,0.695199,0.301145,4938.18,49.7167,5583.48,5351.82,0.697051,0
01:11:15:00:49:14,8815.01,8804.99,91.3258,91.4561,85.5498,1.50084,1.50116,5353.25,212723,12433.8,1.39985,0,0,212723,0.69372,0.299749,4945.62,49.7333,5585,5353.25,0.694598,0
01:11:15:00:49:15,8809.29,8811,90.9937,91.5108,85.4798,1.50106,1.50117,5354.67,212813,12428,1.3919,0,0,212813,0.692207,0.299271,4939.9,49.75,5586.52,5354.67,0.693841,0
01:11:15:00:49:16,8815.58,8803.28,91.1917,91.5242,85.1686,1.50115,1.50117,5356.09,212903,12434.3,1.38623,0,0,212903,0.699129,0.300249,4946.19,49.7667,5588.04,5356.09,0.696678,0
01:11:15:00:49:17,8814.15,8802.13,91.409,91.4841,85.356,1.50059,1.50117,5357.51,212993,12432.9,1.41805,0,0,212993,0.706465,0.301277,4944.76,49.7833,5589.56,5357.51,0.706465,0
01:11:15:00:49:18,8811.86,8800.7,91.2754,91.4895,85.5568,1.50129,1.50117,5358.94,213083,12430.6,1.45453,0,0,213083,0.714786,0.299535,4942.48,49.8,5591.09,5358.94,0.710784,0
01:11:15:00:49:19,8815.29,8804.42,91.1937,91.5976,85.4327,1.50105,1.50117,5360.36,213172,12434,1.45225,0,0,213172,0.712598,0.299538,4945.91,49.8167,5592.61,5360.36,0.712598,0
01:11:15:00:49:20,8802.71,8813.29,91.2085,91.5749,85.3539,1.50169,1.50117,5361.79,213262,12421.4,1.49805,0,0,213262,0.704312,0.300816,4933.32,49.8333,5594.13,5361.79,0.709397,0
01:11:15:00:49:21,8809,8804.14,91.3928,91.5135,85.3711,1.50076,1.50117,5363.21,213352,12427.7,1.48658,0,0,213352,0.699116,0.299976,4939.61,49.85,5595.65,5363.21,0.698755,0
01:11:15:00:49:22,8816.72,8814.72,91.1211,91.659,85.5428,1.50096,1.50117,5364.63,213442,12435.5,1.4694,0,0,213442,0.700166,0.300091,4947.34,49.8667,5597.17,5364.63,0.700166,0
01:11:15:00:49:23,8817.01,8808.14,91.2305,91.6136,85.2887,1.50093,1.50118,5366.06,213531,12435.8,1.45225,0,0,213531,0.694726,0.299796,4947.62,49.8833,5598.69,5366.06,0.694726,0
01:11:15:00:49:24,8817.58,8802.42,91.1216,91.5669,85.3914,1.50083,1.50118,5367.48,213621,12436.3,1.42829,0,0,213621,0.688267,0.299707,4948.19,49.9,5600.21,5367.48,0.688901,0
01:11:15:00:49:25,8811.86,8805.28,91.4587,91.5509,85.2898,1.50076,1.50118,5368.9,213711,12430.6,1.41349,0,0,213711,0.691215,0.300074,4942.47,49.9167,5601.73,5368.9,0.689099,0
01:11:15:00:49:26,8807.28,8800.7,91.0965,91.7071,85.6048,1.50089,1.50118,5370.33,213800,12426,1.43513,0,0,213800,0.688775,0.300869,4937.89,49.9333,5603.25,5370.33,0.689712,0
01:11:15:00:49:27,8812.43,8811.86,91.0422,91.7351,85.2656,1.50094,1.50118,5371.75,213890,12431.2,1.46711,0,0,213890,0.687627,0.299205,4943.04,49.95,5604.77,5371.75,0.688472,0
01:11:15:00:49:28,8804.99,8800.13,91.0409,91.8273,85.2148,1.50093,1.50119,5373.17,213980,12423.7,1.44426,0,0,213980,0.688576,0.300572,4935.6,49.9667,5606.29,5373.17,0.685513,0
01:11:15:00:49:29,8817.87,8810.14,91.2719,91.7311,85.2128,1.50116,1.50119,5374.59,214070,12436.6,1.51299,0,0,214070,0.69657,0.30191,4948.48,49.9833,5607.81,5374.59,0.691987,0
01:11:15:00:49:30,8819.87,8816.44,91.3607,91.6924,85.4296,1.50101,1.50119,5376.01,214159,12438.6,1.4992,0,0,214159,0.704683,0.301063,4950.48,50,5609.33,5376.01,0.704683,0
01:11:15:00:49:31,8812.15,8810.72,91.2997,91.5629,85.5076,1.5024,1.50119,5377.44,214249,12430.9,1.50839,0,0,214249,0.707568,0.299408,4942.76,50.0167,5610.85,5377.44,0.706128,0
01:11:15:00:49:32,8815.29,8809.86,91.2064,91.643,85.4567,1.5007,1.50119,5378.86,214339,12434,1.55793,0,0,214339,0.705891,0.299594,4945.9,50.0333,5612.37,5378.86,0.706353,0
01:11:15:00:49:33,8817.87,8804.14,91.2939,91.6537,85.367,1.50134,1.5012,5380.28,214428,12436.6,1.54985,0,0,214428,0.707832,0.300154,4948.48,50.05,5613.89,5380.28,0.706893,0
01:11:15:00:49:34,8828.17,8809.57,91.343,91.7058,85.4506,1.50089,1.5012,5381.71,214518,12446.9,1.48888,0,0,214518,0.711662,0.299359,4958.78,50.0667,5615.41,5381.71,0.710404,0
01:11:15:00:49:35,8814.72,8813.86,91.3953,91.5749,85.4945,1.50147,1.5012,5383.13,214608,12433.5,1.45453,0,0,214608,0.713806,0.299335,4945.33,50.0833,5616.94,5383.13,0.713426,0
01:11:15:00:49:36,8809,8809,91.106,91.7098,85.5447,1.50109,1.5012,5384.56,214698,12427.7,1.47856,0,0,214698,0.715158,0.300534,4939.61,50.1,5618.46,5384.56,0.71431,0
01:11:15:00:49:37,8819.87,8812.72,91.0523,91.6243,85.273,1.50135,1.50121,5385.98,214788,12438.6,1.47169,0,0,214788,0.709701,0.299774,4950.48,50.1167,5619.98,5385.98,0.711665,0
01:11:15:00:49:38,8813,8820.16,91.2879,91.7805,85.2268,1.50026,1.50121,5387.4,214877,12431.7,1.4969,0,0,214877,0.706135,0.298776,4943.61,50.1333,5621.5,5387.4,0.709064,0
01:11:15:00:49:39,8822.45,8808.14,91.227,91.8086,85.443,1.50142,1.50121,5388.83,214967,12441.2,1.48773,0,0,214967,0.708705,0.299164,4953.05,50.15,5623.02,5388.83,0.708705,0
01:11:15:00:49:40,8820.73,8811.86,91.3601,91.6978,85.3849,1.50174,1.50121,5390.25,215057,12439.5,1.4694,0,0,215057,0.707595,0.299131,4951.34,50.1667,5624.54,5390.25,0.709252,0
01:11:15:00:49:41,8819.58,8804.42,91.3501,91.7392,85.5095,1.50174,1.50122,5391.67,215146,12438.3,1.47398,0,0,215146,0.696817,0.299062,4950.19,50.1833,5626.06,5391.67,0.703726,0
01:11:15:00:49:42,8815.29,8808.71,91.2733,91.5883,85.5005,1.50161,1.50122,5393.1,215236,12434,1.4992,0,0,215236,0.693126,0.2983,4945.9,50.2,5627.58,5393.1,0.694379,0
01:11:15:00:49:43,8812.43,8815.87,91.2733,91.7111,85.4317,1.50078,1.50122,5394.52,215326,12431.2,1.4797,0,0,215326,0.693126,0.300052,4943.04,50.2167,5629.1,5394.52,0.693439,0
01:11:15:00:49:44,8813.29,8809.29,91.1947,91.7218,85.4313,1.50088,1.50122,5395.95,215416,12432,1.43399,0,0,215416,0.692843,0.29951,4943.9,50.2333,5630.62,5395.95,0.692204,0
01:11:15:00:49:45,8822.45,8821.02,91.3271,91.7699,85.3605,1.50013,1.50122,5397.37,215506,12441.2,1.42032,0,0,215506,0.694607,0.298298,4953.05,50.25,5632.15,5397.37,0.697287,0
01:11:15:00:49:46,8813.86,8807.28,91.4103,91.7992,85.4822,1.50074,1.50123,5398.79,215595,12432.6,1.42032,0,0,215595,0.699829,0.299245,4944.47,50.2667,5633.67,5398.79,0.710019,0
01:11:15:00:49:47,8818.15,8806.14,91.2638,91.8633,85.5566,1.5017,1.50123,5400.22,215685,12436.9,1.39304,0,0,215685,0.710019,0.299278,4948.76,50.2833,5635.19,5400.22,0.710506,0
01:11:15:00:49:48,8818.15,8811,91.4125,91.9141,85.4248,1.50023,1.50123,5401.64,215775,12436.9,1.44311,0,0,215775,0.70851,0.298094,4948.76,50.3,5636.71,5401.64,0.704836,0
01:11:15:00:49:49,8811.57,8808.71,91.4125,91.9007,85.5604,1.50123,1.50123,5403.07,215865,12430.3,1.44882,0,0,215865,0.704836,0.299399,4942.18,50.3167,5638.24,5403.07,0.703368,0
01:11:15:00:49:50,8818.73,8816.72,91.2072,91.8446,85.56,1.50134,1.50124,5404.49,215955,12437.5,1.50379,0,0,215955,0.702913,0.300157,4949.33,50.3333,5639.76,5404.49,0.702037,0
01:11:15:00:49:51,8806.14,8803.56,91.1466,91.834,85.3672,1.50148,1.50124,5405.92,216044,12424.9,1.51644,0,0,216044,0.701753,0.299502,4936.75,50.35,5641.28,5405.92,0.685653,0
01:11:15:00:49:52,8819.87,8812.72,91.1389,91.7578,85.3121,1.50107,1.50124,5407.34,216134,12438.6,1.50724,0,0,216134,0.685653,0.300089,4950.48,50.3667,5642.8,5407.34,0.674835,0
01:11:15:00:49:53,8815.29,8815.58,90.8713,91.8219,85.3048,1.50108,1.50124,5408.76,216224,12434,1.52679,0,0,216224,0.67709,0.300162,4945.9,50.3833,5644.31,5408.76,0.677468,0
01:11:15:00:49:54,8816.44,8817.87,91.2571,91.627,85.0521,1.5017,1.50124,5410.18,216314,12435.2,1.45453,0,0,216314,0.68043,0.299467,4947.04,50.4,5645.83,5410.18,0.682508,0
01:11:15:00:49:55,8827.02,8811.29,91.162,91.6711,85.414,1.50148,1.50125,5411.6,216403,12445.8,1.42601,0,0,216403,0.686628,0.301662,4957.63,50.4167,5647.35,5411.6,0.69051,0
01:11:15:00:49:56,8821.02,8810.14,91.1923,91.5736,85.3222,1.50225,1.50125,5413.03,216493,12439.7,1.41691,0,0,216493,0.696206,0.299709,4951.62,50.4333,5648.87,5413.03,0.69643,0
01:11:15:00:49:57,8834.46,8811.86,91.3,91.5642,85.3529,1.5016,1.50125,5414.45,216582,12453.2,1.44882,0,0,216582,0.699673,0.299553,4965.07,50.45,5650.39,5414.45,0.697469,0
01:11:15:00:49:58,8811.86,8812.15,91.1624,91.4147,85.453,1.50179,1.50125,5415.87,216672,12430.6,1.45911,0,0,216672,0.698056,0.300654,4942.47,50.4667,5651.91,5415.87,0.697963,0
01:11:15:00:49:59,8817.87,8811.57,91.3632,91.4628,85.327,1.50103,1.50125,5417.29,216762,12436.6,1.47856,0,0,216762,0.698887,0.300146,4948.48,50.4833,5653.43,5417.29,0.697963,0
01:11:15:00:50:00,8824.16,8816.72,91.1759,91.5255,85.5142,1.50123,1.50125,5418.72,216852,12442.9,1.51069,0,0,216852,0.701509,0.298809,4954.77,50.5,5654.95,5418.72,0.701509,0
01:11:15:00:50:01,8815.58,8824.16,91.3904,91.4427,85.3394,1.50108,1.50125,5420.14,216941,12434.3,1.53601,0,0,216941,0.706843,0.298173,4946.19,50.5167,5656.48,5420.14,0.704549,0
01:11:15:00:50:02,8827.02,8806.71,90.9482,91.4748,85.5417,1.50067,1.50126,5421.57,217031,12445.8,1.54754,0,0,217031,0.703307,0.300507,4957.63,50.5333,5657.99,5421.57,0.703307,0
01:11:15:00:50:03,8821.59,8817.3,91.1547,91.3893,85.1259,1.5012,1.50126,5422.99,217121,12440.3,1.57528,0,0,217121,0.695943,0.299077,4952.19,50.55,5659.51,5422.99,0.697622,0
01:11:15:00:50:04,8831.32,8808.14,91.1983,91.4134,85.3205,1.50084,1.50126,5424.41,217211,12450,1.51759,0,0,217211,0.699179,0.29971,4961.92,50.5667,5661.03,5424.41,0.698374,0
01:11:15:00:50:05,8819.58,8814.72,91.2229,91.3706,85.3574,1.50189,1.50126,5425.83,217300,12438.3,1.51989,0,0,217300,0.714206,0.299842,4950.19,50.5833,5662.55,5425.83,0.713296,0
01:11:15:00:50:06,8819.87,8816.72,91.0834,91.3066,85.3808,1.50178,1.50126,5427.25,217390,12438.6,1.47283,0,0,217390,0.712787,0.299094,4950.48,50.6,5664.07,5427.25,0.71541,0
01:11:15:00:50:07,8816.72,8808.71,90.9421,91.1997,85.2545,1.50064,1.50126,5428.68,217480,12435.5,1.45682,0,0,217480,0.704802,0.298952,4947.33,50.6167,5665.59,5428.68,0.708077,0
01:11:15:00:50:08,8828.74,8827.02,91.2609,91.1223,85.1167,1.50217,1.50126,5430.1,217569,12447.5,1.4694,0,0,217569,0.702686,0.29959,4959.35,50.6333,5667.11,5430.1,0.703974,0
01:11:15:00:50:09,8822.45,8811,91.1237,91.2118,85.42,1.50081,1.50126,5431.52,217659,12441.2,1.46825,0,0,217659,0.704577,0.299479,4953.05,50.65,5668.63,5431.52,0.704577,0
01:11:15:00:50:10,8828.17,8820.73,91.0278,91.3546,85.2931,1.50037,1.50126,5432.94,217748,12446.9,1.50035,0,0,217748,0.707876,0.29837,4958.77,50.6667,5670.14,5432.94,0.707103,0
01:11:15:00:50:11,8830.17,8817.58,91.3298,91.396,85.2017,1.50083,1.50126,5434.36,217838,12448.9,1.48888,0,0,217838,0.697034,0.299409,4960.78,50.6833,5671.66,5434.36,0.704688,0
01:11:15:00:50:12,8832.17,8817.58,91.3178,91.2665,85.4836,1.50107,1.50126,5435.78,217928,12450.9,1.52104,0,0,217928,0.692515,0.298967,4962.78,50.7,5673.19,5435.78,0.692434,0
01:11:15:00:50:13,8833.32,8821.59,91.2293,91.1837,85.473,1.50089,1.50126,5437.21,218017,12452.1,1.51069,0,0,218017,0.687926,0.29824,4963.93,50.7167,5674.71,5437.21,0.691487,0
01:11:15:00:50:14,8824.16,8808.71,91.4355,91.0903,85.3869,1.50176,1.50126,5438.63,218107,12442.9,1.4694,0,0,218107,0.683051,0.298432,4954.77,50.7333,5676.23,5438.63,0.682427,0
01:11:15:00:50:15,8834.46,8824.45,91.1655,91.0475,85.5782,1.50224,1.50126,5440.06,218197,12453.2,1.41463,0,0,218197,0.689158,0.298671,4965.07,50.75,5677.75,5440.06,0.687599,0
01:11:15:00:50:16,8823.3,8820.73,91.552,91.165,85.3328,1.50022,1.50126,5441.48,218287,12442,1.46025,0,0,218287,0.697472,0.299389,4953.91,50.7667,5679.27,5441.48,0.69626,0
01:11:15:00:50:17,8820.44,8824.16,91.5884,91.3226,85.6934,1.50055,1.50126,5442.91,218377,12439.2,1.49576,0,0,218377,0.697707,0.299705,4951.05,50.7833,5680.8,5442.91,0.697814,0
01:11:15:00:50:18,8834.46,8816.44,90.9096,91.3813,85.7255,1.5011,1.50126,5444.33,218466,12453.2,1.48429,0,0,218466,0.703438,0.298713,4965.07,50.8,5682.32,5444.33,0.703438,0
01:11:15:00:50:19,8825.88,8820.16,91.2865,91.5229,85.0909,1.50088,1.50126,5445.76,218556,12444.6,1.48544,0,0,218556,0.707943,0.298809,4956.49,50.8167,5683.84,5445.76,0.707943,0
01:11:15:00:50:20,8842.76,8815.87,91.1488,91.5389,85.4395,1.50203,1.50126,5447.18,218646,12461.5,1.49231,0,0,218646,0.702636,0.301672,4973.37,50.8333,5685.36,5447.18,0.701927,0
01:11:15:00:50:21,8823.3,8816.15,91.3194,91.5896,85.3133,1.5013,1.50126,5448.6,218736,12442,1.482,0,0,218736,0.699926,0.301572,4953.91,50.85,5686.88,5448.6,0.699926,0
01:11:15:00:50:22,8831.32,8817.87,91.2258,91.5936,85.4718,1.50161,1.50126,5450.02,218825,12450.1,1.51414,0,0,218825,0.702134,0.3018,4961.92,50.8667,5688.4,5450.02,0.697964,0
01:11:15:00:50:23,8823.02,8816.15,91.4617,91.6697,85.3857,1.50121,1.50126,5451.45,218915,12441.8,1.50609,0,0,218915,0.691673,0.30124,4953.63,50.8833,5689.92,5451.45,0.691673,0
01:11:15:00:50:24,8819.01,8828.17,91.2737,91.7031,85.6074,1.50095,1.50126,5452.87,219005,12437.7,1.47054,0,0,219005,0.685783,0.301289,4949.62,50.9,5691.45,5452.87,0.685783,0
01:11:15:00:50:25,8831.32,8813.29,91.2418,91.6417,85.429,1.50161,1.50125,5454.3,219095,12450.1,1.42715,0,0,219095,0.6906,0.301109,4961.92,50.9167,5692.97,5454.3,0.687725,0
01:11:15:00:50:26,8830.46,8823.3,91.3025,91.5843,85.3989,1.50168,1.50125,5455.72,219185,12449.2,1.48314,0,0,219185,0.689303,0.300516,4961.06,50.9333,5694.49,5455.72,0.691532,0
01:11:15:00:50:27,8837.04,8825.31,91.4569,91.4881,85.4558,1.50168,1.50125,5457.15,219275,12455.8,1.50379,0,0,219275,0.692519,0.300233,4967.64,50.95,5696.01,5457.15,0.691365,0
01:11:15:00:50:28,8827.31,8822.45,91.1473,91.4521,85.6023,1.50112,1.50125,5458.57,219364,12446,1.47856,0,0,219364,0.696257,0.300125,4957.92,50.9667,5697.53,5458.57,0.694681,0
01:11:15:00:50:29,8824.73,8821.02,91.1957,91.4494,85.3106,1.50164,1.50125,5460,219454,12443.5,1.46254,0,0,219454,0.695179,0.298472,4955.34,50.9833,5699.05,5460,0.695179,0
01:11:15:00:50:30,8818.15,8807,91.1568,91.4481,85.3569,1.50137,1.50125,5461.42,219544,12436.9,1.482,0,0,219544,0.688374,0.29943,4948.76,51,5700.57,5461.42,0.691473,0
01:11:15:00:50:31,8827.88,8828.17,91.2789,91.3733,85.3189,1.50182,1.50125,5462.84,219634,12446.6,1.50264,0,0,219634,0.68928,0.29933,4958.49,51.0167,5702.09,5462.84,0.68928,0
01:11:15:00:50:32,8829.03,8812.43,91.1957,91.3426,85.4349,1.50133,1.50124,5464.26,219723,12447.8,1.50035,0,0,219723,0.696885,0.299057,4959.63,51.0333,5703.61,5464.26,0.693811,0
01:11:15:00:50:33,8818.15,8820.44,91.3282,91.3132,85.3557,1.50172,1.50124,5465.69,219813,12436.9,1.47856,0,0,219813,0.702423,0.299426,4948.76,51.05,5705.13,5465.69,0.70011,0
01:11:15:00:50:34,8825.31,8813,91.1479,91.2852,85.482,1.5011,1.50124,5467.11,219903,12444,1.41235,0,0,219903,0.705388,0.299346,4955.92,51.0667,5706.65,5467.11,0.704666,0
01:11:15:00:50:35,8823.02,8815.58,91.428,91.2652,85.3139,1.50088,1.50124,5468.53,219993,12441.8,1.39758,0,0,219993,0.709215,0.300178,4953.63,51.0833,5708.18,5468.53,0.706342,0
01:11:15:00:50:36,8833.03,8818.73,91.4548,91.2425,85.5769,1.50066,1.50124,5469.96,220082,12451.8,1.41805,0,0,220082,0.710784,0.30071,4963.64,51.1,5709.7,5469.96,0.710554,0
01:11:15:00:50:37,8823.02,8808.71,91.592,91.4588,85.6042,1.50006,1.50124,5471.38,220172,12441.8,1.44426,0,0,220172,0.713078,0.300079,4953.63,51.1167,5711.23,5471.38,0.709906,0
01:11:15:00:50:38,8838.18,8822.16,91.2966,91.4534,85.729,1.50105,1.50123,5472.81,220262,12456.9,1.47856,0,0,220262,0.713888,0.300075,4968.79,51.1333,5712.75,5472.81,0.713888,0
01:11:15:00:50:39,8818.73,8817.01,91.3913,91.5135,85.4532,1.50087,1.50123,5474.24,220352,12437.5,1.45568,0,0,220352,0.713871,0.298747,4949.34,51.15,5714.27,5474.24,0.714158,0
01:11:15:00:50:40,8820.16,8821.59,91.1708,91.5215,85.5358,1.5025,1.50123,5475.66,220442,12438.9,1.44654,0,0,220442,0.703063,0.299978,4950.77,51.1667,5715.79,5475.66,0.703063,0
01:11:15:00:50:41,8833.03,8817.58,91.1043,91.4641,85.3358,1.50076,1.50123,5477.09,220532,12451.8,1.46482,0,0,220532,0.695932,0.299348,4963.64,51.1833,5717.31,5477.09,0.695269,0
01:11:15:00:50:42,8827.6,8827.02,91.441,91.5335,85.2714,1.50136,1.50123,5478.51,220622,12446.3,1.50609,0,0,220622,0.695932,0.30107,4958.21,51.2,5718.83,5478.51,0.697091,0
01:11:15:00:50:43,8841.04,8814.72,91.2379,91.5936,85.5887,1.50078,1.50122,5479.93,220711,12459.8,1.52449,0,0,220711,0.697949,0.301377,4971.65,51.2167,5720.36,5479.93,0.705894,0
01:11:15:00:50:44,8818.15,8814.72,91.3968,91.6444,85.398,1.50093,1.50122,5481.36,220801,12436.9,1.44996,0,0,220801,0.708782,0.300984,4948.77,51.2333,5721.88,5481.36,0.710122,0
01:11:15:00:50:45,8833.03,8818.73,91.3618,91.4935,85.5434,1.50184,1.50122,5482.78,220891,12451.8,1.41805,0,0,220891,0.709836,0.30217,4963.64,51.25,5723.4,5482.78,0.699092,0
01:11:15:00:50:46,8821.3,8815.01,91.2996,91.4334,85.5108,1.5018,1.50122,5484.21,220981,12440,1.41691,0,0,220981,0.69909,0.300297,4951.91,51.2667,5724.92,5484.21,0.691017,0
01:11:15:00:50:47,8823.02,8817.87,91.2258,91.3733,85.4528,1.50172,1.50122,5485.63,221071,12441.8,1.42715,0,0,221071,0.691017,0.300392,4953.63,51.2833,5726.44,5485.63,0.692371,0
01:11:15:00:50:48,8827.31,8808.43,91.3029,91.3039,85.3862,1.50106,1.50121,5487.06,221160,12446,1.43855,0,0,221160,0.690769,0.30069,4957.92,51.3,5727.97,5487.06,0.696675,0
01:11:15:00:50:49,8829.88,8824.16,91.19,91.4641,85.4613,1.50025,1.50121,5488.48,221250,12448.6,1.42829,0,0,221250,0.696675,0.29963,4960.5,51.3167,5729.49,5488.48,0.702072,0
01:11:15:00:50:50,8834.75,8819.58,91.1555,91.4027,85.3521,1.50121,1.50121,5489.9,221340,12453.5,1.48544,0,0,221340,0.700458,0.300349,4965.36,51.3333,5731.01,5489.9,0.702142,0
01:11:15:00:50:51,8821.3,8822.16,91.2358,91.5629,85.3239,1.50009,1.50121,5491.33,221430,12440,1.53831,0,0,221430,0.702142,0.300523,4951.91,51.35,5732.52,5491.33,0.703764,0
01:11:15:00:50:52,8835.89,8818.15,90.9635,91.5429,85.3956,1.50106,1.50121,5492.75,221519,12454.6,1.51529,0,0,221519,0.700985,0.300552,4966.5,51.3667,5734.04,5492.75,0.716332,0
01:11:15:00:50:53,8833.6,8812.43,91.0979,91.5309,85.1395,1.50138,1.50121,5494.17,221609,12452.3,1.51414,0,0,221609,0.716332,0.301154,4964.22,51.3833,5735.56,5494.17,0.72173,0
01:11:15:00:50:54,8828.74,8825.02,91.2166,91.5002,85.2669,1.50097,1.5012,5495.59,221699,12447.5,1.47627,0,0,221699,0.720371,0.301401,4959.35,51.4,5737.08,5495.59,0.713959,0
01:11:15:00:50:55,8825.88,8807.85,91.1966,91.4574,85.3764,1.50137,1.5012,5497.01,221788,12444.6,1.45568,0,0,221788,0.712233,0.301104,4956.49,51.4167,5738.6,5497.01,0.713959,0
01:11:15:00:50:56,8825.59,8827.6,91.1966,91.5162,85.3588,1.50108,1.5012,5498.43,221878,12444.3,1.482,0,0,221878,0.70877,0.301505,4956.21,51.4333,5740.12,5498.43,0.71002,0
01:11:15:00:50:57,8830.46,8816.72,91.2091,91.4201,85.3537,1.50249,1.5012,5499.86,221967,12449.2,1.5015,0,0,221967,0.709035,0.301527,4961.07,51.45,5741.64,5499.86,0.707536,0
01:11:15:00:50:58,8826.74,8825.02,91.043,91.3666,85.3703,1.50113,1.5012,5501.28,222057,12445.5,1.50035,0,0,222057,0.709592,0.300885,4957.35,51.4667,5743.16,5501.28,0.709888,0
01:11:15:00:50:59,8836.46,8819.01,91.043,91.3693,85.2131,1.5016,1.5012,5502.7,222147,12455.2,1.47856,0,0,222147,0.704827,0.301379,4967.08,51.4833,5744.68,5502.7,0.704827,0
01:11:15:00:51:00,8824.16,8811.86,91.1306,91.388,85.2143,1.50128,1.50119,5504.12,222237,12442.9,1.51414,0,0,222237,0.699935,0.301012,4954.78,51.5,5746.19,5504.12,0.701234,0
01:11:15:00:51:01,8844.48,8823.88,90.9687,91.404,85.2931,1.50217,1.50119,5505.54,222326,12463.2,1.4797,0,0,222326,0.696864,0.30014,4975.09,51.5167,5747.71,5505.54,0.696864,0
01:11:15:00:51:02,8819.01,8820.16,91.301,91.3813,85.1434,1.50167,1.50119,5506.96,222416,12437.8,1.47856,0,0,222416,0.69329,0.300104,4949.63,51.5333,5749.23,5506.96,0.693626,0
01:11:15:00:51:03,8829.6,8825.88,91.0663,91.3212,85.4554,1.50141,1.50119,5508.38,222505,12448.3,1.43741,0,0,222505,0.69575,0.301793,4960.21,51.55,5750.75,5508.38,0.694368,0
01:11:15:00:51:04,8832.75,8817.58,91.2261,91.2451,85.2355,1.50146,1.50119,5509.81,222595,12451.5,1.46825,0,0,222595,0.697237,0.299884,4963.36,51.5667,5752.27,5509.81,0.69752,0
01:11:15:00:51:05,8826.74,8822.45,91.3772,91.2865,85.3857,1.50128,1.50119,5511.23,222685,12445.5,1.50264,0,0,222685,0.687291,0.298817,4957.35,51.5833,5753.79,5511.23,0.695185,0
01:11:15:00:51:06,8841.9,8825.88,91.3743,91.2905,85.5263,1.50152,1.50119,5512.65,222774,12460.6,1.50379,0,0,222774,0.683708,0.297394,4972.52,51.6,5755.31,5512.65,0.685018,0
01:11:15:00:51:07,8823.3,8822.45,91.0238,91.3106,85.5246,1.50122,1.50119,5514.08,222864,12442,1.4969,0,0,222864,0.690966,0.297757,4953.92,51.6167,5756.83,5514.08,0.686635,0
01:11:15:00:51:08,8842.47,8826.17,91.4148,91.1717,85.195,1.50163,1.50118,5515.5,222954,12461.2,1.51069,0,0,222954,0.701215,0.297333,4973.09,51.6333,5758.35,5515.5,0.701215,0
01:11:15:00:51:09,8839.04,8823.88,91.3535,91.0475,85.5632,1.50102,1.50118,5516.92,223044,12457.8,1.51644,0,0,223044,0.706976,0.29884,4969.66,51.65,5759.88,5516.92,0.707014,0
01:11:15:00:51:10,8833.89,8822.73,91.3501,91.0435,85.5042,1.50147,1.50118,5518.35,223134,12452.6,1.48773,0,0,223134,0.704059,0.298704,4964.51,51.6667,5761.4,5518.35,0.704059,0
01:11:15:00:51:11,8838.75,8809.57,91.2562,90.9648,85.4988,1.50208,1.50118,5519.77,223223,12457.5,1.47627,0,0,223223,0.70173,0.298727,4969.37,51.6833,5762.92,5519.77,0.700297,0
01:11:15:00:51:12,8825.59,8833.03,91.472,90.914,85.4136,1.50135,1.50118,5521.2,223313,12444.3,1.4969,0,0,223313,0.703702,0.299848,4956.21,51.7,5764.44,5521.2,0.702912,0
01:11:15:00:51:13,8838.75,8822.16,91.0628,90.8085,85.6122,1.50228,1.50118,5522.62,223403,12457.5,1.49002,0,0,223403,0.700812,0.300964,4969.37,51.7167,5765.97,5522.62,0.70339,0
01:11:15:00:51:14,8823.02,8834.18,91.1031,90.8499,85.2362,1.50036,1.50118,5524.05,223493,12441.8,1.49117,0,0,223493,0.701204,0.299638,4953.64,51.7333,5767.48,5524.05,0.70058,0
01:11:15:00:51:15,8840.18,8822.16,91.1362,90.9234,85.2763,1.4997,1.50118,5525.47,223583,12458.9,1.47283,0,0,223583,0.699403,0.301383,4970.8,51.75,5769,5525.47,0.699421,0
01:11:15:00:51:16,8835.04,8819.01,91.1182,91.0235,85.3044,1.50049,1.50118,5526.89,223672,12453.8,1.43285,0,0,223672,0.69982,0.300689,4965.65,51.7667,5770.52,5526.89,0.69982,0
01:11:15:00:51:17,8834.46,8829.6,91.2834,91.0142,85.2823,1.50194,1.50118,5528.31,223762,12453.2,1.46597,0,0,223762,0.701311,0.299244,4965.08,51.7833,5772.04,5528.31,0.704403,0
01:11:15:00:51:18,8831.6,8810.72,91.473,90.9674,85.4387,1.50145,1.50118,5529.73,223852,12450.3,1.47398,0,0,223852,0.708964,0.300747,4962.22,51.8,5773.56,5529.73,0.708964,0
01:11:15:00:51:19,8836.75,8835.61,91.3181,91.0288,85.6185,1.50082,1.50118,5531.16,223941,12455.5,1.46254,0,0,223941,0.709757,0.299229,4967.37,51.8167,5775.09,5531.16,0.704864,0
01:11:15:00:51:20,8834.75,8822.16,91.1945,90.9728,85.474,1.50068,1.50118,5532.59,224031,12453.5,1.47283,0,0,224031,0.696017,0.298911,4965.37,51.8333,5776.61,5532.59,0.696017,0
01:11:15:00:51:21,8829.03,8832.46,91.3396,91.1317,85.3575,1.5009,1.50117,5534.01,224121,12447.8,1.47856,0,0,224121,0.688166,0.299649,4959.65,51.85,5778.13,5534.01,0.689232,0
01:11:15:00:51:22,8840.18,8822.16,91.27,91.2411,85.4945,1.50059,1.50117,5535.43,224211,12458.9,1.51529,0,0,224211,0.695547,0.299431,4970.8,51.8667,5779.65,5535.43,0.695547,0
01:11:15:00:51:23,8831.89,8825.88,91.3435,91.2678,85.4285,1.50082,1.50117,5536.86,224300,12450.6,1.54062,0,0,224300,0.700984,0.298977,4962.51,51.8833,5781.17,5536.86,0.700984,0
01:11:15:00:51:24,8851.34,8843.33,91.3288,91.2919,85.4956,1.50127,1.50117,5538.28,224390,12470.1,1.49002,0,0,224390,0.696365,0.298999,4981.96,51.9,5782.69,5538.28,0.699649,0
01:11:15:00:51:25,8825.31,8819.01,91.5354,91.2879,85.4807,1.5016,1.50117,5539.71,224480,12444.1,1.46025,0,0,224480,0.698206,0.29782,4955.93,51.9167,5784.22,5539.71,0.695664,0
01:11:15:00:51:26,8838.18,8833.32,90.9744,91.2839,85.6781,1.50049,1.50117,5541.13,224570,12456.9,1.49576,0,0,224570,0.716747,0.299072,4968.8,51.9333,5785.74,5541.13,0.709158,0
01:11:15:00:51:27,8836.75,8823.88,91.5163,91.3119,85.1536,1.50034,1.50117,5542.56,224660,12455.5,1.50954,0,0,224660,0.725942,0.298588,4967.37,51.95,5787.26,5542.56,0.723052,0
01:11:15:00:51:28,8824.73,8830.17,91.3182,91.376,85.6585,1.50094,1.50117,5543.98,224750,12443.5,1.51414,0,0,224750,0.744257,0.301195,4955.35,51.9667,5788.78,5543.98,0.74138,0
01:11:15:00:51:29,8841.04,8830.46,91.4778,91.1717,85.4688,1.50213,1.50117,5545.41,224839,12459.8,1.50494,0,0,224839,0.757069,0.299764,4971.66,51.9833,5790.31,5545.41,0.74973,0
01:11:15:00:51:30,8823.88,8833.89,91.5512,91.2625,85.6265,1.49984,1.50117,5546.83,224929,12442.6,1.50264,0,0,224929,0.755185,0.30019,4954.5,52,5791.83,5546.83,0.755185,0
01:11:15:00:51:31,8849.05,8835.32,91.2908,91.364,85.6928,1.50051,1.50117,5548.26,225019,12467.8,1.53831,0,0,225019,0.766813,0.300704,4979.67,52.0167,5793.36,5548.26,0.760884,0
01:11:15:00:51:32,8835.89,8829.88,91.38,91.3933,85.445,1.50163,1.50117,5549.69,225109,12454.6,1.54177,0,0,225109,0.772874,0.300421,4966.51,52.0333,5794.88,5549.69,0.771747,0
01:11:15:00:51:33,8841.04,8829.03,91.0836,91.348,85.5289,1.50151,1.50117,5551.11,225199,12459.8,1.49346,0,0,225199,0.776385,0.301097,4971.66,52.05,5796.4,5551.11,0.775178,0
01:11:15:00:51:34,8843.33,8817.01,91.2096,91.3453,85.2535,1.50095,1.50117,5552.53,225289,12462.1,1.43627,0,0,225289,0.777809,0.301453,4973.95,52.0667,5797.92,5552.53,0.775058,0
01:11:15:00:51:35,8833.32,8841.62,91.0931,91.3827,85.3726,1.50063,1.50117,5553.96,225379,12452.1,1.45339,0,0,225379,0.791474,0.300411,4963.94,52.0833,5799.44,5553.96,0.783517,0
01:11:15:00:51:36,8839.9,8826.74,91.1602,91.5322,85.2629,1.50082,1.50117,5555.38,225468,12458.6,1.49231,0,0,225468,0.80172,0.298528,4970.52,52.1,5800.96,5555.38,0.794054,0
01:11:15:00:51:37,8823.59,8838.18,91.2105,91.4654,85.321,1.5021,1.50117,5556.8,225558,12442.3,1.49805,0,0,225558,0.803485,0.299589,4954.21,52.1167,5802.48,5556.8,0.803485,0
01:11:15:00:51:38,8845.33,8830.46,91.1984,91.4361,85.3707,1.50139,1.50117,5558.22,225647,12464.1,1.50264,0,0,225647,0.805205,0.300138,4975.95,52.1333,5804,5558.22,0.805443,0
01:11:15:00:51:39,8841.04,8835.04,91.5428,91.5349,85.3622,1.50062,1.50116,5559.64,225737,12459.8,1.49576,0,0,225737,0.807819,0.301847,4971.66,52.15,5805.52,5559.64,0.807819,0
01:11:15:00:51:40,8841.04,8834.18,91.3519,91.4761,85.6793,1.50204,1.50116,5561.07,225827,12459.8,1.4969,0,0,225827,0.807752,0.301691,4971.66,52.1667,5807.04,5561.07,0.808534,0
01:11:15:00:51:41,8832.46,8815.87,91.3267,91.4134,85.5008,1.50198,1.50116,5562.5,225917,12451.2,1.50954,0,0,225917,0.810532,0.300493,4963.08,52.1833,5808.56,5562.5,0.80837,0
01:11:15:00:51:42,8841.33,8837.61,91.4739,91.4681,85.482,1.50067,1.50116,5563.92,226007,12460.1,1.47627,0,0,226007,0.810856,0.301164,4971.95,52.2,5810.09,5563.92,0.814315,0
01:11:15:00:51:43,8829.03,8824.16,91.4621,91.4761,85.617,1.50146,1.50116,5565.35,226097,12447.8,1.46254,0,0,226097,0.807611,0.301965,4959.65,52.2167,5811.61,5565.35,0.807677,0
01:11:15:00:51:44,8835.61,8834.75,91.2852,91.4574,85.6033,1.50219,1.50116,5566.77,226186,12454.4,1.43969,0,0,226186,0.807611,0.300735,4966.23,52.2333,5813.14,5566.77,0.794,0
01:11:15:00:51:45,8841.62,8834.18,91.1628,91.4054,85.4394,1.50173,1.50116,5568.2,226276,12460.4,1.45111,0,0,226276,0.791475,0.301151,4972.23,52.25,5814.66,5568.2,0.789791,0
01:11:15:00:51:46,8833.89,8829.6,91.2841,91.4521,85.327,1.50113,1.50116,5569.62,226366,12452.6,1.49461,0,0,226366,0.791887,0.302133,4964.51,52.2667,5816.18,5569.62,0.798985,0
01:11:15:00:51:47,8853.34,8847.62,91.136,91.4508,85.441,1.501,1.50116,5571.05,226456,12472.1,1.49576,0,0,226456,0.797248,0.302458,4983.96,52.2833,5817.7,5571.05,0.798273,0
01:11:15:00:51:48,8835.32,8825.88,91.1231,91.4761,85.3027,1.50092,1.50116,5572.47,226546,12454.1,1.49346,0,0,226546,0.798273,0.301636,4965.94,52.3,5819.21,5572.47,0.791484,0
01:11:15:00:51:49,8848.48,8835.61,91.1703,91.3333,85.2887,1.50144,1.50116,5573.89,226636,12467.2,1.45682,0,0,226636,0.793597,0.302712,4979.1,52.3167,5820.73,5573.89,0.794667,0
01:11:15:00:51:50,8842.19,8828.17,91.3469,91.3413,85.3382,1.49997,1.50116,5575.31,226725,12460.9,1.43741,0,0,226725,0.794667,0.302004,4972.81,52.3333,5822.25,5575.31,0.80448,0
01:11:15:00:51:51,8832.75,8836.75,91.2038,91.4868,85.5039,1.49988,1.50116,5576.74,226815,12451.5,1.45568,0,0,226815,0.801085,0.301681,4963.37,52.35,5823.78,5576.74,0.805869,0
01:11:15:00:51:52,8842.76,8831.6,91.4756,91.4481,85.3637,1.50157,1.50116,5578.16,226904,12461.5,1.45682,0,0,226904,0.805869,0.301264,4973.38,52.3667,5825.3,5578.16,0.801342,0
01:11:15:00:51:53,8826.45,8840.18,91.4778,91.4321,85.6201,1.50104,1.50116,5579.58,226994,12445.2,1.46482,0,0,226994,0.805135,0.300652,4957.07,52.3833,5826.82,5579.58,0.797289,0
01:11:15:00:51:54,8854.49,8840.47,91.4903,91.412,85.617,1.50246,1.50116,5581.01,227084,12473.2,1.4969,0,0,227084,0.797289,0.300184,4985.11,52.4,5828.35,5581.01,0.793595,0
01:11:15:00:51:55,8836.75,8842.76,91.5267,91.3947,85.6314,1.50171,1.50115,5582.44,227174,12455.5,1.49461,0,0,227174,0.793595,0.299871,4967.37,52.4167,5829.87,5582.44,0.79484,0
01:11:15:00:51:56,8850.2,8835.04,91.1584,91.3947,85.6692,1.50069,1.50115,5583.87,227264,12468.9,1.51299,0,0,227264,0.797547,0.298666,4980.82,52.4333,5831.4,5583.87,0.79484,0
01:11:15:00:51:57,8843.9,8822.73,91.0698,91.3466,85.3262,1.50021,1.50115,5585.29,227354,12462.7,1.51299,0,0,227354,0.801284,0.299203,4974.52,52.45,5832.91,5585.29,0.799087,0
01:11:15:00:51:58,8838.47,8842.47,91.365,91.404,85.2408,1.5009,1.50115,5586.71,227444,12457.2,1.54062,0,0,227444,0.804567,0.300186,4969.09,52.4667,5834.43,5586.71,0.80363,0
01:11:15:00:51:59,8835.04,8827.6,91.352,91.3613,85.5173,1.50085,1.50115,5588.14,227533,12453.8,1.54177,0,0,227533,0.807129,0.300561,4965.65,52.4833,5835.96,5588.14,0.804141,0
01:11:15:00:52:00,8829.03,8847.34,91.1612,91.4014,85.5039,1.50118,1.50115,5589.56,227623,12447.8,1.56602,0,0,227623,0.803451,0.300983,4959.65,52.5,5837.48,5589.56,0.803451,0
01:11:15:00:52:01,8851.34,8835.89,91.3372,91.3399,85.3258,1.50103,1.50115,5590.98,227713,12470.1,1.52679,0,0,227713,0.798135,0.300784,4981.96,52.5167,5839,5590.98,0.802891,0
01:11:15:00:52:02,8841.9,8840.76,91.2666,91.2665,85.4874,1.50191,1.50115,5592.41,227803,12460.6,1.53716,0,0,227803,0.795372,0.302324,4972.52,52.5333,5840.52,5592.41,0.795236,0
01:11:15:00:52:03,8846.48,8845.33,91.0534,91.2638,85.4263,1.50053,1.50115,5593.83,227893,12465.2,1.49231,0,0,227893,0.792629,0.301641,4977.1,52.55,5842.04,5593.83,0.793402,0
01:11:15:00:52:04,8839.04,8832.75,91.0911,91.2799,85.226,1.50072,1.50115,5595.25,227982,12457.8,1.46368,0,0,227982,0.791507,0.300768,4969.66,52.5667,5843.56,5595.25,0.792869,0
01:11:15:00:52:05,8853.92,8850.48,91.1697,91.2905,85.2629,1.50028,1.50115,5596.67,228072,12472.7,1.45911,0,0,228072,0.796814,0.301728,4984.54,52.5833,5845.08,5596.67,0.794391,0
01:11:15:00:52:06,8833.6,8830.17,91.1758,91.4027,85.3319,1.50154,1.50115,5598.1,228161,12452.3,1.51529,0,0,228161,0.798296,0.300427,4964.22,52.6,5846.6,5598.1,0.796646,0
01:11:15:00:52:07,8841.9,8841.9,91.2739,91.4307,85.3403,1.50081,1.50115,5599.52,228251,12460.6,1.54177,0,0,228251,0.797729,0.299017,4972.52,52.6167,5848.12,5599.52,0.797783,0
01:11:15:00:52:08,8847.05,8835.32,91.4241,91.4214,85.4323,1.50077,1.50115,5600.94,228341,12465.8,1.51989,0,0,228341,0.797043,0.299069,4977.67,52.6333,5849.64,5600.94,0.797053,0
01:11:15:00:52:09,8833.03,8839.04,91.37,91.3266,85.5752,1.50013,1.50115,5602.37,228430,12451.8,1.53025,0,0,228430,0.79527,0.298919,4963.65,52.65,5851.16,5602.37,0.79527,0
01:11:15:00:52:10,8847.34,8844.19,91.1931,91.3119,85.5207,1.50117,1.50115,5603.79,228520,12466.1,1.54062,0,0,228520,0.795364,0.297599,4977.95,52.6667,5852.68,5603.79,0.794102,0
01:11:15:00:52:11,8840.76,8838.47,91.3445,91.3613,85.355,1.50123,1.50115,5605.22,228610,12459.5,1.5291,0,0,228610,0.795701,0.298751,4971.37,52.6833,5854.21,5605.22,0.795539,0
01:11:15:00:52:12,8861.36,8847.05,91.3445,91.4641,85.4988,1.50065,1.50115,5606.64,228700,12480.1,1.50609,0,0,228700,0.796027,0.299662,4991.97,52.7,5855.73,5606.64,0.796106,0
01:11:15:00:52:13,8845.05,8836.46,91.1746,91.5816,85.4972,1.50108,1.50115,5608.06,228790,12463.8,1.43969,0,0,228790,0.790306,0.299854,4975.66,52.7167,5857.25,5608.06,0.791092,0
01:11:15:00:52:14,8840.18,8841.9,90.9001,91.6844,85.344,1.49951,1.50115,5609.49,228880,12458.9,1.42373,0,0,228880,0.783597,0.299304,4970.8,52.7333,5858.77,5609.49,0.784163,0
01:11:15:00:52:15,8851.06,8837.04,91.3528,91.591,85.0773,1.50219,1.50115,5610.91,228969,12469.8,1.42032,0,0,228969,0.791637,0.298804,4981.67,52.75,5860.28,5610.91,0.791637,0
01:11:15:00:52:16,8831.32,8849.34,91.1731,91.5349,85.5054,1.50098,1.50114,5612.33,229059,12450.1,1.44311,0,0,229059,0.799379,0.300671,4961.93,52.7667,5861.81,5612.33,0.805,0
01:11:15:00:52:17,8858.78,8845.33,91.1957,91.5148,85.3356,1.50143,1.50114,5613.75,229148,12477.5,1.42373,0,0,229148,0.809419,0.299703,4989.39,52.7833,5863.33,5613.75,0.809419,0
01:11:15:00:52:18,8834.75,8852.49,91.3042,91.5576,85.3584,1.50094,1.50114,5615.18,229238,12453.5,1.41918,0,0,229238,0.812455,0.300588,4965.36,52.8,5864.85,5615.18,0.809908,0
01:11:15:00:52:19,8855.06,8836.18,91.3042,91.5442,85.4609,1.50069,1.50114,5616.6,229328,12473.8,1.42487,0,0,229328,0.809385,0.300997,4985.67,52.8167,5866.37,5616.6,0.809385,0
01:11:15:00:52:20,8848.77,8835.04,91.1675,91.3653,85.4594,1.5011,1.50114,5618.02,229418,12467.5,1.41918,0,0,229418,0.80925,0.299815,4979.38,52.8333,5867.89,5618.02,0.807855,0
01:11:15:00:52:21,8845.62,8847.91,91.1675,91.3666,85.3312,1.50117,1.50114,5619.45,229507,12464.4,1.44083,0,0,229507,0.805255,0.300436,4976.23,52.85,5869.41,5619.45,0.805255,0
01:11:15:00:52:22,8843.05,8834.46,91.4152,91.4521,85.334,1.50041,1.50114,5620.87,229597,12461.8,1.44083,0,0,229597,0.803746,0.300247,4973.66,52.8667,5870.93,5620.87,0.801599,0
01:11:15:00:52:23,8835.32,8843.05,90.9442,91.4601,85.5615,1.50161,1.50115,5622.29,229687,12454.1,1.42829,0,0,229687,0.794542,0.299594,4965.93,52.8833,5872.45,5622.29,0.797827,0
01:11:15:00:52:24,8846.48,8829.6,90.9442,91.3306,85.1198,1.50184,1.50115,5623.72,229777,12465.2,1.41691,0,0,229777,0.792993,0.299726,4977.09,52.9,5873.96,5623.72,0.795151,0
01:11:15:00:52:25,8845.05,8846.19,91.204,91.2905,85.121,1.5015,1.50115,5625.13,229866,12463.8,1.38963,0,0,229866,0.79652,0.301209,4975.66,52.9167,5875.48,5625.13,0.796951,0
01:11:15:00:52:26,8843.33,8843.62,91.0828,91.2318,85.365,1.50128,1.50115,5626.56,229956,12462.1,1.43399,0,0,229956,0.806241,0.302278,4973.94,52.9333,5877,5626.56,0.799999,0
01:11:15:00:52:27,8845.62,8834.75,91.2311,91.3787,85.2537,1.50068,1.50115,5627.98,230045,12464.4,1.482,0,0,230045,0.805917,0.300836,4976.23,52.95,5878.52,5627.98,0.80595,0
01:11:15:00:52:28,8849.34,8856.21,91.1255,91.3653,85.3886,1.50175,1.50115,5629.4,230135,12468.1,1.4992,0,0,230135,0.802828,0.300098,4979.95,52.9667,5880.04,5629.4,0.804608,0
01:11:15:00:52:29,8849.63,8831.03,91.116,91.3199,85.2898,1.50176,1.50115,5630.82,230225,12468.4,1.52449,0,0,230225,0.807207,0.299207,4980.23,52.9833,5881.56,5630.82,0.807207,0
01:11:15:00:52:30,8842.19,8842.19,91.0233,91.3266,85.2836,1.50103,1.50115,5632.24,230314,12460.9,1.55678,0,0,230314,0.803522,0.300125,4972.79,53,5883.08,5632.24,0.807914,0
01:11:15:00:52:31,8847.91,8832.75,91.3699,91.4401,85.1986,1.50052,1.50115,5633.66,230404,12466.6,1.57181,0,0,230404,0.796228,0.299333,4978.52,53.0167,5884.6,5633.66,0.796228,0
01:11:15:00:52:32,8834.46,8844.48,91.2016,91.5389,85.521,1.50109,1.50115,5635.09,230493,12453.2,1.53601,0,0,230493,0.792747,0.298525,4965.07,53.0333,5886.12,5635.09,0.79121,0
01:11:15:00:52:33,8846.19,8843.33,91.4786,91.4107,85.3627,1.50131,1.50115,5636.51,230583,12464.9,1.49461,0,0,230583,0.796966,0.297115,4976.8,53.05,5887.64,5636.51,0.795192,0
01:11:15:00:52:34,8835.61,8837.32,91.4781,91.38,85.6221,1.50125,1.50115,5637.94,230673,12454.3,1.51529,0,0,230673,0.795653,0.297624,4966.21,53.0667,5889.17,5637.94,0.795958,0
01:11:15:00:52:35,8857.35,8844.19,91.172,91.4147,85.6243,1.50052,1.50115,5639.36,230763,12476.1,1.53486,0,0,230763,0.79301,0.295403,4987.96,53.0833,5890.69,5639.36,0.793884,0
01:11:15:00:52:36,8843.62,8838.18,91.4896,91.4267,85.3342,1.50152,1.50115,5640.79,230853,12462.4,1.50379,0,0,230853,0.787736,0.295336,4974.23,53.1,5892.21,5640.79,0.787897,0
01:11:15:00:52:37,8845.33,8844.19,91.3501,91.4134,85.6308,1.50169,1.50115,5642.21,230943,12464.1,1.47741,0,0,230943,0.790521,0.297428,4975.94,53.1167,5893.73,5642.21,0.789292,0
01:11:15:00:52:38,8845.05,8829.88,91.1571,91.4614,85.5046,1.50049,1.50116,5643.64,231032,12463.8,1.45796,0,0,231032,0.798393,0.297402,4975.66,53.1333,5895.25,5643.64,0.798393,0
01:11:15:00:52:39,8833.6,8843.33,91.2,91.3853,85.3209,1.50133,1.50116,5645.06,231122,12452.3,1.42943,0,0,231122,0.797905,0.296873,4964.21,53.15,5896.77,5645.06,0.80053,0
01:11:15:00:52:40,8847.91,8835.04,91.3817,91.3239,85.3617,1.50115,1.50116,5646.48,231212,12466.6,1.43741,0,0,231212,0.801813,0.298045,4978.52,53.1667,5898.29,5646.48,0.800338,0
01:11:15:00:52:41,8831.89,8830.74,91.6052,91.416,85.5314,1.50125,1.50116,5647.91,231302,12450.6,1.46254,0,0,231302,0.794794,0.298451,4962.49,53.1833,5899.82,5647.91,0.796482,0
01:11:15:00:52:42,8851.34,8841.62,91.3383,91.3626,85.7415,1.50101,1.50116,5649.33,231392,12470.1,1.47741,0,0,231392,0.794794,0.297374,4981.95,53.2,5901.34,5649.33,0.792858,0
01:11:15:00:52:43,8845.33,8835.32,91.3262,91.4387,85.4918,1.50098,1.50116,5650.76,231482,12464.1,1.44426,0,0,231482,0.791851,0.297447,4975.94,53.2167,5902.87,5650.76,0.795247,0
01:11:15:00:52:44,8844.19,8842.19,91.3413,91.5562,85.4837,1.50008,1.50116,5652.19,231572,12462.9,1.46825,0,0,231572,0.793275,0.297883,4974.8,53.2333,5904.39,5652.19,0.796262,0
01:11:15:00:52:45,8851.63,8826.74,91.2107,91.5162,85.4913,1.5019,1.50116,5653.61,231661,12470.4,1.5015,0,0,231661,0.796262,0.297672,4982.23,53.25,5905.91,5653.61,0.795702,0
01:11:15:00:52:46,8836.75,8839.9,91.2344,91.3386,85.3705,1.50148,1.50117,5655.04,231751,12455.5,1.50035,0,0,231751,0.793522,0.298779,4967.36,53.2667,5907.43,5655.04,0.801157,0
01:11:15:00:52:47,8850.2,8823.88,91.2756,91.372,85.394,1.50114,1.50117,5656.46,231841,12468.9,1.48773,0,0,231841,0.801157,0.299471,4980.8,53.2833,5908.95,5656.46,0.809802,0
01:11:15:00:52:48,8833.32,8840.18,91.1835,91.5522,85.4341,1.50071,1.50117,5657.88,231931,12452.1,1.48658,0,0,231931,0.807449,0.300985,4963.92,53.3,5910.47,5657.88,0.812038,0
01:11:15:00:52:49,8838.47,8833.6,91.1322,91.5576,85.3457,1.50132,1.50117,5659.31,232020,12457.2,1.48888,0,0,232020,0.812038,0.301248,4969.07,53.3167,5911.99,5659.31,0.806873,0
01:11:15:00:52:50,8833.89,8825.88,91.2904,91.5482,85.2985,1.50108,1.50117,5660.73,232110,12452.6,1.47398,0,0,232110,0.808278,0.300225,4964.49,53.3333,5913.51,5660.73,0.799954,0
01:11:15:00:52:51,8839.33,8844.48,91.2847,91.4494,85.4467,1.50104,1.50117,5662.15,232200,12458.1,1.44882,0,0,232200,0.799954,0.300261,4969.93,53.35,5915.03,5662.15,0.788596,0
01:11:15:00:52:52,8835.32,8820.44,91.3386,91.3253,85.4408,1.50121,1.50117,5663.57,232289,12454.1,1.40326,0,0,232289,0.791819,0.299186,4965.92,53.3667,5916.55,5663.57,0.78766,0
01:11:15:00:52:53,8842.19,8836.46,91.2916,91.3333,85.4909,1.50132,1.50118,5665,232379,12460.9,1.36244,0,0,232379,0.78766,0.299015,4972.79,53.3833,5918.08,5665,0.78766,0
01:11:15:00:52:54,8839.04,8816.44,91.5228,91.2291,85.446,1.50157,1.50118,5666.42,232469,12457.8,1.38963,0,0,232469,0.791787,0.299953,4969.64,53.4,5919.6,5666.42,0.790009,0
01:11:15:00:52:55,8833.03,8834.46,91.4709,91.0929,85.6632,1.50131,1.50118,5667.85,232559,12451.8,1.42146,0,0,232559,0.793563,0.300241,4963.63,53.4167,5921.12,5667.85,0.795475,0
01:11:15:00:52:56,8833.03,8829.31,91.0003,91.1677,85.6206,1.49971,1.50118,5669.28,232649,12451.8,1.41008,0,0,232649,0.792892,0.299687,4963.63,53.4333,5922.65,5669.28,0.79148,0
01:11:15:00:52:57,8827.31,8831.32,91.3612,91.2812,85.1767,1.50062,1.50118,5670.7,232739,12446,1.41008,0,0,232739,0.797779,0.299628,4957.91,53.45,5924.17,5670.7,0.794611,0
01:11:15:00:52:58,8854.78,8837.04,91.1468,91.1584,85.5075,1.50256,1.50118,5672.12,232828,12473.5,1.35565,0,0,232828,0.805298,0.300723,4985.38,53.4667,5925.69,5672.12,0.800713,0
01:11:15:00:52:59,8836.75,8833.03,91.0807,91.1944,85.311,1.50143,1.50118,5673.54,232918,12455.5,1.39417,0,0,232918,0.809313,0.299734,4967.35,53.4833,5927.2,5673.54,0.809313,0
01:11:15:00:53:00,8846.48,8840.47,91.3186,91.2879,85.2532,1.50031,1.50119,5674.97,233008,12465.2,1.43969,0,0,233008,0.798375,0.300225,4977.08,53.5,5928.72,5674.97,0.806705,0
01:11:15:00:53:01,8838.18,8827.31,91.3858,91.2625,85.4757,1.50036,1.50119,5676.39,233098,12456.9,1.47283,0,0,233098,0.792933,0.300623,4968.78,53.5167,5930.25,5676.39,0.792933,0
01:11:15:00:53:02,8833.6,8828.74,91.3181,91.4454,85.5376,1.50062,1.50119,5677.81,233187,12452.3,1.48888,0,0,233187,0.787892,0.300745,4964.21,53.5333,5931.77,5677.81,0.789124,0
01:11:15:00:53:03,8842.47,8829.31,91.2789,91.5709,85.474,1.50066,1.50119,5679.24,233277,12461.2,1.43171,0,0,233277,0.780669,0.299615,4973.07,53.55,5933.29,5679.24,0.784587,0
01:11:15:00:53:04,8825.02,8823.3,91.1904,91.4761,85.4326,1.50197,1.50119,5680.66,233367,12443.8,1.46139,0,0,233367,0.786479,0.30028,4955.62,53.5667,5934.81,5680.66,0.782163,0
01:11:15:00:53:05,8840.18,8829.88,91.3016,91.5028,85.3556,1.50036,1.50119,5682.09,233457,12458.9,1.48429,0,0,233457,0.789365,0.299823,4970.78,53.5833,5936.33,5682.09,0.786927,0
01:11:15:00:53:06,8824.16,8830.74,91.1604,91.4481,85.4539,1.50196,1.50119,5683.51,233546,12442.9,1.49805,0,0,233546,0.792861,0.299298,4954.76,53.6,5937.85,5683.51,0.790043,0
01:11:15:00:53:07,8827.88,8830.17,91.0087,91.4427,85.3241,1.5013,1.5012,5684.93,233636,12446.6,1.49231,0,0,233636,0.79446,0.29917,4958.48,53.6167,5939.37,5684.93,0.7937,0
01:11:15:00:53:08,8838.47,8818.44,91.3511,91.5482,85.186,1.50024,1.5012,5686.35,233726,12457.2,1.47512,0,0,233726,0.796072,0.299895,4969.07,53.6333,5940.89,5686.35,0.796072,0
01:11:15:00:53:09,8835.32,8835.04,91.1545,91.4601,85.499,1.5023,1.5012,5687.78,233815,12454,1.44882,0,0,233815,0.801021,0.301301,4965.92,53.65,5942.41,5687.78,0.799843,0
01:11:15:00:53:10,8843.62,8817.58,91.1757,91.4427,85.3178,1.5015,1.5012,5689.2,233905,12462.3,1.42829,0,0,233905,0.797128,0.299835,4974.22,53.6667,5943.93,5689.2,0.797128,0
01:11:15:00:53:11,8823.02,8826.45,91.294,91.4921,85.3372,1.50164,1.5012,5690.62,233995,12441.7,1.47054,0,0,233995,0.789061,0.301941,4953.62,53.6833,5945.45,5690.62,0.792269,0
01:11:15:00:53:12,8830.46,8816.72,91.3455,91.4334,85.4514,1.50067,1.5012,5692.04,234085,12449.2,1.47512,0,0,234085,0.792179,0.301873,4961.06,53.7,5946.97,5692.04,0.788887,0
01:11:15:00:53:13,8821.3,8821.3,91.3163,91.4654,85.4984,1.50104,1.5012,5693.47,234174,12440,1.43399,0,0,234174,0.799588,0.301418,4951.9,53.7167,5948.5,5693.47,0.799588,0
01:11:15:00:53:14,8832.46,8834.18,91.1507,91.4748,85.4686,1.5017,1.50121,5694.89,234264,12451.2,1.49576,0,0,234264,0.799617,0.302033,4963.06,53.7333,5950.02,5694.89,0.799617,0
01:11:15:00:53:15,8824.73,8816.15,91.2578,91.5068,85.3159,1.50108,1.50121,5696.32,234354,12443.5,1.49346,0,0,234354,0.791049,0.30201,4955.33,53.75,5951.54,5696.32,0.791049,0
01:11:15:00:53:16,8836.46,8823.02,91.421,91.4307,85.4126,1.50203,1.50121,5697.74,234444,12455.2,1.48773,0,0,234444,0.790947,0.303692,4967.06,53.7667,5953.06,5697.74,0.790947,0
01:11:15:00:53:17,8834.75,8809.57,91.2649,91.4454,85.5665,1.50171,1.50121,5699.16,234533,12453.5,1.52219,0,0,234533,0.796423,0.303885,4965.35,53.7833,5954.58,5699.16,0.80049,0
01:11:15:00:53:18,8831.03,8825.88,91.2397,91.3573,85.4228,1.50107,1.50121,5700.59,234623,12449.8,1.55793,0,0,234623,0.796916,0.304448,4961.63,53.8,5956.1,5700.59,0.796916,0
01:11:15:00:53:19,8827.02,8820.16,91.2224,91.4614,85.3993,1.50103,1.50121,5702.01,234713,12445.8,1.55101,0,0,234713,0.797852,0.30524,4957.62,53.8167,5957.62,5702.01,0.797696,0
01:11:15:00:53:20,8816.44,8812.43,91.5658,91.5656,85.3849,1.50055,1.50121,5703.44,234803,12435.2,1.50954,0,0,234803,0.805582,0.305625,4947.04,53.8333,5959.15,5703.44,0.805582,0
01:11:15:00:53:21,8840.18,8826.45,91.4243,91.5803,85.7061,1.5006,1.50121,5704.86,234893,12458.9,1.53947,0,0,234893,0.808927,0.304911,4970.78,53.85,5960.67,5704.86,0.806581,0
01:11:15:00:53:22,8820.16,8817.01,91.2488,91.4695,85.5697,1.50171,1.50122,5706.29,234982,12438.9,1.52794,0,0,234982,0.806133,0.304005,4950.76,53.8667,5962.19,5706.29,0.806042,0
01:11:15:00:53:23,8840.18,8827.88,91.1059,91.5309,85.4049,1.50184,1.50122,5707.71,235072,12458.9,1.46825,0,0,235072,0.802463,0.30312,4970.78,53.8833,5963.71,5707.71,0.807116,0
01:11:15:00:53:24,8827.88,8820.44,91.1739,91.5028,85.274,1.50105,1.50122,5709.14,235162,12446.6,1.46139,0,0,235162,0.800447,0.303342,4958.48,53.9,5965.23,5709.14,0.801237,0
01:11:15:00:53:25,8831.03,8826.74,91.5088,91.5896,85.3374,1.50112,1.50122,5710.56,235252,12449.8,1.45453,0,0,235252,0.803907,0.30311,4961.63,53.9167,5966.75,5710.56,0.80261,0
01:11:15:00:53:26,8841.04,8817.58,91.1313,91.6497,85.6507,1.50117,1.50122,5711.98,235342,12459.8,1.44996,0,0,235342,0.805101,0.30243,4971.64,53.9333,5968.28,5711.98,0.805339,0
01:11:15:00:53:27,8817.58,8814.72,91.3024,91.5923,85.2967,1.50136,1.50122,5713.41,235432,12436.3,1.52679,0,0,235432,0.797728,0.298471,4948.18,53.95,5969.8,5713.41,0.801847,0
01:11:15:00:53:28,8837.9,8817.58,91.2288,91.5122,85.4571,1.5013,1.50122,5714.83,235521,12456.6,1.52334,0,0,235521,0.790499,0.298558,4968.49,53.9667,5971.32,5714.83,0.790499,0
01:11:15:00:53:29,8815.01,8827.88,91.4854,91.4708,85.3887,1.50116,1.50122,5716.25,235611,12433.7,1.49576,0,0,235611,0.798692,0.297799,4945.61,53.9833,5972.84,5716.25,0.791266,0
01:11:15:00:53:30,8820.73,8820.44,91.0483,91.4721,85.628,1.50139,1.50122,5717.68,235701,12439.5,1.47856,0,0,235701,0.805862,0.299084,4951.33,54,5974.36,5717.68,0.805862,0
01:11:15:00:53:31,8830.17,8814.72,91.2129,91.5135,85.2206,1.50092,1.50123,5719.1,235791,12448.9,1.5015,0,0,235791,0.813236,0.300141,4960.77,54.0167,5975.88,5719.1,0.814258,0
01:11:15:00:53:32,8827.88,8823.59,91.3326,91.5189,85.3733,1.50127,1.50123,5720.52,235880,12446.6,1.49461,0,0,235880,0.807588,0.30473,4958.48,54.0333,5977.4,5720.52,0.811883,0
01:11:15:00:53:33,8834.75,8808.14,91.4878,91.4641,85.486,1.50111,1.50123,5721.95,235970,12453.5,1.42943,0,0,235970,0.809005,0.304888,4965.35,54.05,5978.93,5721.95,0.809913,0
01:11:15:00:53:34,8819.3,8822.16,91.384,91.3853,85.6296,1.50156,1.50123,5723.38,236060,12438,1.40781,0,0,236060,0.806156,0.300437,4949.9,54.0667,5980.45,5723.38,0.809667,0
01:11:15:00:53:35,8828.17,8809.57,91.2601,91.4561,85.5356,1.50069,1.50123,5724.8,236150,12446.9,1.44539,0,0,236150,0.801779,0.300595,4958.77,54.0833,5981.97,5724.8,0.803542,0
01:11:15:00:53:36,8819.58,8817.3,91.3158,91.5055,85.4177,1.50124,1.50123,5726.23,236240,12438.3,1.45911,0,0,236240,0.802443,0.303547,4950.18,54.1,5983.49,5726.23,0.802036,0
01:11:15:00:53:37,8824.16,8822.16,91.4432,91.5883,85.4728,1.50041,1.50123,5727.65,236329,12442.9,1.47283,0,0,236329,0.801109,0.306641,4954.76,54.1167,5985.02,5727.65,0.801109,0
01:11:15:00:53:38,8817.87,8804.42,91.317,91.6857,85.5898,1.50103,1.50123,5729.08,236419,12436.6,1.4797,0,0,236419,0.796957,0.307364,4948.47,54.1333,5986.54,5729.08,0.798637,0
01:11:15:00:53:39,8832.75,8824.73,91.1029,91.8286,85.4746,1.50023,1.50123,5730.5,236509,12451.5,1.49805,0,0,236509,0.795067,0.307323,4963.34,54.15,5988.06,5730.5,0.795067,0
01:11:15:00:53:40,8831.32,8812.43,91.1856,91.8072,85.2691,1.50162,1.50123,5731.92,236599,12450,1.49346,0,0,236599,0.80072,0.307796,4961.92,54.1667,5989.58,5731.92,0.79836,0
01:11:15:00:53:41,8832.17,8827.02,91.3693,91.7365,85.3463,1.50169,1.50123,5733.35,236689,12450.9,1.52449,0,0,236689,0.80072,0.306962,4962.77,54.1833,5991.1,5733.35,0.802273,0
01:11:15:00:53:42,8820.16,8813.29,91.2972,91.7245,85.5195,1.50134,1.50123,5734.77,236778,12438.9,1.51759,0,0,236778,0.80314,0.306452,4950.76,54.2,5992.62,5734.77,0.794813,0
01:11:15:00:53:43,8820.73,8811,91.561,91.6884,84.5636,1.74769,1.50123,5736.19,236868,12439.5,1.44882,0,0,236868,0.794813,0.304173,4951.33,54.2167,5994.15,5736.19,0.790377,0
01:11:15:00:53:44,8825.59,8816.44,91.4551,91.6283,83.9144,2.00001,1.50123,5737.59,236965,12444.3,1.44083,0,0,236965,0.786662,0.307952,4956.19,54.2333,5995.67,5737.59,0.795378,0
01:11:15:00:53:45,8811.57,8807.57,91.3761,91.5456,83.8152,2.00061,1.50123,5738.99,237075,12430.3,1.45111,0,0,237075,0.795378,0.308648,4942.17,54.25,5997.19,5738.99,0.816183,0
01:11:15:00:53:46,8821.02,8818.44,91.2567,91.4281,83.7426,2.0007,1.50123,5740.38,237193,12439.7,1.47512,0,0,237193,0.816183,0.307995,4951.62,54.2667,5998.72,5740.38,0.818625,0
01:11:15:00:53:47,8818.73,8811.29,91.4007,91.4895,83.637,1.99962,1.50123,5741.78,237310,12437.5,1.47169,0,0,237310,0.813259,0.307183,4949.33,54.2833,6000.24,5741.78,0.816225,0
01:11:15:00:53:48,8816.15,8815.87,91.2523,91.4361,83.77,1.99933,1.50123,5743.17,237427,12434.9,1.48544,0,0,237427,0.816225,0.306672,4946.75,54.3,6001.76,5743.17,0.814277,0
01:11:15:00:53:49,8825.31,8806.14,91.259,91.6377,83.6338,1.99934,1.50123,5744.57,237544,12444,1.5337,0,0,237544,0.814267,0.305123,4955.91,54.3167,6003.28,5744.57,0.812569,0
01:11:15:00:53:50,8816.44,8809.86,91.0512,91.5683,83.6357,2.00059,1.50123,5745.96,237661,12435.2,1.52104,0,0,237661,0.812569,0.302827,4947.04,54.3333,6004.8,5745.96,0.810994,0
01:11:15:00:53:51,8833.03,8806.14,91.4467,91.5923,83.4476,1.99992,1.50123,5747.36,237779,12451.8,1.52449,0,0,237779,0.813881,0.301405,4963.63,54.35,6006.32,5747.36,0.807141,0
01:11:15:00:53:52,8811,8815.29,91.4467,91.4788,83.8052,2.00129,1.50123,5748.75,237896,12429.7,1.50839,0,0,237896,0.805028,0.30158,4941.6,54.3667,6007.85,5748.75,0.807141,0
01:11:15:00:53:53,8815.01,8809,91.3798,91.5055,83.8064,2.00094,1.50123,5750.15,238013,12433.7,1.4694,0,0,238013,0.804424,0.300747,4945.61,54.3833,6009.37,5750.15,0.805323,0
01:11:15:00:53:54,8817.58,8806.42,91.0705,91.396,83.7447,2.00109,1.50123,5751.54,238130,12436.3,1.49805,0,0,238130,0.800196,0.301513,4948.19,54.4,6010.89,5751.54,0.805557,0
01:11:15:00:53:55,8823.88,8818.73,91.1865,91.4227,83.4651,1.99994,1.50123,5752.94,238247,12442.6,1.49461,0,0,238247,0.793072,0.3009,4954.48,54.4167,6012.41,5752.94,0.796112,0
01:11:15:00:53:56,8829.31,8806.71,91.1865,91.4281,83.5679,2.00095,1.50123,5754.33,238364,12448,1.47741,0,0,238364,0.792846,0.300577,4959.92,54.4333,6013.93,5754.33,0.791089,0
01:11:15:00:53:57,8821.87,8820.44,91.261,91.4027,83.5735,1.99936,1.50123,5755.72,238481,12440.6,1.48888,0,0,238481,0.801845,0.298797,4952.48,54.45,6015.45,5755.72,0.796876,0
01:11:15:00:53:58,8822.45,8810.72,91.3229,91.3252,83.6393,2.00006,1.50123,5757.11,238598,12441.2,1.49576,0,0,238598,0.802587,0.297671,4953.05,54.4667,6016.97,5757.11,0.802587,0
01:11:15:00:53:59,8820.16,8812.72,91.2249,91.404,83.7002,1.99887,1.50123,5758.51,238715,12438.9,1.51299,0,0,238715,0.800521,0.298873,4950.75,54.4833,6018.49,5758.51,0.801067,0
01:11:15:00:54:00,8815.58,8812.72,91.2731,91.3439,83.6074,1.99971,1.50123,5759.9,238833,12434.3,1.48544,0,0,238833,0.80178,0.300261,4946.13,54.5,6020.01,5759.9,0.80178,0
01:11:15:00:54:01,8812.43,8800.99,91.2955,91.2678,83.6499,2.0002,1.50123,5761.3,238950,12431.1,1.48544,0,0,238950,0.807759,0.300967,4942.95,54.5167,6021.53,5761.3,0.806198,0
01:11:15:00:54:02,8810.72,8820.16,91.4486,91.149,83.6698,2.0004,1.50123,5762.69,239067,12429.3,1.46368,0,0,239067,0.808902,0.299628,4941.22,54.5333,6023.06,5762.69,0.809825,0
01:11:15:00:54:03,8814.72,8808.43,91.3869,91.181,83.8119,1.99989,1.50123,5764.09,239184,12433.5,1.4797,0,0,239184,0.803996,0.297907,4945.34,54.55,6024.58,5764.09,0.805412,0
01:11:15:00:54:04,8818.15,8821.02,91.1706,91.3266,83.7631,1.99764,1.50122,5765.48,239301,12437.5,1.51989,0,0,239301,0.805001,0.298522,4949.36,54.5667,6026.1,5765.48,0.804511,0
01:11:15:00:54:05,8822.16,8808.43,91.4825,91.404,83.5603,1.99896,1.50122,5766.88,239418,12442.4,1.54062,0,0,239418,0.798649,0.300733,4954.3,54.5833,6027.62,5766.88,0.803806,0
01:11:15:00:54:06,8824.73,8809.86,91.2605,91.4014,83.8408,2.00049,1.50122,5768.27,239535,12445.9,1.56371,0,0,239535,0.79455,0.301566,4957.81,54.6,6029.15,5768.27,0.795668,0
01:11:15:00:54:07,8823.02,8815.29,91.3055,91.4655,83.6384,2.00019,1.50122,5769.67,239652,12445.2,1.66599,0,0,239652,0.801858,0.299628,4957.05,54.6167,6030.67,5769.67,0.801858,0
01:11:15:00:54:08,8808.14,8802.71,91.2399,91.5108,83.6834,1.99911,1.50122,5771.06,239770,12431.3,1.73166,0,0,239770,0.799056,0.300873,4943.14,54.6333,6032.19,5771.06,0.803058,0
01:11:15:00:54:09,8818.44,8808.71,91.4281,91.6043,83.622,1.99949,1.50122,5772.46,239887,12442.5,1.79305,0,0,239887,0.797001,0.301654,4954.37,54.65,6033.71,5772.46,0.797001,0
01:11:15:00:54:10,8808.43,8806.71,91.3623,91.5068,83.7956,1.99917,1.50122,5773.85,240004,12433.4,1.84173,0,0,240004,0.793754,0.301832,4945.31,54.6667,6035.23,5773.85,0.795606,0
01:11:15:00:54:11,8815.58,8810.14,91.2292,91.5042,83.7348,1.99933,1.50122,5775.25,240121,12441.6,1.83103,0,0,240121,0.791974,0.300048,4953.44,54.6833,6036.76,5775.25,0.791236,0
01:11:15:00:54:12,8818.44,8806.42,91.1417,91.4641,83.6124,1.99942,1.50121,5776.64,240238,12445.4,1.89067,0,0,240238,0.783014,0.299222,4957.29,54.7,6038.28,5776.64,0.783014,0
01:11:15:00:54:13,8817.01,8805.57,91.2294,91.4534,83.533,1.99922,1.50121,5778.04,240355,12445,1.88349,0,0,240355,0.77446,0.299946,4956.84,54.7167,6039.8,5778.04,0.773502,0
01:11:15:00:54:14,8826.74,8801.85,91.4973,91.4267,83.6119,1.99961,1.50121,5779.43,240472,12455.6,1.91103,0,0,240472,0.777349,0.301443,4967.48,54.7333,6041.32,5779.43,0.777349,0
01:11:15:00:54:15,8806.42,8810.43,91.2226,91.5229,83.8606,1.99871,1.50121,5780.82,240589,12436.2,1.92423,0,0,240589,0.786343,0.301737,4948.1,54.75,6042.84,5780.82,0.786343,0
01:11:15:00:54:16,8811,8805.57,91.5021,91.5656,83.6102,1.99832,1.50121,5782.22,240707,12441.8,1.95912,0,0,240707,0.794609,0.300221,4953.64,54.7667,6044.36,5782.22,0.798001,0
01:11:15:00:54:17,8808.14,8803.28,91.237,91.6217,83.8625,1.99942,1.5012,5783.62,240824,12439.9,1.99897,0,0,240824,0.805825,0.298792,4951.75,54.7833,6045.89,5783.62,0.805825,0
01:11:15:00:54:18,8814.44,8807.85,91.1828,91.591,83.6145,2.00086,1.5012,5785.01,240941,12447.1,1.97118,0,0,240941,0.811538,0.297255,4958.98,54.8,6047.41,5785.01,0.813835,0
01:11:15:00:54:19,8815.58,8803.85,91.2031,91.6217,83.5706,1.99922,1.5012,5786.4,241058,12449.2,1.94346,0,0,241058,0.812913,0.298748,4961.05,54.8167,6048.93,5786.4,0.813544,0
01:11:15:00:54:20,8811,8809,91.1818,91.5843,83.5862,2.00008,1.5012,5787.8,241175,12445.5,1.97238,0,0,241175,0.814011,0.300475,4957.41,54.8333,6050.45,5787.8,0.814011,0
01:11:15:00:54:21,8813.29,8800.99,91.4808,91.6337,83.5708,1.99891,1.5012,5789.19,241292,12448.8,1.97359,0,0,241292,0.813231,0.300424,4960.66,54.85,6051.97,5789.19,0.812364,0
01:11:15:00:54:22,8811.29,8807.28,91.3243,91.623,83.8454,1.99873,1.50119,5790.58,241409,12447.8,1.98929,0,0,241409,0.816408,0.300233,4959.62,54.8667,6053.49,5790.58,0.816408,0
01:11:15:00:54:23,8811.57,8800.13,91.3343,91.4454,83.6964,2.00032,1.50119,5791.98,241526,12449,1.98083,0,0,241526,0.817056,0.30024,4960.83,54.8833,6055.01,5791.98,0.817099,0
01:11:15:00:54:24,8809,8795.84,91.4087,91.4,83.7079,1.99965,1.50119,5793.38,241643,12447.3,1.94106,0,0,241643,0.812532,0.301867,4959.19,54.9,6056.54,5793.38,0.815656,0
01:11:15:00:54:25,8801.85,8800.42,91.2084,91.607,83.7862,1.99678,1.50119,5794.77,241761,12441.1,1.96514,0,0,241761,0.813898,0.302588,4952.98,54.9167,6058.06,5794.77,0.814325,0
01:11:15:00:54:26,8798.41,8798.13,91.3475,91.7592,83.5978,1.99812,1.50119,5796.17,241878,12438.6,1.93504,0,0,241878,0.805208,0.301539,4950.52,54.9333,6059.58,5796.17,0.810338,0
01:11:15:00:54:27,8800.99,8805.57,91.3272,91.7432,83.7185,2.00009,1.50118,5797.56,241995,12442.2,1.98808,0,0,241995,0.794211,0.301613,4954.05,54.95,6061.1,5797.56,0.796719,0
01:11:15:00:54:28,8805.85,8796.41,91.2381,91.7605,83.7021,1.99945,1.50118,5798.96,242112,12448,1.97118,0,0,242112,0.79508,0.299118,4959.83,54.9667,6062.62,5798.96,0.795104,0
01:11:15:00:54:29,8807.85,8789.83,91.238,91.7512,83.6167,2.00052,1.50118,5800.35,242229,12450.9,1.976,0,0,242229,0.794826,0.298167,4962.76,54.9833,6064.14,5800.35,0.794826,0
01:11:15:00:54:30,8807.85,8798.41,91.2753,91.7084,83.6163,2.00059,1.50118,5801.74,242346,12451.8,1.98567,0,0,242346,0.796042,0.297763,4963.72,55,6065.67,5801.74,0.797458,0
01:11:15:00:54:31,8793.84,8787.54,91.3216,91.7191,83.6572,1.99868,1.50118,5803.14,242463,12438.8,2.0232,0,0,242463,0.792625,0.299296,4950.67,55.0167,6067.19,5803.14,0.794169,0
01:11:15:00:54:32,8807.57,8792.69,91.0894,91.6564,83.6946,2.00012,1.50117,5804.53,242580,12453.5,2.01108,0,0,242580,0.799505,0.301347,4965.34,55.0333,6068.71,5804.53,0.794269,0
01:11:15:00:54:33,8795.84,8799.27,91.3096,91.6083,83.4865,1.99879,1.50117,5805.93,242697,12442.7,1.93865,0,0,242697,0.804764,0.301795,4954.53,55.05,6070.23,5805.93,0.801202,0
01:11:15:00:54:34,8804.71,8802.71,91.339,91.6403,83.6872,1.9991,1.50117,5807.32,242814,12452.5,1.96032,0,0,242814,0.800655,0.302529,4964.34,55.0667,6071.75,5807.32,0.802126,0
01:11:15:00:54:35,8797.56,8793.55,91.2225,91.4948,83.7096,2.0004,1.50117,5808.71,242931,12446.3,1.97963,0,0,242931,0.798855,0.30039,4958.15,55.0833,6073.27,5808.71,0.798531,0
01:11:15:00:54:36,8801.27,8795.27,91.4858,91.4748,83.6069,1.99924,1.50116,5810.11,243049,12451,2.0135,0,0,243049,0.802885,0.298135,4962.83,55.1,6074.79,5810.11,0.802885,0
01:11:15:00:54:37,8807.85,8800.99,91.1069,91.4668,83.8435,2.00058,1.50116,5811.5,243166,12458.5,2.04142,0,0,243166,0.809521,0.296985,4970.34,55.1167,6076.31,5811.5,0.80451,0
01:11:15:00:54:38,8789.83,8792.12,91.192,91.5616,83.4998,1.99956,1.50116,5812.9,243283,12441.4,2.0232,0,0,243283,0.817873,0.29678,4953.24,55.1333,6077.83,5812.9,0.817873,0
01:11:15:00:54:39,8793.84,8786.97,91.129,91.6136,83.5781,1.99948,1.50116,5814.29,243400,12446.3,2.02806,0,0,243400,0.817873,0.299762,4958.19,55.15,6079.35,5814.29,0.824999,0
01:11:15:00:54:40,8794.98,8793.55,91.1704,91.5629,83.5183,2.00008,1.50115,5815.68,243517,12448.4,2.09138,0,0,243517,0.820698,0.30063,4960.3,55.1667,6080.87,5815.68,0.816167,0
01:11:15:00:54:41,8790.4,8788.97,91.0801,91.6163,83.5593,1.99922,1.50115,5817.08,243634,12444.8,2.07918,0,0,243634,0.816581,0.301612,4956.68,55.1833,6082.39,5817.08,0.802175,0
01:11:15:00:54:42,8790.98,8786.11,91.2035,91.6831,83.471,2.0008,1.50115,5818.47,243751,12446.3,2.03534,0,0,243751,0.802175,0.30049,4958.17,55.2,6083.91,5818.47,0.799546,0
01:11:15:00:54:43,8784.97,8793.55,91.0212,91.6403,83.5849,2.00057,1.50115,5819.86,243868,12441.2,1.98325,0,0,243868,0.798695,0.299254,4953.09,55.2167,6085.43,5819.86,0.800045,0
01:11:15:00:54:44,8796.7,8787.54,91.3628,91.6884,83.4222,1.99928,1.50115,5821.25,243985,12453.9,2.00018,0,0,243985,0.800045,0.298577,4965.77,55.2333,6086.95,5821.25,0.79239,0
01:11:15:00:54:45,8794.41,8794.12,91.2854,91.7485,83.7334,1.99984,1.50114,5822.64,244102,12452.6,1.97963,0,0,244102,0.79239,0.299808,4964.45,55.25,6088.47,5822.64,0.782192,0
01:11:15:00:54:46,8792.12,8779.24,91.0994,91.7124,83.6665,1.99867,1.50114,5824.04,244219,12451.2,1.98325,0,0,244219,0.785758,0.301021,4963.11,55.2667,6089.99,5824.04,0.787281,0
01:11:15:00:54:47,8793.26,8776.1,91.0725,91.6243,83.491,2.00011,1.50114,5825.43,244336,12453.3,2.0135,0,0,244336,0.787281,0.302771,4965.17,55.2833,6091.51,5825.43,0.787062,0
01:11:15:00:54:48,8786.4,8781.82,91.0059,91.5015,83.4648,2.00059,1.50114,5826.82,244453,12447.4,2.01714,0,0,244453,0.786568,0.302812,4959.24,55.3,6093.03,5826.82,0.784222,0
01:11:15:00:54:49,8779.53,8779.24,91.148,91.611,83.4066,1.99977,1.50113,5828.21,244570,12441.5,2.02078,0,0,244570,0.784434,0.302334,4953.33,55.3167,6094.54,5828.21,0.787816,0
01:11:15:00:54:50,8782.39,8788.4,91.0979,91.5976,83.5361,1.99997,1.50113,5829.6,244686,12445.3,2.00623,0,0,244686,0.787816,0.300618,4957.16,55.3333,6096.06,5829.6,0.791424,0
01:11:15:00:54:51,8781.53,8778.39,91.145,91.6056,83.4949,1.99862,1.50113,5831,244803,12445.4,2.04142,0,0,244803,0.793065,0.299236,4957.23,55.35,6097.58,5831,0.79486,0
01:11:15:00:54:52,8790.98,8777.24,91.2944,91.5843,83.5307,2.00071,1.50113,5832.39,244920,12455.7,2.03656,0,0,244920,0.79486,0.298185,4967.59,55.3667,6099.1,5832.39,0.79486,0
01:11:15:00:54:53,8784.11,8776.96,91.6423,91.7779,83.6751,1.99857,1.50113,5833.78,245037,12449.8,1.98083,0,0,245037,0.796751,0.297316,4961.67,55.3833,6100.63,5833.78,0.793424,0
01:11:15:00:54:54,8778.1,8765.51,91.2002,91.7886,83.9895,1.99987,1.50112,5835.18,245154,12444.8,1.97118,0,0,245154,0.80162,0.294834,4956.63,55.4,6102.15,5835.18,0.800132,0
01:11:15:00:54:55,8784.39,8779.24,91.2325,91.7071,83.5774,2.00184,1.50112,5836.58,245271,12452,1.95912,0,0,245271,0.808021,0.293717,4963.88,55.4167,6103.67,5836.58,0.80873,0
01:11:15:00:54:56,8772.38,8772.38,91.0431,91.643,83.6135,1.99997,1.50112,5837.97,245389,12440.9,1.96997,0,0,245389,0.79958,0.296135,4952.78,55.4333,6105.19,5837.97,0.805377,0
01:11:15:00:54:57,8773.52,8774.38,91.258,91.6123,83.4404,1.99982,1.50112,5839.36,245506,12443,1.98325,0,0,245506,0.800734,0.298467,4954.86,55.45,6106.71,5839.36,0.801417,0
01:11:15:00:54:58,8773.81,8768.66,91.53,91.5055,83.6413,1.99873,1.50112,5840.75,245623,12444.2,2.00018,0,0,245623,0.798586,0.300424,4956.09,55.4667,6108.23,5840.75,0.800513,0
01:11:15:00:54:59,8777.24,8770.95,91.1987,91.5669,83.8883,1.99934,1.50112,5842.15,245740,12448.6,2.04628,0,0,245740,0.796781,0.299052,4960.5,55.4833,6109.75,5842.15,0.796781,0
01:11:15:00:55:00,8771.81,8776.67,91.2584,91.4481,83.5793,2.00089,1.50111,5843.55,245857,12444.1,2.01835,0,0,245857,0.795168,0.298208,4956.01,55.5,6111.27,5843.55,0.795757,0
01:11:15:00:55:01,8765.23,8769.8,91.3495,91.4401,83.6393,1.99938,1.50111,5844.94,245974,12438.5,1.98929,0,0,245974,0.78844,0.300565,4950.34,55.5167,6112.8,5844.94,0.78844,0
01:11:15:00:55:02,8775.53,8761.51,91.3509,91.412,83.7261,1.99845,1.50111,5846.33,246091,12449.7,1.96997,0,0,246091,0.788761,0.301011,4961.58,55.5333,6114.32,5846.33,0.788012,0
01:11:15:00:55:03,8768.37,8762.94,91.1727,91.4548,83.7215,2.00015,1.50111,5847.73,246208,12443.5,1.976,0,0,246208,0.787538,0.300854,4955.39,55.55,6115.84,5847.73,0.789769,0
01:11:15:00:55:04,8764.65,8759.5,91.3589,91.4441,83.5596,1.99973,1.50111,5849.12,246325,12440.8,1.94226,0,0,246325,0.795981,0.299023,4952.64,55.5667,6117.36,5849.12,0.79196,0
01:11:15:00:55:05,8762.08,8756.93,91.2672,91.4588,83.7298,1.99984,1.50111,5850.52,246443,12439.1,1.97238,0,0,246443,0.806078,0.298317,4950.99,55.5833,6118.88,5850.52,0.801729,0
01:11:15:00:55:06,8755.5,8756.93,91.2851,91.4908,83.6474,1.99937,1.50111,5851.91,246560,12433.5,2.03534,0,0,246560,0.817644,0.297571,4945.34,55.6,6120.4,5851.91,0.816591,0
01:11:15:00:55:07,8760.65,8757.79,91.2422,91.4588,83.6637,1.99938,1.5011,5853.31,246677,12439.6,2.07673,0,0,246677,0.814198,0.299116,4951.43,55.6167,6121.93,5853.31,0.817327,0
01:11:15:00:55:08,8757.5,8761.79,91.3129,91.4281,83.6232,1.99974,1.5011,5854.7,246794,12437.4,2.0548,0,0,246794,0.808955,0.299456,4949.25,55.6333,6123.45,5854.7,0.808955,0
01:11:15:00:55:09,8761.79,8752.35,91.2535,91.6403,83.6918,1.99864,1.5011,5856.09,246911,12442.6,2.05967,0,0,246911,0.809825,0.298861,4954.5,55.65,6124.97,5856.09,0.809825,0
01:11:15:00:55:10,8770.38,8752.35,91.4204,91.6403,83.6358,1.99911,1.5011,5857.49,247028,12452.1,2.04142,0,0,247028,0.811267,0.298081,4964,55.6667,6126.49,5857.49,0.807661,0
01:11:15:00:55:11,8761.22,8754.07,91.0473,91.6537,83.7874,1.99948,1.5011,5858.88,247145,12443.9,2.03534,0,0,247145,0.802284,0.299269,4955.77,55.6833,6128.01,5858.88,0.802284,0
01:11:15:00:55:12,8757.5,8751.21,91.0473,91.651,83.443,2.00021,1.5011,5860.28,247262,12441.1,2.05967,0,0,247262,0.807388,0.29953,4953.01,55.7,6129.53,5860.28,0.80881,0
01:11:15:00:55:13,8753.5,8756.64,91.3875,91.5175,83.4422,2.00043,1.5011,5861.67,247379,12438.1,2.02078,0,0,247379,0.813281,0.299918,4949.97,55.7167,6131.05,5861.67,0.813281,0
01:11:15:00:55:14,8748.92,8744.05,91.261,91.3987,83.7565,1.99972,1.5011,5863.06,247496,12434.5,1.98083,0,0,247496,0.811095,0.300055,4946.34,55.7333,6132.57,5863.06,0.811095,0
01:11:15:00:55:15,8755.21,8745.77,91.261,91.4467,83.6444,1.99859,1.5011,5864.46,247613,12441.7,1.96756,0,0,247613,0.809103,0.300795,4953.55,55.75,6134.09,5864.46,0.806961,0
01:11:15:00:55:16,8743.2,8742.91,91.1762,91.631,83.6465,1.998,1.5011,5865.85,247730,12430.6,1.94106,0,0,247730,0.80138,0.301193,4942.47,55.7667,6135.61,5865.85,0.804606,0
01:11:15:00:55:17,8751.21,8744.63,91.2895,91.6217,83.5617,2.00003,1.5011,5867.24,247847,12439.6,1.97238,0,0,247847,0.798148,0.298995,4951.44,55.7833,6137.13,5867.24,0.799621,0
01:11:15:00:55:18,8749.49,8748.06,91.3034,91.5883,83.6639,2.00049,1.5011,5868.64,247964,12438.8,1.96997,0,0,247964,0.795729,0.298468,4950.69,55.8,6138.65,5868.64,0.796891,0
01:11:15:00:55:19,8748.92,8742.05,91.3438,91.5816,83.6802,1.9995,1.5011,5870.03,248081,12439.2,1.97842,0,0,248081,0.795453,0.298729,4951.04,55.8167,6140.18,5870.03,0.795453,0
01:11:15:00:55:20,8752.92,8740.05,91.1405,91.6203,83.7153,2.00004,1.5011,5871.43,248199,12444.1,2.01957,0,0,248199,0.79509,0.299357,4955.97,55.8333,6141.7,5871.43,0.795358,0
01:11:15:00:55:21,8741.48,8741.77,91.2249,91.5709,83.5295,1.99989,1.5011,5872.82,248316,12433.6,2.0548,0,0,248316,0.793205,0.298908,4945.47,55.85,6143.22,5872.82,0.793205,0
01:11:15:00:55:22,8749.2,8738.33,91.4641,91.5122,83.6099,1.999,1.5011,5874.21,248433,12442.3,2.06211,0,0,248433,0.795855,0.298964,4954.16,55.8667,6144.74,5874.21,0.79417,0
01:11:15:00:55:23,8738.33,8751.49,91.3492,91.4441,83.8228,2.0008,1.5011,5875.61,248550,12432.4,2.0135,0,0,248550,0.797858,0.299229,4944.25,55.8833,6146.26,5875.61,0.795296,0
01:11:15:00:55:24,8739.19,8740.33,91.1986,91.4387,83.7222,1.99948,1.5011,5877.01,248667,12434.2,1.96756,0,0,248667,0.789151,0.299328,4946.03,55.9,6147.78,5877.01,0.790303,0
01:11:15:00:55:25,8747.77,8737.47,91.2225,91.4895,83.5831,1.99978,1.5011,5878.4,248784,12443.7,1.96997,0,0,248784,0.786467,0.299652,4955.54,55.9167,6149.3,5878.4,0.787628,0
01:11:15:00:55:26,8750.06,8747.77,91.2743,91.5148,83.6072,1.99916,1.5011,5879.79,248901,12446.9,1.95912,0,0,248901,0.790927,0.30068,4958.78,55.9333,6150.83,5879.79,0.790486,0
01:11:15:00:55:27,8743.2,8733.75,91.2047,91.4094,83.6551,1.99904,1.5011,5881.19,249018,12441,2.02806,0,0,249018,0.792575,0.301119,4952.88,55.95,6152.35,5881.19,0.791069,0
01:11:15:00:55:28,8739.76,8738.62,91.4126,91.3172,83.5828,2.00147,1.5011,5882.58,249135,12438.5,2.02927,0,0,249135,0.790781,0.299838,4950.4,55.9667,6153.87,5882.58,0.790781,0
01:11:15:00:55:29,8738.9,8731.75,91.1307,91.4134,83.7819,1.99902,1.5011,5883.98,249252,12438.6,2.07185,0,0,249252,0.785714,0.299394,4950.45,55.9833,6155.39,5883.98,0.786334,0
01:11:15:00:55:30,8739.76,8741.19,91.1922,91.4548,83.5272,1.99795,1.5011,5885.37,249370,12440.4,2.03413,0,0,249370,0.796425,0.300173,4952.25,56,6156.91,5885.37,0.796425,0
01:11:15:00:55:31,8737.76,8741.48,91.309,91.4681,83.5786,1.9994,1.5011,5886.76,249487,12439.3,2.03777,0,0,249487,0.800603,0.30151,4951.2,56.0167,6158.43,5886.76,0.802312,0
01:11:15:00:55:32,8735.18,8733.47,91.0733,91.5442,83.686,1.99927,1.5011,5888.16,249603,12437.7,2.04142,0,0,249603,0.795802,0.29954,4949.6,56.0333,6159.95,5888.16,0.798229,0
01:11:15:00:55:33,8754.07,8744.91,91.0409,91.5375,83.4659,2.00046,1.5011,5889.55,249721,12457.5,1.976,0,0,249721,0.790889,0.298367,4969.41,56.05,6161.47,5889.55,0.792142,0
01:11:15:00:55:34,8742.05,8739.48,91.3557,91.5549,83.4361,2.0005,1.5011,5890.94,249838,12446.4,1.99655,0,0,249838,0.795387,0.301214,4958.32,56.0667,6162.99,5890.94,0.793031,0
01:11:15:00:55:35,8746.34,8741.77,90.9693,91.4868,83.7249,2.0004,1.5011,5892.33,249954,12451.7,2.00866,0,0,249954,0.811888,0.302527,4963.55,56.0833,6164.51,5892.33,0.810929,0
01:11:15:00:55:36,8742.34,8734.61,91.1041,91.4174,83.3737,1.99957,1.5011,5893.73,250071,12448.6,1.9905,0,0,250071,0.811888,0.301849,4960.51,56.1,6166.02,5893.73,0.812736,0
01:11:15:00:55:37,8736.9,8737.47,91.2844,91.5282,83.5032,1.99787,1.5011,5895.12,250188,12444.2,1.99655,0,0,250188,0.810926,0.301499,4956.03,56.1167,6167.54,5895.12,0.806553,0
01:11:15:00:55:38,8748.06,8737.76,91.1644,91.5269,83.6609,2.00001,1.5011,5896.51,250305,12456.2,1.98688,0,0,250305,0.806553,0.298903,4968.1,56.1333,6169.06,5896.51,0.807376,0
01:11:15:00:55:39,8731.75,8735.76,91.2317,91.6283,83.552,1.9997,1.5011,5897.9,250422,12440.8,2.02684,0,0,250422,0.807376,0.297199,4952.71,56.15,6170.58,5897.9,0.796347,0
01:11:15:00:55:40,8746.06,8739.76,91.324,91.5843,83.6146,1.99945,1.5011,5899.3,250539,12456.1,2.01593,0,0,250539,0.802692,0.298615,4967.94,56.1667,6172.1,5899.3,0.789084,0
01:11:15:00:55:41,8743.77,8745.49,91.3265,91.5669,83.6994,1.9994,1.50111,5900.69,250656,12454.7,2.0232,0,0,250656,0.789084,0.300073,4966.6,56.1833,6173.63,5900.69,0.783493,0
01:11:15:00:55:42,8743.77,8744.63,91.2684,91.5215,83.6999,1.9999,1.50111,5902.08,250773,12455.6,2.02684,0,0,250773,0.785081,0.300403,4967.47,56.2,6175.15,5902.08,0.789606,0
01:11:15:00:55:43,8750.35,8732.9,91.1768,91.5696,83.6481,1.9995,1.50111,5903.48,250890,12462.9,1.99413,0,0,250890,0.792032,0.298901,4974.81,56.2167,6176.67,5903.48,0.797851,0
01:11:15:00:55:44,8741.77,8740.05,91.2286,91.5723,83.5591,2.00092,1.50111,5904.87,251007,12455.1,1.94346,0,0,251007,0.801197,0.297753,4967,56.2333,6178.19,5904.87,0.803397,0
01:11:15:00:55:45,8748.92,8732.61,91.0981,91.5015,83.6117,1.99949,1.50111,5906.27,251125,12463.1,1.98688,0,0,251125,0.803561,0.298483,4974.94,56.25,6179.71,5906.27,0.802479,0
01:11:15:00:55:46,8734.9,8746.92,91.3533,91.4721,83.4943,1.99883,1.50111,5907.66,251242,12449.8,1.96756,0,0,251242,0.799339,0.299687,4961.65,56.2667,6181.23,5907.66,0.800086,0
01:11:15:00:55:47,8739.19,8739.19,91.6828,91.5803,83.7243,1.99995,1.50111,5909.05,251359,12454.6,2.00987,0,0,251359,0.798262,0.300808,4966.51,56.2833,6182.75,5909.05,0.798798,0
01:11:15:00:55:48,8744.91,8738.9,91.405,91.5469,84.0224,2.00106,1.50111,5910.45,251476,12460.8,2.0548,0,0,251476,0.798972,0.29978,4972.67,56.3,6184.28,5910.45,0.809878,0
01:11:15:00:55:49,8750.92,8748.92,91.3903,91.5322,83.771,2.00016,1.50111,5911.85,251593,12467.3,2.0402,0,0,251593,0.809878,0.297284,4979.13,56.3167,6185.8,5911.85,0.809896,0
01:11:15:00:55:50,8745.49,8734.33,91.3582,91.627,83.7627,1.99866,1.50112,5913.24,251710,12462.3,2.0317,0,0,251710,0.804663,0.296573,4974.14,56.3333,6187.33,5913.24,0.809896,0
01:11:15:00:55:51,8747.2,8743.48,91.186,91.5362,83.7269,2.0005,1.50112,5914.64,251828,12464.4,2.02927,0,0,251828,0.802857,0.29679,4976.26,56.35,6188.85,5914.64,0.802857,0
01:11:15:00:55:52,8746.92,8734.04,91.1981,91.4614,83.5715,1.99982,1.50112,5916.03,251945,12464.4,2.0026,0,0,251945,0.804502,0.299522,4976.3,56.3667,6190.37,5916.03,0.801781,0
01:11:15:00:55:53,8745.2,8739.19,91.2671,91.4174,83.5818,2.00002,1.50112,5917.43,252062,12463,1.96997,0,0,252062,0.809097,0.300949,4974.89,56.3833,6191.89,5917.43,0.80771,0
01:11:15:00:55:54,8741.19,8738.33,91.1871,91.372,83.6473,1.99939,1.50112,5918.82,252179,12459.3,1.92062,0,0,252179,0.814546,0.300066,4971.19,56.4,6193.41,5918.82,0.814789,0
01:11:15:00:55:55,8738.62,8728.6,91.2588,91.4227,83.5738,1.99943,1.50112,5920.21,252296,12457,1.95309,0,0,252296,0.808262,0.299113,4968.92,56.4167,6194.93,5920.21,0.812516,0
01:11:15:00:55:56,8754.64,8745.77,91.2458,91.4628,83.6391,1.99955,1.50112,5921.61,252413,12473.4,1.93384,0,0,252413,0.805932,0.300032,4985.23,56.4333,6196.45,5921.61,0.805793,0
01:11:15:00:55:57,8737.47,8736.9,91.3052,91.38,83.6257,1.99997,1.50112,5923,252530,12456.5,1.94587,0,0,252530,0.812006,0.300726,4968.33,56.45,6197.97,5923,0.807685,0
01:11:15:00:55:58,8745.49,8739.76,91.2887,91.4094,83.6868,1.99807,1.50112,5924.4,252647,12464.7,1.98204,0,0,252647,0.814644,0.301598,4976.61,56.4667,6199.49,5924.4,0.814644,0
01:11:15:00:55:59,8744.34,8728.6,91.3472,91.4174,83.6643,2.00018,1.50113,5925.79,252764,12463.9,2.0135,0,0,252764,0.805389,0.301148,4975.74,56.4833,6201.01,5925.79,0.807349,0
01:11:15:00:56:00,8743.2,8734.04,91.3205,91.4134,83.7194,1.99975,1.50113,5927.19,252881,12463,2.01714,0,0,252881,0.797324,0.300316,4974.87,56.5,6202.54,5927.19,0.797324,0
01:11:15:00:56:01,8743.77,8733.47,91.0886,91.4387,83.6942,1.99998,1.50113,5928.58,252999,12463.8,2.0475,0,0,252999,0.801088,0.298615,4975.71,56.5167,6204.06,5928.58,0.797403,0
01:11:15:00:56:02,8728.89,8730.61,91.1169,91.38,83.4821,1.99985,1.50113,5929.97,253116,12449.2,2.07551,0,0,253116,0.800658,0.297245,4961.1,56.5333,6205.57,5929.97,0.800576,0
01:11:15:00:56:03,8742.05,8732.32,91.2798,91.5856,83.5134,1.99828,1.50113,5931.37,253233,12462.7,2.02442,0,0,253233,0.797963,0.296583,4974.53,56.55,6207.09,5931.37,0.799413,0
01:11:15:00:56:04,8731.47,8738.33,91.1817,91.4614,83.6558,2.00029,1.50113,5932.76,253350,12452.3,1.96152,0,0,253350,0.799449,0.295499,4964.21,56.5667,6208.62,5932.76,0.797001,0
01:11:15:00:56:05,8733.18,8729.46,91.3157,91.5055,83.5698,1.99916,1.50113,5934.15,253467,12454.3,2.00623,0,0,253467,0.804101,0.294736,4966.17,56.5833,6210.14,5934.15,0.803024,0
01:11:15:00:56:06,8734.9,8719.16,91.2451,91.5335,83.6899,1.99992,1.50113,5935.55,253584,12456.2,2.01108,0,0,253584,0.798977,0.295039,4968.09,56.6,6211.66,5935.55,0.802525,0
01:11:15:00:56:07,8730.89,8725.74,91.0529,91.4855,83.6239,2.00032,1.50113,5936.94,253701,12452.4,2.00866,0,0,253701,0.793208,0.295943,4964.27,56.6167,6213.18,5936.94,0.793208,0
01:11:15:00:56:08,8730.32,8711.72,91.2794,91.3506,83.4472,2.00046,1.50114,5938.33,253818,12452,2.01229,0,0,253818,0.790351,0.297913,4963.89,56.6333,6214.7,5938.33,0.790379,0
01:11:15:00:56:09,8716.02,8724.03,91.4951,91.4174,83.6558,2.00018,1.50114,5939.73,253935,12437.9,2.02806,0,0,253935,0.793864,0.300382,4949.77,56.65,6216.22,5939.73,0.796603,0
01:11:15:00:56:10,8714.3,8707.43,91.1974,91.3586,83.8499,2.00119,1.50114,5941.12,254052,12436.3,2.08162,0,0,254052,0.799165,0.300308,4948.19,56.6667,6217.74,5941.12,0.799165,0
01:11:15:00:56:11,8716.3,8714.01,91.2534,91.2585,83.5824,1.99968,1.50114,5942.52,254169,12438.4,2.06576,0,0,254169,0.796217,0.299109,4950.27,56.6833,6219.26,5942.52,0.796217,0
01:11:15:00:56:12,8718.88,8710.87,91.5283,91.3613,83.6358,1.99907,1.50114,5943.91,254286,12441,2.01957,0,0,254286,0.795985,0.300294,4952.92,56.7,6220.78,5943.91,0.795578,0
01:11:15:00:56:13,8711.44,8704,91.1697,91.5162,83.8891,1.9987,1.50114,5945.31,254403,12433.7,2.01957,0,0,254403,0.799381,0.299657,4945.56,56.7167,6222.31,5945.31,0.799381,0
01:11:15:00:56:14,8719.74,8712.01,91.333,91.5883,83.5582,1.99933,1.50114,5946.7,254520,12442.1,1.96635,0,0,254520,0.798624,0.298182,4953.92,56.7333,6223.83,5946.7,0.79864,0
01:11:15:00:56:15,8712.3,8700.28,91.3824,91.611,83.7071,1.99956,1.50114,5948.1,254638,12434.7,1.93625,0,0,254638,0.796584,0.299536,4946.54,56.75,6225.35,5948.1,0.798784,0
01:11:15:00:56:16,8713.73,8706.29,91.2181,91.627,83.7496,2.00033,1.50114,5949.49,254755,12436.1,1.93985,0,0,254755,0.797134,0.299284,4948.02,56.7667,6226.87,5949.49,0.797215,0
01:11:15:00:56:17,8713.44,8696.56,91.2911,91.5656,83.5973,2.00084,1.50114,5950.89,254872,12435.9,1.91343,0,0,254872,0.794682,0.298565,4947.78,56.7833,6228.39,5950.89,0.797088,0
01:11:15:00:56:18,8705.43,8693.13,91.268,91.6978,83.6714,1.99878,1.50115,5952.28,254989,12427.9,1.94346,0,0,254989,0.794797,0.298716,4939.81,56.8,6229.92,5952.28,0.795953,0
01:11:15:00:56:19,8709.15,8708.01,91.2134,91.7165,83.6483,1.99933,1.50115,5953.67,255106,12431.7,1.98929,0,0,255106,0.798544,0.298145,4943.58,56.8167,6231.44,5953.67,0.796259,0
01:11:15:00:56:20,8696.56,8699.71,91.4173,91.6684,83.5948,2.00031,1.50115,5955.07,255223,12419.2,2.01835,0,0,255223,0.799435,0.298139,4931.03,56.8333,6232.96,5955.07,0.799435,0
01:11:15:00:56:21,8709.72,8702.86,91.2485,91.4641,83.7806,2.00061,1.50115,5956.46,255340,12432.4,2.0402,0,0,255340,0.80826,0.297985,4944.23,56.85,6234.48,5956.46,0.804404,0
01:11:15:00:56:22,8707.72,8693.13,91.4088,91.3399,83.6282,1.99996,1.50115,5957.86,255457,12430.4,2.01593,0,0,255457,0.811516,0.297591,4942.27,56.8667,6236,5957.86,0.810327,0
01:11:15:00:56:23,8711.44,8700.85,91.3134,91.3613,83.7736,2.00041,1.50115,5959.25,255575,12434.2,2.02199,0,0,255575,0.80529,0.298476,4946.02,56.8833,6237.52,5959.25,0.805439,0
01:11:15:00:56:24,8709.15,8693.99,91.2893,91.3533,83.6926,1.99855,1.50115,5960.65,255692,12431.9,1.94828,0,0,255692,0.797777,0.298263,4943.76,56.9,6239.05,5960.65,0.800396,0
01:11:15:00:56:25,8695.42,8693.7,91.2757,91.388,83.6664,1.99974,1.50115,5962.04,255809,12418.2,1.95429,0,0,255809,0.789657,0.299006,4930.03,56.9167,6240.57,5962.04,0.791621,0
01:11:15:00:56:26,8713.73,8694.84,91.3475,91.4,83.6528,2.00006,1.50115,5963.44,255926,12436.5,1.98688,0,0,255926,0.791201,0.299577,4948.34,56.9333,6242.09,5963.44,0.789993,0
01:11:15:00:56:27,8693.7,8702.28,91.4575,91.2144,83.7183,2.00016,1.50115,5964.83,256043,12416.4,1.96514,0,0,256043,0.800453,0.300275,4928.31,56.95,6243.61,5964.83,0.800453,0
01:11:15:00:56:28,8704.57,8697.99,91.112,91.2905,83.8178,2.00052,1.50115,5966.23,256160,12427.3,1.99292,0,0,256160,0.810949,0.300889,4939.18,56.9667,6245.13,5966.23,0.810277,0
01:11:15:00:56:29,8699.71,8692.27,91.0807,91.5002,83.5071,1.99881,1.50115,5967.62,256278,12422.4,1.98325,0,0,256278,0.806696,0.300843,4934.32,56.9833,6246.65,5967.62,0.806696,0
01:11:15:00:56:30,8705.14,8695.99,91.3566,91.5669,83.4753,1.99971,1.50115,5969.01,256395,12427.9,1.98445,0,0,256395,0.804783,0.301991,4939.75,57,6248.17,5969.01,0.805017,0
01:11:15:00:56:31,8709.72,8693.42,91.2369,91.6577,83.7322,1.99856,1.50115,5970.41,256512,12432.5,2.01471,0,0,256512,0.808891,0.301724,4944.33,57.0167,6249.69,5970.41,0.804708,0
01:11:15:00:56:32,8693.13,8693.42,91.0561,91.6577,83.62,1.99926,1.50115,5971.8,256629,12415.9,2.02563,0,0,256629,0.80341,0.299852,4927.74,57.0333,6251.21,5971.8,0.808078,0
01:11:15:00:56:33,8697.42,8684.26,91.39,91.7071,83.4551,1.99904,1.50115,5973.19,256746,12420.2,2.04264,0,0,256746,0.80341,0.299274,4932.03,57.05,6252.73,5973.19,0.797576,0
01:11:15:00:56:34,8692.27,8687.69,91.2018,91.7512,83.7615,1.99891,1.50115,5974.59,256863,12415,2.0232,0,0,256863,0.79251,0.299904,4926.88,57.0667,6254.26,5974.59,0.787395,0
01:11:15:00:56:35,8697.71,8687.98,91.3327,91.6417,83.5847,2.00018,1.50115,5975.98,256980,12420.4,1.99171,0,0,256980,0.790202,0.299512,4932.32,57.0833,6255.78,5975.98,0.791857,0
01:11:15:00:56:36,8694.56,8682.54,91.3282,91.4975,83.7022,2.00087,1.50115,5977.38,257097,12417.3,1.97359,0,0,257097,0.79289,0.300325,4929.17,57.1,6257.3,5977.38,0.794564,0
01:11:15:00:56:37,8691.13,8697.71,91.3667,91.5442,83.7088,1.99779,1.50115,5978.77,257214,12413.9,1.98445,0,0,257214,0.794564,0.29983,4925.74,57.1167,6258.82,5978.77,0.797063,0
01:11:15:00:56:38,8700.85,8683.11,91.1699,91.603,83.7391,1.99924,1.50115,5980.17,257331,12423.6,1.97721,0,0,257331,0.797063,0.299927,4935.46,57.1333,6260.34,5980.17,0.798954,0
01:11:15:00:56:39,8696.28,8696.56,91.1231,91.5976,83.5546,2.00041,1.50115,5981.56,257448,12419,1.98083,0,0,257448,0.800315,0.299066,4930.88,57.15,6261.86,5981.56,0.797804,0
01:11:15:00:56:40,8699.71,8675.39,91.1891,91.7872,83.5158,1.99923,1.50116,5982.95,257565,12422.4,1.98204,0,0,257565,0.797804,0.298386,4934.32,57.1667,6263.38,5982.95,0.801078,0
01:11:15:00:56:41,8689.7,8676.53,91.2761,91.8326,83.5747,1.99969,1.50116,5984.35,257682,12412.4,2.0317,0,0,257682,0.800014,0.298515,4924.3,57.1833,6264.9,5984.35,0.807009,0
01:11:15:00:56:42,8693.7,8683.97,91.2733,91.7018,83.654,1.9998,1.50116,5985.74,257799,12416.4,2.03291,0,0,257799,0.807009,0.30101,4928.31,57.2,6266.42,5985.74,0.807846,0
01:11:15:00:56:43,8670.24,8672.82,91.377,91.6791,83.6519,1.99968,1.50116,5987.13,257916,12393,2.05236,0,0,257916,0.807846,0.301647,4904.85,57.2167,6267.94,5987.13,0.805724,0
01:11:15:00:56:44,8685.98,8682.83,91.1837,91.7325,83.7524,1.99813,1.50116,5988.53,258033,12408.7,1.99292,0,0,258033,0.800726,0.304154,4920.58,57.2333,6269.47,5988.53,0.800327,0
01:11:15:00:56:45,8684.54,8674.82,91.0816,91.7392,83.5679,2.00022,1.50116,5989.92,258150,12407.3,2.03534,0,0,258150,0.79851,0.304217,4919.15,57.25,6270.98,5989.92,0.800576,0
01:11:15:00:56:46,8694.84,8689.12,91.3878,91.595,83.4757,1.99985,1.50116,5991.31,258267,12417.6,2.06454,0,0,258267,0.801981,0.303706,4929.45,57.2667,6272.51,5991.31,0.803327,0
01:11:15:00:56:47,8695.99,8675.1,91.3606,91.5509,83.757,1.99962,1.50116,5992.71,258384,12418.7,2.11953,0,0,258384,0.803764,0.304319,4930.6,57.2833,6274.03,5992.71,0.803447,0
01:11:15:00:56:48,8683.11,8678.54,91.0752,91.7071,83.735,1.9988,1.50116,5994.1,258501,12405.9,2.12198,0,0,258501,0.801757,0.304158,4917.72,57.3,6275.55,5994.1,0.803447,0
01:11:15:00:56:49,8700.28,8673.39,91.402,91.6817,83.4739,1.99867,1.50116,5995.5,258619,12423,2.0865,0,0,258619,0.794462,0.302924,4934.89,57.3167,6277.07,5995.5,0.799637,0
01:11:15:00:56:50,8680.54,8681.4,91.1785,91.7231,83.7688,1.99998,1.50116,5996.89,258736,12403.3,2.06454,0,0,258736,0.794082,0.302065,4915.15,57.3333,6278.59,5996.89,0.794082,0
01:11:15:00:56:51,8693.99,8685.4,91.4651,91.619,83.559,2.00139,1.50116,5998.29,258853,12416.7,2.08528,0,0,258853,0.804316,0.300028,4928.59,57.35,6280.11,5998.29,0.799183,0
01:11:15:00:56:52,8688.84,8679.68,91.3726,91.5349,83.8268,1.99994,1.50116,5999.68,258970,12411.6,2.05967,0,0,258970,0.797793,0.301347,4923.44,57.3667,6281.64,5999.68,0.797793,0
01:11:15:00:56:53,8699.42,8693.42,91.0589,91.5896,83.746,1.99879,1.50116,6001.08,259087,12422.2,1.99897,0,0,259087,0.795252,0.301023,4934.03,57.3833,6283.16,6001.08,0.795969,0
01:11:15:00:56:54,8700,8684.54,91.2768,91.7098,83.454,2.0001,1.50122,6002.47,259204,12422.7,1.93745,0,0,259204,0.799879,0.300921,4934.6,57.4,6284.68,6002.47,0.799013,0
01:11:15:00:56:55,8682.26,8690.27,91.1774,91.8273,83.6592,1.99852,1.50122,6003.86,259321,12405,1.96394,0,0,259321,0.806739,0.30015,4916.86,57.4167,6286.2,6003.86,0.804933,0
01:11:15:00:56:56,8709.72,8683.11,91.4029,91.7672,83.5648,1.99947,1.50122,6005.26,259438,12432.5,1.976,0,0,259438,0.80866,0.298782,4944.33,57.4333,6287.72,6005.26,0.806352,0
01:11:15:00:56:57,8691.7,8689.7,91.4319,91.7191,83.77,1.9999,1.50122,6006.65,259555,12414.4,1.97238,0,0,259555,0.796213,0.300272,4926.31,57.45,6289.24,6006.65,0.799327,0
01:11:15:00:56:58,8695.13,8682.26,91.4144,91.6644,83.7951,2.0003,1.74769,6008.05,259672,12417.9,1.93384,0,0,259672,0.796473,0.300629,4929.74,57.4667,6290.77,6008.05,0.795339,0
01:11:15:00:56:59,8685.4,8671.96,91.3584,91.6884,83.7799,2.00006,1.99974,6009.44,259790,12408.1,1.91223,0,0,259790,0.8023,0.300788,4920.01,57.4833,6292.29,6009.44,0.8023,0
01:11:15:00:57:00,8682.26,8687.12,91.2649,91.7458,83.7323,1.999,1.99974,6010.84,259907,12405,1.976,0,0,259907,0.802032,0.299776,4916.86,57.5,6293.81,6010.84,0.802277,0
01:11:15:00:57:01,8687.12,8674.25,91.2287,91.7018,83.6417,2.0004,1.99973,6012.23,260024,12409.9,1.98204,0,0,260024,0.801441,0.298889,4921.73,57.5167,6295.33,6012.23,0.800981,0
01:11:15:00:57:02,8681.97,8691.41,91.4591,91.6898,83.6105,1.99984,1.99973,6013.63,260141,12404.7,1.99171,0,0,260141,0.799951,0.298162,4916.58,57.5333,6296.85,6013.63,0.800706,0
01:11:15:00:57:03,8694.56,8669.95,91.5123,91.4962,83.8186,2.00072,1.99973,6015.02,260258,12417.3,2.02442,0,0,260258,0.799905,0.29969,4929.17,57.55,6298.38,6015.02,0.799262,0
01:11:15:00:57:04,8691.41,8678.25,91.43,91.5562,83.8708,1.99972,1.99973,6016.42,260376,12414.1,1.96997,0,0,260376,0.80494,0.300493,4926.02,57.5667,6299.9,6016.42,0.804442,0
01:11:15:00:57:05,8690.55,8677.96,91.3667,91.5082,83.796,1.99954,1.99973,6017.82,260493,12413.3,1.98688,0,0,260493,0.80526,0.300184,4925.16,57.5833,6301.43,6017.82,0.8056,0
01:11:15:00:57:06,8674.53,8673.1,91.3667,91.4027,83.7369,1.99988,1.99973,6019.21,260610,12397.3,2.0548,0,0,260610,0.804306,0.299175,4909.14,57.6,6302.95,6019.21,0.804306,0
01:11:15:00:57:07,8689.12,8686.55,91.2103,91.4948,83.7359,2.00016,1.99973,6020.61,260728,12411.9,2.08283,0,0,260728,0.800075,0.298726,4923.73,57.6167,6304.47,6020.61,0.800075,0
01:11:15:00:57:08,8683.4,8679.4,91.1994,91.5509,83.5934,1.99992,1.99973,6022,260845,12406.1,2.12443,0,0,260845,0.796071,0.299392,4918.01,57.6333,6305.99,6022,0.797357,0
01:11:15:00:57:09,8696.85,8691.41,91.3098,91.6858,83.5857,1.99925,1.99973,6023.4,260962,12419.6,2.11095,0,0,260962,0.797901,0.30264,4931.45,57.65,6307.51,6023.4,0.797901,0
01:11:15:00:57:10,8695.99,8685.69,91.4762,91.6177,83.6843,2.00001,1.99973,6024.79,261079,12418.7,2.05358,0,0,261079,0.795195,0.30342,4930.6,57.6667,6309.03,6024.79,0.795611,0
01:11:15:00:57:11,8693.99,8686.83,91.3924,91.4895,83.8347,2.0006,1.99972,6026.19,261196,12416.7,2.08162,0,0,261196,0.786032,0.30185,4928.59,57.6833,6310.56,6026.19,0.786032,0
01:11:15:00:57:12,8706,8693.42,91.3378,91.5068,83.7614,1.99959,1.99972,6027.58,261313,12428.7,2.10117,0,0,261313,0.785149,0.299963,4940.61,57.7,6312.08,6027.58,0.785149,0
01:11:15:00:57:13,8686.26,8688.55,91.2726,91.4881,83.7109,1.99971,1.99972,6028.98,261431,12409,2.08406,0,0,261431,0.797457,0.298038,4920.87,57.7167,6313.6,6028.98,0.792262,0
01:11:15:00:57:14,8705.43,8691.41,91.3507,91.4147,83.6541,1.99887,1.99972,6030.37,261548,12428.2,2.0135,0,0,261548,0.800367,0.298439,4940.04,57.7333,6315.13,6030.37,0.799142,0
01:11:15:00:57:15,8693.42,8684.26,91.2482,91.388,83.7237,1.99942,1.99972,6031.77,261665,12416.2,2.03656,0,0,261665,0.79644,0.301565,4928.02,57.75,6316.65,6031.77,0.797354,0
01:11:15:00:57:16,8694.84,8699.14,91.2052,91.2718,83.6287,1.99974,1.99972,6033.16,261782,12417.6,2.00502,0,0,261782,0.799899,0.302155,4929.45,57.7667,6318.17,6033.16,0.797353,0
01:11:15:00:57:17,8696.56,8689.7,91.2414,91.3252,83.5913,1.99916,1.99971,6034.56,261899,12419.3,2.01957,0,0,261899,0.81212,0.302795,4931.17,57.7833,6319.69,6034.56,0.809792,0
01:11:15:00:57:18,8690.84,8697.71,91.1072,91.4094,83.6232,1.99952,1.99971,6035.95,262016,12413.6,2.03777,0,0,262016,0.820141,0.302498,4925.45,57.8,6321.21,6035.95,0.816907,0
01:11:15:00:57:19,8718.02,8692.27,91.0639,91.4307,83.4993,1.99979,1.99971,6037.34,262133,12440.8,2.01108,0,0,262133,0.819802,0.301094,4952.63,57.8167,6322.73,6037.34,0.819802,0
01:11:15:00:57:20,8701.14,8705.72,91.1705,91.4855,83.46,1.99968,1.99971,6038.73,262250,12423.9,2.01835,0,0,262250,0.811632,0.299442,4935.75,57.8333,6324.24,6038.73,0.815949,0
01:11:15:00:57:21,8701.71,8693.7,90.9675,91.4441,83.5588,1.99938,1.99971,6040.13,262367,12424.4,2.01957,0,0,262367,0.808841,0.299245,4936.32,57.85,6325.76,6040.13,0.808841,0
01:11:15:00:57:22,8695.7,8690.55,91.0737,91.5776,83.3754,1.99861,1.99971,6041.52,262484,12418.4,2.01835,0,0,262484,0.802974,0.29696,4930.31,57.8667,6327.28,6041.52,0.80363,0
01:11:15:00:57:23,8703.71,8706.86,91.2304,91.5669,83.4678,2.00002,1.9997,6042.91,262601,12426.5,1.99776,0,0,262601,0.793696,0.297869,4938.32,57.8833,6328.8,6042.91,0.797391,0
01:11:15:00:57:24,8701.43,8696.28,91.3014,91.5042,83.6092,2.00065,1.9997,6044.3,262718,12424.2,1.96273,0,0,262718,0.792135,0.298255,4936.03,57.9,6330.32,6044.3,0.792387,0
01:11:15:00:57:25,8707.43,8711.44,91.3083,91.5562,83.6817,1.99853,1.9997,6045.69,262835,12430.2,1.95671,0,0,262835,0.791804,0.300744,4942.04,57.9167,6331.84,6045.69,0.791077,0
01:11:15:00:57:26,8712.58,8695.7,91.2258,91.6737,83.6869,1.99884,1.9997,6047.09,262952,12435.3,1.94106,0,0,262952,0.793217,0.301046,4947.19,57.9333,6333.36,6047.09,0.792038,0
01:11:15:00:57:27,8712.3,8704.86,91.2997,91.7205,83.6108,1.99898,1.9997,6048.48,263069,12435,1.94587,0,0,263069,0.796131,0.30013,4946.91,57.95,6334.88,6048.48,0.795249,0
01:11:15:00:57:28,8713.44,8706.29,91.2461,91.6964,83.6766,1.99955,1.9997,6049.88,263186,12436.2,1.95791,0,0,263186,0.804316,0.298838,4948.05,57.9667,6336.4,6049.88,0.804316,0
01:11:15:00:57:29,8698.28,8695.42,91.3442,91.7031,83.6326,1.99809,1.9997,6051.27,263303,12421,1.96635,0,0,263303,0.805145,0.297742,4932.89,57.9833,6337.93,6051.27,0.806413,0
01:11:15:00:57:30,8714.3,8709.44,90.9266,91.7151,83.7186,1.9992,1.99969,6052.67,263420,12437,1.9748,0,0,263420,0.79531,0.298998,4948.91,58,6339.45,6052.67,0.79531,0
01:11:15:00:57:31,8699.14,8692.84,91.0254,91.6751,83.335,1.99944,1.99969,6054.06,263537,12421.9,1.98204,0,0,263537,0.78622,0.300691,4933.75,58.0167,6340.96,6054.06,0.786425,0
01:11:15:00:57:32,8717.73,8710.29,91.2108,91.6991,83.4261,1.99929,1.99969,6055.45,263654,12440.5,2.0026,0,0,263654,0.788911,0.302645,4952.34,58.0333,6342.48,6055.45,0.788865,0
01:11:15:00:57:33,8706.86,8702.28,91.1309,91.7245,83.5951,1.99955,1.99969,6056.84,263771,12429.6,2.01471,0,0,263771,0.799576,0.302339,4941.47,58.05,6344,6056.84,0.798734,0
01:11:15:00:57:34,8701.71,8710.58,91.0545,91.5976,83.5162,2.00117,1.99969,6058.23,263887,12424.4,1.96032,0,0,263887,0.799576,0.299508,4936.32,58.0667,6345.52,6058.23,0.80069,0
01:11:15:00:57:35,8723.46,8713.16,91.2806,91.6444,83.4504,1.99998,1.99969,6059.62,264004,12446.2,1.976,0,0,264004,0.800449,0.298885,4958.06,58.0833,6347.04,6059.62,0.797598,0
01:11:15:00:57:36,8704.86,8707.43,91.2959,91.7605,83.6621,1.99868,1.99969,6061.02,264121,12427.6,1.99897,0,0,264121,0.799243,0.298456,4939.47,58.1,6348.56,6061.02,0.801625,0
01:11:15:00:57:37,8724.03,8702.28,91.2612,91.8046,83.6701,2.00039,1.99968,6062.41,264238,12446.8,1.95068,0,0,264238,0.801625,0.29859,4958.63,58.1167,6350.08,6062.41,0.803608,0
01:11:15:00:57:38,8704.57,8697.42,91.2234,91.7779,83.6418,1.99939,1.99968,6063.81,264355,12427.3,1.97238,0,0,264355,0.805546,0.300555,4939.18,58.1333,6351.6,6063.81,0.796075,0
01:11:15:00:57:39,8714.87,8712.58,91.2879,91.7845,83.6076,1.99928,1.99968,6065.2,264472,12437.6,1.99776,0,0,264472,0.796075,0.300555,4949.48,58.15,6353.12,6065.2,0.796961,0
01:11:15:00:57:40,8705.43,8704,91.181,91.8807,83.6682,1.99887,1.99968,6066.59,264589,12428.2,1.97238,0,0,264589,0.79639,0.299191,4940.04,58.1667,6354.64,6066.59,0.803276,0
01:11:15:00:57:41,8700.85,8711.15,91.2861,91.7218,83.5628,2.00097,1.99968,6067.99,264707,12423.6,1.98808,0,0,264707,0.803276,0.297812,4935.46,58.1833,6356.16,6067.99,0.806763,0
01:11:15:00:57:42,8725.74,8703.71,91.3713,91.8072,83.665,1.9993,1.99968,6069.38,264824,12448.5,1.99413,0,0,264824,0.806635,0.298501,4960.35,58.2,6357.69,6069.38,0.80474,0
01:11:15:00:57:43,8708.58,8719.74,91.1341,91.7939,83.7406,2.00002,1.99968,6070.77,264941,12431.3,2.02442,0,0,264941,0.80474,0.30011,4943.18,58.2167,6359.21,6070.77,0.801443,0
01:11:15:00:57:44,8718.88,8700.85,91.245,91.8246,83.5259,1.99923,1.99968,6072.17,265058,12441.6,1.99292,0,0,265058,0.802674,0.300486,4953.48,58.2333,6360.73,6072.17,0.802833,0
01:11:15:00:57:45,8709.72,8706.58,91.5737,91.627,83.6193,2.00159,1.99968,6073.56,265175,12432.5,1.98808,0,0,265175,0.801742,0.300728,4944.33,58.25,6362.25,6073.56,0.801534,0
01:11:15:00:57:46,8716.02,8712.58,91.3372,91.7458,83.9331,1.99802,1.99967,6074.96,265292,12438.7,2.0135,0,0,265292,0.800733,0.299197,4950.62,58.2667,6363.77,6074.96,0.801534,0
01:11:15:00:57:47,8704.29,8702.57,91.2924,91.6831,83.7141,1.99863,1.99967,6076.35,265409,12427,2.04628,0,0,265409,0.80345,0.296969,4938.89,58.2833,6365.3,6076.35,0.802493,0
01:11:15:00:57:48,8714.01,8717.73,91.4248,91.6083,83.6698,1.99956,1.99967,6077.75,265526,12436.7,2.02199,0,0,265526,0.807838,0.298901,4948.62,58.3,6366.82,6077.75,0.809,0
01:11:15:00:57:49,8717.45,8702,91.4695,91.631,83.7941,1.99874,1.99967,6079.15,265644,12440.2,2.03413,0,0,265644,0.809651,0.301225,4952.05,58.3167,6368.34,6079.15,0.809651,0
01:11:15:00:57:50,8721.74,8723.46,91.0345,91.8019,83.8376,1.99802,1.99967,6080.54,265761,12444.5,2.07185,0,0,265761,0.803371,0.300161,4956.34,58.3333,6369.86,6080.54,0.806294,0
01:11:15:00:57:51,8720.02,8715.44,91.3336,91.7832,83.4315,2.00013,1.99967,6081.94,265878,12442.8,2.10606,0,0,265878,0.800945,0.299098,4954.62,58.35,6371.38,6081.94,0.800945,0
01:11:15:00:57:52,8715.16,8705.43,91.3602,91.7058,83.7079,1.99949,1.99967,6083.33,265995,12437.9,2.15267,0,0,265995,0.800934,0.300322,4949.76,58.3667,6372.91,6083.33,0.802101,0
01:11:15:00:57:53,8729.75,8718.31,91.3117,91.595,83.7308,1.9999,1.99967,6084.72,266112,12452.5,2.14038,0,0,266112,0.805398,0.30047,4964.35,58.3833,6374.43,6084.72,0.802379,0
01:11:15:00:57:54,8715.44,8702.57,91.3577,91.5763,83.6833,2.00077,1.99967,6086.12,266229,12438.2,2.08162,0,0,266229,0.799917,0.302189,4950.04,58.4,6375.95,6086.12,0.798662,0
01:11:15:00:57:55,8719.16,8719.45,91.1534,91.4815,83.7279,2.00007,1.99967,6087.51,266346,12441.9,2.09261,0,0,266346,0.806866,0.302074,4953.77,58.4167,6377.47,6087.51,0.803003,0
01:11:15:00:57:56,8715.73,8710.01,91.1512,91.4267,83.5403,2.0002,1.99967,6088.91,266464,12438.5,2.0743,0,0,266464,0.815362,0.300193,4950.33,58.4333,6378.99,6088.91,0.813905,0
01:11:15:00:57:57,8715.16,8725.17,91.4975,91.4401,83.5394,1.99984,1.99967,6090.3,266581,12437.9,2.02684,0,0,266581,0.809453,0.300225,4949.76,58.45,6380.51,6090.3,0.810793,0
01:11:15:00:57:58,8729.75,8720.31,91.5654,91.4574,83.8552,2.00033,1.99967,6091.7,266698,12452.5,2.06211,0,0,266698,0.803776,0.300575,4964.35,58.4667,6382.04,6091.7,0.803776,0
01:11:15:00:57:59,8709.44,8719.45,91.4837,91.3212,83.9165,2.00058,1.99966,6093.09,266815,12432.2,2.04142,0,0,266815,0.800339,0.299977,4944.04,58.4833,6383.56,6093.09,0.800438,0
01:11:15:00:58:00,8737.76,8712.3,91.3747,91.2598,83.8454,1.99948,1.99966,6094.49,266932,12460.5,2.00502,0,0,266932,0.798949,0.300414,4972.36,58.5,6385.09,6094.49,0.798949,0
01:11:15:00:58:01,8720.31,8714.3,91.2701,91.3266,83.746,1.99934,1.99966,6095.89,267050,12443,2.04628,0,0,267050,0.79533,0.300902,4954.91,58.5167,6386.61,6095.89,0.797942,0
01:11:15:00:58:02,8726.32,8718.59,91.3307,91.404,83.6483,1.99987,1.99966,6097.28,267167,12449,2.06211,0,0,267167,0.792773,0.299299,4960.92,58.5333,6388.13,6097.28,0.792892,0
01:11:15:00:58:03,8716.3,8712.01,91.3795,91.3653,83.7053,1.99947,1.99966,6098.68,267284,12439,2.06332,0,0,267284,0.790037,0.298255,4950.9,58.55,6389.65,6098.68,0.789631,0
01:11:15:00:58:04,8714.87,8725.74,91.3131,91.3813,83.7509,1.99921,1.99966,6100.07,267401,12437.6,2.02078,0,0,267401,0.785815,0.297093,4949.47,58.5667,6391.18,6100.07,0.78397,0
01:11:15:00:58:05,8732.9,8714.87,91.7206,91.408,83.6872,2.00003,1.99966,6101.47,267518,12455.6,2.00623,0,0,267518,0.784306,0.296898,4967.5,58.5833,6392.7,6101.47,0.784306,0
01:11:15:00:58:06,8724.89,8736.62,91.2017,91.3773,84.0667,1.99833,1.99966,6102.87,267636,12447.6,1.98204,0,0,267636,0.788509,0.29849,4959.49,58.6,6394.23,6102.87,0.788509,0
01:11:15:00:58:07,8733.75,8725.17,91.2972,91.408,83.5864,1.99963,1.99966,6104.26,267753,12456.5,2.00502,0,0,267753,0.793844,0.299604,4968.35,58.6167,6395.75,6104.26,0.798025,0
01:11:15:00:58:08,8726.03,8725.17,91.4862,91.5255,83.676,1.99905,1.99966,6105.66,267870,12448.8,2.0232,0,0,267870,0.799746,0.301219,4960.63,58.6333,6397.27,6105.66,0.799746,0
01:11:15:00:58:09,8728.32,8727.46,91.4374,91.4508,83.8431,2.00078,1.99966,6107.05,267987,12451,2.0317,0,0,267987,0.793552,0.299608,4962.92,58.65,6398.79,6107.05,0.798513,0
01:11:15:00:58:10,8715.73,8710.58,91.0434,91.5549,83.8047,1.99901,1.99966,6108.45,268105,12438.5,2.02078,0,0,268105,0.796472,0.298547,4950.33,58.6667,6400.31,6108.45,0.796472,0
01:11:15:00:58:11,8730.61,8730.04,91.4347,91.5322,83.4412,1.99969,1.99966,6109.84,268222,12453.3,2.04871,0,0,268222,0.800532,0.300902,4965.21,58.6833,6401.84,6109.84,0.799934,0
01:11:15:00:58:12,8736.62,8719.45,91.3971,91.5683,83.8015,1.99919,1.99966,6111.24,268339,12459.3,2.0682,0,0,268339,0.798796,0.303725,4971.22,58.7,6403.36,6111.24,0.798796,0
01:11:15:00:58:13,8725.46,8738.62,91.1189,91.643,83.7592,2.00144,1.99966,6112.63,268456,12448.2,2.03048,0,0,268456,0.800443,0.302542,4960.06,58.7167,6404.88,6112.63,0.796445,0
01:11:15:00:58:14,8733.75,8727.75,91.2323,91.6337,83.512,1.99922,1.99966,6114.03,268573,12456.5,2.0475,0,0,268573,0.80319,0.300311,4968.35,58.7333,6406.4,6114.03,0.802552,0
01:11:15:00:58:15,8727.17,8720.31,91.2077,91.4908,83.6085,2.00137,1.99966,6115.42,268690,12449.9,2.04264,0,0,268690,0.812763,0.299536,4961.77,58.75,6407.92,6115.42,0.808088,0
01:11:15:00:58:16,8745.49,8730.32,91.3832,91.4187,83.5934,1.99923,1.99966,6116.81,268807,12468.2,2.04871,0,0,268807,0.814389,0.298368,4980.08,58.7667,6409.44,6116.81,0.81666,0
01:11:15:00:58:17,8733.18,8723.17,91.3734,91.5375,83.7556,1.99883,1.99966,6118.21,268924,12455.9,2.06698,0,0,268924,0.804773,0.299267,4967.78,58.7833,6410.96,6118.21,0.809674,0
01:11:15:00:58:18,8738.05,8733.47,91.3954,91.5656,83.7446,1.99942,1.99966,6119.6,269042,12460.8,2.0865,0,0,269042,0.801928,0.300767,4972.65,58.8,6412.49,6119.6,0.801928,0
01:11:15:00:58:19,8729.46,8721.74,91.4025,91.4227,83.7632,1.99984,1.99966,6121,269159,12452.2,2.08039,0,0,269159,0.797709,0.301798,4964.06,58.8167,6414.01,6121,0.798936,0
01:11:15:00:58:20,8735.76,8740.91,91.2657,91.4441,83.7722,1.99913,1.99966,6122.4,269276,12458.5,2.09017,0,0,269276,0.802438,0.301724,4970.36,58.8333,6415.53,6122.4,0.802438,0
01:11:15:00:58:21,8740.91,8734.33,91.3301,91.3052,83.6373,2.00187,1.99966,6123.79,269393,12463.6,2.10117,0,0,269393,0.807006,0.301078,4975.51,58.85,6417.05,6123.79,0.805399,0
01:11:15:00:58:22,8731.75,8738.62,91.3301,91.4147,83.7069,1.99883,1.99966,6125.19,269510,12454.5,2.06089,0,0,269510,0.802571,0.300589,4966.35,58.8667,6418.58,6125.19,0.806141,0
01:11:15:00:58:23,8758.07,8730.89,91.1994,91.2331,83.7027,2.00004,1.99966,6126.58,269628,12480.8,2.03291,0,0,269628,0.794156,0.297615,4992.67,58.8833,6420.1,6126.58,0.798556,0
01:11:15:00:58:24,8736.04,8734.33,91.1298,91.1917,83.5872,1.99884,1.99966,6127.98,269745,12458.8,2.00502,0,0,269745,0.792443,0.296689,4970.64,58.9,6421.62,6127.98,0.793702,0
01:11:15:00:58:25,8747.2,8733.18,91.2431,91.3079,83.5229,1.99896,1.99966,6129.37,269862,12469.9,1.9905,0,0,269862,0.802806,0.299375,4981.8,58.9167,6423.14,6129.37,0.797703,0
01:11:15:00:58:26,8736.9,8732.61,91.3904,91.4374,83.6294,1.9982,1.99966,6130.76,269979,12459.6,1.99292,0,0,269979,0.806475,0.301773,4971.5,58.9333,6424.66,6130.76,0.80529,0
01:11:15:00:58:27,8743.2,8740.91,91.2731,91.404,83.7542,2.00114,1.99966,6132.16,270096,12465.9,2.01957,0,0,270096,0.799297,0.302511,4977.79,58.95,6426.18,6132.16,0.799297,0
01:11:15:00:58:28,8748.92,8739.19,91.3688,91.3747,83.6525,1.99948,1.99966,6133.55,270213,12471.6,2.01108,0,0,270213,0.795296,0.301262,4983.52,58.9667,6427.7,6133.55,0.793244,0
01:11:15:00:58:29,8742.62,8748.06,91.2186,91.4227,83.7421,1.99892,1.99966,6134.95,270330,12465.4,2.04264,0,0,270330,0.799407,0.2997,4977.22,58.9833,6429.23,6134.95,0.799407,0
01:11:15:00:58:30,8753.5,8739.48,91.2186,91.3987,83.6031,1.99931,1.99966,6136.34,270447,12476.2,2.0402,0,0,270447,0.803389,0.298068,4988.09,59,6430.75,6136.34,0.803389,0
01:11:15:00:58:31,8745.77,8748.35,91.3826,91.4721,83.6012,1.99983,1.99966,6137.73,270564,12468.5,2.02199,0,0,270564,0.799662,0.298564,4980.37,59.0167,6432.27,6137.73,0.795578,0
01:11:15:00:58:32,8756.36,8748.06,91.2464,91.6283,83.7558,1.99862,1.99966,6139.13,270681,12479.1,2.03656,0,0,270681,0.794466,0.297462,4990.96,59.0333,6433.79,6139.13,0.794466,0
01:11:15:00:58:33,8754.07,8733.75,91.2971,91.6951,83.6298,1.99894,1.99966,6140.52,270798,12476.8,2.05236,0,0,270798,0.794466,0.297671,4988.67,59.05,6435.31,6140.52,0.799331,0
01:11:15:00:58:34,8751.21,8749.2,91.1503,91.7432,83.6742,1.99953,1.99966,6141.92,270916,12473.9,2.0317,0,0,270916,0.795505,0.299412,4985.81,59.0667,6436.83,6141.92,0.80145,0
01:11:15:00:58:35,8752.92,8735.47,91.3264,91.6951,83.5381,1.99999,1.99966,6143.31,271033,12475.7,2.04264,0,0,271033,0.80145,0.301111,4987.52,59.0833,6438.35,6143.31,0.800334,0
01:11:15:00:58:36,8748.06,8760.65,91.062,91.6751,83.7424,1.98772,1.99967,6144.71,271150,12470.8,2.0402,0,0,271150,0.800334,0.301463,4982.66,59.1,6439.87,6144.71,0.802984,0
01:11:15:00:58:37,8753.21,8747.2,91.0178,91.5642,83.4569,2.00006,1.99967,6146.1,271266,12475.9,2.01714,0,0,271266,0.801233,0.298802,4987.81,59.1167,6441.39,6146.1,0.805595,0
01:11:15:00:58:38,8752.07,8750.63,91.2935,91.5696,83.4182,1.99955,1.99967,6147.49,271383,12474.8,1.99897,0,0,271383,0.805595,0.299684,4986.66,59.1333,6442.91,6147.49,0.804891,0
01:11:15:00:58:39,8772.66,8752.64,91.3539,91.647,83.6699,1.99983,1.99967,6148.88,271500,12495.4,1.99655,0,0,271500,0.803111,0.301372,5007.26,59.15,6444.43,6148.88,0.806228,0
01:11:15:00:58:40,8755.5,8747.2,91.2699,91.4921,83.7226,2.00061,1.99967,6150.28,271617,12478.2,1.99534,0,0,271617,0.808364,0.3011,4990.09,59.1667,6445.95,6150.28,0.810174,0
01:11:15:00:58:41,8765.8,8748.63,91.1687,91.647,83.6519,1.99879,1.99967,6151.67,271734,12488.5,2.00502,0,0,271734,0.810174,0.301339,5000.39,59.1833,6447.47,6151.67,0.804979,0
01:11:15:00:58:42,8750.35,8745.77,91.4039,91.6176,83.5576,1.99924,1.99967,6153.06,271851,12473.1,2.02199,0,0,271851,0.803162,0.301031,4984.94,59.2,6448.99,6153.06,0.804979,0
01:11:15:00:58:43,8762.08,8763.79,91.1206,91.5683,83.7697,2.00021,1.99967,6154.46,271968,12484.8,2.05236,0,0,271968,0.800174,0.300869,4996.67,59.2167,6450.51,6154.46,0.800174,0
01:11:15:00:58:44,8758.65,8756.07,91.5231,91.7472,83.5166,1.99836,1.99967,6155.85,272085,12481.4,2.02199,0,0,272085,0.807013,0.298116,4993.24,59.2333,6452.04,6155.85,0.800861,0
01:11:15:00:58:45,8751.49,8754.93,91.2671,91.6951,83.8827,1.99918,1.99967,6157.25,272202,12474.2,2.02078,0,0,272202,0.812874,0.297663,4986.08,59.25,6453.56,6157.25,0.812998,0
01:11:15:00:58:46,8779.53,8760.65,91.1609,91.6938,83.6448,2.00011,1.99967,6158.64,272319,12502.2,2.05967,0,0,272319,0.813107,0.295597,5014.12,59.2667,6455.08,6158.64,0.814975,0
01:11:15:00:58:47,8758.07,8760.08,91.4998,91.7899,83.5498,1.99944,1.99968,6160.04,272437,12480.8,2.09505,0,0,272437,0.803996,0.2979,4992.66,59.2833,6456.6,6160.04,0.810637,0
01:11:15:00:58:48,8772.09,8763.79,91.1219,91.7365,83.8566,2.00054,1.99968,6161.43,272554,12494.8,2.03048,0,0,272554,0.803182,0.300091,5006.68,59.3,6458.12,6161.43,0.803205,0
01:11:15:00:58:49,8758.36,8754.35,91.3085,91.643,83.512,2.00002,1.99968,6162.83,272671,12481.1,1.99292,0,0,272671,0.804813,0.300077,4992.95,59.3167,6459.64,6162.83,0.802201,0
01:11:15:00:58:50,8770.66,8762.94,91.1912,91.5629,83.6848,1.9995,1.99968,6164.22,272788,12493.4,1.98567,0,0,272788,0.802175,0.300325,5005.25,59.3333,6461.16,6164.22,0.802175,0
01:11:15:00:58:51,8776.38,8752.64,91.4764,91.5175,83.5765,1.99972,1.99968,6165.61,272905,12499.1,1.98325,0,0,272905,0.800713,0.297881,5010.97,59.35,6462.69,6165.61,0.800796,0
01:11:15:00:58:52,8754.64,8766.66,91.0905,91.5482,83.8368,2.00005,1.99968,6167.01,273022,12477.4,1.98083,0,0,273022,0.796869,0.298644,4989.22,59.3667,6464.21,6167.01,0.799314,0
01:11:15:00:58:53,8774.67,8756.93,91.3039,91.4841,83.4832,2.00004,1.99968,6168.4,273139,12497.4,1.98325,0,0,273139,0.78909,0.299435,5009.25,59.3833,6465.73,6168.4,0.793749,0
01:11:15:00:58:54,8765.8,8776.96,91.0067,91.3867,83.6808,1.99943,1.99968,6169.8,273256,12488.5,1.94226,0,0,273256,0.784843,0.300358,5000.38,59.4,6467.25,6169.8,0.788314,0
01:11:15:00:58:55,8780.1,8768.37,91.1883,91.3373,83.4093,1.99919,1.99968,6171.19,273373,12502.8,1.92543,0,0,273373,0.797432,0.299474,5014.69,59.4167,6468.77,6171.19,0.792659,0
01:11:15:00:58:56,8772.38,8755.5,91.3456,91.2986,83.5757,1.99921,1.99968,6172.58,273490,12495.1,1.97238,0,0,273490,0.794436,0.300816,5006.96,59.4333,6470.29,6172.58,0.797146,0
01:11:15:00:58:57,8776.96,8767.8,91.608,91.2037,83.7204,1.99905,1.99968,6173.98,273607,12499.7,2.00866,0,0,273607,0.792613,0.301566,5011.54,59.45,6471.81,6173.98,0.792613,0
01:11:15:00:58:58,8772.95,8754.07,91.3988,91.1944,83.9575,2.00001,1.99968,6175.37,273724,12495.7,2.0402,0,0,273724,0.797145,0.300028,5007.53,59.4667,6473.34,6175.37,0.796682,0
01:11:15:00:58:59,8774.09,8780.67,91.2419,91.1664,83.7667,1.99973,1.99968,6176.77,273842,12496.8,2.02078,0,0,273842,0.801273,0.298226,5008.68,59.4833,6474.86,6176.77,0.801273,0
01:11:15:00:59:00,8774.95,8764.37,91.3296,91.2371,83.6246,1.99925,1.99968,6178.17,273959,12497.7,2.0135,0,0,273959,0.801813,0.299357,5009.53,59.5,6476.38,6178.17,0.805342,0
01:11:15:00:59:01,8769.8,8772.95,91.052,91.2091,83.7008,2.00045,1.99968,6179.56,274076,12492.5,2.02442,0,0,274076,0.799148,0.301049,5004.38,59.5167,6477.9,6179.56,0.797697,0
01:11:15:00:59:02,8786.4,8766.94,91.0352,91.2104,83.4464,2.00046,1.99969,6180.95,274193,12509.1,2.11463,0,0,274193,0.796846,0.30117,5020.98,59.5333,6479.42,6180.95,0.796846,0
01:11:15:00:59:03,8775.81,8770.38,91.2502,91.2665,83.4341,1.99958,1.99969,6182.34,274310,12498.5,2.11218,0,0,274310,0.801799,0.300681,5010.39,59.55,6480.94,6182.34,0.80444,0
01:11:15:00:59:04,8791.55,8784.68,91.4324,91.3172,83.6292,2.00013,1.99969,6183.74,274427,12514.3,2.08039,0,0,274427,0.807772,0.299706,5026.13,59.5667,6482.46,6183.74,0.807679,0
01:11:15:00:59:05,8775.24,8767.51,91.3844,91.5576,83.8019,1.9985,1.99969,6185.13,274544,12497.9,2.03413,0,0,274544,0.808083,0.299631,5009.82,59.5833,6483.98,6185.13,0.807894,0
01:11:15:00:59:06,8783.82,8783.54,91.4015,91.643,83.7494,2.00092,1.99969,6186.53,274661,12506.5,2.03534,0,0,274661,0.803034,0.30028,5018.4,59.6,6485.5,6186.53,0.80357,0
01:11:15:00:59:07,8773.81,8766.94,91.4898,91.5455,83.7702,1.99946,1.99969,6187.92,274778,12496.5,2.00502,0,0,274778,0.799274,0.29989,5008.39,59.6167,6487.03,6187.92,0.802126,0
01:11:15:00:59:08,8776.67,8774.09,91.2674,91.643,83.8558,1.99813,1.99969,6189.32,274896,12499.4,2.00381,0,0,274896,0.800283,0.297865,5011.25,59.6333,6488.55,6189.32,0.79837,0
01:11:15:00:59:09,8790.98,8779.24,91.2593,91.5402,83.6421,2.00094,1.99969,6190.72,275013,12513.7,2.01957,0,0,275013,0.798891,0.298484,5025.55,59.65,6490.07,6190.72,0.799381,0
01:11:15:00:59:10,8773.52,8783.54,91.1396,91.5309,83.6419,1.99887,1.99969,6192.11,275130,12496.2,2.0475,0,0,275130,0.794796,0.300372,5008.1,59.6667,6491.59,6192.11,0.794796,0
01:11:15:00:59:11,8795.84,8785.25,91.3874,91.5122,83.5291,1.99975,1.99969,6193.5,275247,12518.5,2.0402,0,0,275247,0.785682,0.300285,5030.42,59.6833,6493.11,6193.5,0.78921,0
01:11:15:00:59:12,8787.26,8776.67,91.1517,91.5362,83.7603,1.99859,1.99969,6194.9,275364,12510,2.07185,0,0,275364,0.787183,0.301486,5021.83,59.7,6494.64,6194.9,0.787183,0
01:11:15:00:59:13,8794.69,8783.54,91.1252,91.595,83.5433,1.99887,1.99969,6196.29,275481,12517.4,2.07185,0,0,275481,0.803458,0.30228,5029.27,59.7167,6496.15,6196.29,0.796498,0
01:11:15:00:59:14,8796.98,8775.81,91.3765,91.4254,83.5139,2.00032,1.99968,6197.68,275598,12519.7,2.09017,0,0,275598,0.805659,0.303166,5031.56,59.7333,6497.67,6197.68,0.808095,0
01:11:15:00:59:15,8784.39,8793.84,91.175,91.4227,83.7435,2.00053,1.99968,6199.08,275715,12507.1,2.00987,0,0,275715,0.802747,0.300788,5018.97,59.75,6499.2,6199.08,0.803589,0
01:11:15:00:59:16,8800.13,8779.24,91.4619,91.4908,83.5653,1.99868,1.99968,6200.47,275832,12522.8,1.9905,0,0,275832,0.801279,0.29849,5034.71,59.7667,6500.72,6200.47,0.801632,0
01:11:15:00:59:17,8794.12,8800.13,91.4745,91.5002,83.8237,1.99998,1.99968,6201.87,275949,12516.8,2.01471,0,0,275949,0.802176,0.299451,5028.7,59.7833,6502.24,6201.87,0.799892,0
01:11:15:00:59:18,8803.28,8788.97,91.2299,91.5496,83.8366,1.99959,1.99968,6203.26,276067,12526,1.97238,0,0,276067,0.803901,0.29949,5037.85,59.8,6503.77,6203.26,0.802916,0
01:11:15:00:59:19,8801.27,8786.4,91.0445,91.6083,83.6178,1.99806,1.99968,6204.66,276184,12524,1.98688,0,0,276184,0.797469,0.299978,5035.85,59.8167,6505.28,6204.66,0.797469,0
01:11:15:00:59:20,8810.43,8798.7,91.2299,91.7445,83.4439,1.99919,1.99968,6206.05,276301,12533.1,1.99292,0,0,276301,0.79382,0.300135,5045.01,59.8333,6506.8,6206.05,0.792666,0
01:11:15:00:59:21,8801.56,8788.4,91.2685,91.7432,83.6133,1.99935,1.99968,6207.44,276418,12524.3,1.99655,0,0,276418,0.805997,0.299158,5036.14,59.85,6508.32,6207.44,0.805997,0
01:11:15:00:59:22,8805.28,8803.85,91.1592,91.6577,83.6479,1.99958,1.99968,6208.84,276535,12528,1.96394,0,0,276535,0.817959,0.299303,5039.86,59.8667,6509.84,6208.84,0.813193,0
01:11:15:00:59:23,8799.84,8792.41,91.375,91.7565,83.5519,1.99836,1.99968,6210.23,276652,12522.5,2.00018,0,0,276652,0.819583,0.300605,5034.42,59.8833,6511.36,6210.23,0.820667,0
01:11:15:00:59:24,8810.14,8797.56,91.3389,91.7925,83.743,2.00029,1.99968,6211.62,276769,12532.8,1.99776,0,0,276769,0.812861,0.301509,5044.72,59.9,6512.89,6211.62,0.81605,0
01:11:15:00:59:25,8814.44,8807,91.3029,91.7752,83.7107,2.00006,1.99968,6213.02,276886,12537.1,1.94587,0,0,276886,0.804253,0.29999,5049.01,59.9167,6514.41,6213.02,0.806954,0
01:11:15:00:59:26,8803.56,8798.99,91.4526,91.7685,83.6787,1.99978,1.99968,6214.41,277003,12526.3,1.976,0,0,277003,0.804253,0.29937,5038.14,59.9333,6515.93,6214.41,0.794905,0
01:11:15:00:59:27,8822.16,8811.86,90.9657,91.6884,83.8134,2.00049,1.99968,6215.81,277120,12544.9,1.97238,0,0,277120,0.794328,0.300721,5056.73,59.95,6517.45,6215.81,0.793159,0
01:11:15:00:59:28,8811.86,8796.98,90.9374,91.5202,83.3692,1.99991,1.99968,6217.2,277238,12534.6,1.98929,0,0,277238,0.795792,0.301507,5046.43,59.9667,6518.97,6217.2,0.800542,0
01:11:15:00:59:29,8821.3,8808.43,90.7841,91.5869,83.3476,1.99865,1.99967,6218.59,277355,12544,1.97118,0,0,277355,0.800542,0.302155,5055.88,59.9833,6520.48,6218.59,0.800555,0
01:11:15:00:59:30,8812.43,8797.56,91.2149,91.4601,83.2031,1.99983,1.99967,6219.98,277471,12535.1,1.96394,0,0,277471,0.799273,0.300942,5047.01,60,6522,6219.98,0.802799,0
01:11:15:00:59:31,8808.71,8805.28,91.0136,91.3974,83.5975,1.99995,1.99967,6221.37,277588,12531.4,2.01108,0,0,277588,0.802561,0.300114,5043.29,60.0167,6523.52,6221.37,0.801662,0
01:11:15:00:59:32,8823.88,8807.28,91.3854,91.3253,83.4141,1.9996,1.99967,6222.76,277705,12546.6,2.03291,0,0,277705,0.801662,0.299945,5058.45,60.0333,6525.04,6222.76,0.793872,0
01:11:15:00:59:33,8803.28,8812.43,91.2784,91.5923,83.7643,1.99693,1.99967,6224.16,277821,12526,1.97118,0,0,277821,0.796523,0.302738,5037.85,60.05,6526.56,6224.16,0.796802,0
01:11:15:00:59:34,8823.59,8808.14,91.2717,91.619,83.6572,1.99952,1.99967,6225.55,277938,12546.3,1.98688,0,0,277938,0.796802,0.302262,5058.16,60.0667,6528.08,6225.55,0.799509,0
01:11:15:00:59:35,8817.3,8813.86,91.4169,91.4841,83.6483,2.00029,1.99967,6226.94,278055,12540,1.93264,0,0,278055,0.799509,0.301489,5051.87,60.0833,6529.6,6226.94,0.797252,0
01:11:15:00:59:36,8831.6,8813.29,91.476,91.4815,83.7828,1.9999,1.99967,6228.34,278173,12554.3,1.93625,0,0,278173,0.794334,0.300435,5066.17,60.1,6531.13,6228.34,0.79379,0
01:11:15:00:59:37,8825.59,8807,91.1924,91.3426,83.8361,2.00014,1.99967,6229.74,278290,12548.3,2.01108,0,0,278290,0.794779,0.297682,5060.17,60.1167,6532.65,6229.74,0.79763,0
01:11:15:00:59:38,8819.01,8819.01,91.1924,91.3533,83.5754,2.00037,1.99967,6231.13,278407,12541.7,1.99897,0,0,278407,0.802989,0.295749,5053.58,60.1333,6534.17,6231.13,0.806766,0
01:11:15:00:59:39,8826.45,8810.14,91.1435,91.4815,83.5822,1.99842,1.99967,6232.52,278524,12549.2,2.0317,0,0,278524,0.809696,0.295972,5061.02,60.15,6535.69,6232.52,0.805875,0
01:11:15:00:59:40,8826.45,8835.61,91.3125,91.4374,83.5342,1.99934,1.99967,6233.92,278641,12549.2,2.06089,0,0,278641,0.805875,0.29786,5061.02,60.1667,6537.21,6233.92,0.800517,0
01:11:15:00:59:41,8835.04,8822.45,91.2973,91.4694,83.6874,1.99984,1.99966,6235.31,278758,12557.7,2.07551,0,0,278758,0.798877,0.300534,5069.61,60.1833,6538.73,6235.31,0.798425,0
01:11:15:00:59:42,8835.32,8822.73,91.2819,91.5002,83.6796,1.99806,1.99966,6236.71,278875,12558,2.07185,0,0,278875,0.798425,0.301106,5069.89,60.2,6540.25,6236.71,0.802346,0
01:11:15:00:59:43,8844.19,8832.75,91.0443,91.5816,83.6598,1.99968,1.99966,6238.1,278992,12566.9,2.07064,0,0,278992,0.801681,0.299693,5078.76,60.2167,6541.77,6238.1,0.802346,0
01:11:15:00:59:44,8827.02,8822.16,91.1518,91.6243,83.4431,1.99939,1.99966,6239.49,279109,12549.7,2.07796,0,0,279109,0.798739,0.299339,5061.59,60.2333,6543.29,6239.49,0.798725,0
01:11:15:00:59:45,8837.9,8836.75,91.4595,91.6043,83.5387,2.00021,1.99966,6240.88,279226,12560.6,2.05115,0,0,279226,0.792812,0.300701,5072.47,60.25,6544.81,6240.88,0.793045,0
01:11:15:00:59:46,8833.89,8818.73,91.4352,91.639,83.8284,1.998,1.99966,6242.28,279343,12556.6,2.04385,0,0,279343,0.790649,0.302079,5068.46,60.2667,6546.34,6242.28,0.791216,0
01:11:15:00:59:47,8846.76,8835.32,91.4352,91.6737,83.7994,1.99993,1.99966,6243.68,279460,12569.5,2.07185,0,0,279460,0.791657,0.300932,5081.34,60.2833,6547.86,6243.68,0.790453,0
01:11:15:00:59:48,8842.47,8836.46,91.185,91.7792,83.8016,1.99931,1.99966,6245.07,279578,12565.2,2.09505,0,0,279578,0.796458,0.299947,5077.04,60.3,6549.38,6245.07,0.795468,0
01:11:15:00:59:49,8826.45,8831.89,91.1321,91.7672,83.572,1.9994,1.99966,6246.47,279695,12549.1,2.08894,0,0,279695,0.805215,0.298457,5061.02,60.3167,6550.9,6246.47,0.805215,0
01:11:15:00:59:50,8850.77,8837.9,91.3251,91.5522,83.5195,2.00055,1.99966,6247.86,279812,12573.5,2.07551,0,0,279812,0.807753,0.2991,5085.34,60.3333,6552.42,6247.86,0.808791,0
01:11:15:00:59:51,8846.19,8835.61,91.1888,91.4935,83.7031,1.99862,1.99965,6249.25,279929,12568.9,2.10973,0,0,279929,0.802174,0.300852,5080.76,60.35,6553.94,6249.25,0.802174,0
01:11:15:00:59:52,8859.35,8843.05,91.1888,91.6537,83.5791,1.99835,1.99965,6250.65,280046,12582,2.06089,0,0,280046,0.802105,0.301575,5093.92,60.3667,6555.46,6250.65,0.799895,0
01:11:15:00:59:53,8841.9,8829.6,91.3678,91.6697,83.5741,1.99978,1.99965,6252.04,280163,12564.6,2.11218,0,0,280163,0.804619,0.302061,5076.47,60.3833,6556.98,6252.04,0.803393,0
01:11:15:00:59:54,8843.33,8839.04,91.2719,91.6964,83.7392,1.9995,1.99965,6253.43,280280,12566,2.11463,0,0,280280,0.802568,0.300331,5077.9,60.4,6558.51,6253.43,0.803459,0
01:11:15:00:59:55,8853.92,8838.18,91.373,91.6951,83.6556,1.99828,1.99965,6254.83,280397,12576.6,2.08528,0,0,280397,0.794076,0.297324,5088.49,60.4167,6560.03,6254.83,0.796675,0
01:11:15:00:59:56,8839.33,8850.48,91.373,91.7338,83.7412,2.00028,1.99965,6256.22,280514,12562,2.09505,0,0,280514,0.782423,0.297444,5073.89,60.4333,6561.55,6256.22,0.784039,0
01:11:15:00:59:57,8860.5,8841.33,91.3551,91.647,83.7451,1.99918,1.99965,6257.62,280631,12583.2,2.12566,0,0,280631,0.78681,0.297612,5095.06,60.45,6563.07,6257.62,0.781991,0
01:11:15:00:59:58,8853.34,8852.2,91.3273,91.623,83.7273,1.99955,1.99965,6259.02,280749,12576,2.16252,0,0,280749,0.793007,0.299213,5087.91,60.4667,6564.6,6259.02,0.793007,0
01:11:15:00:59:59,8858.5,8840.18,91.4288,91.7111,83.7032,1.99918,1.99965,6260.41,280866,12581.2,2.15267,0,0,280866,0.795242,0.299873,5093.06,60.4833,6566.12,6260.41,0.795242,0
01:11:15:01:00:00,8856.49,8838.75,91.5787,91.7124,83.7952,1.99947,1.99964,6261.81,280983,12579.2,2.08406,0,0,280983,0.795244,0.299269,5091.06,60.5,6567.64,6261.81,0.796701,0
01:11:15:01:00:01,8851.06,8851.06,91.1965,91.6671,83.9301,2.00019,1.99964,6263.2,281100,12573.8,2.0548,0,0,281100,0.793708,0.299276,5085.62,60.5167,6569.17,6263.2,0.793708,0
01:11:15:01:00:02,8859.93,8843.33,91.225,91.5375,83.5818,1.99961,1.99964,6264.6,281218,12582.6,2.02927,0,0,281218,0.795268,0.299842,5094.49,60.5333,6570.69,6264.6,0.795879,0
01:11:15:01:00:03,8857.06,8859.93,91.2703,91.591,83.6088,1.99937,1.99964,6265.99,281335,12579.8,2.03291,0,0,281335,0.805756,0.300586,5091.63,60.55,6572.21,6265.99,0.804268,0
01:11:15:01:00:04,8859.07,8851.92,91.3421,91.4414,83.647,2.00031,1.99964,6267.39,281452,12581.8,2.0232,0,0,281452,0.806536,0.299211,5093.63,60.5667,6573.73,6267.39,0.806024,0
01:11:15:01:00:05,8865.65,8851.63,91.5254,91.3787,83.7123,2.00044,1.99964,6268.78,281569,12588.3,1.9905,0,0,281569,0.809433,0.299333,5100.21,60.5833,6575.25,6268.78,0.806396,0
01:11:15:01:00:06,8874.23,8862.21,91.3439,91.5229,83.8854,1.999,1.99964,6270.18,281686,12596.9,2.01957,0,0,281686,0.814345,0.299565,5108.8,60.6,6576.78,6270.18,0.810417,0
01:11:15:01:00:07,8868.51,8853.63,91.2724,91.4735,83.7162,1.99983,1.99963,6271.58,281803,12591.2,2.04871,0,0,281803,0.817993,0.299405,5103.07,60.6167,6578.3,6271.58,0.816945,0
01:11:15:01:00:08,8865.36,8866.51,91.4308,91.4988,83.6492,2.00022,1.99963,6272.97,281921,12588.1,2.07918,0,0,281921,0.817094,0.299197,5099.93,60.6333,6579.82,6272.97,0.81859,0
01:11:15:01:00:09,8867.94,8847.34,91.3553,91.4801,83.7958,1.99982,1.99963,6274.37,282038,12590.6,2.08528,0,0,282038,0.811457,0.299707,5102.5,60.65,6581.35,6274.37,0.811457,0
01:11:15:01:00:10,8871.94,8863.64,91.0928,91.3119,83.7211,2.00139,1.99963,6275.76,282155,12594.6,2.07551,0,0,282155,0.807563,0.300629,5106.51,60.6667,6582.87,6275.76,0.808028,0
01:11:15:01:00:11,8863.36,8863.36,91.1178,91.3653,83.489,1.99896,1.99963,6277.15,282272,12586.1,2.06089,0,0,282272,0.807019,0.300824,5097.92,60.6833,6584.38,6277.15,0.807019,0
01:11:15:01:00:12,8859.64,8865.08,91.3179,91.2772,83.5098,1.99959,1.99963,6278.55,282389,12582.3,2.02684,0,0,282389,0.801278,0.300557,5094.21,60.7,6585.91,6278.55,0.802696,0
01:11:15:01:00:13,8879.67,8873.09,90.8724,91.1744,83.6913,2.00012,1.99963,6279.94,282506,12602.4,2.0317,0,0,282506,0.801892,0.299705,5114.23,60.7167,6587.42,6279.94,0.800064,0
01:11:15:01:00:14,8872.8,8866.51,91.3134,91.1544,83.2874,1.99887,1.99963,6281.33,282623,12595.5,2.03777,0,0,282623,0.799067,0.299951,5107.37,60.7333,6588.94,6281.33,0.800874,0
01:11:15:01:00:15,8884.53,8867.08,91.3978,91.1864,83.6903,1.99922,1.99962,6282.72,282740,12607.2,1.99171,0,0,282740,0.792616,0.301349,5119.1,60.75,6590.46,6282.72,0.797966,0
01:11:15:01:00:16,8875.09,8865.36,91.3419,91.0769,83.7643,2.0002,1.99962,6284.12,282857,12597.8,2.02078,0,0,282857,0.794309,0.297815,5109.65,60.7667,6591.99,6284.12,0.793301,0
01:11:15:01:00:17,8877.95,8874.23,91.344,91.0409,83.7111,2.00072,1.99962,6285.51,282974,12600.6,2.04264,0,0,282974,0.792948,0.296695,5112.52,60.7833,6593.51,6285.51,0.794636,0
01:11:15:01:00:18,8882.53,8877.09,91.3797,91.0262,83.7155,2.00003,1.99962,6286.91,283091,12605.2,2.07064,0,0,283091,0.793585,0.298665,5117.09,60.8,6595.03,6286.91,0.793585,0
01:11:15:01:00:19,8871.37,8882.53,91.2029,91.0809,83.7499,1.99957,1.99962,6288.3,283209,12594.1,2.08894,0,0,283209,0.788081,0.299329,5105.94,60.8167,6596.55,6288.3,0.789193,0
01:11:15:01:00:20,8889.11,8877.66,91.1435,91.2478,83.5887,1.99932,1.99962,6289.7,283326,12611.8,2.07064,0,0,283326,0.788725,0.299195,5123.67,60.8333,6598.07,6289.7,0.788725,0
01:11:15:01:00:21,8890.54,8882.81,90.9697,91.348,83.538,1.99823,1.99962,6291.09,283443,12613.2,2.06211,0,0,283443,0.801647,0.299822,5125.11,60.85,6599.59,6291.09,0.79601,0
01:11:15:01:00:22,8894.83,8889.97,90.8477,91.2011,83.3715,2.00031,1.99962,6292.48,283560,12617.5,2.06698,0,0,283560,0.807128,0.301089,5129.4,60.8667,6601.1,6292.48,0.805914,0
01:11:15:01:00:23,8893.11,8885.96,91.19,91.2358,83.2628,1.99942,1.99961,6293.87,283677,12615.8,2.10728,0,0,283677,0.802572,0.30134,5127.68,60.8833,6602.62,6293.87,0.803874,0
01:11:15:01:00:24,8891.68,8888.54,91.3383,91.2411,83.575,1.99985,1.99961,6295.26,283793,12614.4,2.09872,0,0,283793,0.802825,0.300502,5126.25,60.9,6604.14,6295.26,0.801554,0
01:11:15:01:00:25,8888.25,8879.09,91.2201,91.2398,83.7159,1.99844,1.99961,6296.66,283910,12610.9,2.02199,0,0,283910,0.802825,0.298167,5122.82,60.9167,6605.66,6296.66,0.801469,0
01:11:15:01:00:26,8889.39,8893.69,91.4416,91.3626,83.6091,1.998,1.99961,6298.05,284027,12612.1,2.02199,0,0,284027,0.800094,0.299002,5123.96,60.9333,6607.19,6298.05,0.799569,0
01:11:15:01:00:27,8887.96,8883.96,91.0714,91.3146,83.8061,1.99969,1.99961,6299.44,284144,12610.7,2.00744,0,0,284144,0.793658,0.300459,5122.53,60.95,6608.71,6299.44,0.795458,0
01:11:15:01:00:28,8891.97,8891.68,91.0199,91.3079,83.4668,1.99969,1.99961,6300.84,284261,12614.7,2.02806,0,0,284261,0.795458,0.298855,5126.54,60.9667,6610.23,6300.84,0.798924,0
01:11:15:01:00:29,8899.69,8897.69,91.1091,91.3172,83.4219,1.99904,1.99961,6302.23,284378,12622.4,2.03899,0,0,284378,0.798924,0.298815,5134.26,60.9833,6611.74,6302.23,0.796676,0
01:11:15:01:00:30,8901.12,8892.83,91.1419,91.5122,83.5103,1.99712,1.99961,6303.62,284495,12623.8,2.05723,0,0,284495,0.798197,0.299229,5135.69,61,6613.26,6303.62,0.796926,0
01:11:15:01:00:31,8899.12,8894.26,91.3167,91.4975,83.532,1.99953,1.99961,6305.01,284612,12621.8,2.04993,0,0,284612,0.796926,0.298836,5133.69,61.0167,6614.78,6305.01,0.801966,0
01:11:15:01:00:32,8899.12,8888.82,91.4433,91.2919,83.6907,1.99996,1.99961,6306.41,284729,12621.8,2.04871,0,0,284729,0.799474,0.298296,5133.69,61.0333,6616.31,6306.41,0.810224,0
01:11:15:01:00:33,8908.85,8901.7,91.0211,91.2959,83.8097,1.99912,1.99961,6307.8,284846,12631.5,2.0402,0,0,284846,0.810602,0.297105,5143.42,61.05,6617.83,6307.8,0.806541,0
01:11:15:01:00:34,8897.12,8904.56,91.2381,91.36,83.4219,1.99935,1.9996,6309.2,284963,12619.8,2.02927,0,0,284963,0.806541,0.297618,5131.69,61.0667,6619.34,6309.2,0.795765,0
01:11:15:01:00:35,8900.84,8903.99,91.0507,91.4187,83.6237,1.99852,1.9996,6310.59,285080,12623.5,1.99655,0,0,285080,0.78994,0.300811,5135.41,61.0833,6620.86,6310.59,0.788417,0
01:11:15:01:00:36,8911.14,8909.13,91.331,91.4614,83.4483,1.99956,1.9996,6311.98,285197,12633.8,2.02199,0,0,285197,0.786403,0.299756,5145.71,61.1,6622.38,6311.98,0.792512,0
01:11:15:01:00:37,8907.7,8908.85,91.2449,91.5749,83.7076,1.99888,1.9996,6313.37,285314,12630.4,1.99534,0,0,285314,0.793102,0.300143,5142.27,61.1167,6623.9,6313.37,0.794525,0
01:11:15:01:00:38,8923.15,8905.42,91.323,91.6964,83.6304,1.99838,1.9996,6314.77,285431,12645.9,2.03291,0,0,285431,0.795721,0.300882,5157.72,61.1333,6625.43,6314.77,0.797195,0
01:11:15:01:00:39,8912,8906.85,90.946,91.6777,83.6998,1.99902,1.9996,6316.16,285548,12634.7,2.00623,0,0,285548,0.793969,0.302618,5146.57,61.15,6626.94,6316.16,0.797195,0
01:11:15:01:00:40,8916,8911.71,91.1259,91.7405,83.3536,1.99921,1.9996,6317.55,285665,12638.7,2.08283,0,0,285665,0.794417,0.301317,5150.57,61.1667,6628.46,6317.55,0.792967,0
01:11:15:01:00:41,8910.57,8916.57,91.1886,91.7645,83.5185,1.9992,1.9996,6318.94,285782,12633.3,2.07064,0,0,285782,0.794853,0.301452,5145.13,61.1833,6629.98,6318.94,0.794853,0
01:11:15:01:00:42,8906.27,8905.13,91.2353,91.7392,83.5734,1.99994,1.9996,6320.34,285898,12629,2.04385,0,0,285898,0.809565,0.299595,5140.84,61.2,6631.5,6320.34,0.801413,0
01:11:15:01:00:43,8923.44,8911.14,91.1297,91.647,83.6217,1.99837,1.9996,6321.73,286015,12646.1,2.02927,0,0,286015,0.811593,0.299349,5158.01,61.2167,6633.02,6321.73,0.812309,0
01:11:15:01:00:44,8926.01,8922.29,91.1956,91.627,83.5216,1.99933,1.9996,6323.12,286132,12648.7,2.00623,0,0,286132,0.799918,0.300196,5160.58,61.2333,6634.54,6323.12,0.8022,0
01:11:15:01:00:45,8922.01,8922.29,91.1614,91.7031,83.5818,1.99938,1.9996,6324.52,286249,12644.7,1.96514,0,0,286249,0.79173,0.300416,5156.58,61.25,6636.06,6324.52,0.793901,0
01:11:15:01:00:46,8924.01,8926.01,91.2559,91.7205,83.5483,1.99999,1.9996,6325.91,286366,12646.7,2.00139,0,0,286366,0.796965,0.299605,5158.58,61.2667,6637.58,6325.91,0.794386,0
01:11:15:01:00:47,8927.45,8922.29,91.2893,91.5642,83.6361,1.99965,1.99959,6327.3,286483,12650.1,2.02684,0,0,286483,0.798333,0.298631,5162.01,61.2833,6639.1,6327.3,0.797802,0
01:11:15:01:00:48,8939.17,8921.72,91.2529,91.5002,83.6622,2.00093,1.99959,6328.7,286600,12661.9,2.04385,0,0,286600,0.797776,0.297945,5173.74,61.3,6640.62,6328.7,0.797776,0
01:11:15:01:00:49,8928.59,8933.74,91.2492,91.5723,83.6372,1.99855,1.99959,6330.09,286717,12651.3,2.04507,0,0,286717,0.796023,0.299585,5163.16,61.3167,6642.14,6330.09,0.798067,0
01:11:15:01:00:50,8929.45,8923.73,91.1189,91.5629,83.6306,1.99947,1.99959,6331.48,286834,12652.1,2.06211,0,0,286834,0.795713,0.301025,5164.01,61.3333,6643.66,6331.48,0.795713,0
01:11:15:01:00:51,8930.31,8930.59,91.3903,91.591,83.512,1.99924,1.99959,6332.88,286951,12653,2.05967,0,0,286951,0.796613,0.300344,5164.87,61.35,6645.18,6332.88,0.796631,0
01:11:15:01:00:52,8934.31,8933.74,91.1575,91.5255,83.7577,2.00011,1.99959,6334.27,287068,12657,2.07185,0,0,287068,0.799897,0.299977,5168.88,61.3667,6646.7,6334.27,0.797264,0
01:11:15:01:00:53,8939.75,8933.17,91.0704,91.5389,83.5476,1.99918,1.99959,6335.66,287185,12662.4,2.09138,0,0,287185,0.80928,0.299062,5174.31,61.3833,6648.22,6335.66,0.806536,0
01:11:15:01:00:54,8948.04,8939.17,91.1105,91.3813,83.4654,1.99984,1.99958,6337.06,287303,12670.7,2.10361,0,0,287303,0.805112,0.300308,5182.61,61.4,6649.74,6337.06,0.809769,0
01:11:15:01:00:55,8945.76,8935.74,91.0233,91.3439,83.5031,1.99956,1.99958,6338.45,287419,12668.4,2.04993,0,0,287419,0.798597,0.300968,5180.32,61.4167,6651.26,6338.45,0.798101,0
01:11:15:01:00:56,8950.33,8940.32,91.1368,91.2171,83.4228,1.99967,1.99958,6339.84,287536,12673,2.03048,0,0,287536,0.803655,0.299901,5184.9,61.4333,6652.78,6339.84,0.799674,0
01:11:15:01:00:57,8937.46,8940.32,91.4265,91.3439,83.531,1.99848,1.99958,6341.23,287653,12660.2,2.01229,0,0,287653,0.808383,0.300612,5172.02,61.45,6654.3,6341.23,0.808383,0
01:11:15:01:00:58,8942.04,8941.75,91.2778,91.2758,83.7885,2.00077,1.99958,6342.62,287770,12664.7,2.01471,0,0,287770,0.808735,0.301947,5176.6,61.4667,6655.82,6342.62,0.810566,0
01:11:15:01:00:59,8954.05,8951.19,91.245,91.2678,83.6595,1.99869,1.99957,6344.02,287887,12676.7,2.0317,0,0,287887,0.801747,0.300857,5188.62,61.4833,6657.34,6344.02,0.799824,0
01:11:15:01:01:00,8948.04,8949.19,91.1735,91.4054,83.6284,1.999,1.99957,6345.41,288004,12670.7,2.07551,0,0,288004,0.7944,0.303252,5182.61,61.5,6658.86,6345.41,0.7944,0
01:11:15:01:01:01,8961.21,8954.05,91.2182,91.5189,83.566,1.99811,1.99957,6346.81,288121,12683.9,2.07796,0,0,288121,0.794157,0.303309,5195.77,61.5167,6660.38,6346.81,0.793652,0
01:11:15:01:01:02,8953.48,8950.62,90.9749,91.4935,83.601,1.99982,1.99957,6348.2,288238,12676.2,2.07918,0,0,288238,0.794299,0.302907,5188.05,61.5333,6661.9,6348.2,0.794919,0
01:11:15:01:01:03,8954.91,8950.91,91.2841,91.6083,83.3789,1.99954,1.99956,6349.59,288355,12677.6,2.02927,0,0,288355,0.798309,0.303149,5189.48,61.55,6663.42,6349.59,0.798309,0
01:11:15:01:01:04,8968.93,8961.49,91.395,91.7325,83.6668,1.99827,1.99956,6350.98,288472,12691.6,2.04507,0,0,288472,0.792978,0.303275,5203.49,61.5667,6664.94,6350.98,0.796226,0
01:11:15:01:01:05,8958.92,8953.48,91.4962,91.7939,83.7675,1.99853,1.99956,6352.38,288589,12681.6,2.03899,0,0,288589,0.793613,0.302991,5193.48,61.5833,6666.47,6352.38,0.792899,0
01:11:15:01:01:06,8967.5,8952.62,91.3069,91.7819,83.8546,2.00014,1.99956,6353.78,288706,12690.2,2.04264,0,0,288706,0.794194,0.303164,5202.06,61.6,6667.99,6353.78,0.793296,0
01:11:15:01:01:07,8964.07,8966.64,91.2102,91.7058,83.6828,1.99968,1.99955,6355.17,288823,12686.8,2.04385,0,0,288823,0.797673,0.301506,5198.63,61.6167,6669.51,6355.17,0.796257,0
01:11:15:01:01:08,8963.21,8963.49,91.2476,91.631,83.5962,1.99906,1.99955,6356.57,288941,12685.9,2.04264,0,0,288941,0.801615,0.302674,5197.77,61.6333,6671.03,6356.57,0.800798,0
01:11:15:01:01:09,8974.37,8969.22,91.3845,91.5282,83.6286,1.99962,1.99955,6357.96,289058,12697.1,2.03534,0,0,289058,0.801233,0.303627,5208.93,61.65,6672.55,6357.96,0.801411,0
01:11:15:01:01:10,8976.08,8969.79,91.3603,91.4281,83.7518,2.00026,1.99954,6359.35,289175,12698.8,2.05602,0,0,289175,0.798006,0.302766,5210.65,61.6667,6674.07,6359.35,0.798006,0
01:11:15:01:01:11,8989.24,8971.79,91.1888,91.4,83.7318,1.99964,1.99954,6360.75,289292,12711.9,2.0548,0,0,289292,0.801622,0.299836,5223.81,61.6833,6675.6,6360.75,0.800656,0
01:11:15:01:01:12,8980.37,8976.65,91.3231,91.4067,83.5783,1.9986,1.99954,6362.14,289409,12703.1,2.02806,0,0,289409,0.800114,0.29986,5214.94,61.7,6677.12,6362.14,0.800114,0
01:11:15:01:01:13,8982.09,8980.95,91.321,91.3787,83.6966,1.99997,1.99953,6363.54,289526,12704.8,2.02442,0,0,289526,0.802379,0.301427,5216.65,61.7167,6678.64,6363.54,0.801427,0
01:11:15:01:01:14,8996.68,8990.39,91.1759,91.4334,83.6933,2.00035,1.99953,6364.93,289643,12719.4,2.03777,0,0,289643,0.804124,0.301265,5231.24,61.7333,6680.16,6364.93,0.803639,0
01:11:15:01:01:15,8993.25,9000.97,91.1148,91.396,83.5605,2.0003,1.99953,6366.33,289760,12715.9,2.01593,0,0,289760,0.802553,0.300502,5227.81,61.75,6681.68,6366.33,0.803214,0
01:11:15:01:01:16,8996.97,8986.67,91.5254,91.3533,83.507,1.9996,1.99952,6367.72,289877,12719.7,1.96635,0,0,289877,0.805635,0.299339,5231.53,61.7667,6683.2,6367.72,0.803312,0
01:11:15:01:01:17,8998.11,8989.53,91.3446,91.4614,83.8828,1.99974,1.99952,6369.12,289994,12720.8,1.9555,0,0,289994,0.811225,0.300321,5232.67,61.7833,6684.72,6369.12,0.812197,0
01:11:15:01:01:18,8995.82,8988.38,91.3446,91.4548,83.7209,1.99865,1.99951,6370.51,290111,12718.5,1.97963,0,0,290111,0.807594,0.298975,5230.39,61.8,6686.25,6370.51,0.809383,0
01:11:15:01:01:19,8997.25,8990.1,91.2727,91.408,83.7155,2.00019,1.99951,6371.91,290229,12719.9,1.98204,0,0,290229,0.796217,0.300374,5231.81,61.8167,6687.77,6371.91,0.796217,0
01:11:15:01:01:20,8986.1,8987.24,91.3951,91.3172,83.6491,2.00033,1.99951,6373.3,290346,12708.8,2.01229,0,0,290346,0.795719,0.299976,5220.66,61.8333,6689.29,6373.3,0.794366,0
01:11:15:01:01:21,8993.25,8982.95,91.2068,91.2932,83.7629,1.99988,1.9995,6374.7,290463,12715.9,1.97721,0,0,290463,0.799044,0.299134,5227.81,61.85,6690.81,6374.7,0.796394,0
01:11:15:01:01:22,9000.12,8993.25,91.2585,91.2825,83.5938,1.99889,1.9995,6376.09,290580,12722.8,2.04993,0,0,290580,0.80269,0.29955,5234.68,61.8667,6692.33,6376.09,0.801735,0
01:11:15:01:01:23,8997.83,8992.96,91.2644,91.4067,83.64,1.99922,1.9995,6377.49,290697,12720.5,2.05236,0,0,290697,0.80269,0.300161,5232.39,61.8833,6693.85,6377.49,0.801163,0
01:11:15:01:01:24,8992.96,8993.25,91.2644,91.388,83.6419,2.00023,1.99949,6378.88,290814,12715.7,2.06089,0,0,290814,0.801286,0.299583,5227.52,61.9,6695.38,6378.88,0.80372,0
01:11:15:01:01:25,8998.97,8999.54,91.189,91.3199,83.6464,1.99894,1.99949,6380.27,290931,12721.7,2.07308,0,0,290931,0.802283,0.300276,5233.53,61.9167,6696.9,6380.27,0.803966,0
01:11:15:01:01:26,9010.99,8994.11,91.2638,91.3092,83.5743,1.99978,1.99949,6381.67,291049,12733.7,2.08406,0,0,291049,0.804905,0.300872,5245.55,61.9333,6698.42,6381.67,0.804151,0
01:11:15:01:01:27,9005.55,9004.98,91.1778,91.3293,83.6436,1.99956,1.99948,6383.06,291166,12728.2,2.07918,0,0,291166,0.805625,0.300118,5240.11,61.95,6699.94,6383.06,0.805302,0
01:11:15:01:01:28,9000.12,8988.1,91.1778,91.2999,83.5631,2.00007,1.99948,6384.45,291283,12722.8,2.05845,0,0,291283,0.805302,0.299592,5234.68,61.9667,6701.46,6384.45,0.800194,0
01:11:15:01:01:29,9002.4,8994.39,91.2952,91.125,83.5604,2.00084,1.99948,6385.85,291400,12725.1,2.0975,0,0,291400,0.802757,0.301358,5236.97,61.9833,6702.98,6385.85,0.792063,0
01:11:15:01:01:30,9000.69,9001.26,91.3371,91.1463,83.6761,1.99851,1.99948,6387.24,291517,12723.4,2.10484,0,0,291517,0.792063,0.301325,5235.25,62,6704.5,6387.24,0.787734,0
01:11:15:01:01:31,8995.25,8998.4,91.0187,91.2118,83.7114,1.99937,1.99947,6388.63,291634,12717.9,2.0975,0,0,291634,0.785257,0.300557,5229.81,62.0167,6706.02,6388.63,0.788888,0
01:11:15:01:01:32,9010.13,8998.68,91.2189,91.2545,83.4186,1.99965,1.99947,6390.03,291751,12732.8,2.11708,0,0,291751,0.789908,0.301737,5244.69,62.0333,6707.54,6390.03,0.786233,0
01:11:15:01:01:33,9006.41,8994.96,91.1857,91.1263,83.5988,2.00064,1.99947,6391.42,291868,12729.1,2.14407,0,0,291868,0.786233,0.302468,5240.97,62.05,6709.06,6391.42,0.786902,0
01:11:15:01:01:34,9011.56,8996.97,91.1025,91.1677,83.573,1.99929,1.99947,6392.81,291985,12734.3,2.14653,0,0,291985,0.793413,0.300251,5246.12,62.0667,6710.57,6392.81,0.797078,0
01:11:15:01:01:35,9006.98,8997.83,90.8366,91.2892,83.4998,1.99841,1.99946,6394.2,292102,12729.7,2.11463,0,0,292102,0.803639,0.300463,5241.55,62.0833,6712.09,6394.2,0.814225,0
01:11:15:01:01:36,9003.83,9002.69,91.1355,91.3132,83.2492,2.00039,1.99946,6395.59,292219,12726.5,2.07551,0,0,292219,0.821886,0.301525,5238.4,62.1,6713.61,6395.59,0.830809,0
01:11:15:01:01:37,9033.3,9017.28,91.2922,91.2118,83.5298,1.99849,1.99946,6396.98,292335,12756,2.02199,0,0,292335,0.833463,0.301277,5267.87,62.1167,6715.13,6396.98,0.859523,0
01:11:15:01:01:38,9017.85,9020.14,91.2997,91.0502,83.6628,2.00152,1.99946,6398.38,292452,12740.5,2.01471,0,0,292452,0.869888,0.298862,5252.42,62.1333,6716.65,6398.38,0.859523,0
01:11:15:01:01:39,9034.73,9023,91.3042,91.125,83.67,2.00144,1.99946,6399.77,292569,12757.4,2.05845,0,0,292569,0.896448,0.298893,5269.3,62.15,6718.17,6399.77,0.884906,0
01:11:15:01:01:40,9035.31,9025.01,91.3106,91.0395,83.681,1.99947,1.99946,6401.17,292686,12758,2.10361,0,0,292686,0.911929,0.29986,5269.87,62.1667,6719.69,6401.17,0.911929,0
01:11:15:01:01:41,9036.74,9028.44,91.4837,91.169,83.6888,1.99891,1.99945,6402.56,292803,12759.4,2.13793,0,0,292803,0.938814,0.299525,5271.3,62.1833,6721.22,6402.56,0.929796,0
01:11:15:01:01:42,9031.3,9024.43,91.2059,91.145,83.8457,1.99939,1.99945,6403.96,292920,12754,2.08894,0,0,292920,0.959704,0.298347,5265.86,62.2,6722.74,6403.96,0.959704,0
01:11:15:01:01:43,9027.58,9024.72,91.1784,91.1891,83.5958,1.99808,1.99945,6405.35,293038,12750.3,2.08162,0,0,293038,0.984489,0.298828,5262.15,62.2167,6724.26,6405.35,0.981633,0
01:11:15:01:01:44,9039.88,9012.42,91.3904,91.2171,83.5616,2.00063,1.99945,6406.75,293155,12762.6,2.07796,0,0,293155,0.989293,0.300172,5274.45,62.2333,6725.78,6406.75,0.989554,0
01:11:15:01:01:45,9031.59,9028.44,91.4076,91.2184,83.7574,2.00021,1.99945,6408.14,293272,12754.3,2.09628,0,0,293272,0.997575,0.299622,5266.15,62.25,6727.3,6408.14,0.994743,0
01:11:15:01:01:46,9032.73,9029.58,91.0699,91.2265,83.7779,1.99884,1.99945,6409.54,293389,12755.4,2.03291,0,0,293389,1.0044,0.300577,5267.3,62.2667,6728.82,6409.54,0.998493,0
01:11:15:01:01:47,9028.72,9024.43,91.1718,91.2264,83.4653,1.99975,1.99945,6410.93,293506,12751.4,2.03534,0,0,293506,1.00229,0.300195,5263.29,62.2833,6730.34,6410.93,1.00449,0
01:11:15:01:01:48,9031.59,9030.16,91.2958,91.3586,83.5599,1.99937,1.99945,6412.32,293623,12754.3,2.02684,0,0,293623,0.99739,0.301296,5266.15,62.3,6731.86,6412.32,0.999082,0
01:11:15:01:01:49,9037.02,9019.57,91.3101,91.3119,83.674,1.99924,1.99945,6413.72,293740,12759.7,2.0317,0,0,293740,0.999311,0.301849,5271.59,62.3167,6733.39,6413.72,0.999311,0
01:11:15:01:01:50,9037.88,9033.59,91.3952,91.4281,83.6874,1.99916,1.99945,6415.11,293857,12760.6,2.06454,0,0,293857,0.999345,0.301278,5272.45,62.3333,6734.91,6415.11,0.998662,0
01:11:15:01:01:51,9034.73,9018.43,91.132,91.3893,83.7595,2.00086,1.99945,6416.51,293974,12757.4,2.08283,0,0,293974,1.00234,0.301144,5269.3,62.35,6736.43,6416.51,1.00234,0
01:11:15:01:01:52,9039.6,9027.01,91.275,91.3012,83.5223,1.99973,1.99945,6417.9,294091,12762.3,2.10117,0,0,294091,1.00723,0.30167,5274.17,62.3667,6737.95,6417.9,1.00519,0
01:11:15:01:01:53,9032.44,9032.44,91.2698,91.3413,83.6545,1.99939,1.99945,6419.29,294209,12755.1,2.12934,0,0,294209,1.00333,0.302548,5267.01,62.3833,6739.47,6419.29,1.00549,0
01:11:15:01:01:54,9023.86,9029.3,91.0807,91.4868,83.6518,1.99879,1.99945,6420.69,294326,12746.6,2.15144,0,0,294326,0.995458,0.301933,5258.43,62.4,6740.99,6420.69,0.9978,0
01:11:15:01:01:55,9045.32,9035.31,91.1368,91.5095,83.4782,1.99887,1.99945,6422.08,294443,12768,2.12566,0,0,294443,0.99074,0.302842,5279.89,62.4167,6742.51,6422.08,0.992361,0
01:11:15:01:01:56,9037.31,9033.88,91.2931,91.5829,83.529,1.99905,1.99945,6423.47,294560,12760,2.03656,0,0,294560,1.00091,0.302187,5271.88,62.4333,6744.03,6423.47,0.995854,0
01:11:15:01:01:57,9050.47,9043.03,91.3651,91.6243,83.6696,1.99982,1.99945,6424.86,294676,12773.2,2.02563,0,0,294676,1.00552,0.300626,5285.04,62.45,6745.55,6424.86,1.00255,0
01:11:15:01:01:58,9031.3,9025.01,91.1384,91.6203,83.7392,1.99879,1.99945,6426.26,294793,12754,2.04264,0,0,294793,1.0016,0.300076,5265.87,62.4667,6747.07,6426.26,1.0016,0
01:11:15:01:01:59,9029.87,9023,91.2843,91.6911,83.5305,1.99904,1.99945,6427.65,294911,12752.6,2.05236,0,0,294911,1.00199,0.301966,5264.44,62.4833,6748.59,6427.65,1.00199,0
01:11:15:01:02:00,9040.46,9024.43,91.2169,91.6684,83.6629,1.99942,1.99945,6429.05,295028,12763.2,2.06454,0,0,295028,1.00938,0.302467,5275.02,62.5,6750.11,6429.05,1.00938,0
01:11:15:01:02:01,9027.01,9025.29,91.2433,91.5189,83.5994,1.99992,1.99945,6430.44,295145,12749.7,2.06454,0,0,295145,1.01051,0.29978,5261.58,62.5167,6751.63,6430.44,1.01099,0
01:11:15:01:02:02,9035.59,9023.58,91.1924,91.4614,83.6224,2.00026,1.99945,6431.83,295262,12758.3,2.09138,0,0,295262,1.00793,0.299622,5270.16,62.5333,6753.15,6431.83,1.00793,0
01:11:15:01:02:03,9019.86,9025.86,91.4045,91.3653,83.5759,2.00022,1.99945,6433.23,295379,12742.6,2.05115,0,0,295379,1.00332,0.300668,5254.42,62.55,6754.67,6433.23,1.00637,0
01:11:15:01:02:04,9028.44,9027.58,91.3762,91.372,83.7705,2.00016,1.99945,6434.62,295496,12751.1,2.0682,0,0,295496,1.00187,0.302102,5263.01,62.5667,6756.2,6434.62,1.00281,0
01:11:15:01:02:05,9035.31,9026.15,91.3916,91.4107,83.7458,1.99981,1.99945,6436.02,295613,12758,2.06454,0,0,295613,1.00176,0.300446,5269.87,62.5833,6757.72,6436.02,1.00137,0
01:11:15:01:02:06,9030.16,9028.15,91.3598,91.3453,83.7619,1.99923,1.99946,6437.41,295730,12752.9,2.07185,0,0,295730,1.00231,0.298468,5264.72,62.6,6759.24,6437.41,1.00338,0
01:11:15:01:02:07,9042.74,9016.71,91.1708,91.3867,83.7302,1.99997,1.99946,6438.81,295847,12765.4,2.07551,0,0,295847,1.00114,0.298841,5277.31,62.6167,6760.77,6438.81,1.00392,0
01:11:15:01:02:08,9033.3,9033.88,91.0776,91.2078,83.5509,2.00171,1.99946,6440.2,295965,12756,2.10239,0,0,295965,0.990457,0.300809,5267.87,62.6333,6762.28,6440.2,0.997445,0
01:11:15:01:02:09,9032.44,9019,91.2918,91.2238,83.4764,1.99859,1.99946,6441.6,296082,12755.1,2.09138,0,0,296082,0.98797,0.301519,5267.01,62.65,6763.8,6441.6,0.98797,0
01:11:15:01:02:10,9028.15,9025.01,91.2297,91.2358,83.6683,1.99985,1.99946,6442.99,296199,12750.9,2.07673,0,0,296199,0.993167,0.300053,5262.72,62.6667,6765.32,6442.99,0.989735,0
01:11:15:01:02:11,9037.59,9033.02,91.1909,91.1957,83.6099,2.00029,1.99946,6444.38,296316,12760.3,2.06942,0,0,296316,0.996012,0.299291,5272.16,62.6833,6766.84,6444.38,0.996012,0
01:11:15:01:02:12,9031.87,9024.43,91.2872,91.1397,83.5761,1.99978,1.99946,6445.78,296433,12754.6,2.07185,0,0,296433,0.990874,0.300395,5266.44,62.7,6768.37,6445.78,0.992283,0
01:11:15:01:02:13,9036.74,9029.01,91.2704,91.1811,83.6634,2.00004,1.99946,6447.17,296550,12759.4,2.13179,0,0,296550,0.991319,0.301524,5271.31,62.7167,6769.89,6447.17,0.990717,0
01:11:15:01:02:14,9031.87,9012.99,91.4135,91.2011,83.6528,1.99866,1.99946,6448.56,296667,12754.6,2.14284,0,0,296667,0.99518,0.300446,5266.44,62.7333,6771.41,6448.56,0.99336,0
01:11:15:01:02:15,9035.88,9022.14,91.5193,91.3386,83.7841,1.99862,1.99946,6449.96,296784,12758.6,2.13916,0,0,296784,0.994778,0.299119,5270.45,62.75,6772.93,6449.96,0.996745,0
01:11:15:01:02:16,8989.82,8982.09,91.3016,91.4307,83.8799,1.99895,1.99946,6451.36,296901,12712.5,2.09138,0,0,296901,0.991718,0.299098,5224.39,62.7667,6774.46,6451.36,0.992372,0
01:11:15:01:02:17,8943.47,8940.03,91.333,91.4935,83.675,2.00049,1.99946,6452.75,297018,12666.2,2.09872,0,0,297018,0.992017,0.300402,5178.04,62.7833,6775.98,6452.75,0.989722,0
01:11:15:01:02:18,8954.91,8944.33,90.9849,91.4948,83.7015,2.00114,1.99946,6454.15,297135,12677.6,2.12075,0,0,297135,1.0013,0.301291,5189.48,62.8,6777.5,6454.15,1.0013,0
01:11:15:01:02:19,8893.97,8878.24,90.5249,91.1116,83.3804,2.00174,1.99947,6455.54,297253,12616.7,2.10606,0,0,297253,1.01322,0.30015,5128.55,62.8167,6779.01,6455.54,1.00996,0
01:11:15:01:02:20,8867.65,8859.93,90.0259,91.0368,82.9651,1.99995,1.99947,6456.93,297370,12590.4,2.05723,0,0,297370,1.01349,0.300208,5102.22,62.8333,6780.52,6456.93,1.01349,0
01:11:15:01:02:21,8854.2,8844.19,90.0099,90.878,82.5074,2.00005,1.99947,6458.31,297486,12576.9,2.02927,0,0,297486,1.01515,0.302593,5088.78,62.85,6782.02,6458.31,1.01149,0
01:11:15:01:02:22,8862.5,8863.93,89.3833,90.639,82.4895,2.00098,1.99947,6459.68,297602,12585.2,2.02684,0,0,297602,1.0195,0.305713,5097.08,62.8667,6783.51,6459.68,1.0133,0
01:11:15:01:02:23,8865.08,8849.05,88.5178,90.388,81.9138,2.00142,1.99947,6461.05,297718,12587.8,2.05602,0,0,297718,1.02201,0.305336,5099.65,62.8833,6784.99,6461.05,1.02446,0
01:11:15:01:02:24,8866.22,8854.49,88.7909,90.1343,81.1194,2.00179,1.99947,6462.41,297833,12588.9,2.03413,0,0,297833,1.02201,0.30579,5100.8,62.9,6786.47,6462.41,1.02009,0
01:11:15:01:02:25,8884.82,8866.79,88.7163,90.0595,81.3714,2.00127,1.99947,6463.76,297947,12607.5,2.0317,0,0,297947,1.02506,0.30781,5119.39,62.9167,6787.95,6463.76,1.02225,0
01:11:15:01:02:26,8875.38,8863.64,88.8484,89.9407,81.3079,1.99983,1.99947,6465.12,298061,12598.1,1.99171,0,0,298061,1.0321,0.30727,5109.95,62.9333,6789.43,6465.12,1.0333,0
01:11:15:01:02:27,8885.96,8876.52,88.6947,89.7204,81.4263,2.00061,1.99947,6466.47,298175,12608.7,1.96635,0,0,298175,1.0333,0.308133,5120.54,62.95,6790.91,6466.47,1.02627,0
01:11:15:01:02:28,8865.08,8876.23,88.8204,89.7551,81.2869,2.00018,1.99947,6467.83,298289,12587.8,1.95429,0,0,298289,1.03073,0.307592,5099.66,62.9667,6792.39,6467.83,1.02049,0
01:11:15:01:02:29,8881.38,8877.95,88.7656,89.6469,81.4001,2.00078,1.99947,6469.19,298403,12604.1,1.94106,0,0,298403,1.02049,0.306923,5115.97,62.9833,6793.87,6469.19,1.0098,0
01:11:15:01:02:30,8886.25,8863.36,88.7989,89.5922,81.3543,1.9995,1.99947,6470.54,298517,12609,1.97238,0,0,298517,1.01233,0.303701,5120.83,63,6795.35,6470.54,1.00583,0
01:11:15:01:02:31,8871.94,8870.8,88.3743,89.4347,81.3777,2.00155,1.99947,6471.9,298630,12594.7,1.97118,0,0,298630,1.00583,0.299914,5106.53,63.0167,6796.82,6471.9,0.996821,0
01:11:15:01:02:32,8890.25,8854.2,88.6727,89.2824,80.9895,2.00128,1.99947,6473.25,298744,12613,2.00381,0,0,298744,0.996821,0.299131,5124.84,63.0333,6798.3,6473.25,0.99498,0
01:11:15:01:02:33,8865.08,8866.51,88.5253,89.3118,81.2684,1.9997,1.99948,6474.6,298858,12587.8,1.98688,0,0,298858,0.993915,0.3013,5099.66,63.05,6799.78,6474.6,0.991907,0
01:11:15:01:02:34,8875.09,8863.07,88.6624,89.3105,81.1315,2.00026,1.99948,6475.96,298972,12597.8,2.01957,0,0,298972,0.986171,0.300347,5109.68,63.0667,6801.25,6475.96,0.984791,0
01:11:15:01:02:35,8861.36,8866.22,88.7985,89.2237,81.2573,2.00021,1.99948,6477.31,299085,12584.1,2.02078,0,0,299085,0.97901,0.299614,5095.95,63.0833,6802.73,6477.31,0.981159,0
01:11:15:01:02:36,8863.36,8855.06,88.7372,89.1529,81.3819,2.00024,1.99948,6478.67,299199,12586.1,2.0135,0,0,299199,0.982612,0.297117,5097.95,63.1,6804.21,6478.67,0.991382,0
01:11:15:01:02:37,8871.08,8848.2,88.9377,88.9687,81.326,2.00016,1.99948,6480.02,299313,12593.8,1.9905,0,0,299313,0.992714,0.29495,5105.68,63.1167,6805.69,6480.02,0.991382,0
01:11:15:01:02:38,8875.38,8875.95,88.7606,88.946,81.5111,1.99977,1.99948,6481.38,299427,12598.1,2.00018,0,0,299427,0.995381,0.294904,5109.97,63.1333,6807.17,6481.38,0.996508,0
01:11:15:01:02:39,8865.65,8852.49,88.8294,88.994,81.3472,2.00022,1.99948,6482.74,299541,12588.4,1.976,0,0,299541,0.99418,0.29464,5100.24,63.15,6808.65,6482.74,0.99418,0
01:11:15:01:02:40,8860.21,8856.78,88.8173,89.0221,81.4126,1.99954,1.99948,6484.09,299655,12582.9,1.96273,0,0,299655,0.990672,0.296676,5094.81,63.1667,6810.13,6484.09,0.992478,0
01:11:15:01:02:41,8868.22,8847.05,88.734,88.9139,81.3956,2.00128,1.99948,6485.45,299769,12591,1.98204,0,0,299769,0.997843,0.298112,5102.82,63.1833,6811.61,6485.45,0.997843,0
01:11:15:01:02:42,8863.36,8840.76,88.7054,88.8619,81.3225,2.00032,1.99948,6486.8,299883,12586.1,1.94707,0,0,299883,1.0057,0.300673,5097.96,63.2,6813.09,6486.8,1.00536,0
01:11:15:01:02:43,8857.64,8859.35,88.661,88.7938,81.2956,2.00051,1.99948,6488.16,299997,12580.4,1.99171,0,0,299997,1.00486,0.302465,5092.24,63.2167,6814.57,6488.16,1.00615,0
01:11:15:01:02:44,8846.48,8836.46,88.6433,88.6696,81.2552,2.00045,1.99948,6489.51,300111,12569.2,1.93985,0,0,300111,1.00659,0.303563,5081.08,63.2333,6816.05,6489.51,1.00473,0
01:11:15:01:02:45,8855.35,8855.92,88.7762,88.6122,81.2377,2.00082,1.99948,6490.87,300224,12578.1,1.91703,0,0,300224,1.01306,0.303672,5089.95,63.25,6817.52,6490.87,1.00866,0
01:11:15:01:02:46,8855.92,8849.63,89.1342,88.6816,81.3621,2.00004,1.99948,6492.22,300338,12578.7,1.87751,0,0,300338,1.0207,0.303353,5090.53,63.2667,6819.01,6492.22,1.01895,0
01:11:15:01:02:47,8849.63,8846.19,88.5866,88.7804,81.6958,1.99842,1.99948,6493.58,300452,12572.4,1.83221,0,0,300452,1.01639,0.302192,5084.23,63.2833,6820.49,6493.58,1.01861,0
01:11:15:01:02:48,8868.51,8843.62,88.5482,88.7738,81.1889,1.99987,1.99949,6494.94,300566,12591.2,1.78358,0,0,300566,1.00495,0.300528,5103.12,63.3,6821.96,6494.94,1.00495,0
01:11:15:01:02:49,8848.77,8842.47,89.0339,88.7551,81.1522,2.00032,1.99949,6496.29,300680,12571.5,1.7895,0,0,300680,0.992337,0.302534,5083.38,63.3167,6823.44,6496.29,0.99817,0
01:11:15:01:02:50,8865.08,8844.76,88.6183,88.7324,81.6002,1.99946,1.99949,6497.65,300794,12587.8,1.76585,0,0,300794,0.997955,0.302424,5099.69,63.3333,6824.92,6497.65,0.997955,0
01:11:15:01:02:51,8839.61,8846.48,88.7574,88.7724,81.2197,1.99938,1.99949,6499.01,300908,12562.4,1.68939,0,0,300908,0.996564,0.300447,5074.23,63.35,6826.4,6499.01,0.99914,0
01:11:15:01:02:52,8851.34,8850.48,88.6845,88.6469,81.3428,2.00065,1.99949,6500.36,301022,12574.1,1.62751,0,0,301022,0.984754,0.301834,5085.96,63.3667,6827.88,6500.36,0.99308,0
01:11:15:01:02:53,8861.07,8844.76,88.7437,88.6749,81.2818,1.99895,1.99949,6501.72,301135,12583.8,1.5314,0,0,301135,0.989406,0.301309,5095.69,63.3833,6829.36,6501.72,0.989974,0
01:11:15:01:02:54,8848.2,8858.21,88.731,88.6429,81.3316,2.00025,1.99949,6503.07,301249,12570.9,1.48544,0,0,301249,0.987733,0.30103,5082.81,63.4,6830.84,6503.07,0.987328,0
01:11:15:01:02:55,8868.79,8852.2,88.7617,88.6963,81.3223,1.99954,1.99949,6504.43,301363,12591.5,1.43627,0,0,301363,0.985965,0.299819,5103.41,63.4167,6832.32,6504.43,0.985965,0
01:11:15:01:02:56,8855.35,8845.62,88.8538,88.683,81.3493,1.99991,1.99949,6505.78,301477,12578.1,1.3534,0,0,301477,0.987655,0.297549,5089.97,63.4333,6833.8,6505.78,0.987655,0
01:11:15:01:02:57,8862.79,8852.77,88.5313,88.6616,81.4344,1.9997,1.99949,6507.14,301591,12585.5,1.33646,0,0,301591,0.990964,0.297198,5097.41,63.45,6835.28,6507.14,0.996987,0
01:11:15:01:02:58,8850.2,8844.76,88.7584,88.7444,81.1375,2.00011,1.99949,6508.49,301705,12572.9,1.32518,0,0,301705,1.00495,0.297109,5084.82,63.4667,6836.75,6508.49,1.00495,0
01:11:15:01:02:59,8856.21,8846.76,89.0165,88.6229,81.3446,2.00039,1.99949,6509.85,301818,12579,1.33758,0,0,301818,1.01317,0.298149,5090.83,63.4833,6838.23,6509.85,1.01248,0
01:11:15:01:03:00,8865.93,8843.05,88.5634,88.484,81.5826,1.99997,1.99949,6511.2,301932,12588.7,1.37036,0,0,301932,1.01286,0.298337,5100.56,63.5,6839.71,6511.2,1.01286,0
01:11:15:01:03:01,8856.78,8869.08,88.7886,88.4066,81.1667,2.00014,1.99948,6512.56,302046,12579.5,1.33646,0,0,302046,0.997436,0.298727,5091.4,63.5167,6841.19,6512.56,0.997436,0
01:11:15:01:03:02,8867.94,8855.92,88.7784,88.4159,81.3743,1.99979,1.99948,6513.91,302160,12590.7,1.36697,0,0,302160,0.998298,0.303526,5102.56,63.5333,6842.67,6513.91,0.996395,0
01:11:15:01:03:03,8855.35,8863.36,88.6743,88.4093,81.3614,2.00085,1.99948,6515.27,302274,12578.1,1.44654,0,0,302274,1.00838,0.304401,5089.98,63.55,6844.15,6515.27,1.00838,0
01:11:15:01:03:04,8876.81,8852.2,88.8243,88.3839,81.2669,2.00055,1.99948,6516.63,302388,12599.6,1.51069,0,0,302388,0.999472,0.305222,5111.43,63.5667,6845.63,6516.63,1.00467,0
01:11:15:01:03:05,8865.93,8854.78,88.7431,88.452,81.4052,2.00034,1.99948,6517.98,302502,12588.7,1.57528,0,0,302502,0.994896,0.304429,5100.56,63.5833,6847.11,6517.98,0.995327,0
01:11:15:01:03:06,8866.22,8863.07,88.7646,88.6015,81.3384,1.99809,1.99948,6519.34,302616,12589,1.56834,0,0,302616,1.00052,0.300897,5100.85,63.6,6848.59,6519.34,0.997911,0
01:11:15:01:03:07,8861.36,8849.34,88.7309,88.6523,81.3555,1.99885,1.99948,6520.69,302729,12584.1,1.59381,0,0,302729,1.00732,0.3001,5095.99,63.6167,6850.07,6520.69,1.00398,0
01:11:15:01:03:08,8865.93,8875.95,88.497,88.6189,81.321,1.99993,1.99948,6522.05,302843,12588.7,1.70816,0,0,302843,1.01143,0.299677,5100.57,63.6333,6851.54,6522.05,1.01195,0
01:11:15:01:03:09,8865.93,8859.64,88.7851,88.5401,81.1016,2.00141,1.99948,6523.4,302957,12588.7,1.75404,0,0,302957,1.01182,0.300561,5100.57,63.65,6853.02,6523.4,1.01226,0
01:11:15:01:03:10,8867.65,8865.93,88.5089,88.4787,81.369,2.00041,1.99948,6524.76,303071,12590.4,1.81202,0,0,303071,1.01108,0.301754,5102.28,63.6667,6854.5,6524.76,1.01108,0
01:11:15:01:03:11,8877.38,8858.78,88.5658,88.6109,81.1167,2.00018,1.99948,6526.11,303185,12600.1,1.82983,0,0,303185,1.00654,0.299532,5112.01,63.6833,6855.97,6526.11,1.00716,0
01:11:15:01:03:12,8869.65,8862.79,88.7132,88.6629,81.1708,1.99959,1.99947,6527.46,303298,12592.4,1.8596,0,0,303298,0.993225,0.299115,5104.29,63.7,6857.45,6527.46,1.00211,0
01:11:15:01:03:13,8881.38,8869.37,88.6279,88.739,81.3093,1.99858,1.99947,6528.82,303412,12604.1,1.90144,0,0,303412,0.993809,0.298304,5116.02,63.7167,6858.93,6528.82,0.995181,0
01:11:15:01:03:14,8856.21,8849.34,88.7532,88.5695,81.2241,2.00065,1.99947,6530.17,303526,12579,1.94466,0,0,303526,0.994443,0.297889,5090.85,63.7333,6860.41,6530.17,0.994368,0
01:11:15:01:03:15,8879.09,8867.36,88.6833,88.456,81.3403,2.00024,1.99947,6531.53,303639,12601.9,1.99171,0,0,303639,0.986325,0.299727,5113.73,63.75,6861.89,6531.53,0.990912,0
01:11:15:01:03:16,8871.37,8861.36,88.6406,88.5388,81.2802,1.99909,1.99947,6532.88,303753,12594.1,1.96997,0,0,303753,0.987502,0.300074,5106.01,63.7667,6863.36,6532.88,0.987467,0
01:11:15:01:03:17,8867.94,8868.51,88.6568,88.468,81.2388,1.99976,1.99947,6534.24,303867,12590.7,2.02806,0,0,303867,0.993324,0.301007,5102.58,63.7833,6864.84,6534.24,0.993324,0
01:11:15:01:03:18,8883.67,8866.79,88.9586,88.3572,81.2522,2.00016,1.99946,6535.59,303981,12606.4,2.05358,0,0,303981,1.00432,0.301901,5118.31,63.8,6866.32,6535.59,1.0005,0
01:11:15:01:03:19,8856.78,8868.79,88.8902,88.3932,81.5316,1.99936,1.99946,6536.95,304095,12579.5,2.0232,0,0,304095,1.00356,0.30285,5091.42,63.8167,6867.8,6536.95,1.00306,0
01:11:15:01:03:20,8885.96,8868.79,88.6978,88.6095,81.4702,1.99897,1.99946,6538.3,304209,12608.7,2.06089,0,0,304209,1.00114,0.302765,5120.6,63.8333,6869.28,6538.3,1.00114,0
01:11:15:01:03:21,8872.51,8865.65,88.7626,88.5054,81.2897,2.00019,1.99946,6539.66,304323,12595.3,2.05236,0,0,304323,1.00315,0.301429,5107.16,63.85,6870.76,6539.66,0.999034,0
01:11:15:01:03:22,8867.65,8861.36,88.7626,88.6803,81.3524,1.99923,1.99946,6541.02,304436,12590.4,2.07673,0,0,304436,1.00028,0.300108,5102.3,63.8667,6872.24,6541.02,1.00028,0
01:11:15:01:03:23,8874.8,8854.49,88.5082,88.727,81.3462,2.00105,1.99945,6542.37,304550,12597.6,2.10117,0,0,304550,1.00028,0.299372,5109.45,63.8833,6873.72,6542.37,1.00786,0
01:11:15:01:03:24,8866.51,8883.1,88.7554,88.6309,81.1115,2.00152,1.99945,6543.73,304664,12589.3,2.12811,0,0,304664,1.00317,0.299773,5101.15,63.9,6875.2,6543.73,1.0066,0
01:11:15:01:03:25,8867.08,8862.21,88.7295,88.7177,81.3485,1.99844,1.99945,6545.08,304778,12589.9,2.15759,0,0,304778,1.0066,0.301677,5101.72,63.9167,6876.68,6545.08,1.00601,0
01:11:15:01:03:26,8865.08,8874.8,88.7652,88.7604,81.3213,1.99946,1.99945,6546.44,304892,12587.9,2.12198,0,0,304892,1.00601,0.301013,5099.72,63.9333,6878.15,6546.44,0.996646,0
01:11:15:01:03:27,8877.09,8860.5,88.7118,88.8605,81.3579,1.99832,1.99945,6547.79,305006,12599.9,2.11095,0,0,305006,0.996166,0.300028,5111.74,63.95,6879.63,6547.79,0.997611,0
01:11:15:01:03:28,8867.36,8862.21,88.8248,88.8392,81.3031,2.00004,1.99945,6549.15,305119,12590.1,2.12688,0,0,305119,0.997611,0.299163,5102.01,63.9667,6881.11,6549.15,0.998768,0
01:11:15:01:03:29,8872.8,8863.07,88.7036,88.7951,81.4103,1.99896,1.99944,6550.5,305233,12595.6,2.14161,0,0,305233,0.997796,0.299388,5107.45,63.9833,6882.59,6550.5,0.998335,0
01:11:15:01:03:30,8855.06,8849.91,88.6805,88.5868,81.2944,2.00037,1.99944,6551.86,305347,12577.8,2.15636,0,0,305347,0.996717,0.299795,5089.71,64,6884.07,6551.86,0.9888,0
01:11:15:01:03:31,8869.65,8868.79,88.8319,88.6589,81.2785,1.99881,1.99944,6553.21,305461,12592.4,2.1921,0,0,305461,0.9888,0.301932,5104.3,64.0167,6885.55,6553.21,0.9888,0
01:11:15:01:03:32,8851.92,8854.49,88.8622,88.5107,81.4133,1.99998,1.99944,6554.57,305575,12574.7,2.22178,0,0,305575,0.990362,0.301818,5086.57,64.0333,6887.03,6554.57,0.986271,0
01:11:15:01:03:33,8859.64,8855.35,88.5702,88.5107,81.4405,2.00016,1.99944,6555.93,305689,12582.4,2.22549,0,0,305689,0.991253,0.299265,5094.29,64.05,6888.51,6555.93,0.991253,0
01:11:15:01:03:34,8872.51,8861.36,88.8706,88.6109,81.1753,1.99945,1.99944,6557.28,305803,12595.3,2.25279,0,0,305803,0.988685,0.298407,5107.17,64.0667,6889.99,6557.28,0.989795,0
01:11:15:01:03:35,8857.64,8861.36,88.7891,88.6896,81.4504,1.9995,1.99943,6558.64,305916,12580.4,2.29762,0,0,305916,0.987754,0.300572,5092.29,64.0833,6891.47,6558.64,0.988986,0
01:11:15:01:03:36,8873.94,8865.36,88.4502,88.7083,81.3752,1.99965,1.99943,6559.99,306030,12596.7,2.25403,0,0,306030,0.993292,0.300698,5108.6,64.1,6892.95,6559.99,0.992617,0
01:11:15:01:03:37,8849.91,8849.91,88.6675,88.8405,81.0675,1.99882,1.99943,6561.35,306144,12572.7,2.21311,0,0,306144,0.993087,0.301811,5084.56,64.1167,6894.42,6561.35,0.994185,0
01:11:15:01:03:38,8874.23,8859.35,88.7639,88.6776,81.2574,2.00154,1.99943,6562.7,306258,12597,2.21311,0,0,306258,1.00134,0.302559,5108.88,64.1333,6895.9,6562.7,0.999218,0
01:11:15:01:03:39,8858.5,8850.48,88.4584,88.6603,81.3517,1.99979,1.99943,6564.06,306371,12581.3,2.18963,0,0,306371,1.00717,0.300691,5093.15,64.15,6897.38,6564.06,1.00278,0
01:11:15:01:03:40,8847.91,8863.36,88.5451,88.7057,81.0742,1.99904,1.99943,6565.41,306485,12570.7,2.14284,0,0,306485,1.00701,0.298335,5082.56,64.1667,6898.85,6565.41,1.00701,0
01:11:15:01:03:41,8862.79,8854.78,88.5256,88.735,81.1498,2.00018,1.99943,6566.76,306599,12585.6,2.1134,0,0,306599,1.00709,0.29954,5097.44,64.1833,6900.33,6566.76,1.00813,0
01:11:15:01:03:42,8849.05,8865.36,88.4693,88.7871,81.1282,2.00129,1.99943,6568.11,306712,12571.8,2.09995,0,0,306712,1.01258,0.300115,5083.71,64.2,6901.8,6568.11,1.01258,0
01:11:15:01:03:43,8873.09,8858.78,88.5631,88.7324,81.0777,2.00097,1.99943,6569.46,306826,12595.9,2.09505,0,0,306826,1.01097,0.301175,5107.74,64.2167,6903.28,6569.46,1.01265,0
01:11:15:01:03:44,8857.92,8858.21,88.6998,88.7444,81.1724,1.99841,1.99943,6570.82,306940,12580.7,2.07918,0,0,306940,1.00351,0.301362,5092.58,64.2333,6904.75,6570.82,1.00897,0
01:11:15:01:03:45,8869.65,8851.92,88.8209,88.7123,81.2907,2.00044,1.99942,6572.17,307053,12592.4,2.10606,0,0,307053,1.00426,0.301668,5104.31,64.25,6906.23,6572.17,1.00157,0
01:11:15:01:03:46,8861.07,8847.34,88.7308,88.6362,81.4036,1.99986,1.99942,6573.53,307167,12583.9,2.07796,0,0,307167,1.00996,0.301961,5095.73,64.2667,6907.71,6573.53,1.00889,0
01:11:15:01:03:47,8858.5,8864.79,88.8057,88.6883,81.3196,2.00028,1.99942,6574.88,307281,12581.3,2.05967,0,0,307281,1.01288,0.299873,5093.15,64.2833,6909.19,6574.88,1.01288,0
01:11:15:01:03:48,8856.78,8848.77,88.8126,88.7257,81.392,1.9992,1.99942,6576.24,307395,12579.6,2.05602,0,0,307395,1.00279,0.297975,5091.43,64.3,6910.67,6576.24,1.00279,0
01:11:15:01:03:49,8856.49,8868.51,88.5386,88.8245,81.4,1.99871,1.99942,6577.6,307509,12579.3,2.07551,0,0,307509,0.996957,0.296816,5091.15,64.3167,6912.15,6577.6,0.994769,0
01:11:15:01:03:50,8871.94,8850.77,88.5901,88.8672,81.1469,1.9993,1.99943,6578.95,307623,12594.7,2.09017,0,0,307623,0.992217,0.296915,5106.6,64.3333,6913.63,6578.95,0.992217,0
01:11:15:01:03:51,8858.5,8861.93,88.773,88.8312,81.1913,2.00012,1.99943,6580.3,307736,12581.3,2.0865,0,0,307736,0.9925,0.298286,5093.15,64.35,6915.1,6580.3,0.99074,0
01:11:15:01:03:52,8867.65,8866.22,88.8181,88.8926,81.3606,1.99963,1.99943,6581.66,307850,12590.4,2.10973,0,0,307850,0.994905,0.298732,5102.31,64.3667,6916.58,6581.66,0.994905,0
01:11:15:01:03:53,8857.35,8843.62,88.7261,88.9927,81.4014,1.99978,1.99943,6583.01,307964,12580.1,2.14038,0,0,307964,0.999748,0.298058,5092.01,64.3833,6918.06,6583.01,1.00038,0
01:11:15:01:03:54,8864.5,8867.08,88.7148,88.9941,81.3151,2.00035,1.99943,6584.37,308078,12587.3,2.13056,0,0,308078,0.99278,0.297937,5099.16,64.4,6919.54,6584.37,0.99278,0
01:11:15:01:03:55,8844.76,8842.47,88.8826,88.954,81.304,2.00058,1.99943,6585.72,308191,12567.5,2.14284,0,0,308191,0.987883,0.299354,5079.42,64.4167,6921.02,6585.72,0.987883,0
01:11:15:01:03:56,8860.5,8855.92,88.5104,88.9674,81.4635,1.99891,1.99943,6587.08,308305,12583.3,2.09505,0,0,308305,0.990688,0.300103,5095.16,64.4333,6922.5,6587.08,0.998728,0
01:11:15:01:03:57,8857.64,8855.92,88.678,88.9273,81.1156,2.0009,1.99943,6588.44,308419,12580.4,2.10973,0,0,308419,1.00399,0.303466,5092.3,64.45,6923.98,6588.44,1.00399,0
01:11:15:01:03:58,8848.2,8856.49,88.7514,88.9246,81.2716,2.0002,1.99943,6589.79,308533,12571,2.15759,0,0,308533,0.999093,0.305655,5082.85,64.4667,6925.46,6589.79,1.00151,0
01:11:15:01:03:59,8862.5,8858.21,88.486,88.6856,81.3371,2.00069,1.99943,6591.14,308647,12585.3,2.17113,0,0,308647,1.00155,0.305802,5097.16,64.4833,6926.93,6591.14,0.999044,0
01:11:15:01:04:00,8849.05,8847.34,88.5711,88.8338,81.1014,1.99849,1.99944,6592.5,308761,12571.8,2.16497,0,0,308761,1.00078,0.305408,5083.71,64.5,6928.41,6592.5,1.00078,0
01:11:15:01:04:01,8877.38,8850.48,88.6464,88.8178,81.1732,2.00034,1.99944,6593.85,308874,12600.2,2.1884,0,0,308874,0.998639,0.305108,5112.04,64.5167,6929.89,6593.85,1.0011,0
01:11:15:01:04:02,8855.35,8846.48,88.8086,88.8886,81.2487,1.99843,1.99944,6595.2,308988,12578.1,2.1736,0,0,308988,0.99444,0.301234,5090.01,64.5333,6931.36,6595.2,0.99444,0
01:11:15:01:04:03,8847.91,8848.2,88.6531,88.9714,81.3922,1.99992,1.99944,6596.56,309102,12570.7,2.16744,0,0,309102,0.984117,0.299776,5082.57,64.55,6932.84,6596.56,0.987301,0
01:11:15:01:04:04,8857.35,8839.33,88.5066,89.0702,81.2528,1.99901,1.99944,6597.91,309215,12580.1,2.1539,0,0,309215,0.980463,0.299265,5092.01,64.5667,6934.32,6597.91,0.981475,0
01:11:15:01:04:05,8835.04,8857.92,88.7953,89.0969,81.1183,1.99906,1.99945,6599.27,309329,12557.8,2.16374,0,0,309329,0.978827,0.300171,5069.7,64.5833,6935.8,6599.27,0.978958,0
01:11:15:01:04:06,8857.92,8843.9,88.8019,89.0702,81.381,1.99965,1.99945,6600.62,309443,12580.7,2.16374,0,0,309443,0.99024,0.300297,5092.58,64.6,6937.28,6600.62,0.983058,0
01:11:15:01:04:07,8843.62,8851.06,88.7851,89.0127,81.3853,2.00015,1.99945,6601.98,309556,12566.4,2.12075,0,0,309556,1.00512,0.298229,5078.28,64.6167,6938.76,6601.98,1.00112,0
01:11:15:01:04:08,8856.21,8837.04,88.9891,89.0461,81.3729,1.99927,1.99945,6603.33,309670,12579,2.16128,0,0,309670,1.00588,0.297035,5090.87,64.6333,6940.24,6603.33,1.00818,0
01:11:15:01:04:09,8854.2,8833.03,88.8077,89.0662,81.5613,1.99886,1.99946,6604.69,309784,12577,2.16497,0,0,309784,1.00786,0.296563,5088.86,64.65,6941.72,6604.69,1.00786,0
01:11:15:01:04:10,8844.48,8846.48,88.7325,89.0808,81.3911,2.00002,1.99946,6606.05,309898,12567.3,2.1736,0,0,309898,1.00842,0.296065,5079.14,64.6667,6943.2,6606.05,1.00881,0
01:11:15:01:04:11,8839.61,8830.74,88.5189,89.0248,81.3244,1.99936,1.99946,6607.41,310012,12562.4,2.18469,0,0,310012,1.00779,0.296908,5074.27,64.6833,6944.68,6607.41,1.00779,0
01:11:15:01:04:12,8847.91,8847.05,88.5743,89.0087,81.125,2.00044,1.99946,6608.76,310126,12570.7,2.13793,0,0,310126,1.00571,0.297076,5082.57,64.7,6946.15,6608.76,1.00782,0
01:11:15:01:04:13,8846.19,8837.32,88.5569,89.0421,81.1794,1.99934,1.99947,6610.11,310240,12569,2.11708,0,0,310240,1.0032,0.298895,5080.85,64.7167,6947.63,6610.11,1.00428,0
01:11:15:01:04:14,8845.91,8847.34,88.5245,89.0208,81.1634,1.99937,1.99947,6611.47,310354,12568.7,2.15513,0,0,310354,1.00685,0.300758,5080.56,64.7333,6949.1,6611.47,1.00176,0
01:11:15:01:04:15,8853.63,8842.47,88.5675,89.0434,81.1325,1.99973,1.99947,6612.82,310467,12576.4,2.2094,0,0,310467,1.00406,0.30299,5088.29,64.75,6950.58,6612.82,1.00525,0
01:11:15:01:04:16,8845.91,8830.17,88.4398,88.9433,81.1678,2.00092,1.99948,6614.17,310581,12568.7,2.15144,0,0,310581,1.00306,0.303761,5080.56,64.7667,6952.05,6614.17,1.00306,0
01:11:15:01:04:17,8850.2,8847.91,88.7054,88.8792,81.0542,1.99992,1.99948,6615.52,310694,12573,2.10973,0,0,310694,1.00318,0.30326,5084.85,64.7833,6953.53,6615.52,1.00318,0
01:11:15:01:04:18,8848.77,8824.45,88.5997,88.8979,81.2953,2.00062,1.99948,6616.88,310808,12571.6,2.13302,0,0,310808,0.999017,0.302501,5083.42,64.8,6955.01,6616.88,0.997234,0
01:11:15:01:04:19,8842.76,8837.9,88.6546,88.922,81.2055,1.99853,1.99949,6618.23,310922,12565.5,2.16374,0,0,310922,0.999017,0.300406,5077.42,64.8167,6956.49,6618.23,0.999378,0
01:11:15:01:04:20,8847.62,8831.89,88.6949,88.9313,81.2524,1.99954,1.99949,6619.58,311035,12570.4,2.13916,0,0,311035,0.999378,0.299401,5082.28,64.8333,6957.96,6619.58,1.00575,0
01:11:15:01:04:21,8835.61,8844.19,88.802,88.9273,81.2902,1.99928,1.99949,6620.94,311149,12558.4,2.19704,0,0,311149,1.00379,0.298711,5070.26,64.85,6959.44,6620.94,1.00715,0
01:11:15:01:04:22,8843.05,8839.61,88.5548,88.8338,81.388,1.99939,1.9995,6622.29,311263,12565.8,2.18469,0,0,311263,1.00715,0.298057,5077.7,64.8667,6960.92,6622.29,1.00159,0
01:11:15:01:04:23,8836.46,8837.61,88.6199,88.9286,81.1627,1.999,1.9995,6623.65,311377,12559.2,2.17606,0,0,311377,1.00408,0.298518,5071.12,64.8833,6962.4,6623.65,0.99894,0
01:11:15:01:04:24,8859.64,8840.18,88.7458,88.9767,81.2236,1.99863,1.9995,6625,311490,12582.4,2.15144,0,0,311490,0.99894,0.301935,5094.29,64.9,6963.88,6625,1.00194,0
01:11:15:01:04:25,8840.47,8830.17,88.8841,89.0047,81.3365,1.99935,1.99951,6626.36,311604,12563.3,2.13179,0,0,311604,1.0017,0.303531,5075.12,64.9167,6965.36,6626.36,1.00621,0
01:11:15:01:04:26,8847.34,8832.46,88.6844,89.0007,81.4622,1.99971,1.99951,6627.71,311718,12570.1,2.11218,0,0,311718,1.00085,0.303939,5081.99,64.9333,6966.83,6627.71,0.999357,0
01:11:15:01:04:27,8836.46,8822.16,88.7562,89.0835,81.2826,1.99868,1.99951,6629.07,311832,12559.2,2.05602,0,0,311832,0.99738,0.303652,5071.12,64.95,6968.31,6629.07,0.993509,0
01:11:15:01:04:28,8831.32,8844.19,88.7228,89.1222,81.3452,1.99962,1.99952,6630.42,311945,12554.1,2.09995,0,0,311945,0.991926,0.304118,5065.97,64.9667,6969.79,6630.42,0.993509,0
01:11:15:01:04:29,8843.62,8833.6,88.7064,89.0501,81.3149,1.99952,1.99952,6631.78,312059,12566.4,2.08772,0,0,312059,0.994079,0.302743,5078.27,64.9833,6971.27,6631.78,0.991897,0
01:11:15:01:04:30,8828.45,8838.47,88.7002,89.0488,81.3033,1.99853,1.99952,6633.13,312173,12551.2,2.09017,0,0,312173,0.99505,0.30153,5063.1,65,6972.75,6633.13,0.99505,0
01:11:15:01:04:31,8858.5,8840.76,88.9579,89.0221,81.2895,2.00092,1.99953,6634.49,312287,12581.3,2.10728,0,0,312287,0.996842,0.298331,5093.15,65.0167,6974.23,6634.49,0.995799,0
01:11:15:01:04:32,8849.05,8841.9,88.6927,88.99,81.5264,2.00069,1.99953,6635.85,312401,12571.8,2.10851,0,0,312401,0.995164,0.297024,5083.7,65.0333,6975.71,6635.85,0.995164,0
01:11:15:01:04:33,8841.33,8838.47,88.6877,88.9273,81.2855,2.00007,1.99954,6637.2,312515,12564.1,2.13056,0,0,312515,0.990462,0.295983,5075.98,65.05,6977.19,6637.2,0.993058,0
01:11:15:01:04:34,8837.04,8826.45,88.694,88.8605,81.2804,2.00022,1.99954,6638.56,312629,12559.8,2.16374,0,0,312629,0.988257,0.297331,5071.69,65.0667,6978.67,6638.56,0.990215,0
01:11:15:01:04:35,8841.62,8839.9,88.8326,88.8205,81.2849,2.00057,1.99954,6639.91,312742,12564.4,2.1699,0,0,312742,1.00124,0.297221,5076.26,65.0833,6980.15,6639.91,0.99894,0
01:11:15:01:04:36,8852.49,8825.31,88.6523,88.7871,81.4181,1.99879,1.99955,6641.27,312856,12575.3,2.12934,0,0,312856,1.00685,0.297812,5087.13,65.1,6981.62,6641.27,1.00562,0
01:11:15:01:04:37,8835.32,8844.76,88.5914,88.8485,81.2497,1.9997,1.99955,6642.62,312970,12558.1,2.11708,0,0,312970,0.999275,0.300415,5069.97,65.1167,6983.1,6642.62,1.00326,0
01:11:15:01:04:38,8840.47,8833.89,88.8798,88.703,81.1916,2.00036,1.99956,6643.98,313084,12563.2,2.12934,0,0,313084,0.998722,0.303569,5075.12,65.1333,6984.58,6643.98,0.999741,0
01:11:15:01:04:39,8846.19,8835.89,88.5771,88.7724,81.4583,1.99967,1.99956,6645.33,313198,12569,2.13302,0,0,313198,1.0071,0.304663,5080.84,65.15,6986.06,6645.33,1.0071,0
01:11:15:01:04:40,8850.2,8848.2,88.5771,88.6709,81.1781,2.00048,1.99957,6646.69,313312,12573,2.13793,0,0,313312,1.00983,0.304141,5084.84,65.1667,6987.54,6646.69,1.00922,0
01:11:15:01:04:41,8842.76,8822.73,88.6594,88.695,81.1811,1.99959,1.99957,6648.04,313425,12565.5,2.15513,0,0,313425,1.00321,0.30483,5077.4,65.1833,6989.01,6648.04,1.00321,0
01:11:15:01:04:42,8849.91,8837.04,88.7725,88.7217,81.2534,2.00054,1.99958,6649.39,313539,12572.7,2.14407,0,0,313539,1.00175,0.303711,5084.55,65.2,6990.49,6649.39,1.00175,0
01:11:15:01:04:43,8840.18,8833.03,88.6603,88.7043,81.3564,2.00071,1.99958,6650.75,313653,12563,2.20198,0,0,313653,0.999086,0.302079,5074.83,65.2167,6991.97,6650.75,0.997429,0
01:11:15:01:04:44,8834.18,8836.18,88.7951,88.6389,81.2561,2,1.99959,6652.1,313767,12556.9,2.24906,0,0,313767,0.995323,0.299166,5068.82,65.2333,6993.45,6652.1,0.995323,0
01:11:15:01:04:45,8841.9,8836.75,88.6429,88.6723,81.382,1.9993,1.99959,6653.46,313880,12564.7,2.19087,0,0,313880,0.991047,0.298153,5076.54,65.25,6994.93,6653.46,0.991047,0
01:11:15:01:04:46,8833.89,8839.33,88.7398,88.8939,81.2438,1.99893,1.9996,6654.81,313994,12556.7,2.2193,0,0,313994,1.00235,0.297091,5068.53,65.2667,6996.41,6654.81,0.996325,0
01:11:15:01:04:47,8859.64,8831.6,88.7772,88.8539,81.3301,1.99964,1.9996,6656.17,314108,12582.4,2.17606,0,0,314108,1.00573,0.298029,5094.28,65.2833,6997.89,6656.17,1.00684,0
01:11:15:01:04:48,8835.04,8834.46,88.6944,88.7924,81.3618,2.00039,1.99961,6657.53,314222,12557.8,2.18469,0,0,314222,1.00108,0.298524,5069.68,65.3,6999.36,6657.53,1.00322,0
01:11:15:01:04:49,8848.2,8824.73,88.5817,88.735,81.2855,2.00053,1.99962,6658.88,314336,12571,2.20446,0,0,314336,0.997342,0.299057,5082.84,65.3167,7000.84,6658.88,1.00134,0
01:11:15:01:04:50,8835.04,8823.88,88.6781,88.715,81.1859,1.99943,1.99962,6660.23,314450,12557.8,2.22301,0,0,314450,0.994026,0.299348,5069.67,65.3333,7002.32,6660.23,0.994743,0
01:11:15:01:04:51,8827.31,8831.32,88.4739,88.7137,81.2744,1.99941,1.99963,6661.59,314563,12550.1,2.21187,0,0,314563,0.999261,0.298855,5061.95,65.35,7003.79,6661.59,0.993794,0
01:11:15:01:04:52,8834.18,8819.3,88.6767,88.6536,81.0831,2.00064,1.99963,6662.94,314677,12556.9,2.23045,0,0,314677,1.00333,0.298315,5068.81,65.3667,7005.27,6662.94,1.00333,0
01:11:15:01:04:53,8826.74,8820.16,88.893,88.6349,81.2725,1.99958,1.99964,6664.29,314791,12549.5,2.21311,0,0,314791,1.00443,0.299073,5061.38,65.3833,7006.75,6664.29,1.00654,0
01:11:15:01:04:54,8844.48,8827.6,88.7937,88.5641,81.4698,1.99986,1.99965,6665.65,314904,12567.2,2.16128,0,0,314904,1.00468,0.299213,5079.11,65.4,7008.23,6665.65,1.00468,0
01:11:15:01:04:55,8822.73,8830.17,88.6005,88.5227,81.3791,1.99975,1.99965,6667.01,315018,12545.5,2.17606,0,0,315018,1.00717,0.300775,5057.37,65.4167,7009.71,6667.01,1.00543,0
01:11:15:01:04:56,8826.45,8826.17,89.0287,88.5601,81.2023,1.99968,1.99966,6668.36,315132,12549.2,2.1773,0,0,315132,1.00855,0.302108,5061.09,65.4333,7011.19,6668.36,1.00749,0
01:11:15:01:04:57,8830.17,8814.72,88.9231,88.6509,81.5991,1.9984,1.99967,6669.72,315246,12552.9,2.13424,0,0,315246,1.00952,0.303466,5064.81,65.45,7012.67,6669.72,1.01132,0
01:11:15:01:04:58,8833.6,8819.58,88.8257,88.6162,81.4983,1.99958,1.99968,6671.08,315360,12556.4,2.16744,0,0,315360,1.00628,0.303206,5068.24,65.4667,7014.15,6671.08,1.00542,0
01:11:15:01:04:59,8831.32,8805.57,88.7654,88.6963,81.4096,1.99941,1.99968,6672.43,315474,12554.1,2.23417,0,0,315474,0.986112,0.303792,5065.95,65.4833,7015.63,6672.43,0.989424,0
01:11:15:01:05:00,8813.58,8818.15,89.0408,88.6789,81.3491,2.00095,1.99969,6673.79,315588,12536.3,2.24658,0,0,315588,0.979695,0.302604,5048.21,65.5,7017.12,6673.79,0.980409,0
01:11:15:01:05:01,8822.45,8806.71,88.8522,88.6362,81.6062,1.99958,1.9997,6675.15,315702,12545.2,2.24161,0,0,315702,0.981065,0.300867,5057.08,65.5167,7018.6,6675.15,0.981065,0
01:11:15:01:05:02,8811,8817.3,88.8659,88.715,81.4363,1.99869,1.99971,6676.51,315816,12533.8,2.21559,0,0,315816,0.993955,0.296069,5045.64,65.5333,7020.08,6676.51,0.98835,0
01:11:15:01:05:03,8820.73,8818.73,88.7496,88.7083,81.4484,1.99885,1.99971,6677.87,315930,12543.5,2.18346,0,0,315930,0.998549,0.2954,5055.36,65.55,7021.56,6677.87,0.999807,0
01:11:15:01:05:04,8813.58,8800.7,88.6191,88.7537,81.3417,1.99888,1.99972,6679.22,316044,12536.3,2.12075,0,0,316044,1.00384,0.295034,5048.21,65.5667,7023.04,6679.22,1.00532,0
01:11:15:01:05:05,8820.44,8807.57,88.7574,88.6322,81.2154,2.00086,1.99973,6680.58,316158,12543.2,2.0865,0,0,316158,1.0027,0.295461,5055.08,65.5833,7024.52,6680.58,1.00321,0
01:11:15:01:05:06,8815.58,8797.27,88.6309,88.5761,81.3469,1.99944,1.99974,6681.93,316272,12538.3,2.01957,0,0,316272,1.00674,0.296965,5050.21,65.6,7025.99,6681.93,1.00608,0
01:11:15:01:05:07,8807.57,8803.56,88.809,88.476,81.2287,2.00012,1.99975,6683.29,316386,12530.3,1.92303,0,0,316386,1.00674,0.298414,5042.2,65.6167,7027.47,6683.29,1.00871,0
01:11:15:01:05:08,8804.42,8797.56,88.6561,88.4306,81.3915,2.00022,1.99975,6684.64,316499,12527.2,1.89067,0,0,316499,1.01157,0.300697,5039.05,65.6333,7028.95,6684.64,1.00858,0
01:11:15:01:05:09,8806.14,8792.41,88.6165,88.5294,81.2543,1.99939,1.99976,6686,316613,12528.9,1.8227,0,0,316613,1.00858,0.302331,5040.77,65.65,7030.43,6686,1.00735,0
01:11:15:01:05:10,8818.44,8807.57,88.482,88.6736,81.221,1.99851,1.99977,6687.35,316727,12541.2,1.78121,0,0,316727,1.00424,0.302419,5053.07,65.6667,7031.9,6687.35,0.985134,0
01:11:15:01:05:11,8802.71,8799.56,88.7493,88.6856,81.2598,1.95075,1.99978,6688.7,316841,12525.5,1.74108,0,0,316841,0.985134,0.300717,5037.34,65.6833,7033.38,6688.7,0.968793,0
01:11:15:01:05:12,8829.03,8811.29,88.5762,88.6416,81.3391,1.99955,1.99979,6690.06,316953,12551.8,1.65431,0,0,316953,0.968793,0.299389,5063.66,65.7,7034.86,6690.06,0.968574,0
01:11:15:01:05:13,8810.43,8800.99,88.8319,88.6175,81.1801,1.99967,1.9998,6691.41,317065,12533.2,1.60426,0,0,317065,0.966903,0.297794,5045.06,65.7167,7036.34,6691.41,0.974051,0
01:11:15:01:05:14,8810.14,8802.71,88.6705,88.707,81.4182,1.99855,1.9998,6692.77,317179,12532.9,1.56024,0,0,317179,0.977164,0.29797,5044.77,65.7333,7037.82,6692.77,0.985411,0
01:11:15:01:05:15,8820.16,8792.41,88.4398,88.695,81.2722,1.99797,1.99981,6694.13,317293,12542.9,1.52679,0,0,317293,0.985411,0.298845,5054.77,65.75,7039.29,6694.13,0.997736,0
01:11:15:01:05:16,8799.27,8791.26,88.7109,88.6402,81.0559,1.99941,1.99982,6695.48,317407,12522,1.482,0,0,317407,0.998605,0.301438,5033.88,65.7667,7040.77,6695.48,1.00384,0
01:11:15:01:05:17,8820.16,8795.55,88.7422,88.7804,81.3064,1.99882,1.99983,6696.83,317520,12542.9,1.43627,0,0,317520,1.00453,0.303438,5054.77,65.7833,7042.25,6696.83,1.01263,0
01:11:15:01:05:18,8796.98,8808.43,88.3892,88.7417,81.3322,1.99967,1.99984,6698.19,317634,12519.7,1.3851,0,0,317634,1.01607,0.303209,5031.59,65.8,7043.73,6698.19,1.01838,0
01:11:15:01:05:19,8805.57,8801.56,88.6853,88.7591,81.0105,1.99913,1.99985,6699.54,317748,12528.3,1.38283,0,0,317748,1.01523,0.303505,5040.17,65.8167,7045.2,6699.54,1.01213,0
01:11:15:01:05:20,8816.72,8803.85,88.7718,88.7097,81.2826,1.99894,1.99985,6700.89,317861,12539.4,1.34887,0,0,317861,1.00873,0.304984,5051.32,65.8333,7046.68,6700.89,1.00673,0
01:11:15:01:05:21,8813,8807.57,88.7786,88.6883,81.3626,1.99871,1.99986,6702.25,317975,12535.7,1.3173,0,0,317975,1.00807,0.302768,5047.6,65.85,7048.16,6702.25,1.00607,0
01:11:15:01:05:22,8816.15,8784.39,88.661,88.8539,81.3724,1.99765,1.99987,6703.6,318089,12538.9,1.31279,0,0,318089,1.00607,0.300559,5050.74,65.8667,7049.64,6703.6,1.00828,0
01:11:15:01:05:23,8804.14,8803.56,88.7743,88.7791,81.2553,2.00041,1.99988,6704.96,318202,12526.8,1.2847,0,0,318202,1.01006,0.298927,5038.72,65.8833,7051.12,6704.96,1.00828,0
01:11:15:01:05:24,8803.85,8789.26,88.4633,88.7764,81.3587,2.00055,1.99988,6706.31,318316,12526.6,1.29481,0,0,318316,1.01023,0.295942,5038.43,65.9,7052.59,6706.31,1.01023,0
01:11:15:01:05:25,8800.13,8804.99,88.709,88.8085,81.0803,1.99859,1.99989,6707.67,318430,12522.8,1.2847,0,0,318430,1.00807,0.294333,5034.71,65.9167,7054.07,6707.67,1.00847,0
01:11:15:01:05:26,8800.13,8804.71,88.8582,88.7337,81.3029,1.99934,1.9999,6709.02,318544,12522.8,1.27237,0,0,318544,0.999983,0.294802,5034.71,65.9333,7055.55,6709.02,1.00646,0
01:11:15:01:05:27,8793.84,8785.83,88.9014,88.6883,81.4403,1.99916,1.99991,6710.37,318657,12516.5,1.25782,0,0,318657,0.993116,0.294156,5028.41,65.95,7057.03,6710.37,0.992553,0
01:11:15:01:05:28,8817.87,8809.57,88.6721,88.5988,81.4758,2.00035,1.99991,6711.73,318771,12540.6,1.32293,0,0,318771,0.991341,0.294745,5052.44,65.9667,7058.51,6711.73,0.993259,0
01:11:15:01:05:29,8807,8797.27,88.5746,88.6696,81.2736,1.99802,1.99992,6713.09,318885,12529.7,1.39644,0,0,318885,0.998244,0.297347,5041.56,65.9833,7059.99,6713.09,0.997912,0
01:11:15:01:05:30,8804.14,8799.84,88.477,88.6656,81.1841,1.99804,1.99993,6714.44,318999,12526.8,1.4694,0,0,318999,0.991593,0.299915,5038.7,66,7061.46,6714.44,0.99736,0
01:11:15:01:05:31,8799.27,8787.54,88.8556,88.7938,81.0963,1.99756,1.99993,6715.79,319113,12522,1.52334,0,0,319113,0.988708,0.301683,5033.83,66.0167,7062.94,6715.79,0.988708,0
01:11:15:01:05:32,8802.71,8791.83,88.6717,88.8525,81.4426,1.99778,1.99994,6717.15,319226,12525.4,1.61239,0,0,319226,0.992599,0.3016,5037.27,66.0333,7064.42,6717.15,0.989495,0
01:11:15:01:05:33,8805.28,8796.41,89.0179,88.719,81.2639,2.00077,1.99994,6718.5,319340,12528,1.70816,0,0,319340,1.00237,0.299066,5039.84,66.05,7065.9,6718.5,1.00237,0
01:11:15:01:05:34,8788.69,8796.41,88.7094,88.711,81.5862,1.99926,1.99995,6719.86,319454,12511.4,1.77294,0,0,319454,1.0016,0.299237,5023.24,66.0667,7067.38,6719.86,1.00238,0
01:11:15:01:05:35,8801.56,8801.27,88.5466,88.5174,81.3014,1.9999,1.99995,6721.22,319568,12524.2,1.87512,0,0,319568,0.998362,0.298012,5036.11,66.0833,7068.86,6721.22,0.999259,0
01:11:15:01:05:36,8804.42,8794.12,88.8454,88.6189,81.1565,1.99861,1.99996,6722.57,319682,12527.1,1.91943,0,0,319682,0.991343,0.299808,5038.97,66.1,7070.34,6722.57,0.992095,0
01:11:15:01:05:37,8803.28,8799.27,88.9081,88.6856,81.4298,1.99877,1.99996,6723.93,319795,12526,1.95309,0,0,319795,0.99249,0.30212,5037.82,66.1167,7071.82,6723.93,0.991099,0
01:11:15:01:05:38,8807.57,8782.39,88.7671,88.6296,81.4894,1.99816,1.99997,6725.28,319909,12530.2,2.03534,0,0,319909,0.995022,0.302939,5042.11,66.1333,7073.3,6725.28,0.995022,0
01:11:15:01:05:39,8797.84,8788.69,88.7661,88.7257,81.3575,1.99896,1.99997,6726.64,320023,12520.5,2.10361,0,0,320023,1.00145,0.303668,5032.38,66.15,7074.78,6726.64,1.00083,0
01:11:15:01:05:40,8804.99,8790.69,88.8741,88.7818,81.3546,1.9995,1.99998,6728,320137,12527.7,2.1367,0,0,320137,1.00515,0.305097,5039.53,66.1667,7076.26,6728,1.00515,0
01:11:15:01:05:41,8787.54,8796.41,88.7398,88.9553,81.4553,1.99902,1.99998,6729.35,320251,12510.2,2.1453,0,0,320251,1.00111,0.305265,5022.08,66.1833,7077.74,6729.35,1.00407,0
01:11:15:01:05:42,8796.7,8794.41,88.8195,88.8579,81.3294,1.99985,1.99998,6730.71,320365,12519.4,2.17606,0,0,320365,1.00711,0.302824,5031.23,66.2,7079.22,6730.71,1.00711,0
01:11:15:01:05:43,8795.84,8794.69,88.7799,88.934,81.4081,1.99816,1.99998,6732.07,320479,12518.5,2.18223,0,0,320479,1.0092,0.299994,5030.37,66.2167,7080.7,6732.07,1.01039,0
01:11:15:01:05:44,8798.99,8790.98,88.8471,88.9834,81.3703,1.99862,1.99999,6733.42,320592,12521.6,2.21187,0,0,320592,1.0073,0.297736,5033.51,66.2333,7082.18,6733.42,1.0073,0
01:11:15:01:05:45,8796.98,8779.24,88.6177,89.0208,81.4313,1.99881,1.99999,6734.78,320706,12519.6,2.20816,0,0,320706,0.99664,0.298038,5031.51,66.25,7083.66,6734.78,1.00073,0
01:11:15:01:05:46,8797.84,8791.26,88.6208,89.1075,79.572,2.49508,1.99999,6736.12,320820,12520.5,2.22798,0,0,320820,0.994748,0.29836,5032.37,66.2667,7085.14,6736.12,0.994862,0
01:11:15:01:05:47,8798.41,8780.39,88.9301,89.0675,79.5759,2.49474,1.99999,6737.45,320947,12521.1,2.17113,0,0,320947,0.996171,0.306489,5032.94,66.2833,7086.62,6737.45,0.995128,0
01:11:15:01:05:48,8793.84,8790.98,88.7244,89.0354,79.8316,2.50149,2,6738.78,321086,12516.5,2.20322,0,0,321086,1.01493,0.306573,5028.36,66.3,7088.1,6738.78,0.994474,0
01:11:15:01:05:49,8792.12,8783.25,88.8355,88.9366,79.6435,2.50254,2,6740.1,321225,12514.8,2.20693,0,0,321225,1.00691,0.30479,5026.64,66.3167,7089.58,6740.1,1.00919,0
01:11:15:01:05:50,8790.69,8779.24,88.9565,89.0568,79.752,2.49987,2,6741.43,321365,12513.3,2.21311,0,0,321365,1.00255,0.304508,5025.21,66.3333,7091.06,6741.43,1.00719,0
01:11:15:01:05:51,8806.42,8798.99,88.7962,88.9901,79.8537,2.50196,2,6742.76,321504,12529.1,2.24285,0,0,321504,1.00666,0.302321,5040.94,66.35,7092.54,6742.76,1.00666,0
01:11:15:01:05:52,8791.55,8788.69,88.5553,88.9714,79.7119,2.50132,2,6744.09,321644,12514.2,2.21683,0,0,321644,1.01474,0.301559,5026.06,66.3667,7094.02,6744.09,1.01527,0
01:11:15:01:05:53,8797.56,8796.13,88.5715,89.0381,79.4959,2.50127,2,6745.42,321784,12520.2,2.25901,0,0,321784,1.01134,0.300192,5032.07,66.3833,7095.49,6745.42,1.01134,0
01:11:15:01:05:54,8793.55,8783.25,88.5958,89.0047,79.5068,2.50239,2,6746.74,321923,12516.2,2.26771,0,0,321923,1.00621,0.300687,5028.06,66.4,7096.97,6746.74,1.00747,0
01:11:15:01:05:55,8801.85,8781.82,88.8854,89.0288,79.5312,2.50158,2,6748.07,322062,12524.5,2.2702,0,0,322062,1.00587,0.30022,5036.36,66.4167,7098.45,6748.07,1.00624,0
01:11:15:01:05:56,8796.7,8790.12,88.6191,89.1703,79.8006,2.49869,2,6749.4,322202,12519.3,2.28639,0,0,322202,1.00263,0.299199,5031.2,66.4333,7099.93,6749.4,1.00353,0
01:11:15:01:05:57,8784.39,8791.26,88.5561,89.185,79.5589,2.49949,2,6750.73,322341,12507,2.25403,0,0,322341,1.00457,0.298926,5018.9,66.45,7101.4,6750.73,1.00355,0
01:11:15:01:05:58,8805.28,8796.98,88.7698,89.0435,79.4956,2.50154,2,6752.05,322480,12527.9,2.2503,0,0,322480,1.00085,0.300192,5039.78,66.4667,7102.88,6752.05,1.0018,0
01:11:15:01:05:59,8792.12,8802.71,88.5311,89.0341,79.6946,2.49937,2,6753.38,322620,12514.7,2.26398,0,0,322620,1.00686,0.30007,5026.62,66.4833,7104.36,6753.38,1.00274,0
01:11:15:01:06:00,8802.13,8796.98,88.5783,88.9727,79.4718,2.50198,1.99999,6754.7,322759,12524.8,2.29887,0,0,322759,1.00847,0.298995,5036.63,66.5,7105.83,6754.7,1.00847,0
01:11:15:01:06:01,8806.71,8790.4,88.5599,89.0127,79.5182,2.50077,1.99999,6756.03,322898,12529.3,2.32511,0,0,322898,1.00462,0.300736,5041.21,66.5167,7107.31,6756.03,1.00882,0
01:11:15:01:06:02,8802.71,8795.27,88.6471,88.8365,79.5092,2.49843,1.99999,6757.35,323037,12525.3,2.26646,0,0,323037,1.0054,0.299709,5037.2,66.5333,7108.79,6757.35,1.0054,0
01:11:15:01:06:03,8809,8792.69,88.4006,88.7337,79.5889,2.498,1.99999,6758.68,323176,12531.6,2.2839,0,0,323176,0.991053,0.30006,5043.46,66.55,7110.26,6758.68,0.994799,0
01:11:15:01:06:04,8788.69,8802.71,88.6522,88.7911,79.3469,2.50435,1.99999,6760,323316,12511.2,2.35897,0,0,323316,0.991053,0.300622,5023.11,66.5667,7111.74,6760,0.990603,0
01:11:15:01:06:05,8794.41,8795.55,88.7326,88.7978,79.5749,2.50373,1.99998,6761.33,323455,12516.9,2.3552,0,0,323455,0.994052,0.300774,5028.81,66.5833,7113.22,6761.33,1.00016,0
01:11:15:01:06:06,8798.99,8800.7,88.8583,88.8365,79.6496,2.50293,1.99998,6762.66,323594,12521.5,2.34767,0,0,323594,1.00598,0.300018,5033.37,66.6,7114.7,6762.66,1.00721,0
01:11:15:01:06:07,8796.98,8794.12,88.7994,88.7751,79.7579,2.50431,1.99998,6763.98,323733,12520.1,2.30636,0,0,323733,1.00747,0.299255,5031.97,66.6167,7116.18,6763.98,1.00241,0
01:11:15:01:06:08,8790.98,8786.4,88.7561,88.7324,79.724,2.49851,1.99998,6765.31,323873,12515,2.37405,0,0,323873,0.999412,0.298415,5026.83,66.6333,7117.66,6765.31,0.999594,0
01:11:15:01:06:09,8793.55,8790.12,88.6776,88.7324,79.6903,2.4969,1.99997,6766.64,324013,12518.4,2.38916,0,0,324013,0.999653,0.298977,5030.28,66.65,7119.14,6766.64,0.996047,0
01:11:15:01:06:10,8784.39,8775.81,88.6825,88.8752,79.6241,2.49559,1.99997,6767.97,324152,12510.1,2.42703,0,0,324152,0.996047,0.298543,5022.02,66.6667,7120.61,6767.97,0.995488,0
01:11:15:01:06:11,8771.52,8758.93,88.7519,88.9954,79.6096,2.5014,1.99997,6769.3,324291,12498.2,2.45109,0,0,324291,0.996417,0.298734,5010.04,66.6833,7122.09,6769.3,0.99775,0
01:11:15:01:06:12,8785.25,8770.95,88.8949,89.0942,79.6753,2.50039,1.99996,6770.62,324431,12512.8,2.47648,0,0,324431,0.997172,0.298851,5024.68,66.7,7123.57,6770.62,0.996663,0
01:11:15:01:06:13,8776.1,8767.51,88.8095,89.0501,79.8041,2.50025,1.99996,6771.95,324570,12504.5,2.51596,0,0,324570,0.995203,0.297775,5016.4,66.7167,7125.05,6771.95,0.993965,0
01:11:15:01:06:14,8777.81,8780.96,88.7026,89.0127,79.7277,2.50015,1.99996,6773.28,324710,12507.1,2.60571,0,0,324710,0.993965,0.297785,5019.02,66.7333,7126.53,6773.28,0.993967,0
01:11:15:01:06:15,8774.95,8778.67,88.443,88.8592,79.6179,2.5044,1.99995,6774.61,324849,12505.2,2.65866,0,0,324849,0.99789,0.298924,5017.07,66.75,7128.01,6774.61,1.00282,0
01:11:15:01:06:16,8781.53,8780.67,88.8119,89.0034,79.4217,2.49306,1.99995,6775.93,324989,12512.7,2.70148,0,0,324989,1.00519,0.298798,5024.59,66.7667,7129.49,6775.93,1.00648,0
01:11:15:01:06:17,8784.68,8772.95,88.4759,89.2023,79.7315,2.49962,1.99995,6777.26,325128,12516.7,2.67031,0,0,325128,1.00599,0.300034,5028.61,66.7833,7130.96,6777.26,1.00036,0
01:11:15:01:06:18,8788.4,8776.1,88.4759,89.2598,79.4328,2.49875,1.99994,6778.59,325267,12521.3,2.70148,0,0,325267,0.997157,0.299471,5033.19,66.8,7132.44,6778.59,0.997643,0
01:11:15:01:06:19,8776.67,8772.66,88.7504,89.1049,79.4209,2.5024,1.99994,6779.91,325406,12510.5,2.6781,0,0,325406,0.994588,0.299406,5022.33,66.8167,7133.92,6779.91,0.995624,0
01:11:15:01:06:20,8770.09,8776.67,88.6919,89.1449,79.6703,2.50146,1.99994,6781.24,325545,12504.8,2.68588,0,0,325545,0.998788,0.299757,5016.65,66.8333,7135.4,6781.24,1.00391,0
01:11:15:01:06:21,8783.25,8780.96,88.6987,89.0288,79.6125,2.50308,1.99993,6782.56,325684,12518.8,2.76017,0,0,325684,1.00391,0.298753,5030.72,66.85,7136.87,6782.56,0.999994,0
01:11:15:01:06:22,8774.67,8784.68,88.6017,89.0421,79.6249,2.5012,1.99993,6783.89,325824,12511.1,2.80737,0,0,325824,0.998864,0.298124,5023,66.8667,7138.35,6783.89,0.999994,0
01:11:15:01:06:23,8784.68,8780.39,88.6017,88.9914,79.5371,2.5014,1.99993,6785.22,325963,12522,2.84556,0,0,325963,0.993397,0.298117,5033.88,66.8833,7139.83,6785.22,0.993397,0
01:11:15:01:06:24,8784.11,8771.52,88.7136,88.9073,79.5312,2.50321,1.99992,6786.54,326103,12522.3,2.83896,0,0,326103,0.994719,0.299183,5034.19,66.9,7141.3,6786.54,0.996293,0
01:11:15:01:06:25,8764.65,8772.66,88.5416,88.9433,79.635,2.50217,1.99992,6787.87,326242,12503.8,2.84556,0,0,326242,0.9961,0.298718,5015.64,66.9167,7142.78,6787.87,0.994258,0
01:11:15:01:06:26,8789.26,8786.4,88.6751,88.8752,79.4818,2.50181,1.99991,6789.19,326381,12529.3,2.85612,0,0,326381,1.00007,0.297724,5041.15,66.9333,7144.26,6789.19,0.999039,0
01:11:15:01:06:27,8772.38,8771.81,88.6284,88.8806,79.6025,2.50153,1.99991,6790.52,326521,12513.3,2.84688,0,0,326521,1.0005,0.298538,5025.13,66.95,7145.74,6790.52,1.00196,0
01:11:15:01:06:28,8786.11,8772.95,88.7332,88.9807,79.5635,2.50063,1.99991,6791.85,326660,12527.9,2.82579,0,0,326660,0.997305,0.29888,5039.73,66.9667,7147.21,6791.85,0.998177,0
01:11:15:01:06:29,8790.98,8786.97,88.7959,88.9193,79.6565,2.50098,1.9999,6793.17,326799,12533.6,2.86801,0,0,326799,0.993987,0.298419,5045.48,66.9833,7148.69,6793.17,0.996153,0
01:11:15:01:06:30,8790.69,8786.68,88.67,88.9139,79.7097,2.50193,1.9999,6794.5,326939,12534.2,2.87066,0,0,326939,0.99713,0.297371,5046.1,67,7150.17,6794.5,0.99713,0
01:11:15:01:06:31,8787.83,8790.98,88.5591,89.0381,79.6024,2.50018,1.9999,6795.83,327078,12532.3,2.86537,0,0,327078,0.998824,0.298502,5044.14,67.0167,7151.65,6795.83,0.999291,0
01:11:15:01:06:32,8786.11,8790.4,88.7399,88.9487,79.4953,2.50249,1.99989,6797.16,327218,12531.4,2.86404,0,0,327218,0.994521,0.300195,5043.28,67.0333,7153.13,6797.16,0.994521,0
01:11:15:01:06:33,8799.84,8778.39,88.5964,88.8058,79.6486,2.50524,1.99989,6798.48,327357,12546,2.90644,0,0,327357,0.990207,0.300931,5057.88,67.05,7154.6,6798.48,0.991636,0
01:11:15:01:06:34,8789.83,8788.4,88.5799,88.7778,79.5222,2.50452,1.99988,6799.81,327496,12536.9,2.87198,0,0,327496,0.993517,0.299248,5048.76,67.0667,7156.08,6799.81,0.991465,0
01:11:15:01:06:35,8783.82,8774.67,88.5792,88.7738,79.5305,2.49741,1.99988,6801.13,327636,12531.8,2.8786,0,0,327636,0.997835,0.300041,5043.66,67.0833,7157.56,6801.13,0.99631,0
01:11:15:01:06:36,8786.68,8780.1,88.7156,89.0314,79.5201,2.50041,1.99988,6802.46,327775,12535.5,2.91839,0,0,327775,1.00193,0.30009,5047.42,67.1,7159.03,6802.46,0.998329,0
01:11:15:01:06:37,8784.39,8797.27,88.7919,89.0074,79.6367,2.5022,1.99987,6803.79,327914,12534.1,2.93035,0,0,327914,1.00698,0.299192,5045.98,67.1167,7160.51,6803.79,1.00582,0
01:11:15:01:06:38,8778.39,8779.53,88.5817,88.9166,79.7271,2.49548,1.99987,6805.11,328054,12529,2.86669,0,0,328054,1.00806,0.29844,5040.85,67.1333,7161.99,6805.11,1.00769,0
01:11:15:01:06:39,8791.55,8787.26,88.9774,88.9887,79.5416,2.4945,1.99986,6806.44,328193,12543,2.85876,0,0,328193,1.00641,0.299524,5054.91,67.15,7163.47,6806.44,1.00552,0
01:11:15:01:06:40,8790.4,8780.1,88.5996,88.9353,79.8889,2.49694,1.99986,6807.77,328332,12542.8,2.86934,0,0,328332,1.01123,0.300532,5054.68,67.1667,7164.95,6807.77,1.01166,0
01:11:15:01:06:41,8792.69,8776.1,88.6816,88.9059,79.526,2.50423,1.99986,6809.1,328471,12546,2.87066,0,0,328471,1.0048,0.298134,5057.85,67.1833,7166.43,6809.1,1.00835,0
01:11:15:01:06:42,8776.1,8777.24,88.6635,89.0381,79.6117,2.5005,1.99985,6810.42,328611,12530.2,2.84292,0,0,328611,0.996651,0.298475,5042.11,67.2,7167.91,6810.42,1.00324,0
01:11:15:01:06:43,8767.51,8764.08,88.6277,88.9527,79.5929,2.50128,1.99985,6811.75,328750,12522.5,2.80869,0,0,328750,0.999952,0.298961,5034.41,67.2167,7169.38,6811.75,0.999952,0
01:11:15:01:06:44,8776.96,8781.53,88.7179,88.978,79.5594,2.50171,1.99985,6813.08,328890,12532.9,2.82447,0,0,328890,0.99535,0.29949,5044.75,67.2333,7170.86,6813.08,0.998975,0
01:11:15:01:06:45,8773.52,8776.38,88.6512,88.9366,79.6386,2.50224,1.99984,6814.4,329029,12530.3,2.85876,0,0,329029,0.988283,0.298502,5042.22,67.25,7172.34,6814.4,0.988283,0
01:11:15:01:06:46,8780.39,8777.53,88.8041,88.9714,79.5851,2.50029,1.99984,6815.73,329168,12538.1,2.8998,0,0,329168,0.984553,0.298746,5049.96,67.2667,7173.82,6815.73,0.983967,0
01:11:15:01:06:47,8783.25,8776.38,88.7618,88.9433,79.7199,2.50105,1.99983,6817.06,329308,12541.8,2.90644,0,0,329308,0.992875,0.300093,5053.69,67.2833,7175.3,6817.06,0.98848,0
01:11:15:01:06:48,8784.39,8782.68,88.6364,89.0915,79.6892,2.49882,1.99983,6818.39,329447,12543.8,2.87595,0,0,329447,1.00051,0.299659,5055.71,67.3,7176.78,6818.39,1.00041,0
01:11:15:01:06:49,8780.39,8774.67,88.689,89.1329,79.5746,2.49945,1.99983,6819.71,329587,12540.7,2.82711,0,0,329587,0.999915,0.298895,5052.61,67.3167,7178.25,6819.71,1.00234,0
01:11:15:01:06:50,8779.24,8765.8,88.6534,89.0114,79.6116,2.50257,1.99982,6821.04,329726,12540.5,2.86537,0,0,329726,1.00585,0.299323,5052.37,67.3333,7179.73,6821.04,1.00527,0
01:11:15:01:06:51,8780.67,8770.38,88.6581,88.938,79.5796,2.5026,1.99982,6822.37,329865,12542.8,2.90112,0,0,329865,1.00178,0.299683,5054.67,67.35,7181.21,6822.37,1.00449,0
01:11:15:01:06:52,8776.1,8778.39,88.7616,89.0354,79.5888,2.50107,1.99982,6823.69,330005,12539.1,2.86141,0,0,330005,0.994344,0.299213,5050.96,67.3667,7182.69,6823.69,0.994344,0
01:11:15:01:06:53,8766.94,8775.81,88.6055,89.0127,79.6815,2.50113,1.99981,6825.02,330144,12530.8,2.85876,0,0,330144,1.00164,0.298974,5042.69,67.3833,7184.17,6825.02,0.996799,0
01:11:15:01:06:54,8777.53,8782.11,88.6423,89.1356,79.5497,2.49859,1.99981,6826.35,330284,12542.3,2.85612,0,0,330284,1.00798,0.299368,5054.18,67.4,7185.64,6826.35,1.005,0
01:11:15:01:06:55,8783.25,8772.66,88.9649,89.2197,79.5841,2.49816,1.99981,6827.67,330423,12548.9,2.8786,0,0,330423,1.00181,0.300132,5060.8,67.4167,7187.12,6827.67,1.00479,0
01:11:15:01:06:56,8778.96,8766.94,88.6981,89.197,79.8734,2.49824,1.9998,6829,330562,12545.5,2.91706,0,0,330562,0.999295,0.29956,5057.37,67.4333,7188.6,6829,0.999435,0
01:11:15:01:06:57,8771.23,8762.94,88.7402,89.3759,79.6398,2.49644,1.9998,6830.33,330701,12538.6,2.953,0,0,330701,1.00202,0.298943,5050.52,67.45,7190.08,6830.33,1.00008,0
01:11:15:01:06:58,8766.37,8760.36,88.6033,89.3586,79.682,2.49508,1.9998,6831.66,330841,12534.7,2.93701,0,0,330841,1.00655,0.300035,5046.55,67.4667,7191.56,6831.66,1.00637,0
01:11:15:01:06:59,8768.66,8765.51,88.7707,89.3652,79.5522,2.49719,1.99979,6832.99,330980,12537.9,2.8945,0,0,330980,1.00643,0.298854,5049.75,67.4833,7193.04,6832.99,1.00643,0
01:11:15:01:07:00,8762.94,8771.81,88.4792,89.2918,79.7006,2.49778,1.99979,6834.31,331119,12533,2.8892,0,0,331119,0.99684,0.299508,5044.92,67.5,7194.52,6834.31,1.00094,0
01:11:15:01:07:01,8762.65,8764.08,88.6641,89.2237,79.4352,2.49892,1.99979,6835.64,331258,12533.6,2.92903,0,0,331258,0.995774,0.299605,5045.49,67.5167,7195.99,6835.64,0.995774,0
01:11:15:01:07:02,8765.51,8758.65,88.6086,89.2611,79.6016,2.49878,1.99978,6836.96,331398,12537.3,2.93169,0,0,331398,0.993417,0.29964,5049.22,67.5333,7197.47,6836.96,0.991535,0
01:11:15:01:07:03,8771.52,8757.21,88.5708,89.4333,79.5615,2.49578,1.99978,6838.29,331537,12544.2,2.89582,0,0,331537,0.993417,0.299014,5056.12,67.55,7198.95,6838.29,0.992763,0
01:11:15:01:07:04,8768.66,8762.94,88.8496,89.3732,79.5241,2.49686,1.99978,6839.62,331676,12542.3,2.89184,0,0,331676,0.998862,0.299541,5054.17,67.5667,7200.42,6839.62,0.996491,0
01:11:15:01:07:05,8752.92,8753.5,88.6428,89.3612,79.7727,2.49741,1.99977,6840.94,331815,12527.4,2.8892,0,0,331815,0.995545,0.299596,5039.32,67.5833,7201.9,6840.94,0.986473,0
01:11:15:01:07:06,8761.79,8749.2,88.6214,89.3639,79.5875,2.49725,1.99977,6842.27,331954,12537.2,2.84952,0,0,331954,0.991304,0.297395,5049.04,67.6,7203.38,6842.27,0.982482,0
01:11:15:01:07:07,8756.93,8749.78,88.7223,89.1449,79.5528,2.50202,1.99977,6843.6,332093,12533.2,2.85084,0,0,332093,0.982482,0.298681,5045.05,67.6167,7204.86,6843.6,0.984943,0
01:11:15:01:07:08,8754.35,8752.35,88.7278,89.2851,79.6607,2.49671,1.99976,6844.92,332233,12531.5,2.82711,0,0,332233,0.984943,0.299828,5043.37,67.6333,7206.34,6844.92,0.999269,0
01:11:15:01:07:09,8756.36,8754.07,88.6102,89.3225,79.6616,2.49791,1.99976,6846.25,332372,12534.4,2.82974,0,0,332372,0.993561,0.299072,5046.29,67.65,7207.82,6846.25,1.00183,0
01:11:15:01:07:10,8744.63,8754.07,88.8014,89.3279,79.5576,2.49743,1.99976,6847.58,332511,12523.6,2.85744,0,0,332511,1.00197,0.299722,5035.43,67.6667,7209.29,6847.58,0.998971,0
01:11:15:01:07:11,8761.79,8752.64,88.8402,89.1903,79.7224,2.49953,1.99975,6848.91,332650,12541.6,2.85084,0,0,332650,0.999137,0.300353,5053.45,67.6833,7210.77,6848.91,1.00252,0
01:11:15:01:07:12,8755.5,8755.5,88.679,89.1756,79.7605,2.49856,1.99975,6850.24,332790,12536.2,2.87066,0,0,332790,1.00575,0.298599,5048.04,67.7,7212.25,6850.24,1.00721,0
01:11:15:01:07:13,8754.93,8738.05,88.8944,89.0581,79.611,2.5,1.99974,6851.56,332929,12536.5,2.87992,0,0,332929,1.00721,0.299383,5048.37,67.7167,7213.73,6851.56,1.00754,0
01:11:15:01:07:14,8762.94,8746.34,88.7789,88.9767,79.8013,2.50094,1.99974,6852.89,333068,12545.4,2.8416,0,0,333068,1.00828,0.298441,5057.28,67.7333,7215.21,6852.89,1.00817,0
01:11:15:01:07:15,8754.35,8756.07,88.6969,88.934,79.6979,2.50086,1.99974,6854.22,333208,12537.7,2.86272,0,0,333208,1.00817,0.29739,5049.57,67.75,7216.69,6854.22,1.00817,0
01:11:15:01:07:16,8745.77,8745.77,88.6729,89.0421,79.6281,2.4997,1.99973,6855.55,333348,12530,2.87463,0,0,333348,0.999096,0.298614,5041.85,67.7667,7218.17,6855.55,1.00424,0
01:11:15:01:07:17,8754.35,8760.08,88.7838,89.0261,79.6048,2.50023,1.99973,6856.88,333487,12539.4,2.86537,0,0,333487,0.996023,0.298521,5051.32,67.7833,7219.65,6856.88,0.995454,0
01:11:15:01:07:18,8753.5,8747.77,88.3541,89.0274,79.7043,2.50025,1.99972,6858.2,333626,12539.5,2.85744,0,0,333626,0.999654,0.298519,5051.36,67.8,7221.13,6858.2,0.996934,0
01:11:15:01:07:19,8754.35,8748.63,88.764,88.9393,79.315,2.50134,1.99972,6859.53,333766,12541.2,2.82316,0,0,333766,1.00437,0.299099,5053.12,67.8167,7222.6,6859.53,1.00156,0
01:11:15:01:07:20,8756.36,8744.05,88.7678,89.0621,79.6896,2.4993,1.99971,6860.85,333905,12544.1,2.82842,0,0,333905,0.993392,0.300465,5055.98,67.8333,7224.08,6860.85,0.998954,0
01:11:15:01:07:21,8751.78,8740.33,88.7404,88.8966,79.6792,2.50356,1.99971,6862.18,334044,12540.4,2.82579,0,0,334044,0.991843,0.298391,5052.27,67.85,7225.56,6862.18,0.992641,0
01:11:15:01:07:22,8758.65,8747.2,88.6558,89.0074,79.664,2.50065,1.9997,6863.51,334184,12548.2,2.86669,0,0,334184,0.987907,0.298986,5060.03,67.8667,7227.04,6863.51,0.987907,0
01:11:15:01:07:23,8744.34,8748.92,88.7283,89.0875,79.5876,2.5008,1.9997,6864.84,334323,12534.8,2.82316,0,0,334323,0.995904,0.298229,5046.63,67.8833,7228.52,6864.84,0.993078,0
01:11:15:01:07:24,8744.91,8738.62,88.7597,88.9674,79.6475,2.5024,1.99969,6866.16,334463,12536.2,2.81263,0,0,334463,0.995312,0.298084,5048.1,67.9,7230,6866.16,0.995312,0
01:11:15:01:07:25,8746.63,8738.62,88.6082,89.0475,79.6802,2.50098,1.99969,6867.49,334602,12538.8,2.86934,0,0,334602,0.996155,0.298311,5050.67,67.9167,7231.47,6867.49,0.994977,0
01:11:15:01:07:26,8752.64,8748.35,88.7548,89.0208,79.5414,2.50187,1.99968,6868.82,334741,12545.7,2.91175,0,0,334741,0.999743,0.298653,5057.55,67.9333,7232.95,6868.82,0.998077,0
01:11:15:01:07:27,8756.64,8744.05,88.8884,89.1142,79.6798,2.49978,1.99967,6870.14,334881,12550.6,2.91839,0,0,334881,0.998651,0.298315,5062.45,67.95,7234.43,6870.14,0.998391,0
01:11:15:01:07:28,8739.48,8742.05,88.7547,89.0621,79.7933,2.50177,1.99967,6871.47,335020,12534.3,2.8892,0,0,335020,0.99881,0.298598,5046.19,67.9667,7235.91,6871.47,0.997643,0
01:11:15:01:07:29,8754.35,8736.62,88.7857,89.0662,79.6724,2.50203,1.99966,6872.8,335160,12550.1,2.85348,0,0,335160,0.996062,0.298932,5061.96,67.9833,7237.39,6872.8,0.996062,0
01:11:15:01:07:30,8745.77,8731.18,88.695,88.994,79.7233,2.49493,1.99965,6874.13,335299,12542.4,2.85744,0,0,335299,1.00195,0.299073,5054.24,68,7238.87,6874.13,1.00081,0
01:11:15:01:07:31,8743.2,8741.48,88.753,88.8205,79.6322,2.49792,1.99964,6875.46,335439,12540.7,2.87066,0,0,335439,1.00641,0.298954,5052.54,68.0167,7240.35,6875.46,1.00704,0
01:11:15:01:07:32,8742.34,8735.47,88.7833,88.6402,79.6862,2.4973,1.99963,6876.79,335578,12540.7,2.89052,0,0,335578,1.00872,0.300122,5052.58,68.0333,7241.83,6876.79,1.00872,0
01:11:15:01:07:33,8734.33,8739.76,88.7555,88.7604,79.7194,2.49547,1.99962,6878.11,335717,12533.6,2.90378,0,0,335717,1.01251,0.299755,5045.48,68.05,7243.31,6878.11,1.01212,0
01:11:15:01:07:34,8739.48,8737.47,88.6604,88.8472,79.6939,2.49565,1.99961,6879.44,335857,12539.6,2.85348,0,0,335857,0.999107,0.298559,5051.51,68.0667,7244.79,6879.44,0.999107,0
01:11:15:01:07:35,8737.19,8739.76,88.4353,88.9714,79.5895,2.50151,1.9996,6880.77,335996,12538.2,2.90511,0,0,335996,0.993302,0.298789,5050.08,68.0833,7246.26,6880.77,0.994154,0
01:11:15:01:07:36,8741.77,8726.32,88.6293,88.9633,79.3875,2.50145,1.99959,6882.09,336135,12543.7,2.90245,0,0,336135,1.00618,0.298608,5055.54,68.1,7247.74,6882.09,1.00036,0
01:11:15:01:07:37,8747.49,8731.75,88.8545,88.9286,79.5562,2.50315,1.99958,6883.42,336274,12550.3,2.92371,0,0,336274,1.0119,0.298829,5062.15,68.1167,7249.22,6883.42,1.00807,0
01:11:15:01:07:38,8740.33,8731.75,88.8545,89.0141,79.7829,2.49563,1.99956,6884.75,336414,12544,2.9144,0,0,336414,1.01022,0.298531,5055.91,68.1333,7250.7,6884.75,1.01063,0
01:11:15:01:07:39,8725.17,8726.03,88.8131,89.0862,79.7655,2.50095,1.99955,6886.08,336553,12529.7,2.85744,0,0,336553,1.00404,0.299367,5041.62,68.15,7252.18,6886.08,1.00716,0
01:11:15:01:07:40,8733.47,8736.33,88.6961,89.1316,79.757,2.49217,1.99954,6887.41,336692,12538.9,2.86801,0,0,336692,1.00025,0.299298,5050.78,68.1667,7253.66,6887.41,1.00093,0
01:11:15:01:07:41,8734.04,8731.18,88.8414,89.0528,79.6165,2.50304,1.99952,6888.73,336832,12540.4,2.92503,0,0,336832,0.996247,0.297692,5052.24,68.1833,7255.14,6888.73,0.997561,0
01:11:15:01:07:42,8733.47,8735.18,88.7543,89.0889,79.7552,2.5005,1.99951,6890.06,336971,12540.7,2.93568,0,0,336971,0.996221,0.298243,5052.57,68.2,7256.62,6890.06,0.996221,0
01:11:15:01:07:43,8736.62,8729.75,88.6158,89.1302,79.6797,2.49968,1.99949,6891.39,337111,12544.7,2.92636,0,0,337111,0.997901,0.29889,5056.61,68.2167,7258.1,6891.39,0.997515,0
01:11:15:01:07:44,8736.33,8718.88,88.6647,88.9887,79.546,2.50254,1.99948,6892.72,337250,12545.3,2.95834,0,0,337250,0.992571,0.299478,5057.18,68.2333,7259.57,6892.72,0.992571,0
01:11:15:01:07:45,8739.19,8732.61,88.7086,89.0928,79.599,2.49976,1.99946,6894.04,337390,12549,2.91307,0,0,337390,0.993514,0.299346,5060.9,68.25,7261.05,6894.04,0.991578,0
01:11:15:01:07:46,8722.02,8719.74,88.6342,89.201,79.6459,2.49744,1.99945,6895.37,337529,12532.7,2.95967,0,0,337529,1.00518,0.298323,5044.61,68.2667,7262.53,6895.37,0.997869,0
01:11:15:01:07:47,8732.9,8720.59,88.5801,89.1903,79.5772,2.49803,1.99943,6896.7,337668,12544.5,2.8945,0,0,337668,1.00383,0.2987,5056.37,68.2833,7264.01,6896.7,1.00704,0
01:11:15:01:07:48,8729.18,8720.31,88.8217,89.1823,79.5304,2.49751,1.99941,6898.02,337807,12541.6,2.8786,0,0,337807,0.998173,0.300528,5053.44,68.3,7265.48,6898.02,1.003,0
01:11:15:01:07:49,8731.75,8729.18,88.8535,89.0902,79.7389,2.50006,1.99939,6899.35,337946,12544.9,2.84556,0,0,337946,0.997181,0.300876,5056.73,68.3167,7266.96,6899.35,0.996001,0
01:11:15:01:07:50,8730.32,8727.75,88.5787,89.1623,79.7733,2.4983,1.99938,6900.68,338086,12544.2,2.87728,0,0,338086,1.00295,0.298481,5056.03,68.3333,7268.44,6900.68,1.0011,0
01:11:15:01:07:51,8721.74,8728.89,88.8312,89.0835,79.5217,2.49976,1.99936,6902.01,338225,12536.3,2.86272,0,0,338225,1.00833,0.297402,5048.17,68.35,7269.92,6902.01,1.00833,0
01:11:15:01:07:52,8748.35,8727.46,88.6755,89.1236,79.7479,2.49993,1.99934,6903.33,338365,12563.6,2.90909,0,0,338365,1.00986,0.299554,5075.52,68.3667,7271.4,6903.33,1.01116,0
01:11:15:01:07:53,8732.04,8727.75,88.8021,89.1316,79.6093,2.49955,1.99932,6904.66,338504,12547.8,2.92636,0,0,338504,1.0106,0.299981,5059.71,68.3833,7272.88,6904.66,1.0106,0
01:11:15:01:07:54,8740.05,8723.17,88.7342,88.9099,79.7095,2.50371,1.9993,6905.99,338643,12556.3,2.96367,0,0,338643,1.00108,0.30037,5068.13,68.4,7274.36,6905.99,1.00819,0
01:11:15:01:07:55,8730.89,8718.88,88.635,88.8579,79.6509,2.50299,1.99928,6907.32,338783,12547.5,3.00783,0,0,338783,0.997235,0.29857,5059.39,68.4167,7275.84,6907.32,0.996868,0
01:11:15:01:07:56,8722.6,8728.6,88.6112,89.0568,79.5708,2.50022,1.99926,6908.65,338922,12539.6,3.02124,0,0,338922,1.0007,0.298532,5051.51,68.4333,7277.31,6908.65,0.998852,0
01:11:15:01:07:57,8729.18,8724.03,88.6728,89.1609,79.5521,2.4994,1.99924,6909.97,339062,12546.6,2.98505,0,0,339062,1.00528,0.299707,5058.51,68.45,7278.79,6909.97,1.00394,0
01:11:15:01:07:58,8725.74,8737.47,88.7157,89.2477,79.6106,2.49841,1.99922,6911.3,339201,12543.5,2.92903,0,0,339201,0.994838,0.300094,5055.37,68.4667,7280.27,6911.3,0.994838,0
01:11:15:01:07:59,8736.62,8720.31,88.9196,89.2197,79.6471,2.49903,1.9992,6912.62,339340,12554.6,2.96635,0,0,339340,0.994838,0.299616,5066.52,68.4833,7281.75,6912.62,0.991268,0
01:11:15:01:08:00,8742.62,8728.32,88.9668,89.1556,79.8247,2.50069,1.99918,6913.95,339480,12560.9,2.88389,0,0,339480,0.991268,0.299334,5072.81,68.5,7283.23,6913.95,0.997666,0
01:11:15:01:08:01,8734.9,8722.02,88.8306,89.181,79.8705,2.49967,1.99916,6915.28,339619,12553.5,2.89582,0,0,339619,0.993228,0.299505,5065.37,68.5167,7284.72,6915.28,1.00413,0
01:11:15:01:08:02,8721.74,8715.73,88.6882,89.0555,79.7434,2.50113,1.99914,6916.61,339759,12540.6,2.8892,0,0,339759,1.00413,0.300001,5052.49,68.5333,7286.19,6916.61,0.997544,0
01:11:15:01:08:03,8738.33,8730.32,88.8674,89.1062,79.618,2.50038,1.99912,6917.94,339899,12557.5,2.95033,0,0,339899,1.00211,0.300216,5069.34,68.55,7287.67,6917.94,0.991576,0
01:11:15:01:08:04,8726.6,8719.45,88.9326,89.0394,79.7831,2.49908,1.9991,6919.27,340038,12546,2.953,0,0,340038,0.991576,0.299644,5057.86,68.5667,7289.16,6919.27,0.99263,0
01:11:15:01:08:05,8738.33,8736.04,88.7918,88.9446,79.8397,2.4997,1.99908,6920.6,340177,12558,2.98907,0,0,340177,0.99263,0.299333,5069.85,68.5833,7290.64,6920.6,0.993701,0
01:11:15:01:08:06,8742.91,8728.89,88.7434,89.0715,79.7116,2.50021,1.99906,6921.93,340317,12562.8,3.00246,0,0,340317,0.993992,0.299999,5074.68,68.6,7292.12,6921.93,0.995016,0
01:11:15:01:08:07,8727.46,8727.75,88.5421,89.1596,79.6708,2.49939,1.99904,6923.26,340457,12547.6,2.99978,0,0,340457,0.996372,0.300299,5059.48,68.6167,7293.59,6923.26,0.995337,0
01:11:15:01:08:08,8746.63,8739.48,88.8846,89.0501,79.4903,2.49933,1.99902,6924.58,340596,12567,2.99174,0,0,340596,0.996059,0.299339,5078.9,68.6333,7295.07,6924.58,0.994207,0
01:11:15:01:08:09,8738.05,8731.75,88.8498,89.0581,79.7967,2.49965,1.999,6925.91,340735,12558.7,2.96101,0,0,340735,0.991815,0.300091,5070.57,68.65,7296.55,6925.91,0.994207,0
01:11:15:01:08:10,8748.63,8728.6,88.6335,88.9927,79.7605,2.50117,1.99898,6927.24,340875,12569.5,2.9277,0,0,340875,0.995753,0.298404,5081.41,68.6667,7298.03,6927.24,0.99377,0
01:11:15:01:08:11,8742.91,8728.89,88.6272,88.97,79.5674,2.50086,1.99896,6928.57,341014,12564.1,2.95566,0,0,341014,1.00019,0.297312,5075.94,68.6833,7299.51,6928.57,1.00017,0
01:11:15:01:08:12,8737.76,8739.48,88.9037,88.9273,79.5576,2.50211,1.99895,6929.9,341154,12559.1,3.00649,0,0,341154,1.00355,0.298095,5071,68.7,7300.99,6929.9,1.00355,0
01:11:15:01:08:13,8740.33,8731.75,88.7975,89.0274,79.8086,2.50125,1.99893,6931.22,341293,12561.9,3.02258,0,0,341293,1.0009,0.29862,5073.75,68.7167,7302.47,6931.22,1.00165,0
01:11:15:01:08:14,8738.9,8749.49,88.4851,89.0127,79.7144,2.50094,1.99891,6932.55,341433,12560.6,2.99845,0,0,341433,1.001,0.298396,5072.49,68.7333,7303.95,6932.55,1.001,0
01:11:15:01:08:15,8762.37,8738.9,88.7134,88.8939,79.4285,2.5026,1.99889,6933.88,341572,12584.3,2.99308,0,0,341572,1.00098,0.298088,5096.13,68.75,7305.42,6933.88,0.999636,0
01:11:15:01:08:16,8748.06,8746.92,88.6601,89.0061,79.6424,2.49986,1.99888,6935.2,341712,12570.1,2.97169,0,0,341712,0.997665,0.298971,5082,68.7667,7306.9,6935.2,1.00098,0
01:11:15:01:08:17,8759.79,8740.33,88.6535,89.1196,79.5983,2.49869,1.99886,6936.53,341851,12582,2.95834,0,0,341851,0.993019,0.29949,5093.83,68.7833,7308.38,6936.53,0.993676,0
01:11:15:01:08:18,8749.78,8739.48,88.7403,89.2264,79.5951,2.49786,1.99885,6937.86,341990,12572,2.91573,0,0,341990,0.992423,0.300765,5083.88,68.8,7309.86,6937.86,0.991781,0
01:11:15:01:08:19,8750.92,8754.93,88.7203,89.1222,79.6686,2.49921,1.99883,6939.19,342130,12573.2,2.96101,0,0,342130,0.995691,0.300921,5085.09,68.8167,7311.34,6939.19,0.994443,0
01:11:15:01:08:20,8747.2,8743.2,88.5546,89.201,79.6541,2.49818,1.99882,6940.51,342269,12569.6,2.86009,0,0,342269,0.997443,0.299173,5081.44,68.8333,7312.81,6940.51,0.996401,0
01:11:15:01:08:21,8743.48,8744.05,88.7856,89.0448,79.4965,2.50086,1.9988,6941.84,342408,12565.9,2.86669,0,0,342408,1.00533,0.299586,5077.79,68.85,7314.29,6941.84,1.00533,0
01:11:15:01:08:22,8761.22,8741.19,88.8767,89.0168,79.7084,2.49949,1.99879,6943.17,342547,12583.7,2.92237,0,0,342547,1.0049,0.300933,5095.57,68.8667,7315.77,6943.17,1.00622,0
01:11:15:01:08:23,8758.93,8752.64,88.8074,89.1169,79.7928,2.49869,1.99877,6944.49,342687,12581.5,2.91175,0,0,342687,1.00216,0.299828,5093.33,68.8833,7317.25,6944.49,1.00216,0
01:11:15:01:08:24,8759.22,8747.77,88.5885,89.0969,79.7268,2.49986,1.99876,6945.82,342826,12581.8,2.91175,0,0,342826,1.00157,0.298128,5093.66,68.9,7318.73,6945.82,1.00058,0
01:11:15:01:08:25,8744.63,8739.19,88.8163,89.0368,79.5328,2.49907,1.99875,6947.15,342966,12567.2,2.93568,0,0,342966,1.0064,0.298292,5079.11,68.9167,7320.21,6947.15,1.00544,0
01:11:15:01:08:26,8757.5,8751.21,88.7077,89.0541,79.7343,2.5,1.99874,6948.48,343105,12580.2,2.93568,0,0,343105,1.01014,0.300265,5092.03,68.9333,7321.69,6948.48,1.01144,0
01:11:15:01:08:27,8757.79,8730.89,88.6379,88.942,79.6391,2.49929,1.99873,6949.81,343244,12580.5,2.93568,0,0,343244,1.00258,0.299555,5092.35,68.95,7323.17,6949.81,1.00047,0
01:11:15:01:08:28,8745.49,8753.21,88.6821,88.8498,79.5631,2.50339,1.99872,6951.13,343384,12568.2,2.96902,0,0,343384,0.994595,0.299471,5080.08,68.9667,7324.64,6951.13,0.994595,0
01:11:15:01:08:29,8746.06,8736.04,88.7183,88.9754,79.6161,2.4993,1.99871,6952.46,343523,12568.8,2.97035,0,0,343523,0.998171,0.299163,5080.69,68.9833,7326.12,6952.46,0.998171,0
01:11:15:01:08:30,8741.77,8745.77,88.4427,88.942,79.6403,2.50184,1.9987,6953.79,343663,12564.6,2.91839,0,0,343663,0.997842,0.299336,5076.43,69,7327.6,6953.79,0.994767,0
01:11:15:01:08:31,8752.07,8753.5,88.6746,89.233,79.4086,2.497,1.99869,6955.11,343802,12574.9,2.91175,0,0,343802,0.994008,0.300853,5086.76,69.0167,7329.07,6955.11,0.992314,0
01:11:15:01:08:32,8741.48,8736.04,88.5417,89.2344,79.6138,2.49795,1.99868,6956.44,343941,12564.3,2.91972,0,0,343941,0.996304,0.301421,5076.17,69.0333,7330.55,6956.44,0.995918,0
01:11:15:01:08:33,8761.51,8743.48,88.6113,89.0662,79.4941,2.49806,1.99867,6957.76,344080,12584.3,2.89714,0,0,344080,1.0013,0.298707,5096.2,69.05,7332.03,6957.76,1.00079,0
01:11:15:01:08:34,8750.63,8738.33,88.5184,89.0194,79.5496,2.5002,1.99866,6959.09,344219,12573.5,2.90909,0,0,344219,1.00607,0.299525,5085.33,69.0667,7333.5,6959.09,1.00607,0
01:11:15:01:08:35,8752.64,8747.77,88.696,89.0408,79.472,2.49841,1.99865,6960.41,344358,12575.5,2.91042,0,0,344358,1.01086,0.300251,5087.33,69.0833,7334.98,6960.41,1.00829,0
01:11:15:01:08:36,8743.2,8739.76,88.6106,89.0528,79.6285,2.49933,1.99865,6961.74,344497,12566,2.91839,0,0,344497,1.006,0.300406,5077.88,69.1,7336.46,6961.74,1.006,0
01:11:15:01:08:37,8739.48,8752.92,88.7114,89.1676,79.5585,2.49728,1.99864,6963.07,344637,12562.3,2.91706,0,0,344637,0.999343,0.299258,5074.17,69.1167,7337.93,6963.07,1.00184,0
01:11:15:01:08:38,8762.37,8746.06,88.6361,89.1903,79.645,2.49852,1.99863,6964.39,344776,12585.2,2.95433,0,0,344776,1.00208,0.299234,5097.05,69.1333,7339.41,6964.39,1.00232,0
01:11:15:01:08:39,8746.34,8759.5,88.9594,89.177,79.5783,2.49822,1.99863,6965.72,344915,12569.2,2.95433,0,0,344915,1.00878,0.30034,5081.03,69.15,7340.89,6965.72,1.00894,0
01:11:15:01:08:40,8768.09,8758.36,88.7738,89.2598,79.871,2.49746,1.99862,6967.05,345054,12590.9,2.89847,0,0,345054,0.997473,0.300272,5102.77,69.1667,7342.37,6967.05,1.00542,0
01:11:15:01:08:41,8760.93,8750.92,88.7847,89.2611,79.7049,2.49732,1.99862,6968.38,345194,12583.7,2.79555,0,0,345194,0.99135,0.29794,5095.62,69.1833,7343.85,6968.38,0.99135,0
01:11:15:01:08:42,8758.36,8761.22,88.6643,89.165,79.7115,2.49831,1.99861,6969.71,345333,12581.2,2.82974,0,0,345333,0.989718,0.29798,5093.04,69.2,7345.33,6969.71,0.993308,0
01:11:15:01:08:43,8754.07,8744.63,88.617,89.1009,79.5993,2.49957,1.99861,6971.03,345472,12576.9,2.91307,0,0,345472,0.995983,0.29891,5088.75,69.2167,7346.81,6971.03,0.995983,0
01:11:15:01:08:44,8761.22,8758.93,88.5841,89.0194,79.5523,2.50096,1.9986,6972.36,345612,12584,2.97302,0,0,345612,0.998287,0.300211,5095.9,69.2333,7348.29,6972.36,0.998036,0
01:11:15:01:08:45,8769.8,8758.36,88.9878,89.0101,79.525,2.50025,1.9986,6973.69,345751,12592.6,2.95566,0,0,345751,0.999192,0.299804,5104.48,69.25,7349.77,6973.69,0.999971,0
01:11:15:01:08:46,8759.22,8770.38,88.7625,89.0021,79.8868,2.50044,1.9986,6975.02,345890,12582,2.97035,0,0,345890,0.995993,0.298755,5093.89,69.2667,7351.25,6975.02,0.997104,0
01:11:15:01:08:47,8766.08,8766.37,88.8127,89.0274,79.6838,2.50067,1.99859,6976.34,346030,12588.9,2.97569,0,0,346030,0.995054,0.296998,5100.76,69.2833,7352.73,6976.34,0.995441,0
01:11:15:01:08:48,8766.37,8760.36,88.7532,89.1796,79.7374,2.49806,1.99859,6977.67,346169,12589.2,2.98238,0,0,346169,0.989822,0.298635,5101.04,69.3,7354.21,6977.67,0.989999,0
01:11:15:01:08:49,8782.11,8770.66,88.8228,89.3706,79.6928,2.49533,1.99859,6979,346309,12604.9,2.97704,0,0,346309,0.993562,0.299866,5116.78,69.3167,7355.69,6979,0.991509,0
01:11:15:01:08:50,8776.67,8760.65,88.7121,89.3092,79.7459,2.49821,1.99858,6980.33,346448,12599.5,2.953,0,0,346448,0.990121,0.299976,5111.34,69.3333,7357.16,6980.33,0.990121,0
01:11:15:01:08:51,8782.68,8781.82,88.5511,89.1169,79.6477,2.49788,1.99858,6981.66,346588,12605.5,2.86934,0,0,346588,0.985832,0.298436,5117.35,69.35,7358.64,6981.66,0.985363,0
01:11:15:01:08:52,8781.25,8768.09,88.6295,88.8966,79.486,2.50313,1.99858,6982.98,346727,12604,2.86669,0,0,346727,0.992276,0.297862,5115.91,69.3667,7360.12,6982.98,0.992276,0
01:11:15:01:08:53,8778.67,8790.98,88.7315,89.0541,79.5655,2.50035,1.99858,6984.31,346866,12601.5,2.93568,0,0,346866,1.00741,0.298193,5113.34,69.3833,7361.6,6984.31,1.00321,0
01:11:15:01:08:54,8792.12,8792.12,88.4724,89.0381,79.6582,2.49999,1.99858,6985.64,347005,12614.9,2.99845,0,0,347005,1.00741,0.299291,5126.78,69.4,7363.07,6985.64,1.0073,0
01:11:15:01:08:55,8784.11,8788.97,88.6622,88.9179,79.422,2.50109,1.99858,6986.96,347145,12606.9,3.00112,0,0,347145,1.00931,0.300763,5118.77,69.4167,7364.55,6986.96,1.00149,0
01:11:15:01:08:56,8812.43,8794.41,88.7903,88.9954,79.5964,2.49987,1.99857,6988.29,347284,12635.2,2.95967,0,0,347284,0.998387,0.302493,5147.09,69.4333,7366.03,6988.29,0.993883,0
01:11:15:01:08:57,8800.99,8794.69,88.6311,89.1529,79.7175,2.49797,1.99857,6989.61,347423,12623.8,2.94633,0,0,347423,0.994356,0.302293,5135.65,69.45,7367.51,6989.61,0.996875,0
01:11:15:01:08:58,8800.42,8798.13,88.7399,89.1543,79.5743,2.49806,1.99857,6990.94,347563,12623.2,2.90511,0,0,347563,0.996875,0.30053,5135.08,69.4667,7368.98,6990.94,0.998401,0
01:11:15:01:08:59,8793.55,8796.98,88.6334,89.197,79.6731,2.49775,1.99857,6992.27,347702,12616.3,2.89052,0,0,347702,0.998401,0.299926,5128.21,69.4833,7370.46,6992.27,0.999456,0
01:11:15:01:09:00,8799.84,8798.13,88.8472,89.2157,79.5743,2.49872,1.99857,6993.6,347841,12622.6,2.86934,0,0,347841,1.00018,0.298956,5134.5,69.5,7371.94,6993.6,1.00033,0
01:11:15:01:09:01,8814.44,8804.99,88.6066,89.0928,79.7628,2.49975,1.99857,6994.92,347980,12637.2,2.83369,0,0,347980,0.998729,0.299741,5149.09,69.5167,7373.42,6994.92,0.99764,0
01:11:15:01:09:02,8806.14,8811.57,88.724,89.0461,79.5415,2.50141,1.99886,6996.25,348120,12628.9,2.81526,0,0,348120,1.00149,0.29974,5140.79,69.5333,7374.9,6996.25,1.00748,0
01:11:15:01:09:03,8825.02,8811,88.8353,88.9513,79.6457,2.50176,1.99886,6997.58,348259,12647.8,2.82447,0,0,348259,1.01122,0.301084,5159.68,69.55,7376.38,6997.58,1.01087,0
01:11:15:01:09:04,8804.14,8800.99,88.7697,89.0461,79.7537,2.49929,1.99886,6998.91,348398,12626.9,2.8482,0,0,348398,1.01087,0.29988,5138.79,69.5667,7377.86,6998.91,1.00757,0
01:11:15:01:09:05,8813.86,8806.14,88.7156,89.0475,79.6905,2.50061,1.99886,7000.23,348538,12636.6,2.8998,0,0,348538,1.00216,0.298529,5148.52,69.5833,7379.34,7000.23,0.998485,0
01:11:15:01:09:06,8813,8790.12,88.5887,89.0715,79.6435,2.50014,2.50049,7001.56,348677,12635.8,2.86934,0,0,348677,0.998485,0.298054,5147.66,69.6,7380.81,7001.56,0.999721,0
01:11:15:01:09:07,8799.56,8806.42,88.7077,89.173,79.5319,2.4994,2.50049,7002.89,348817,12622.3,2.86272,0,0,348817,1.00135,0.297796,5134.21,69.6167,7382.29,7002.89,1.00362,0
01:11:15:01:09:08,8813.58,8798.41,88.7333,89.1009,79.6305,2.50192,2.50049,7004.22,348956,12636.4,2.89184,0,0,348956,1.00436,0.299481,5148.23,69.6333,7383.77,7004.22,1.00256,0
01:11:15:01:09:09,8795.55,8814.72,88.8742,88.9887,79.6567,2.50095,2.50049,7005.54,349095,12618.3,2.89582,0,0,349095,1.00152,0.300674,5130.2,69.65,7385.25,7005.54,1.00256,0
01:11:15:01:09:10,8802.71,8798.99,88.8118,89.0408,79.7862,2.50001,2.50049,7006.87,349235,12625.5,2.90776,0,0,349235,0.995972,0.301558,5137.36,69.6667,7386.73,7006.87,0.999634,0
01:11:15:01:09:11,8804.99,8803.85,88.9626,89.1115,79.7305,2.49992,2.50049,7008.2,349374,12627.8,2.949,0,0,349374,0.989834,0.301038,5139.65,69.6833,7388.21,7008.2,0.991006,0
01:11:15:01:09:12,8818.15,8808.71,88.8614,89.0555,79.865,2.50018,2.50049,7009.53,349514,12640.9,2.95967,0,0,349514,0.985557,0.30043,5152.81,69.7,7389.69,7009.53,0.988683,0
01:11:15:01:09:13,8806.71,8796.13,88.6468,89.0074,79.7675,2.50223,2.50049,7010.86,349654,12629.5,2.98505,0,0,349654,0.989702,0.297771,5141.36,69.7167,7391.17,7010.86,0.989702,0
01:11:15:01:09:14,8811.86,8811.86,88.6406,88.7751,79.5702,2.50367,2.50049,7012.19,349793,12634.6,2.98238,0,0,349793,0.99907,0.297745,5146.51,69.7333,7392.65,7012.19,0.997329,0
01:11:15:01:09:15,8802.13,8794.69,88.639,88.695,79.5562,2.50626,2.50048,7013.51,349933,12624.9,2.90378,0,0,349933,0.998732,0.299559,5136.78,69.75,7394.13,7013.51,0.998732,0
01:11:15:01:09:16,8808.71,8822.45,88.9763,88.8005,79.5587,2.50504,2.50048,7014.84,350073,12631.5,2.89317,0,0,350073,0.999573,0.301235,5143.37,69.7667,7395.61,7014.84,0.998618,0
01:11:15:01:09:17,8815.58,8812.72,88.7904,88.8445,79.8662,2.50358,2.50048,7016.17,350212,12638.4,2.97971,0,0,350212,1.00464,0.302655,5150.23,69.7833,7397.09,7016.17,1.00168,0
01:11:15:01:09:18,8802.71,8807.85,88.8358,89.0061,79.7095,2.50048,2.50048,7017.5,350352,12625.5,2.96367,0,0,350352,1.00918,0.30212,5137.36,69.8,7398.57,7017.5,1.00986,0
01:11:15:01:09:19,8837.61,8824.45,88.822,89.0114,79.7505,2.5004,2.50047,7018.83,350492,12660.4,2.99443,0,0,350492,1.00299,0.301317,5172.27,69.8167,7400.05,7018.83,1.00879,0
01:11:15:01:09:20,8812.15,8811.86,88.7846,89.1196,79.7409,2.49953,2.50047,7020.16,350631,12634.9,3.0414,0,0,350631,0.997842,0.299286,5146.81,69.8333,7401.53,7020.16,0.997842,0
01:11:15:01:09:21,8821.02,8814.15,88.7125,89.1796,79.7086,2.49916,2.50047,7021.49,350771,12643.8,3.02796,0,0,350771,0.998849,0.299224,5155.68,69.85,7403.01,7021.49,0.997198,0
01:11:15:01:09:22,8819.01,8811.29,88.7146,89.1356,79.6436,2.49925,2.50046,7022.81,350910,12641.8,2.96101,0,0,350910,1.00432,0.300943,5153.67,69.8667,7404.49,7022.81,1.00432,0
01:11:15:01:09:23,8820.73,8823.3,88.5895,89.2464,79.6528,2.497,2.50046,7024.14,351050,12643.5,2.97971,0,0,351050,1.00758,0.301601,5155.39,69.8833,7405.97,7024.14,1.00808,0
01:11:15:01:09:24,8834.18,8815.87,88.7119,89.1836,79.5344,2.49887,2.50045,7025.47,351189,12657,2.93968,0,0,351189,1.00593,0.300962,5168.84,69.9,7407.44,7025.47,1.00707,0
01:11:15:01:09:25,8811.29,8833.89,88.6515,89.1716,79.6471,2.49801,2.50045,7026.8,351328,12634.1,2.96635,0,0,351328,0.997096,0.299931,5145.95,69.9167,7408.92,7026.8,0.998595,0
01:11:15:01:09:26,8833.6,8827.31,88.5047,89.0982,79.586,2.5001,2.50044,7028.12,351467,12656.4,2.99577,0,0,351467,0.993668,0.299453,5168.27,69.9333,7410.4,7028.12,0.995113,0
01:11:15:01:09:27,8831.32,8834.75,88.6259,89.0488,79.456,2.49957,2.50043,7029.45,351606,12654.1,3.03064,0,0,351606,1.00218,0.301794,5165.98,69.95,7411.87,7029.45,1.00218,0
01:11:15:01:09:28,8838.47,8835.61,88.5358,89.165,79.5684,2.49845,2.50043,7030.77,351746,12661.3,3.02124,0,0,351746,1.01176,0.302742,5173.14,69.9667,7413.35,7030.77,1.01176,0
01:11:15:01:09:29,8840.18,8814.72,88.687,88.9874,79.4783,2.5013,2.50042,7032.1,351885,12663,2.98907,0,0,351885,1.00279,0.300886,5174.85,69.9833,7414.83,7032.1,1.00872,0
01:11:15:01:09:30,8839.33,8839.9,88.7632,89.0475,79.6196,2.4996,2.50041,7033.42,352024,12662.1,3.01587,0,0,352024,0.996904,0.300055,5174,70,7416.31,7033.42,1.00086,0
01:11:15:01:09:31,8841.62,8830.46,88.5015,89.1316,79.6895,2.49913,2.50041,7034.75,352163,12664.4,2.97169,0,0,352163,1.0036,0.300281,5176.29,70.0167,7417.78,7034.75,0.99927,0
01:11:15:01:09:32,8830.17,8846.76,88.5766,88.9567,79.4477,2.50124,2.5004,7036.08,352302,12653,2.91839,0,0,352302,1.00642,0.300305,5164.84,70.0333,7419.26,7036.08,1.00606,0
01:11:15:01:09:33,8848.48,8846.19,88.6744,89.0034,79.519,2.50004,2.50039,7037.4,352442,12671.3,2.91307,0,0,352442,0.999549,0.301184,5183.15,70.05,7420.74,7037.4,0.999549,0
01:11:15:01:09:34,8845.33,8844.76,88.597,88.9887,79.6041,2.50086,2.50038,7038.73,352581,12668.1,2.89052,0,0,352581,0.992722,0.299532,5180.01,70.0667,7422.21,7038.73,0.991097,0
01:11:15:01:09:35,8862.21,8845.91,88.7776,88.9099,79.5296,2.5024,2.50037,7040.05,352720,12685,2.86404,0,0,352720,0.992143,0.299936,5196.89,70.0833,7423.69,7040.05,0.992143,0
01:11:15:01:09:36,8849.05,8842.19,88.7483,88.9673,79.6931,2.50198,2.50036,7041.38,352859,12671.9,2.90909,0,0,352859,0.992609,0.301787,5183.73,70.1,7425.17,7041.38,0.993298,0
01:11:15:01:09:37,8856.78,8846.19,88.4083,88.9527,79.6698,2.50107,2.50035,7042.71,352999,12679.6,2.87728,0,0,352999,1.00081,0.300684,5191.45,70.1167,7426.65,7042.71,0.997324,0
01:11:15:01:09:38,8849.91,8836.18,88.654,88.97,79.3655,2.50076,2.50034,7044.03,353138,12672.7,2.93701,0,0,353138,1.00434,0.299442,5184.59,70.1333,7428.12,7044.03,1.00361,0
01:11:15:01:09:39,8851.34,8854.2,88.6566,88.9834,79.5857,2.50089,2.50032,7045.36,353278,12674.1,2.95166,0,0,353278,0.993905,0.300576,5186.02,70.15,7429.6,7045.36,1.00037,0
01:11:15:01:09:40,8855.92,8849.34,88.5426,89.0127,79.5898,2.50034,2.50031,7046.69,353417,12678.7,2.95433,0,0,353417,0.988819,0.300815,5190.6,70.1667,7431.08,7046.69,0.991247,0
01:11:15:01:09:41,8848.2,8847.34,88.8096,89.0608,79.484,2.50141,2.5003,7048.01,353556,12671,2.96501,0,0,353556,0.992017,0.30009,5182.88,70.1833,7432.55,7048.01,0.990606,0
01:11:15:01:09:42,8875.66,8866.22,88.6769,89.0181,79.7251,2.50097,2.50029,7049.34,353695,12698.5,2.92371,0,0,353695,0.996887,0.299909,5210.34,70.2,7434.03,7049.34,0.996887,0
01:11:15:01:09:43,8860.21,8856.49,88.5974,89.1249,79.6132,2.49874,2.50027,7050.67,353835,12683,2.91175,0,0,353835,0.997088,0.299503,5194.89,70.2167,7435.51,7050.67,0.997898,0
01:11:15:01:09:44,8870.51,8860.78,88.6717,89.0742,79.5378,2.49998,2.50026,7051.99,353974,12693.3,2.90776,0,0,353974,0.99554,0.300848,5205.2,70.2333,7436.99,7051.99,0.99554,0
01:11:15:01:09:45,8866.22,8849.05,88.6835,88.9633,79.5972,2.50223,2.50025,7053.32,354113,12689,2.92371,0,0,354113,1.00935,0.300946,5200.9,70.25,7438.47,7053.32,1.002,0
01:11:15:01:09:46,8870.22,8859.07,88.5506,89.0648,79.6167,2.49952,2.50023,7054.64,354253,12693,2.97302,0,0,354253,1.01348,0.299341,5204.91,70.2667,7439.94,7054.64,1.01071,0
01:11:15:01:09:47,8867.36,8854.2,88.7064,89.1329,79.499,2.49901,2.50022,7055.97,354392,12690.2,2.96501,0,0,354392,1.01452,0.29996,5202.05,70.2833,7441.42,7055.97,1.01483,0
01:11:15:01:09:48,8852.2,8865.93,88.7064,89.1569,79.6412,2.49827,2.5002,7057.3,354531,12675,2.96902,0,0,354531,1.01281,0.300604,5186.89,70.3,7442.9,7057.3,1.01477,0
01:11:15:01:09:49,8875.66,8858.5,88.6718,89.1783,79.6397,2.49875,2.50019,7058.62,354670,12698.5,2.97569,0,0,354670,1.00358,0.298991,5210.35,70.3167,7444.38,7058.62,1.00657,0
01:11:15:01:09:50,8859.64,8869.94,88.5984,89.1423,79.6135,2.49726,2.50017,7059.95,354810,12682.5,2.98907,0,0,354810,0.993808,0.29829,5194.33,70.3333,7445.85,7059.95,0.99963,0
01:11:15:01:09:51,8874.8,8858.5,88.5498,89.0354,79.5382,2.50014,2.50016,7061.28,354949,12697.6,2.9971,0,0,354949,0.993141,0.299527,5209.5,70.35,7447.33,7061.28,0.996091,0
01:11:15:01:09:52,8871.37,8848.48,88.6918,89.0969,79.4993,2.4987,2.50014,7062.6,355088,12694.2,2.96234,0,0,355088,0.993141,0.29981,5206.06,70.3667,7448.81,7062.6,1.00177,0
01:11:15:01:09:53,8878.81,8870.22,88.6918,89.1009,79.6244,2.49942,2.50013,7063.93,355227,12701.6,2.92903,0,0,355227,1.00177,0.301204,5213.5,70.3833,7450.29,7063.93,0.999217,0
01:11:15:01:09:54,8876.81,8859.64,88.5913,89.0488,79.6226,2.49996,2.50011,7065.25,355366,12699.6,2.93169,0,0,355366,1.00228,0.300001,5211.5,70.4,7451.76,7065.25,0.993324,0
01:11:15:01:09:55,8870.51,8881.1,88.6671,88.926,79.5254,2.50214,2.5001,7066.58,355506,12693.3,2.9144,0,0,355506,0.993324,0.29909,5205.21,70.4167,7453.24,7066.58,0.995011,0
01:11:15:01:09:56,8875.09,8871.08,88.9273,89.0808,79.6056,2.4984,2.50008,7067.91,355645,12697.9,2.88654,0,0,355645,0.994899,0.300389,5209.78,70.4333,7454.72,7067.91,1.00467,0
01:11:15:01:09:57,8877.38,8868.22,88.824,89.189,79.8414,2.49772,2.50007,7069.24,355784,12700.2,2.86934,0,0,355784,1.00467,0.301485,5212.07,70.45,7456.2,7069.24,1.00158,0
01:11:15:01:09:58,8888.54,8881.96,88.635,88.9927,79.7367,2.50138,2.50005,7070.57,355924,12711.4,2.92105,0,0,355924,1.00158,0.299176,5223.23,70.4667,7457.68,7070.57,0.988477,0
01:11:15:01:09:59,8873.66,8867.36,88.7056,88.8966,79.5643,2.50222,2.50004,7071.89,356063,12696.5,2.92371,0,0,356063,0.982814,0.298763,5208.35,70.4833,7459.16,7071.89,0.979954,0
01:11:15:01:10:00,8889.97,8878.52,88.9578,88.7324,79.6212,2.50421,2.50002,7073.22,356203,12712.8,2.96902,0,0,356203,0.978216,0.300105,5224.66,70.5,7460.64,7073.22,0.981142,0
01:11:15:01:10:01,8866.51,8859.64,88.985,88.7978,79.8491,2.50375,2.50001,7074.55,356342,12689.3,2.94367,0,0,356342,0.989518,0.300002,5201.2,70.5167,7462.12,7074.55,0.996222,0
01:11:15:01:10:02,8884.53,8876.52,88.8791,88.8712,79.8776,2.50247,2.49999,7075.88,356482,12707.4,2.93568,0,0,356482,0.999169,0.297298,5219.23,70.5333,7463.6,7075.88,1.00457,0
01:11:15:01:10:03,8883.1,8870.8,88.9076,88.8539,79.7835,2.50217,2.49998,7077.21,356622,12705.9,2.92503,0,0,356622,1.00457,0.296273,5217.8,70.55,7465.08,7077.21,1.00457,0
01:11:15:01:10:04,8869.08,8879.09,88.6351,88.8285,79.8088,2.50229,2.49997,7078.54,356762,12691.9,2.89052,0,0,356762,1.00074,0.297703,5203.78,70.5667,7466.56,7078.54,1.00158,0
01:11:15:01:10:05,8897.69,8886.53,88.7259,88.6656,79.5491,2.50693,2.49995,7079.87,356902,12720.5,2.86934,0,0,356902,1.00156,0.299037,5232.39,70.5833,7468.04,7079.87,1.00156,0
01:11:15:01:10:06,8877.95,8885.1,88.7901,88.5842,79.656,2.49913,2.49994,7081.2,357041,12700.8,2.90112,0,0,357041,1.00495,0.302723,5212.65,70.6,7469.52,7081.2,1.00276,0
01:11:15:01:10:07,8895.69,8877.95,88.7774,88.5802,79.712,2.49963,2.49992,7082.52,357181,12718.5,2.88389,0,0,357181,1.0125,0.303398,5230.4,70.6167,7471,7082.52,1.00816,0
01:11:15:01:10:08,8898.26,8880.24,88.7799,88.6563,79.7049,2.49831,2.49991,7083.85,357320,12721.1,2.89052,0,0,357320,1.00267,0.302187,5232.97,70.6333,7472.48,7083.85,1.006,0
01:11:15:01:10:09,8897.69,8887.68,88.7856,88.6456,79.7062,2.49861,2.4999,7085.18,357460,12720.5,2.9144,0,0,357460,0.998206,0.299717,5232.4,70.65,7473.96,7085.18,0.998267,0
01:11:15:01:10:10,8893.11,8877.66,88.9448,88.6215,79.7102,2.49892,2.49989,7086.51,357599,12716,2.90112,0,0,357599,1.0058,0.299308,5227.82,70.6667,7475.44,7086.51,1.00294,0
01:11:15:01:10:11,8881.1,8894.54,88.7595,88.8565,79.8632,2.49585,2.49987,7087.84,357738,12703.9,2.93568,0,0,357738,1.00435,0.300304,5215.81,70.6833,7476.92,7087.84,1.00595,0
01:11:15:01:10:12,8894.83,8880.24,88.7435,88.982,79.6806,2.50085,2.49986,7089.17,357878,12717.7,2.92636,0,0,357878,0.998505,0.300016,5229.55,70.7,7478.4,7089.17,0.998505,0
01:11:15:01:10:13,8885.1,8899.12,88.7299,88.9954,79.6696,2.49979,2.49985,7090.5,358017,12707.9,2.89714,0,0,358017,0.99017,0.299627,5219.82,70.7167,7479.88,7090.5,0.990264,0
01:11:15:01:10:14,8899.12,8883.39,88.6351,88.8966,79.6504,2.50194,2.49984,7091.82,358157,12722,2.84292,0,0,358157,0.988662,0.298121,5233.84,70.7333,7481.36,7091.82,0.988662,0
01:11:15:01:10:15,8889.68,8873.37,88.6519,88.8886,79.5672,2.50136,2.49983,7093.15,358296,12712.5,2.85744,0,0,358296,0.991627,0.298907,5224.4,70.75,7482.84,7093.15,0.987976,0
01:11:15:01:10:16,8901.98,8893.69,88.4991,88.8151,79.5732,2.50416,2.49982,7094.48,358436,12724.8,2.88787,0,0,358436,0.996743,0.301357,5236.7,70.7667,7484.31,7094.48,0.991789,0
01:11:15:01:10:17,8886.82,8877.95,88.7855,88.938,79.4472,2.50072,2.49981,7095.8,358575,12709.7,2.91972,0,0,358575,1.0007,0.302618,5221.54,70.7833,7485.79,7095.8,0.999522,0
01:11:15:01:10:18,8889.68,8890.25,89.1112,88.8779,79.6984,2.50254,2.4998,7097.13,358714,12712.5,2.90909,0,0,358714,0.9934,0.303215,5224.4,70.8,7487.27,7097.13,0.995826,0
01:11:15:01:10:19,8896.83,8882.24,88.688,88.7337,79.9819,2.50523,2.49979,7098.46,358854,12719.7,2.95433,0,0,358854,0.989957,0.299807,5231.56,70.8167,7488.75,7098.46,0.988292,0
01:11:15:01:10:20,8897.98,8895.69,88.5865,88.6509,79.5971,2.50675,2.49978,7099.79,358994,12720.8,2.95566,0,0,358994,1.00219,0.297573,5232.7,70.8333,7490.23,7099.79,0.995755,0
01:11:15:01:10:21,8901.98,8894.54,88.4775,88.6162,79.5075,2.5063,2.49977,7101.11,359134,12724.8,2.957,0,0,359134,1.0066,0.298588,5236.71,70.85,7491.71,7101.11,1.0066,0
01:11:15:01:10:22,8895.97,8895.4,88.5912,88.7003,79.4153,2.50458,2.49976,7102.44,359273,12718.8,2.97569,0,0,359273,1.00576,0.30119,5230.71,70.8667,7493.18,7102.44,1.00576,0
01:11:15:01:10:23,8907.99,8901.98,88.7753,88.6416,79.5129,2.50594,2.49976,7103.76,359413,12730.9,2.91307,0,0,359413,1.00721,0.302668,5242.72,70.8833,7494.66,7103.76,1.0086,0
01:11:15:01:10:24,8905.99,8885.39,88.5772,88.5267,79.6724,2.50772,2.49975,7105.09,359552,12728.9,2.84688,0,0,359552,1.00681,0.302777,5240.73,70.9,7496.14,7105.09,1.00681,0
01:11:15:01:10:25,8906.56,8903.7,88.8473,88.5908,79.498,2.50664,2.49974,7106.42,359692,12729.4,2.90245,0,0,359692,1.00409,0.300571,5241.3,70.9167,7497.62,7106.42,1.00253,0
01:11:15:01:10:26,8901.41,8883.67,88.6341,88.6883,79.7598,2.50071,2.49974,7107.74,359831,12724.3,2.89317,0,0,359831,1.00403,0.299691,5236.15,70.9333,7499.1,7107.74,1.00403,0
01:11:15:01:10:27,8888.54,8893.97,88.3664,88.8352,79.5688,2.5006,2.49973,7109.07,359971,12711.4,2.88522,0,0,359971,1.00384,0.299138,5223.29,70.95,7500.57,7109.07,1.00419,0
01:11:15:01:10:28,8899.41,8894.26,88.7373,88.7898,79.3241,2.50193,2.49973,7110.4,360110,12722.3,2.90644,0,0,360110,0.994887,0.301003,5234.16,70.9667,7502.05,7110.4,0.997708,0
01:11:15:01:10:29,8884.24,8894.83,88.5505,88.7791,79.6566,2.50209,2.49972,7111.72,360249,12707.1,2.95166,0,0,360249,0.997962,0.302298,5219,70.9833,7503.52,7111.72,0.995763,0
01:11:15:01:10:30,8909.42,8895.97,88.8416,88.7591,79.4914,2.50131,2.49972,7113.05,360389,12732.3,2.91042,0,0,360389,1.00561,0.300259,5244.19,71,7505,7113.05,1.00141,0
01:11:15:01:10:31,8902.55,8893.4,88.7729,88.8151,79.754,2.50092,2.49971,7114.37,360528,12725.5,2.90245,0,0,360528,1.00002,0.29936,5237.32,71.0167,7506.48,7114.37,1.00669,0
01:11:15:01:10:32,8913.71,8897.12,88.6218,88.8298,79.6896,2.50177,2.49971,7115.7,360667,12736.6,2.90644,0,0,360667,0.990662,0.299177,5248.48,71.0333,7507.96,7115.7,0.990662,0
01:11:15:01:10:33,8907.13,8894.26,88.9152,88.8472,79.5517,2.50244,2.49971,7117.03,360807,12730,2.90776,0,0,360807,0.981072,0.300401,5241.91,71.05,7509.44,7117.03,0.98451,0
01:11:15:01:10:34,8901.98,8908.28,88.6389,88.8552,79.8253,2.49934,2.4997,7118.36,360946,12724.9,2.86141,0,0,360946,0.986654,0.301567,5236.76,71.0667,7510.92,7118.36,0.986654,0
01:11:15:01:10:35,8915.14,8901.12,88.7381,89.0702,79.5727,2.50072,2.4997,7119.69,361086,12738.1,2.85612,0,0,361086,1.00484,0.300138,5249.93,71.0833,7512.4,7119.69,0.998057,0
01:11:15:01:10:36,8903.41,8908.56,88.6539,89.0835,79.6596,2.50138,2.4997,7121.01,361225,12726.3,2.91573,0,0,361225,1.00756,0.299925,5238.2,71.1,7513.88,7121.01,1.00951,0
01:11:15:01:10:37,8919.43,8903.41,88.7803,89.0595,79.5833,2.50161,2.49969,7122.34,361365,12742.4,2.91706,0,0,361365,1.00773,0.299711,5254.23,71.1167,7515.35,7122.34,1.00999,0
01:11:15:01:10:38,8915.14,8901.12,88.7456,88.966,79.6963,2.50176,2.49969,7123.67,361504,12738.1,2.9144,0,0,361504,1.00137,0.301409,5249.94,71.1333,7516.83,7123.67,1.0061,0
01:11:15:01:10:39,8920.87,8914,88.8394,88.962,79.6642,2.50203,2.49969,7125,361644,12743.8,2.95834,0,0,361644,1.00568,0.301727,5255.67,71.15,7518.31,7125,1.00317,0
01:11:15:01:10:40,8916.57,8894.83,88.7273,88.8832,79.7504,2.50141,2.49969,7126.32,361783,12739.5,2.96234,0,0,361783,1.01331,0.300856,5251.38,71.1667,7519.79,7126.32,1.00804,0
01:11:15:01:10:41,8912.28,8911.71,88.5525,88.8258,79.6474,2.50216,2.49969,7127.65,361923,12735.2,2.93968,0,0,361923,1.01913,0.299474,5247.09,71.1833,7521.27,7127.65,1.01913,0
01:11:15:01:10:42,8920.58,8898.83,88.7703,88.8752,79.4962,2.50038,2.49969,7128.98,362062,12743.5,2.90644,0,0,362062,1.00815,0.299944,5255.39,71.2,7522.75,7128.98,1.01128,0
01:11:15:01:10:43,8919.72,8911.71,88.525,88.9179,79.693,2.5,2.49969,7130.31,362202,12742.7,2.89052,0,0,362202,1.00374,0.302125,5254.54,71.2167,7524.23,7130.31,1.00374,0
01:11:15:01:10:44,8911.42,8909.42,88.7416,89.0381,79.4702,2.5008,2.49969,7131.63,362341,12734.4,2.8548,0,0,362341,1.00843,0.300894,5246.24,71.2333,7525.7,7131.63,1.00794,0
01:11:15:01:10:45,8910.57,8909.99,88.8576,88.9967,79.6576,2.50296,2.49969,7132.96,362480,12733.5,2.84424,0,0,362480,0.998998,0.301081,5245.39,71.25,7527.18,7132.96,1.00679,0
01:11:15:01:10:46,8932.31,8920.87,88.6787,88.9607,79.7679,2.50106,2.49969,7134.29,362620,12755.3,2.83896,0,0,362620,0.989746,0.299695,5267.13,71.2667,7528.66,7134.29,0.991855,0
01:11:15:01:10:47,8922.87,8915.14,88.8659,88.8632,79.6032,2.50234,2.49969,7135.61,362759,12745.8,2.81,0,0,362759,0.986116,0.300188,5257.7,71.2833,7530.14,7135.61,0.988761,0
01:11:15:01:10:48,8937.46,8920.58,88.7596,88.926,79.7781,2.50022,2.49969,7136.94,362899,12760.4,2.83106,0,0,362899,0.988176,0.301121,5272.29,71.3,7531.62,7136.94,0.987235,0
01:11:15:01:10:49,8927.16,8910.28,88.7988,89.0261,79.6816,2.50054,2.49969,7138.27,363038,12750.1,2.83501,0,0,363038,0.998911,0.299917,5261.99,71.3167,7533.1,7138.27,0.992563,0
01:11:15:01:10:50,8924.3,8924.01,88.5919,88.9794,79.7143,2.50131,2.49969,7139.6,363178,12747.3,2.82316,0,0,363178,1.00573,0.300367,5259.14,71.3333,7534.58,7139.6,1.00752,0
01:11:15:01:10:51,8933.74,8921.72,88.875,89.0395,79.5358,2.4991,2.49969,7140.93,363317,12756.7,2.82579,0,0,363317,1.00573,0.300846,5268.58,71.35,7536.06,7140.93,1.00772,0
01:11:15:01:10:52,8913.43,8924.87,88.875,89.0194,79.7848,2.50066,2.49969,7142.25,363457,12736.4,2.82447,0,0,363457,1.00772,0.301123,5248.27,71.3667,7537.54,7142.25,1.00134,0
01:11:15:01:10:53,8935.46,8917.43,88.5702,88.8258,79.7779,2.50279,2.49969,7143.58,363596,12758.4,2.86404,0,0,363596,1.00589,0.299436,5270.3,71.3833,7539.02,7143.58,0.996764,0
01:11:15:01:10:54,8933.74,8926.01,88.5702,88.8285,79.5098,2.50111,2.49969,7144.91,363736,12756.7,2.81658,0,0,363736,0.996764,0.30015,5268.59,71.4,7540.5,7144.91,1.00452,0
01:11:15:01:10:55,8934.6,8930.31,88.9907,89.1636,79.5132,2.50006,2.4997,7146.24,363875,12757.6,2.82184,0,0,363875,1.00499,0.30209,5269.45,71.4167,7541.98,7146.24,1.00208,0
01:11:15:01:10:56,8925.44,8916.86,88.9907,89.1583,79.8851,2.50173,2.4997,7147.56,364014,12748.4,2.83238,0,0,364014,1.00208,0.302146,5260.3,71.4333,7543.46,7147.56,1.00176,0
01:11:15:01:10:57,8921.15,8914.86,88.8074,89.2104,79.8905,2.50011,2.4997,7148.9,364154,12744.1,2.83633,0,0,364154,1.00176,0.300076,5256.01,71.45,7544.94,7148.9,1.00342,0
01:11:15:01:10:58,8915.71,8906.56,88.5708,89.1022,79.7193,2.50215,2.4997,7150.23,364294,12738.7,2.80474,0,0,364294,1.00108,0.300478,5250.58,71.4667,7546.42,7150.23,1.00005,0
01:11:15:01:10:59,8913.14,8913.14,88.8151,89.0301,79.5124,2.50046,2.4997,7151.55,364433,12736.1,2.79292,0,0,364433,1.00182,0.300965,5248.01,71.4833,7547.9,7151.55,1.00309,0
01:11:15:01:11:00,8922.29,8909.99,88.9692,88.9874,79.7253,2.50244,2.4997,7152.88,364573,12745.3,2.73795,0,0,364573,1.00389,0.300383,5257.16,71.5,7549.38,7152.88,1.00176,0
01:11:15:01:11:01,8909.13,8914.57,88.7376,89.0675,79.8708,2.50023,2.4997,7154.21,364712,12732.1,2.76671,0,0,364712,0.999281,0.299577,5244,71.5167,7550.86,7154.21,0.99749,0
01:11:15:01:11:02,8919.72,8921.44,88.7357,89.165,79.6607,2.50089,2.4997,7155.54,364852,12742.7,2.81658,0,0,364852,0.994032,0.300245,5254.59,71.5333,7552.34,7155.54,0.99749,0
01:11:15:01:11:03,8912.57,8904.84,88.8276,89.0288,79.6552,2.50206,2.4997,7156.87,364992,12735.6,2.80474,0,0,364992,0.991924,0.300856,5247.44,71.55,7553.82,7156.87,0.992981,0
01:11:15:01:11:04,8916.29,8911.14,88.8018,88.9446,79.741,2.50105,2.4997,7158.19,365131,12739.3,2.75886,0,0,365131,0.99613,0.29982,5251.17,71.5667,7555.3,7158.19,0.99613,0
01:11:15:01:11:05,8928.59,8903.13,88.6935,89.0141,79.722,2.49978,2.4997,7159.52,365271,12751.6,2.74841,0,0,365271,0.994978,0.300041,5263.47,71.5833,7556.78,7159.52,0.996812,0
01:11:15:01:11:06,8919.72,8919.43,88.8653,88.982,79.6138,2.50313,2.4997,7160.85,365410,12742.7,2.75101,0,0,365410,0.990684,0.300536,5254.6,71.6,7558.26,7160.85,0.990684,0
01:11:15:01:11:07,8917.15,8909.71,88.7362,88.9914,79.7751,2.50096,2.4997,7162.18,365550,12740.2,2.72361,0,0,365550,0.98576,0.300242,5252.03,71.6167,7559.74,7162.18,0.986221,0
01:11:15:01:11:08,8913.43,8920.58,88.8492,88.9139,79.6561,2.50193,2.4997,7163.51,365689,12736.4,2.72361,0,0,365689,0.987164,0.299127,5248.31,71.6333,7561.22,7163.51,0.983798,0
01:11:15:01:11:09,8924.01,8918.86,88.8223,88.9874,79.7634,2.50013,2.4997,7164.84,365829,12747,2.74318,0,0,365829,0.993717,0.30108,5258.9,71.65,7562.7,7164.84,0.990273,0
01:11:15:01:11:10,8887.39,8899.41,88.7032,88.954,79.7327,2.50213,2.4997,7166.16,365968,12710.4,2.74318,0,0,365968,0.997799,0.300945,5222.28,71.6667,7564.18,7166.16,0.994833,0
01:11:15:01:11:11,8895.97,8899.12,88.8402,88.8592,79.6241,2.50267,2.4997,7167.49,366108,12719,2.77326,0,0,366108,0.998589,0.300016,5230.87,71.6833,7565.66,7167.49,0.998589,0
01:11:15:01:11:12,8883.39,8885.39,88.6276,88.7337,79.7497,2.50185,2.4997,7168.82,366248,12706.4,2.81921,0,0,366248,1.00333,0.299883,5218.28,71.7,7567.13,7168.82,1.00243,0
01:11:15:01:11:13,8891.11,8892.54,88.4811,88.6362,79.5626,2.50071,2.4997,7170.15,366387,12714.1,2.80606,0,0,366387,1.01285,0.299729,5226.01,71.7167,7568.61,7170.15,1.01285,0
01:11:15:01:11:14,8886.82,8885.67,88.0699,88.6763,79.4286,2.50149,2.49969,7171.47,366527,12709.8,2.77457,0,0,366527,1.00674,0.300157,5221.72,71.7333,7570.08,7171.47,1.01214,0
01:11:15:01:11:15,8889.68,8887.96,88.1837,88.723,79.061,2.50099,2.49969,7172.79,366666,12712.7,2.83633,0,0,366666,1.00264,0.29988,5224.58,71.75,7571.55,7172.79,1.00473,0
01:11:15:01:11:16,8918,8903.41,88.3119,88.5922,79.1587,2.50238,2.49969,7174.11,366805,12741,2.86404,0,0,366805,1.00245,0.302142,5252.91,71.7667,7573.02,7174.11,1.00064,0
01:11:15:01:11:17,8904.84,8903.99,88.2992,88.7017,79.2769,2.50139,2.49969,7175.43,366943,12727.9,2.81658,0,0,366943,1.00437,0.302628,5239.75,71.7833,7574.49,7175.43,1.00117,0
01:11:15:01:11:18,8914.28,8904.56,88.4671,88.719,79.2669,2.50096,2.49969,7176.75,367082,12737.3,2.82974,0,0,367082,1.0103,0.3031,5249.2,71.8,7575.97,7176.75,1.0069,0
01:11:15:01:11:19,8900.84,8905.99,87.8644,88.6442,79.4149,2.50182,2.49969,7178.08,367221,12723.9,2.78768,0,0,367221,1.01583,0.302281,5235.75,71.8167,7577.44,7178.08,1.01479,0
01:11:15:01:11:20,8901.7,8905.13,88.092,88.7764,78.875,2.50147,2.49968,7179.4,367360,12724.7,2.82052,0,0,367360,1.00996,0.300465,5236.61,71.8333,7578.9,7179.4,1.00459,0
01:11:15:01:11:21,8920.58,8897.69,88.2817,88.6816,79.0767,2.50228,2.49968,7180.71,367498,12743.6,2.82052,0,0,367498,0.991578,0.302547,5255.5,71.85,7580.37,7180.71,0.991578,0
01:11:15:01:11:22,8906.56,8914.86,88.1783,88.683,79.2536,2.50025,2.49968,7182.03,367636,12729.6,2.81921,0,0,367636,0.991419,0.301659,5241.48,71.8667,7581.84,7182.03,0.999964,0
01:11:15:01:11:23,8922.01,8896.26,88.3134,88.6029,79.1568,2.50145,2.49968,7183.35,367775,12745.1,2.86537,0,0,367775,1.0061,0.299342,5256.93,71.8833,7583.31,7183.35,1.0061,0
01:11:15:01:11:24,8916.57,8914,88.3349,88.5414,79.2762,2.50205,2.49968,7184.67,367914,12739.6,2.83106,0,0,367914,1.00856,0.298865,5251.5,71.9,7584.79,7184.67,1.00595,0
01:11:15:01:11:25,8917.43,8919.43,88.155,88.476,79.2926,2.50293,2.49967,7185.99,368052,12740.5,2.83765,0,0,368052,0.997949,0.299145,5252.36,71.9167,7586.26,7185.99,0.998872,0
01:11:15:01:11:26,8910.28,8911.42,87.8558,88.3932,79.1328,2.50242,2.49967,7187.31,368191,12733.3,2.86537,0,0,368191,0.996963,0.300045,5245.21,71.9333,7587.72,7187.31,0.996963,0
01:11:15:01:11:27,8910.85,8921.15,88.2895,88.2891,78.8649,2.50221,2.49967,7188.63,368330,12733.9,2.86669,0,0,368330,0.997973,0.299726,5245.78,71.95,7589.19,7188.63,0.99554,0
01:11:15:01:11:28,8914.86,8909.42,88.4969,88.3425,79.2555,2.50181,2.49967,7189.95,368468,12737.9,2.89052,0,0,368468,1.00396,0.300378,5249.79,71.9667,7590.66,7189.95,0.997735,0
01:11:15:01:11:29,8919.15,8919.43,88.4396,88.2878,79.4442,2.50103,2.49967,7191.27,368607,12742.2,2.93701,0,0,368607,1.01672,0.299758,5254.09,71.9833,7592.14,7191.27,1.01055,0
01:11:15:01:11:30,8918.86,8905.42,88.1321,88.213,79.3889,2.50224,2.49967,7192.59,368746,12741.9,2.93302,0,0,368746,1.00879,0.301282,5253.8,72,7593.61,7192.59,1.01509,0
01:11:15:01:11:31,8923.15,8912,88.0945,88.225,79.1193,2.50021,2.49966,7193.91,368885,12746.2,2.93035,0,0,368885,1.00068,0.301653,5258.1,72.0167,7595.08,7193.91,1.00011,0
01:11:15:01:11:32,8941.75,8924.87,88.1958,88.2597,79.0749,2.50352,2.49966,7195.23,369024,12764.8,2.92105,0,0,369024,1.00931,0.301157,5276.69,72.0333,7596.55,7195.23,1.00458,0
01:11:15:01:11:33,8918.58,8927.16,88.2016,88.3692,79.1796,2.49928,2.49966,7196.55,369162,12741.7,2.92105,0,0,369162,1.01759,0.301243,5253.52,72.05,7598.02,7196.55,1.01759,0
01:11:15:01:11:34,8936.03,8930.88,88.2574,88.468,79.1772,2.50164,2.49966,7197.87,369301,12759.1,2.93701,0,0,369301,1.00902,0.301445,5270.98,72.0667,7599.49,7197.87,1.01547,0
01:11:15:01:11:35,8924.58,8915.43,88.3912,88.3705,79.2236,2.50277,2.49966,7199.19,369439,12747.7,2.84556,0,0,369439,0.996403,0.301753,5259.53,72.0833,7600.96,7199.19,0.996403,0
01:11:15:01:11:36,8924.58,8930.02,88.3033,88.4239,79.3497,2.50091,2.49966,7200.51,369578,12747.7,2.86801,0,0,369578,0.992861,0.300708,5259.54,72.1,7602.43,7200.51,0.991037,0
01:11:15:01:11:37,8924.58,8917.43,88.3878,88.5508,79.2728,2.50028,2.49966,7201.83,369717,12747.7,2.92636,0,0,369717,0.997423,0.3006,5259.54,72.1167,7603.91,7201.83,0.995274,0
01:11:15:01:11:38,8929.16,8921.44,88.1925,88.5588,79.3376,2.50368,2.49966,7203.16,369856,12752.2,2.92903,0,0,369856,0.993353,0.301026,5264.12,72.1333,7605.38,7203.16,0.994294,0
01:11:15:01:11:39,8939.75,8927.45,87.9383,88.5428,79.1717,2.5008,2.49966,7204.48,369995,12762.8,2.95033,0,0,369995,0.993609,0.299609,5274.71,72.15,7606.85,7204.48,0.992273,0
01:11:15:01:11:40,8924.87,8925.73,88.1933,88.4306,78.935,2.50343,2.49966,7205.79,370133,12748,2.96234,0,0,370133,0.994777,0.300685,5259.83,72.1667,7608.31,7205.79,0.993518,0
01:11:15:01:11:41,8928.02,8930.88,88.3325,88.3919,79.1713,2.50115,2.49967,7207.11,370272,12751.1,2.91175,0,0,370272,0.999617,0.302583,5262.98,72.1833,7609.78,7207.11,0.995493,0
01:11:15:01:11:42,8921.15,8927.16,88.371,88.492,79.2959,2.50124,2.49967,7208.43,370410,12744.2,2.86669,0,0,370410,1.00867,0.301107,5256.12,72.2,7611.26,7208.43,1.00867,0
01:11:15:01:11:43,8931.17,8929.45,88.1632,88.4773,79.3263,2.50255,2.49967,7209.75,370549,12754.3,2.85612,0,0,370549,1.00763,0.301677,5266.13,72.2167,7612.73,7209.75,1.00879,0
01:11:15:01:11:44,8934.88,8925.44,88.4196,88.48,79.1417,2.50193,2.49967,7211.07,370688,12758,2.89847,0,0,370688,1.00368,0.301514,5269.85,72.2333,7614.2,7211.07,1.00368,0
01:11:15:01:11:45,8935.74,8934.88,88.2487,88.5227,79.3759,2.50067,2.49968,7212.4,370827,12758.8,2.86141,0,0,370827,0.992488,0.301629,5270.71,72.25,7615.67,7212.4,0.998488,0
01:11:15:01:11:46,8948.62,8925.16,88.1473,88.5107,79.2219,2.50086,2.49968,7213.72,370966,12771.7,2.86272,0,0,370966,0.996118,0.300748,5283.59,72.2667,7617.14,7213.72,0.992895,0
01:11:15:01:11:47,8942.89,8940.89,88.1809,88.6376,79.1249,2.50271,2.49968,7215.04,371104,12766,2.8892,0,0,371104,1.00441,0.300495,5277.87,72.2833,7618.61,7215.04,1.0024,0
01:11:15:01:11:48,8946.33,8938.03,88.19,88.472,79.1564,2.50231,2.49969,7216.36,371243,12769.4,2.89052,0,0,371243,1.00482,0.301545,5281.31,72.3,7620.08,7216.36,1.00573,0
01:11:15:01:11:49,8934.6,8935.74,88.345,88.4026,79.1619,2.50313,2.49969,7217.67,371382,12757.7,2.88125,0,0,371382,1.00482,0.300823,5269.58,72.3167,7621.55,7217.67,1.00073,0
01:11:15:01:11:50,8937.75,8945.76,88.3147,88.2984,79.2997,2.50355,2.4997,7219,371520,12760.9,2.88125,0,0,371520,1.00073,0.301486,5272.73,72.3333,7623.02,7219,0.9979,0
01:11:15:01:11:51,8939.75,8942.04,88.2784,88.484,79.2841,2.49995,2.4997,7220.32,371659,12762.9,2.86669,0,0,371659,0.9979,0.301275,5274.73,72.35,7624.5,7220.32,0.992803,0
01:11:15:01:11:52,8939.46,8944.33,88.0551,88.4547,79.2452,2.50192,2.49971,7221.64,371798,12762.6,2.86404,0,0,371798,0.994005,0.300271,5274.45,72.3667,7625.97,7221.64,0.994781,0
01:11:15:01:11:53,8940.03,8934.31,88.2345,88.7484,79.0543,2.49896,2.49972,7222.96,371937,12763.1,2.88257,0,0,371937,0.994781,0.300672,5275.02,72.3833,7627.43,7222.96,0.995045,0
01:11:15:01:11:54,8952.34,8942.04,88.3188,88.6189,79.2042,2.50241,2.49972,7224.28,372075,12775.5,2.91972,0,0,372075,0.995917,0.300963,5287.33,72.4,7628.91,7224.28,0.993946,0
01:11:15:01:11:55,8947.76,8951.76,88.0622,88.4613,79.2796,2.50249,2.49973,7225.6,372214,12770.9,2.88257,0,0,372214,0.991238,0.300945,5282.75,72.4167,7630.38,7225.6,0.994779,0
01:11:15:01:11:56,8946.9,8948.62,88.2137,88.4547,79.0516,2.50175,2.49974,7226.92,372353,12770,2.92503,0,0,372353,0.994779,0.300127,5281.89,72.4333,7631.84,7226.92,0.997681,0
01:11:15:01:11:57,8951.76,8950.91,88.1935,88.5374,79.1821,2.50345,2.49975,7228.23,372491,12774.9,2.90776,0,0,372491,1.00144,0.301709,5286.76,72.45,7633.31,7228.23,1.00399,0
01:11:15:01:11:58,8949.76,8948.04,88.2545,88.5174,79.1634,2.50365,2.49975,7229.55,372630,12772.9,2.92105,0,0,372630,1.00241,0.30054,5284.76,72.4667,7634.78,7229.55,1.00333,0
01:11:15:01:11:59,8960.35,8957.77,88.1315,88.3906,79.224,2.50185,2.49976,7230.87,372769,12783.5,2.97837,0,0,372769,1.00026,0.301066,5295.34,72.4833,7636.25,7230.87,0.999457,0
01:11:15:01:12:00,8954.05,8948.33,88.2984,88.3839,79.1091,2.50322,2.49977,7232.19,372907,12777.2,2.97436,0,0,372907,1.001,0.30063,5289.05,72.5,7637.72,7232.19,1.00908,0
01:11:15:01:12:01,8958.92,8951.48,88.2656,88.2651,79.2598,2.50295,2.49978,7233.51,373046,12782,3.00246,0,0,373046,1.00754,0.300656,5293.92,72.5167,7639.2,7233.51,1.0097,0
01:11:15:01:12:02,8975.51,8958.92,88.3684,88.1996,79.2331,2.5021,2.49979,7234.83,373185,12798.6,2.98505,0,0,373185,1.00923,0.299122,5310.51,72.5333,7640.67,7234.83,1.00357,0
01:11:15:01:12:03,8955.77,8961.21,88.3099,88.1542,79.3222,2.5031,2.4998,7236.15,373324,12778.9,2.97569,0,0,373324,1.00357,0.299511,5290.77,72.55,7642.14,7236.15,1.00357,0
01:11:15:01:12:04,8959.77,8957.49,88.3514,88.3572,79.2741,2.50172,2.49981,7237.48,373463,12782.9,2.95834,0,0,373463,1.00118,0.298717,5294.78,72.5667,7643.61,7237.48,1.00026,0
01:11:15:01:12:05,8956.06,8968.64,88.2892,88.4947,79.3117,2.50161,2.49982,7238.8,373601,12779.2,2.90378,0,0,373601,0.9981,0.299932,5291.06,72.5833,7645.08,7238.8,0.9981,0
01:11:15:01:12:06,8956.06,8959.77,88.3306,88.472,79.2545,2.50204,2.49983,7240.12,373740,12779.2,2.83765,0,0,373740,0.999398,0.299879,5291.07,72.6,7646.56,7240.12,0.997712,0
01:11:15:01:12:07,8963.78,8958.34,88.4399,88.5281,79.2837,2.50448,2.49984,7241.44,373879,12786.9,2.85612,0,0,373879,1.00165,0.300814,5298.79,72.6167,7648.03,7241.44,1.00027,0
01:11:15:01:12:08,8966.35,8963.49,87.9886,88.44,79.3841,2.50377,2.49985,7242.76,374018,12789.5,2.86669,0,0,374018,0.998926,0.300361,5301.37,72.6333,7649.5,7242.76,1.00169,0
01:11:15:01:12:09,8971.5,8952.05,88.0422,88.4026,78.9864,2.50149,2.49986,7244.08,374157,12794.6,2.87728,0,0,374157,0.993549,0.300235,5306.52,72.65,7650.97,7244.08,0.996769,0
01:11:15:01:12:10,8971.79,8965.5,88.3364,88.3826,79.0357,2.50115,2.49987,7245.4,374296,12794.9,2.90245,0,0,374296,0.996536,0.301113,5306.81,72.6667,7652.44,7245.4,0.992759,0
01:11:15:01:12:11,8970.93,8959.2,88.2311,88.3011,79.2951,2.50258,2.49988,7246.72,374434,12794.1,2.91573,0,0,374434,1.0099,0.300911,5305.95,72.6833,7653.91,7246.72,1.00805,0
01:11:15:01:12:12,8973.79,8967.5,88.3563,88.3331,79.203,2.50183,2.49989,7248.04,374573,12796.9,2.90909,0,0,374573,1.01628,0.299124,5308.81,72.7,7655.38,7248.04,1.01628,0
01:11:15:01:12:13,8980.09,8969.79,88.3313,88.3959,79.3179,2.50108,2.4999,7249.36,374712,12803.2,2.89582,0,0,374712,1.00359,0.30025,5315.11,72.7167,7656.85,7249.36,1.00952,0
01:11:15:01:12:14,8962.92,8959.2,88.2619,88.4052,79.2899,2.50277,2.49992,7250.68,374850,12786.1,2.8945,0,0,374850,1.00098,0.30003,5297.95,72.7333,7658.32,7250.68,1.00098,0
01:11:15:01:12:15,8965.5,8960.63,88.1839,88.4627,79.2345,2.50065,2.49993,7252,374989,12788.7,2.8733,0,0,374989,1.00685,0.300373,5300.52,72.75,7659.79,7252,1.0049,0
01:11:15:01:12:16,8965.21,8957.49,88.266,88.4159,79.1546,2.50369,2.49994,7253.32,375128,12788.4,2.83106,0,0,375128,1.00841,0.30044,5300.24,72.7667,7661.26,7253.32,1.00699,0
01:11:15:01:12:17,8960.63,8949.76,88.2844,88.3986,79.2355,2.50149,2.49995,7254.64,375267,12783.8,2.79949,0,0,375267,1.01579,0.300935,5295.66,72.7833,7662.74,7254.64,1.01451,0
01:11:15:01:12:18,8956.34,8940.61,88.2854,88.2423,79.25,2.50208,2.49996,7255.96,375406,12779.5,2.86404,0,0,375406,1.03362,0.300585,5291.37,72.8,7664.21,7255.96,1.03769,0
01:11:15:01:12:19,8932.59,8925.73,88.0308,88.1716,79.2484,2.50288,2.49997,7257.28,375544,12755.8,2.8786,0,0,375544,1.07305,0.300121,5267.63,72.8167,7665.68,7257.28,1.06413,0
01:11:15:01:12:20,8938.32,8917.72,88.207,88.2183,79.0247,2.50136,2.49998,7258.6,375683,12761.5,2.85216,0,0,375683,1.10335,0.299773,5273.35,72.8333,7667.15,7258.6,1.08846,0
01:11:15:01:12:21,8930.59,8914,88.2296,88.2958,79.1831,2.50129,2.5,7259.92,375822,12753.8,2.83501,0,0,375822,1.14446,0.300112,5265.63,72.85,7668.62,7259.92,1.13032,0
01:11:15:01:12:22,8932.59,8924.01,88.2296,88.1382,79.1943,2.50409,2.50001,7261.24,375960,12755.8,2.88522,0,0,375960,1.16018,0.299727,5267.63,72.8667,7670.09,7261.24,1.14982,0
01:11:15:01:12:23,8926.59,8912.28,88.0744,88.1609,79.2027,2.50151,2.50002,7262.56,376099,12749.8,2.87463,0,0,376099,1.16185,0.299791,5261.63,72.8833,7671.56,7262.56,1.16185,0
01:11:15:01:12:24,8933.45,8918.58,88.0254,87.9967,79.0577,2.50326,2.50003,7263.88,376238,12756.6,2.88125,0,0,376238,1.17704,0.300324,5268.49,72.9,7673.02,7263.88,1.17312,0
01:11:15:01:12:25,8934.31,8919.72,88.3421,87.9433,79.0169,2.50229,2.50004,7265.2,376376,12757.5,2.92636,0,0,376376,1.19344,0.300506,5269.35,72.9167,7674.49,7265.2,1.19344,0
01:11:15:01:12:26,8921.72,8914.28,88.056,88.0581,79.3073,2.50039,2.50006,7266.52,376515,12744.9,2.84292,0,0,376515,1.20393,0.301049,5256.77,72.9333,7675.96,7266.52,1.20029,0
01:11:15:01:12:27,8930.31,8916.57,87.8845,88.0848,79.0445,2.50225,2.50007,7267.84,376653,12753.5,2.81,0,0,376653,1.20565,0.299131,5265.35,72.95,7677.43,7267.84,1.2044,0
01:11:15:01:12:28,8906.56,8909.13,88.0178,88.0421,78.8902,2.50232,2.50008,7269.15,376792,12729.7,2.82052,0,0,376792,1.20049,0.30018,5241.61,72.9667,7678.9,7269.15,1.20611,0
01:11:15:01:12:29,8928.3,8919.72,87.7602,88.0327,79.0143,2.50095,2.50009,7270.47,376930,12751.5,2.82316,0,0,376930,1.20117,0.300333,5263.35,72.9833,7680.36,7270.47,1.198,0
01:11:15:01:12:30,8920.58,8922.87,87.785,88.1449,78.7783,2.50244,2.50011,7271.78,377069,12743.8,2.86009,0,0,377069,1.20961,0.299654,5255.63,73,7681.82,7271.78,1.2076,0
01:11:15:01:12:31,8920.87,8916.29,88.2127,88.3452,78.809,2.49986,2.50012,7273.1,377207,12744,2.8482,0,0,377207,1.21084,0.300445,5255.92,73.0167,7683.29,7273.1,1.21046,0
01:11:15:01:12:32,8926.3,8911.14,88.137,88.4199,79.1843,2.50252,2.50013,7274.41,377345,12749.5,2.82447,0,0,377345,1.21199,0.301605,5261.35,73.0333,7684.76,7274.41,1.21199,0
01:11:15:01:12:33,8913.71,8922.01,88.0328,88.2958,79.1122,2.50378,2.50015,7275.73,377483,12736.9,2.81789,0,0,377483,1.20453,0.299682,5248.76,73.05,7686.23,7275.73,1.20671,0
01:11:15:01:12:34,8915.14,8907.42,87.9487,88.2197,79.0201,2.50335,2.50016,7277.05,377622,12738.3,2.83765,0,0,377622,1.19832,0.300655,5250.2,73.0667,7687.69,7277.05,1.19832,0
01:11:15:01:12:35,8920.01,8910.85,87.9788,88.1983,78.9474,2.50247,2.50017,7278.37,377760,12743.2,2.84688,0,0,377760,1.20862,0.300066,5255.06,73.0833,7689.16,7278.37,1.2074,0
01:11:15:01:12:36,8913.71,8910.28,88.0817,88.0621,78.974,2.50259,2.50019,7279.68,377899,12736.9,2.82052,0,0,377899,1.21153,0.299696,5248.77,73.1,7690.63,7279.68,1.21159,0
01:11:15:01:12:37,8916.29,8909.13,88.0826,88.1062,79.0677,2.5022,2.5002,7281,378037,12739.5,2.84952,0,0,378037,1.19901,0.299595,5251.34,73.1167,7692.09,7281,1.20371,0
01:11:15:01:12:38,8908.85,8912.28,88.071,88.3118,79.0729,2.50084,2.50021,7282.32,378175,12732,2.86669,0,0,378175,1.19823,0.298112,5243.91,73.1333,7693.56,7282.32,1.19748,0
01:11:15:01:12:39,8911.14,8908.85,88.1151,88.197,79.0549,2.50319,2.50023,7283.63,378314,12734.3,2.86934,0,0,378314,1.2008,0.299159,5246.2,73.15,7695.03,7283.63,1.20091,0
01:11:15:01:12:40,8917.43,8912.57,87.9874,88.1876,79.0948,2.50308,2.50024,7284.95,378452,12740.6,2.90378,0,0,378452,1.20249,0.298945,5252.49,73.1667,7696.5,7284.95,1.20147,0
01:11:15:01:12:41,8903.13,8906.85,88.0566,88.217,78.9825,2.50238,2.50026,7286.27,378591,12726.3,2.88787,0,0,378591,1.20307,0.299323,5238.19,73.1833,7697.96,7286.27,1.20307,0
01:11:15:01:12:42,8907.42,8906.85,87.8699,88.1235,79.0431,2.50285,2.50027,7287.59,378729,12730.6,2.91573,0,0,378729,1.20307,0.300306,5242.48,73.2,7699.43,7287.59,1.20604,0
01:11:15:01:12:43,8907.42,8912.28,87.893,88.0181,78.8741,2.50327,2.50029,7288.9,378868,12730.6,2.90378,0,0,378868,1.20853,0.299797,5242.48,73.2167,7700.9,7288.9,1.21259,0
01:11:15:01:12:44,8901.41,8907.42,88.0253,87.9393,78.8981,2.50224,2.50031,7290.22,379006,12724.6,2.95166,0,0,379006,1.21259,0.300731,5236.48,73.2333,7702.36,7290.22,1.21086,0
01:11:15:01:12:45,8907.99,8907.7,88.2805,87.982,79.0212,2.50093,2.50032,7291.53,379144,12731.2,2.96902,0,0,379144,1.21138,0.300311,5243.06,73.25,7703.83,7291.53,1.19954,0
01:11:15:01:12:46,8906.56,8910.57,87.9704,87.9687,79.2461,2.5022,2.50034,7292.85,379283,12729.8,2.8998,0,0,379283,1.2038,0.300354,5241.63,73.2667,7705.3,7292.85,1.19093,0
01:11:15:01:12:47,8907.42,8906.27,88.2051,87.8138,78.963,2.5037,2.50036,7294.17,379421,12730.6,2.87728,0,0,379421,1.19093,0.299354,5242.49,73.2833,7706.77,7294.17,1.17301,0
01:11:15:01:12:48,8917.15,8917.15,88.0226,87.7029,79.18,2.50173,2.50037,7295.49,379560,12740.3,2.8892,0,0,379560,1.17835,0.300679,5252.22,73.3,7708.24,7295.49,1.17338,0
01:11:15:01:12:49,8912,8905.42,88.0004,87.7764,79.0121,2.50299,2.50039,7296.81,379698,12735.2,2.85612,0,0,379698,1.17338,0.299856,5247.07,73.3167,7709.7,7296.81,1.18268,0
01:11:15:01:12:50,8918.58,8909.13,88.0457,87.8311,79.0014,2.50012,2.50041,7298.12,379837,12741.8,2.83501,0,0,379837,1.18746,0.300501,5253.65,73.3333,7711.17,7298.12,1.18953,0
01:11:15:01:12:51,8922.29,8914,88.0272,87.9753,79.036,2.50199,2.50043,7299.44,379975,12745.5,2.90112,0,0,379975,1.19196,0.301096,5257.37,73.35,7712.64,7299.44,1.19012,0
01:11:15:01:12:52,8916,8912.28,87.9291,87.9713,79.0208,2.50158,2.50045,7300.76,380113,12739.2,2.84556,0,0,380113,1.18768,0.299634,5251.08,73.3667,7714.1,7300.76,1.19099,0
01:11:15:01:12:53,8920.29,8914.86,87.9168,87.8965,78.9261,2.50363,2.50047,7302.07,380252,12743.5,2.83765,0,0,380252,1.19587,0.299709,5255.37,73.3833,7715.57,7302.07,1.20348,0
01:11:15:01:12:54,8921.15,8914,87.9439,87.8445,78.9199,2.50215,2.50049,7303.39,380390,12744.4,2.81132,0,0,380390,1.20776,0.300329,5256.23,73.4,7717.04,7303.39,1.21609,0
01:11:15:01:12:55,8921.15,8914.28,87.9104,87.8485,78.9492,2.50059,2.50051,7304.7,380528,12744.4,2.82316,0,0,380528,1.21609,0.300955,5256.23,73.4167,7718.5,7304.7,1.21441,0
01:11:15:01:12:56,8916,8914,88.2012,87.9246,78.9153,2.50175,2.50053,7306.02,380667,12739.2,2.83633,0,0,380667,1.21168,0.300013,5251.08,73.4333,7719.97,7306.02,1.20774,0
01:11:15:01:12:57,8911.42,8903.99,88.1723,88.0034,79.1809,2.50038,2.50055,7307.34,380805,12734.6,2.8008,0,0,380805,1.20774,0.300621,5246.51,73.45,7721.44,7307.34,1.2014,0
01:11:15:01:12:58,8914.57,8902.84,88.0906,88.1088,79.149,2.50221,2.50057,7308.66,380943,12737.8,2.81789,0,0,380943,1.19819,0.299329,5249.65,73.4667,7722.91,7308.66,1.2014,0
01:11:15:01:12:59,8914.28,8905.99,88.0343,88.1048,79.0732,2.50295,2.50059,7309.97,381082,12737.5,2.82974,0,0,381082,1.19857,0.299567,5249.37,73.4833,7724.37,7309.97,1.19789,0
01:11:15:01:13:00,8914.57,8904.27,88.2236,88.1088,79.0216,2.5033,2.50061,7311.29,381220,12737.8,2.83238,0,0,381220,1.20337,0.29963,5249.66,73.5,7725.84,7311.29,1.20063,0
01:11:15:01:13:01,8908.28,8893.97,88.0614,88.0795,79.1969,2.50164,2.50063,7312.61,381359,12731.5,2.86669,0,0,381359,1.20106,0.299985,5243.36,73.5167,7727.31,7312.61,1.20203,0
01:11:15:01:13:02,8914.28,8899.41,87.8763,88.1556,79.0519,2.50146,2.50065,7313.93,381498,12737.5,2.86934,0,0,381498,1.19184,0.298441,5249.37,73.5333,7728.78,7313.93,1.19184,0
01:11:15:01:13:03,8920.01,8900.27,88.13,88.0768,78.8788,2.50361,2.50068,7315.24,381636,12743.2,2.87198,0,0,381636,1.17721,0.299084,5255.1,73.55,7730.25,7315.24,1.18199,0
01:11:15:01:13:04,8908.56,8897.12,87.9192,88.233,79.1158,2.50072,2.5007,7316.56,381774,12731.8,2.8892,0,0,381774,1.17911,0.299388,5243.65,73.5667,7731.71,7316.56,1.17911,0
01:11:15:01:13:05,8919.15,8899.41,87.9002,88.2437,78.9248,2.50127,2.50072,7317.88,381913,12742.4,2.91706,0,0,381913,1.18394,0.299201,5254.24,73.5833,7733.18,7317.88,1.18052,0
01:11:15:01:13:06,8911.42,8903.7,88.172,88.1529,78.9024,2.50294,2.50074,7319.19,382051,12734.6,2.93169,0,0,382051,1.18604,0.300051,5246.52,73.6,7734.64,7319.19,1.1864,0
01:11:15:01:13:07,8913.71,8908.28,88.2035,88.0674,79.1462,2.50299,2.50076,7320.51,382189,12736.9,2.91042,0,0,382189,1.20764,0.300527,5248.81,73.6167,7736.11,7320.51,1.19581,0
01:11:15:01:13:08,8916.29,8908.85,88.0048,88.0047,79.1777,2.502,2.50079,7321.83,382328,12739.5,2.96635,0,0,382328,1.22255,0.298964,5251.38,73.6333,7737.58,7321.83,1.21313,0
01:11:15:01:13:09,8911.42,8903.7,87.9957,88.1729,79.0045,2.50038,2.50081,7323.15,382467,12734.6,2.90909,0,0,382467,1.23316,0.298767,5246.52,73.65,7739.05,7323.15,1.23403,0
01:11:15:01:13:10,8919.15,8904.27,88.0109,88.0648,78.9886,2.50278,2.50083,7324.46,382605,12742.4,2.91307,0,0,382605,1.22528,0.300208,5254.25,73.6667,7740.52,7324.46,1.2303,0
01:11:15:01:13:11,8907.7,8917.15,87.9145,88.0207,79.0018,2.50294,2.50085,7325.78,382743,12730.9,2.87066,0,0,382743,1.21218,0.30051,5242.8,73.6833,7741.98,7325.78,1.21218,0
01:11:15:01:13:12,8911.71,8899.98,88.116,88.0848,78.9186,2.50188,2.50088,7327.1,382882,12734.9,2.93968,0,0,382882,1.18994,0.300765,5246.81,73.7,7743.45,7327.1,1.19598,0
01:11:15:01:13:13,8918.58,8907.99,87.8941,88.1409,79.1041,2.50047,2.5009,7328.41,383020,12741.8,2.96902,0,0,383020,1.18579,0.301017,5253.68,73.7167,7744.92,7328.41,1.18579,0
01:11:15:01:13:14,8919.15,8912.85,87.9566,88.0608,78.8982,2.50254,2.50092,7329.73,383158,12742.4,2.96635,0,0,383158,1.19729,0.300976,5254.25,73.7333,7746.38,7329.73,1.19113,0
01:11:15:01:13:15,8921.72,8905.7,88.1075,87.9967,78.9517,2.50333,2.50094,7331.05,383297,12745,2.99577,0,0,383297,1.20442,0.301484,5256.83,73.75,7747.85,7331.05,1.20448,0
01:11:15:01:13:16,8914,8918.86,87.6825,87.9393,79.0949,2.50093,2.50096,7332.36,383435,12737.2,3.01185,0,0,383435,1.20417,0.30079,5249.1,73.7667,7749.31,7332.36,1.20349,0
01:11:15:01:13:17,8920.58,8909.71,87.8204,87.9299,78.713,2.50108,2.50098,7333.68,383573,12743.8,2.93435,0,0,383573,1.19968,0.299546,5255.68,73.7833,7750.78,7333.68,1.19968,0
01:11:15:01:13:18,8924.87,8920.01,88.0969,87.99,78.8347,2.50169,2.501,7334.99,383712,12748.1,2.93169,0,0,383712,1.18969,0.300526,5259.98,73.8,7752.24,7334.99,1.19179,0
01:11:15:01:13:19,8917.43,8917.72,87.8765,88.0234,79.0838,2.50145,2.50102,7336.31,383849,12740.7,2.95166,0,0,383849,1.18685,0.300327,5252.54,73.8167,7753.71,7336.31,1.18509,0
01:11:15:01:13:20,8918,8915.43,88.1567,88.0821,78.8814,2.50284,2.50104,7337.62,383988,12741.2,2.90776,0,0,383988,1.18389,0.299281,5253.11,73.8333,7755.17,7337.62,1.18383,0
01:11:15:01:13:21,8925.44,8923.44,87.8251,88.1235,79.1321,2.50308,2.50106,7338.94,384126,12748.7,2.89052,0,0,384126,1.18937,0.300608,5260.55,73.85,7756.64,7338.94,1.1865,0
01:11:15:01:13:22,8918,8924.3,87.6949,88.2637,78.8406,2.50119,2.50108,7340.26,384264,12741.2,2.86934,0,0,384264,1.21277,0.298911,5253.11,73.8667,7758.1,7340.26,1.2048,0
01:11:15:01:13:23,8930.31,8926.3,87.8162,88.4039,78.724,2.50109,2.5011,7341.57,384403,12753.5,2.89317,0,0,384403,1.21593,0.300205,5265.42,73.8833,7759.57,7341.57,1.2148,0
01:11:15:01:13:24,8928.3,8930.59,87.778,88.237,78.8297,2.50209,2.50112,7342.88,384541,12751.5,2.83765,0,0,384541,1.2196,0.300221,5263.41,73.9,7761.03,7342.88,1.2196,0
01:11:15:01:13:25,8931.17,8934.88,88.1329,88.2958,78.7962,2.50185,2.50114,7344.2,384679,12754.4,2.83106,0,0,384679,1.20773,0.300415,5266.27,73.9167,7762.5,7344.2,1.21228,0
01:11:15:01:13:26,8938.89,8926.3,88.1329,88.4226,79.1193,2.50045,2.50115,7345.51,384817,12762.1,2.79818,0,0,384817,1.20555,0.29995,5274,73.9333,7763.96,7345.51,1.20555,0
01:11:15:01:13:27,8921.15,8924.87,87.9053,88.4413,79.1168,2.50123,2.50117,7346.83,384955,12744.4,2.74579,0,0,384955,1.21118,0.298247,5256.26,73.95,7765.43,7346.83,1.20849,0
01:11:15:01:13:28,8940.89,8932.02,87.9476,88.4199,78.9144,2.50063,2.50119,7348.15,385094,12764.1,2.72752,0,0,385094,1.2065,0.297839,5276,73.9667,7766.9,7348.15,1.21197,0
01:11:15:01:13:29,8942.61,8932.88,88.1886,88.456,78.951,2.50105,2.5012,7349.46,385232,12765.8,2.73013,0,0,385232,1.20372,0.298848,5277.72,73.9833,7768.37,7349.46,1.20332,0
01:11:15:01:13:30,8939.17,8939.75,88.1886,88.464,79.1614,2.5029,2.50122,7350.78,385370,12762.4,2.79292,0,0,385370,1.20368,0.299305,5274.29,74,7769.84,7350.78,1.20289,0
01:11:15:01:13:31,8943.47,8934.31,88.0507,88.4052,79.1607,2.5031,2.50123,7352.1,385508,12766.7,2.83369,0,0,385508,1.19904,0.299756,5278.58,74.0167,7771.3,7352.1,1.2014,0
01:11:15:01:13:32,8951.48,8939.17,87.8805,88.3024,79.0414,2.50173,2.50125,7353.42,385647,12774.7,2.84292,0,0,385647,1.1891,0.300399,5286.59,74.0333,7772.77,7353.42,1.19749,0
01:11:15:01:13:33,8948.62,8938.32,88.0795,88.1823,78.8875,2.50209,2.50126,7354.73,385786,12771.9,2.83633,0,0,385786,1.17919,0.300902,5283.73,74.05,7774.24,7354.73,1.17919,0
01:11:15:01:13:34,8948.9,8952.05,87.8798,88.2984,79.0721,2.50022,2.50128,7356.05,385924,12772.1,2.81658,0,0,385924,1.16719,0.300355,5284.02,74.0667,7775.7,7356.05,1.16889,0
01:11:15:01:13:35,8952.62,8940.89,88.0138,88.229,78.8902,2.50103,2.50129,7357.37,386062,12775.9,2.87066,0,0,386062,1.17409,0.299585,5287.74,74.0833,7777.17,7357.37,1.17409,0
01:11:15:01:13:36,8954.34,8946.61,87.9509,88.249,79.0055,2.50258,2.5013,7358.68,386200,12777.6,2.85876,0,0,386200,1.19395,0.2997,5289.45,74.1,7778.64,7358.68,1.18433,0
01:11:15:01:13:37,8961.78,8949.19,87.9566,88.2904,78.9511,2.50194,2.50131,7360,386339,12785,2.8416,0,0,386339,1.19395,0.299706,5296.89,74.1167,7780.1,7360,1.19863,0
01:11:15:01:13:38,8950.62,8941.18,87.744,88.3412,78.9557,2.5021,2.50132,7361.31,386477,12773.9,2.80606,0,0,386477,1.20622,0.300166,5285.73,74.1333,7781.56,7361.31,1.20673,0
01:11:15:01:13:39,8957.49,8952.05,87.9552,88.2076,78.762,2.50298,2.50133,7362.63,386615,12780.7,2.83896,0,0,386615,1.20435,0.299915,5292.6,74.15,7783.03,7362.63,1.19935,0
01:11:15:01:13:40,8965.21,8946.61,88.0076,88.2437,78.9611,2.50003,2.50134,7363.94,386754,12788.5,2.81658,0,0,386754,1.19772,0.300569,5300.33,74.1667,7784.5,7363.94,1.19326,0
01:11:15:01:13:41,8965.78,8961.49,88.0007,88.2984,78.9993,2.5028,2.50135,7365.26,386892,12789,2.79555,0,0,386892,1.19326,0.299567,5300.9,74.1833,7785.96,7365.26,1.19826,0
01:11:15:01:13:42,8966.35,8948.9,87.9767,88.1529,78.9954,2.50205,2.50136,7366.57,387030,12789.6,2.77588,0,0,387030,1.2003,0.298871,5301.47,74.2,7787.43,7366.57,1.20198,0
01:11:15:01:13:43,8965.5,8956.63,88.2905,87.982,78.9674,2.50406,2.50137,7367.89,387168,12788.7,2.77457,0,0,387168,1.20198,0.299084,5300.61,74.2167,7788.9,7367.89,1.20963,0
01:11:15:01:13:44,8970.65,8962.06,87.9554,88.0875,79.26,2.50068,2.50138,7369.21,387307,12793.9,2.81132,0,0,387307,1.21342,0.299119,5305.76,74.2333,7790.37,7369.21,1.2152,0
01:11:15:01:13:45,8962.35,8964.35,87.8604,88.0728,78.961,2.50015,2.50139,7370.53,387445,12785.6,2.81,0,0,387445,1.2152,0.297446,5297.47,74.25,7791.83,7370.53,1.21787,0
01:11:15:01:13:46,8978.37,8967.21,88.0626,88.0928,78.8673,2.50273,2.50139,7371.84,387584,12801.6,2.82052,0,0,387584,1.21464,0.299824,5313.49,74.2667,7793.3,7371.84,1.20414,0
01:11:15:01:13:47,8965.5,8969.79,88.1858,88.0942,79.047,2.50327,2.5014,7373.16,387722,12788.7,2.80474,0,0,387722,1.20414,0.299761,5300.61,74.2833,7794.77,7373.16,1.19781,0
01:11:15:01:13:48,8979.52,8973.22,88.0956,87.8445,79.1595,2.50271,2.50141,7374.48,387860,12802.8,2.73274,0,0,387860,1.19653,0.299075,5314.63,74.3,7796.23,7374.48,1.19625,0
01:11:15:01:13:49,8974.94,8972.94,88.123,87.7323,79.0775,2.50302,2.50141,7375.8,387999,12798.2,2.75755,0,0,387999,1.19755,0.298632,5310.05,74.3167,7797.7,7375.8,1.20599,0
01:11:15:01:13:50,8970.36,8972.36,87.9489,87.5988,79.097,2.50458,2.50142,7377.11,388137,12793.6,2.77064,0,0,388137,1.21062,0.298682,5305.48,74.3333,7799.17,7377.11,1.21448,0
01:11:15:01:13:51,8990.39,8981.23,88.0241,87.6255,78.9466,2.50278,2.50142,7378.43,388276,12813.6,2.81394,0,0,388276,1.21822,0.299484,5325.5,74.35,7800.64,7378.43,1.21494,0
01:11:15:01:13:52,8977.23,8980.37,87.923,87.5841,79.0182,2.50151,2.50143,7379.75,388415,12800.5,2.82711,0,0,388415,1.20878,0.299539,5312.34,74.3667,7802.1,7379.75,1.19911,0
01:11:15:01:13:53,8985.52,8979.52,88.1595,87.4333,78.9218,2.50327,2.50143,7381.06,388553,12808.8,2.87198,0,0,388553,1.1934,0.299743,5320.64,74.3833,7803.57,7381.06,1.1806,0
01:11:15:01:13:54,8979.23,8980.09,88.1287,87.5027,79.1416,2.50095,2.50144,7382.38,388691,12802.5,2.86141,0,0,388691,1.1806,0.299983,5314.35,74.4,7805.04,7382.38,1.17571,0
01:11:15:01:13:55,8984.95,8985.52,88.1126,87.6282,79.116,2.50033,2.50144,7383.7,388830,12808.2,2.85876,0,0,388830,1.17952,0.29797,5320.07,74.4167,7806.51,7383.7,1.18493,0
01:11:15:01:13:56,8994.96,8984.38,88.1237,87.5694,79.0922,2.50322,2.50145,7385.02,388968,12818.2,2.90511,0,0,388968,1.18493,0.29892,5330.09,74.4333,7807.98,7385.02,1.1877,0
01:11:15:01:13:57,8987.24,9004.98,88.0952,87.5868,79.1049,2.50236,2.50145,7386.34,389107,12810.5,2.92105,0,0,389107,1.19219,0.298536,5322.36,74.45,7809.45,7386.34,1.1877,0
01:11:15:01:13:58,8992.68,8987.24,87.6559,87.5561,79.0825,2.50138,2.50146,7387.65,389245,12815.9,2.86009,0,0,389245,1.19281,0.298982,5327.8,74.4667,7810.91,7387.65,1.19316,0
01:11:15:01:13:59,8996.68,9005.26,88.0035,87.6082,78.6861,2.50199,2.50146,7388.97,389384,12819.9,2.85612,0,0,389384,1.19438,0.299943,5331.8,74.4833,7812.38,7388.97,1.19327,0
01:11:15:01:14:00,8996.68,8996.68,88.0761,87.6923,78.9994,2.5016,2.50146,7390.28,389522,12819.9,2.86141,0,0,389522,1.19307,0.300821,5331.8,74.5,7813.84,7390.28,1.19448,0
01:11:15:01:14:01,8987.81,8994.39,87.9187,87.6976,79.0633,2.50202,2.50147,7391.6,389660,12811.1,2.8416,0,0,389660,1.19733,0.300199,5322.93,74.5167,7815.31,7391.6,1.19776,0
01:11:15:01:14:02,9003.26,9004.98,87.9974,87.7096,78.9183,2.50316,2.50147,7392.92,389798,12826.5,2.79949,0,0,389798,1.19329,0.299387,5338.38,74.5333,7816.77,7392.92,1.199,0
01:11:15:01:14:03,8997.25,8994.11,87.8797,87.7003,78.9944,2.50146,2.50147,7394.23,389937,12820.5,2.83238,0,0,389937,1.19443,0.299426,5332.38,74.55,7818.24,7394.23,1.19443,0
01:11:15:01:14:04,9003.55,9008.7,88.0389,87.7163,78.8868,2.50207,2.50148,7395.55,390075,12826.8,2.83501,0,0,390075,1.20247,0.30382,5338.67,74.5667,7819.71,7395.55,1.20068,0
01:11:15:01:14:05,9008.98,9000.4,88.188,87.6295,79.0309,2.50169,2.50148,7396.86,390213,12832.2,2.82711,0,0,390213,1.20005,0.308407,5344.11,74.5833,7821.17,7396.86,1.20005,0
01:11:15:01:14:06,9010.41,9008.41,88.0176,87.8512,79.1685,2.50056,2.50148,7398.18,390352,12833.7,2.87992,0,0,390352,1.19326,0.312988,5345.54,74.6,7822.64,7398.18,1.19687,0
01:11:15:01:14:07,9021.86,9017.57,87.7504,87.8191,79.0114,2.50181,2.50148,7399.5,390490,12845.1,2.85876,0,0,390490,1.18534,0.313508,5356.98,74.6167,7824.11,7399.5,1.19156,0
01:11:15:01:14:08,9002.4,9015.56,87.9493,87.8485,78.7732,2.50129,2.50149,7400.82,390629,12825.7,2.83238,0,0,390629,1.1788,0.316836,5337.53,74.6333,7825.57,7400.82,1.18151,0
01:11:15:01:14:09,9023.86,9013.56,87.9307,87.8191,78.9429,2.50405,2.50149,7402.13,390767,12847.1,2.83369,0,0,390767,1.18803,0.316891,5358.98,74.65,7827.04,7402.13,1.18204,0
01:11:15:01:14:10,9011.56,9007.27,87.9455,87.8699,78.9293,2.50307,2.50149,7403.45,390905,12834.8,2.82579,0,0,390905,1.21007,0.313409,5346.68,74.6667,7828.5,7403.45,1.20522,0
01:11:15:01:14:11,9024.15,9019.86,87.8716,87.9166,78.9485,2.50125,2.5015,7404.76,391043,12847.4,2.81789,0,0,391043,1.21933,0.311121,5359.27,74.6833,7829.97,7404.76,1.21649,0
01:11:15:01:14:12,9021,9007.55,87.7561,87.8084,78.8762,2.50308,2.5015,7406.08,391181,12844.3,2.77457,0,0,391181,1.22198,0.308379,5356.12,74.7,7831.43,7406.08,1.22125,0
01:11:15:01:14:13,9005.55,9013.28,87.8722,87.9072,78.7764,2.5019,2.5015,7407.39,391320,12828.8,2.81263,0,0,391320,1.21527,0.305078,5340.67,74.7167,7832.9,7407.39,1.21904,0
01:11:15:01:14:14,9024.72,9002.12,87.768,87.8699,78.8816,2.50158,2.50151,7408.7,391458,12848,2.85084,0,0,391458,1.21014,0.304601,5359.84,74.7333,7834.36,7408.7,1.21014,0
01:11:15:01:14:15,9004.12,9003.83,87.6272,87.8712,78.7898,2.50104,2.50151,7410.02,391596,12827.4,2.90644,0,0,391596,1.19515,0.305126,5339.24,74.75,7835.82,7410.02,1.19904,0
01:11:15:01:14:16,9009.27,9000.12,87.6863,87.8004,78.6598,2.50219,2.50152,7411.33,391734,12832.5,2.90776,0,0,391734,1.18949,0.305403,5344.39,74.7667,7837.28,7411.33,1.18949,0
01:11:15:01:14:17,9000.12,8988.1,87.7146,87.7724,78.7145,2.50167,2.50152,7412.64,391872,12823.4,2.83501,0,0,391872,1.19913,0.303258,5335.24,74.7833,7838.74,7412.64,1.19421,0
01:11:15:01:14:18,9005.55,8993.82,87.785,87.9152,78.7427,2.5008,2.50152,7413.95,392009,12828.8,2.80212,0,0,392009,1.2148,0.296804,5340.67,74.8,7840.21,7413.95,1.20697,0
01:11:15:01:14:19,9001.55,8986.1,87.3553,87.9513,78.8006,2.50242,2.50153,7415.27,392147,12824.8,2.78768,0,0,392147,1.21693,0.290298,5336.67,74.8167,7841.67,7415.27,1.21979,0
01:11:15:01:14:20,9003.55,9000.69,87.5112,87.8418,78.4147,2.50247,2.50153,7416.58,392285,12826.8,2.73665,0,0,392285,1.2068,0.287963,5338.67,74.8333,7843.12,7416.58,1.2155,0
01:11:15:01:14:21,9017.28,8995.25,87.4544,87.8538,78.554,2.50269,2.50154,7417.89,392423,12840.5,2.75886,0,0,392423,1.18212,0.290411,5352.4,74.85,7844.58,7417.89,1.1923,0
01:11:15:01:14:22,9013.85,9017.85,87.6082,87.8779,78.5017,2.50309,2.50154,7419.19,392560,12837.1,2.77064,0,0,392560,1.17841,0.293971,5348.97,74.8667,7846.04,7419.19,1.17496,0
01:11:15:01:14:23,9021.57,9004.98,87.514,87.9646,78.6463,2.50106,2.50155,7420.5,392698,12844.8,2.79818,0,0,392698,1.1765,0.298355,5356.7,74.8833,7847.5,7420.5,1.1765,0
01:11:15:01:14:24,9008.98,9010.7,87.7863,87.8218,78.5532,2.50374,2.50155,7421.81,392836,12832.2,2.80343,0,0,392836,1.1884,0.299552,5344.11,74.9,7848.96,7421.81,1.18155,0
01:11:15:01:14:25,9023.58,9020.71,87.6246,87.8738,78.8091,2.50017,2.50156,7423.13,392973,12846.8,2.82842,0,0,392973,1.19258,0.302178,5358.7,74.9167,7850.42,7423.13,1.19258,0
01:11:15:01:14:26,9018.43,9008.7,87.5155,87.9046,78.658,2.50202,2.50156,7424.44,393111,12841.7,2.82711,0,0,393111,1.20399,0.300518,5353.55,74.9333,7851.88,7424.44,1.19772,0
01:11:15:01:14:27,9022.43,9032.16,87.7113,87.9793,78.5614,2.50159,2.50157,7425.75,393249,12845.7,2.83896,0,0,393249,1.2027,0.301615,5357.55,74.95,7853.34,7425.75,1.20676,0
01:11:15:01:14:28,9018.71,9011.84,87.6343,87.8605,78.7335,2.50275,2.50157,7427.06,393387,12842,2.7903,0,0,393387,1.20742,0.303037,5353.83,74.9667,7854.8,7427.06,1.20835,0
01:11:15:01:14:29,9026.44,9021.57,87.46,87.8351,78.6691,2.50124,2.50158,7428.37,393524,12849.7,2.75494,0,0,393524,1.20276,0.298012,5361.56,74.9833,7856.26,7428.37,1.20438,0
01:11:15:01:14:30,9028.72,9028.44,87.7033,87.8979,78.5134,2.50103,2.50159,7429.68,393662,12852,2.7654,0,0,393662,1.19704,0.296716,5363.85,75,7857.72,7429.68,1.1978,0
01:11:15:01:14:31,9021.86,9027.01,87.5898,87.978,78.7329,2.50069,2.50159,7430.99,393800,12845.1,2.76017,0,0,393800,1.20304,0.299515,5356.98,75.0167,7859.18,7430.99,1.19861,0
01:11:15:01:14:32,9038.74,9036.45,87.5503,87.9326,78.6239,2.50292,2.5016,7432.3,393937,12862,2.75232,0,0,393937,1.21329,0.297934,5373.86,75.0333,7860.64,7432.3,1.21329,0
01:11:15:01:14:33,9030.16,9028.72,87.4485,87.7564,78.5835,2.50442,2.50161,7433.61,394075,12853.4,2.81,0,0,394075,1.21695,0.301166,5365.28,75.05,7862.1,7433.61,1.21655,0
01:11:15:01:14:34,9035.02,9035.59,87.5437,87.7377,78.4944,2.50371,2.50161,7434.92,394213,12858.3,2.81921,0,0,394213,1.21695,0.300147,5370.14,75.0667,7863.56,7434.92,1.21026,0
01:11:15:01:14:35,9017.28,9019.86,87.5839,87.7764,78.5837,2.50252,2.50162,7436.23,394351,12840.5,2.78768,0,0,394351,1.21026,0.300856,5352.4,75.0833,7865.02,7436.23,1.20025,0
01:11:15:01:14:36,9000.69,9018.43,87.5448,87.7897,78.6201,2.50242,2.50163,7437.54,394488,12823.9,2.81,0,0,394488,1.19976,0.299644,5335.81,75.1,7866.48,7437.54,1.19974,0
01:11:15:01:14:37,9017.57,9004.98,87.45,87.7604,78.5846,2.50256,2.50163,7438.85,394626,12840.8,2.85744,0,0,394626,1.19972,0.299556,5352.69,75.1167,7867.94,7438.85,1.20678,0
01:11:15:01:14:38,8979.23,8998.4,87.2686,87.763,78.5025,2.50163,2.50164,7440.16,394764,12802.5,2.84029,0,0,394764,1.20895,0.301311,5314.35,75.1333,7869.39,7440.16,1.2105,0
01:11:15:01:14:39,8983.23,8977.8,87.3982,87.7377,78.3361,2.50275,2.50165,7441.47,394901,12806.5,2.82579,0,0,394901,1.20141,0.299025,5318.36,75.15,7870.85,7441.47,1.19219,0
01:11:15:01:14:40,8964.35,8970.36,87.5705,87.8365,78.4601,2.50035,2.50166,7442.77,395038,12787.6,2.80474,0,0,395038,1.18002,0.299984,5299.47,75.1667,7872.31,7442.77,1.18002,0
01:11:15:01:14:41,8962.64,8969.79,87.3166,87.8925,78.6082,2.50241,2.50167,7444.08,395176,12785.9,2.81132,0,0,395176,1.17245,0.300776,5297.76,75.1833,7873.76,7444.08,1.17506,0
01:11:15:01:14:42,8953.48,8954.63,87.209,87.6629,78.381,2.50217,2.50167,7445.39,395313,12776.7,2.79686,0,0,395313,1.17624,0.298353,5288.6,75.2,7875.22,7445.39,1.17731,0
01:11:15:01:14:43,8953.48,8959.77,87.2832,87.6936,78.2813,2.50312,2.50168,7446.69,395451,12776.7,2.86669,0,0,395451,1.17994,0.300912,5288.6,75.2167,7876.67,7446.69,1.18497,0
01:11:15:01:14:44,8950.62,8940.03,87.3096,87.5507,78.3464,2.50361,2.50169,7448,395588,12773.9,2.90909,0,0,395588,1.18899,0.300929,5285.74,75.2333,7878.13,7448,1.19022,0
01:11:15:01:14:45,8950.33,8951.76,87.3563,87.5387,78.3717,2.5031,2.5017,7449.31,395725,12773.6,2.85612,0,0,395725,1.19155,0.298267,5285.46,75.25,7879.58,7449.31,1.18958,0
01:11:15:01:14:46,8947.19,8947.47,87.2197,87.4466,78.4133,2.5032,2.50171,7450.61,395863,12770.4,2.82842,0,0,395863,1.18958,0.299667,5282.31,75.2667,7881.04,7450.61,1.19124,0
01:11:15:01:14:47,8939.46,8935.46,87.1992,87.5734,78.2965,2.50136,2.50172,7451.92,396000,12762.7,2.78374,0,0,396000,1.19387,0.29867,5274.58,75.2833,7882.49,7451.92,1.20638,0
01:11:15:01:14:48,8952.62,8942.89,87.4623,87.5254,78.2679,2.5046,2.50172,7453.22,396137,12775.9,2.83633,0,0,396137,1.20638,0.299985,5287.75,75.3,7883.95,7453.22,1.2054,0
01:11:15:01:14:49,8928.88,8925.73,87.3714,87.5921,78.5099,2.50274,2.50173,7454.53,396274,12752.1,2.77588,0,0,396274,1.20664,0.300699,5264,75.3167,7885.4,7454.53,1.20385,0
01:11:15:01:14:50,8914.57,8933.45,87.4602,87.6188,78.4321,2.50158,2.50174,7455.84,396412,12737.8,2.7471,0,0,396412,1.20154,0.298179,5249.7,75.3333,7886.86,7455.84,1.20448,0
01:11:15:01:14:51,8912.28,8907.13,87.1968,87.6135,78.5085,2.50258,2.50175,7457.15,396549,12735.5,2.7785,0,0,396549,1.20521,0.299423,5247.41,75.35,7888.32,7457.15,1.21048,0
01:11:15:01:14:52,8907.42,8915.71,87.4088,87.6242,78.269,2.50356,2.50176,7458.45,396687,12730.7,2.77981,0,0,396687,1.21323,0.298594,5242.54,75.3667,7889.77,7458.45,1.21434,0
01:11:15:01:14:53,8915.71,8905.99,87.2618,87.6188,78.4587,2.50372,2.50177,7459.76,396824,12739,2.78768,0,0,396824,1.21434,0.300985,5250.84,75.3833,7891.23,7459.76,1.21434,0
01:11:15:01:14:54,8890.82,8897.12,87.2614,87.4426,78.325,2.50427,2.50178,7461.06,396961,12714.1,2.81658,0,0,396961,1.19883,0.30038,5225.95,75.4,7892.68,7461.06,1.20638,0
01:11:15:01:14:55,8895.69,8887.39,87.2304,87.516,78.331,2.50231,2.50179,7462.37,397099,12718.9,2.83501,0,0,397099,1.19435,0.298778,5230.81,75.4167,7894.14,7462.37,1.19435,0
01:11:15:01:14:56,8889.11,8882.81,87.1538,87.516,78.2967,2.50434,2.5018,7463.68,397236,12712.4,2.84688,0,0,397236,1.19327,0.299652,5224.23,75.4333,7895.59,7463.68,1.19244,0
01:11:15:01:14:57,8901.98,8897.69,87.2938,87.4199,78.2328,2.5028,2.5018,7464.98,397373,12725.2,2.8548,0,0,397373,1.19591,0.298398,5237.11,75.45,7897.04,7464.98,1.19395,0
01:11:15:01:14:58,8892.83,8874.52,87.2902,87.3692,78.3576,2.50307,2.50181,7466.29,397510,12716.1,2.87463,0,0,397510,1.19981,0.300167,5227.96,75.4667,7898.5,7466.29,1.19886,0
01:11:15:01:14:59,8898.55,8891.11,87.3521,87.3251,78.3549,2.50293,2.50182,7467.59,397647,12721.8,2.85084,0,0,397647,1.207,0.298352,5233.68,75.4833,7899.95,7467.59,1.20289,0
01:11:15:01:15:00,8899.98,8876.23,87.3521,87.2931,78.4094,2.50324,2.50183,7468.9,397785,12723.2,2.81921,0,0,397785,1.2076,0.299717,5235.11,75.5,7901.41,7468.9,1.2088,0
01:11:15:01:15:01,8886.82,8885.67,87.2682,87.3291,78.4142,2.50173,2.50184,7470.2,397922,12710.1,2.84292,0,0,397922,1.19826,0.29895,5221.95,75.5167,7902.86,7470.2,1.20434,0
01:11:15:01:15:02,8905.99,8882.81,87.2682,87.4333,78.3466,2.49937,2.50185,7471.51,398059,12729.3,2.82711,0,0,398059,1.18576,0.300687,5241.12,75.5333,7904.32,7471.51,1.18576,0
01:11:15:01:15:03,8891.97,8886.82,87.3939,87.3785,78.3388,2.5018,2.50186,7472.82,398197,12715.2,2.84292,0,0,398197,1.1738,0.299095,5227.1,75.55,7905.77,7472.82,1.17463,0
01:11:15:01:15:04,8906.85,8897.12,87.4329,87.3932,78.4582,2.49975,2.50187,7474.12,398334,12730.1,2.80343,0,0,398334,1.18339,0.299721,5241.98,75.5667,7907.23,7474.12,1.18339,0
01:11:15:01:15:05,8893.11,8895.12,87.2959,87.3852,78.4804,2.50372,2.50188,7475.43,398471,12716.4,2.78637,0,0,398471,1.20561,0.29906,5228.25,75.5833,7908.69,7475.43,1.19615,0
01:11:15:01:15:06,8903.99,8898.55,87.2336,87.2624,78.3603,2.5028,2.50188,7476.74,398608,12727.3,2.74971,0,0,398608,1.21204,0.299056,5239.12,75.6,7910.14,7476.74,1.20839,0
01:11:15:01:15:07,8911.14,8895.4,87.2408,87.3024,78.3008,2.50394,2.50189,7478.04,398746,12734.4,2.68069,0,0,398746,1.20596,0.299501,5246.27,75.6167,7911.59,7478.04,1.20596,0
01:11:15:01:15:08,8911.14,8918.29,87.3474,87.2757,78.3113,2.50269,2.5019,7479.35,398883,12734.4,2.63021,0,0,398883,1.1952,0.29793,5246.28,75.6333,7913.05,7479.35,1.1952,0
01:11:15:01:15:09,8931.17,8904.84,87.2166,87.3024,78.4093,2.50197,2.50191,7480.65,399020,12754.4,2.61215,0,0,399020,1.19805,0.298968,5266.3,75.65,7914.5,7480.65,1.19366,0
01:11:15:01:15:10,8918.58,8915.43,87.4461,87.245,78.2911,2.50221,2.50192,7481.96,399158,12741.8,2.62634,0,0,399158,1.20796,0.298781,5253.71,75.6667,7915.96,7481.96,1.20506,0
01:11:15:01:15:11,8936.31,8916.29,86.9824,87.1916,78.5017,2.50076,2.50193,7483.27,399295,12759.6,2.64313,0,0,399295,1.21308,0.30022,5271.45,75.6833,7917.41,7483.27,1.2146,0
01:11:15:01:15:12,8931.45,8911.42,87.3711,87.2437,78.0832,2.50147,2.50193,7484.57,399432,12754.7,2.721,0,0,399432,1.20716,0.298932,5266.59,75.7,7918.87,7484.57,1.21106,0
01:11:15:01:15:13,8934.6,8938.6,87.4311,87.2423,78.4303,2.50207,2.50194,7485.88,399569,12757.9,2.73795,0,0,399569,1.19159,0.300992,5269.74,75.7167,7920.32,7485.88,1.19436,0
01:11:15:01:15:14,8931.17,8916.86,87.282,87.2356,78.4858,2.50152,2.50195,7487.18,399706,12754.4,2.70277,0,0,399706,1.20014,0.299635,5266.31,75.7333,7921.78,7487.18,1.19173,0
01:11:15:01:15:15,8931.74,8931.45,87.3743,87.2276,78.3506,2.50194,2.50196,7488.49,399844,12755,2.70928,0,0,399844,1.19954,0.298687,5266.88,75.75,7923.23,7488.49,1.19954,0
01:11:15:01:15:16,8932.02,8921.72,87.3491,87.253,78.4329,2.50214,2.50196,7489.8,399981,12755.3,2.74318,0,0,399981,1.20377,0.298584,5267.17,75.7667,7924.69,7489.8,1.20349,0
01:11:15:01:15:17,8918.29,8923.44,87.3566,87.3905,78.4092,2.50248,2.50197,7491.1,400118,12741.6,2.77064,0,0,400118,1.20681,0.299274,5253.43,75.7833,7926.15,7491.1,1.20681,0
01:11:15:01:15:18,8937.17,8927.45,87.3265,87.3478,78.4145,2.50292,2.50198,7492.41,400256,12760.4,2.7785,0,0,400256,1.20958,0.298437,5272.32,75.8,7927.6,7492.41,1.20961,0
01:11:15:01:15:19,8919.72,8931.45,87.3171,87.2957,78.386,2.50335,2.50198,7493.72,400393,12743,2.81,0,0,400393,1.2101,0.299249,5254.87,75.8167,7929.06,7493.72,1.21102,0
01:11:15:01:15:20,8940.03,8932.02,87.2365,87.3932,78.3852,2.50099,2.50199,7495.02,400530,12763.3,2.78637,0,0,400530,1.19708,0.299572,5275.18,75.8333,7930.51,7495.02,1.20308,0
01:11:15:01:15:21,8926.87,8929.73,87.2897,87.5561,78.3076,2.50264,2.502,7496.33,400668,12750.1,2.77195,0,0,400668,1.18803,0.299846,5262.02,75.85,7931.97,7496.33,1.19051,0
01:11:15:01:15:22,8944.04,8947.47,87.4943,87.4279,78.3523,2.5036,2.502,7497.64,400805,12767.3,2.79161,0,0,400805,1.17854,0.301006,5279.19,75.8667,7933.42,7497.64,1.17836,0
01:11:15:01:15:23,8951.19,8935.74,87.4713,87.4519,78.5362,2.50351,2.50201,7498.94,400942,12774.5,2.84029,0,0,400942,1.1865,0.300792,5286.34,75.8833,7934.88,7498.94,1.17879,0
01:11:15:01:15:24,8938.32,8947.76,87.2575,87.3879,78.5172,2.503,2.50201,7500.25,401080,12761.6,2.89714,0,0,401080,1.20104,0.299849,5273.47,75.9,7936.34,7500.25,1.20104,0
01:11:15:01:15:25,8959.77,8947.19,87.2067,87.468,78.3258,2.50282,2.50202,7501.56,401217,12783.1,2.93968,0,0,401217,1.20796,0.29903,5294.92,75.9167,7937.79,7501.56,1.20953,0
01:11:15:01:15:26,8953.19,8947.47,87.2881,87.5347,78.2816,2.50242,2.50203,7502.86,401355,12776.5,2.95033,0,0,401355,1.2042,0.299958,5288.34,75.9333,7939.24,7502.86,1.2042,0
01:11:15:01:15:27,8969.22,8960.63,87.176,87.4226,78.3526,2.50304,2.50203,7504.17,401492,12792.5,2.97035,0,0,401492,1.19647,0.299972,5304.37,75.95,7940.7,7504.17,1.197,0
01:11:15:01:15:28,8948.04,8946.61,87.3922,87.3985,78.2517,2.50312,2.50204,7505.47,401629,12771.3,2.99041,0,0,401629,1.19501,0.299205,5283.2,75.9667,7942.15,7505.47,1.19395,0
01:11:15:01:15:29,8950.62,8955.77,87.4547,87.3798,78.4475,2.50261,2.50204,7506.78,401766,12773.9,3.00246,0,0,401766,1.19613,0.29926,5285.77,75.9833,7943.61,7506.78,1.19422,0
01:11:15:01:15:30,8964.92,8946.04,87.3695,87.1983,78.5016,2.5032,2.50205,7508.09,401903,12788.2,2.96367,0,0,401903,1.19671,0.299942,5300.08,76,7945.07,7508.09,1.19572,0
01:11:15:01:15:31,8961.78,8965.78,87.388,87.2103,78.4285,2.50217,2.50205,7509.4,402041,12785.1,3.02527,0,0,402041,1.19754,0.299735,5296.93,76.0167,7946.52,7509.4,1.19754,0
01:11:15:01:15:32,8973.51,8953.48,87.4319,87.2877,78.447,2.50156,2.50205,7510.7,402178,12796.8,3.00246,0,0,402178,1.20232,0.29921,5308.66,76.0333,7947.98,7510.7,1.2008,0
01:11:15:01:15:33,8958.92,8965.5,87.2835,87.3652,78.484,2.50232,2.50206,7512.01,402316,12782.2,3.00917,0,0,402316,1.20232,0.299972,5294.07,76.05,7949.44,7512.01,1.20296,0
01:11:15:01:15:34,8985.24,8962.64,87.1999,87.3384,78.351,2.50223,2.50206,7513.32,402453,12808.5,2.97169,0,0,402453,1.20296,0.300233,5320.39,76.0667,7950.89,7513.32,1.19852,0
01:11:15:01:15:35,8968.36,8958.34,87.2054,87.3531,78.2743,2.50278,2.50207,7514.62,402591,12791.6,2.9864,0,0,402591,1.19376,0.300744,5303.51,76.0833,7952.34,7514.62,1.19161,0
01:11:15:01:15:36,8975.22,8968.07,87.1734,87.3077,78.2792,2.5028,2.50207,7515.93,402728,12798.5,2.97569,0,0,402728,1.18878,0.300323,5310.38,76.1,7953.8,7515.93,1.19151,0
01:11:15:01:15:37,8976.08,8952.62,87.3823,87.4172,78.2521,2.50225,2.50207,7517.23,402865,12799.4,2.94767,0,0,402865,1.19715,0.300387,5311.24,76.1167,7955.25,7517.23,1.20473,0
01:11:15:01:15:38,8979.52,8975.8,87.345,87.3598,78.4351,2.50366,2.50207,7518.54,403002,12802.8,2.9277,0,0,403002,1.20979,0.30057,5314.67,76.1333,7956.71,7518.54,1.22571,0
01:11:15:01:15:39,8984.38,8959.77,87.5831,87.3411,78.4029,2.50326,2.50208,7519.84,403139,12807.7,2.949,0,0,403139,1.22551,0.30059,5319.54,76.15,7958.17,7519.84,1.22083,0
01:11:15:01:15:40,8979.23,8968.93,87.3029,87.4346,78.6194,2.50242,2.50208,7521.15,403277,12802.5,2.89317,0,0,403277,1.21686,0.300858,5314.39,76.1667,7959.62,7521.15,1.19992,0
01:11:15:01:15:41,8990.39,8969.5,87.2938,87.3171,78.367,2.5027,2.50208,7522.46,403414,12813.7,2.80212,0,0,403414,1.19826,0.298285,5325.55,76.1833,7961.08,7522.46,1.19519,0
01:11:15:01:15:42,8980.95,8979.8,87.3071,87.3425,78.3618,2.50177,2.50208,7523.77,403552,12804.2,2.78112,0,0,403552,1.19125,0.299147,5316.11,76.2,7962.53,7523.77,1.19212,0
01:11:15:01:15:43,8991.25,8987.24,87.5136,87.3985,78.3699,2.50299,2.50208,7525.07,403689,12814.5,2.78243,0,0,403689,1.19703,0.297889,5326.41,76.2167,7963.99,7525.07,1.19634,0
01:11:15:01:15:44,8976.65,8963.78,87.3355,87.3732,78.5572,2.50236,2.50209,7526.38,403826,12799.9,2.81263,0,0,403826,1.19862,0.299192,5311.82,76.2333,7965.45,7526.38,1.20225,0
01:11:15:01:15:45,8992.1,8981.52,87.0494,87.3064,78.3914,2.50421,2.50209,7527.69,403964,12815.4,2.89052,0,0,403964,1.20225,0.297773,5327.27,76.25,7966.9,7527.69,1.206,0
01:11:15:01:15:46,8975.22,8968.36,87.1959,87.1982,78.1335,2.50455,2.50209,7528.99,404101,12798.5,2.89317,0,0,404101,1.20674,0.299849,5310.39,76.2667,7968.35,7528.99,1.20117,0
01:11:15:01:15:47,8975.22,8971.5,87.3911,87.1061,78.2718,2.50245,2.50209,7530.3,404238,12798.5,2.91175,0,0,404238,1.20117,0.300573,5310.39,76.2833,7969.81,7530.3,1.20049,0
01:11:15:01:15:48,8987.81,8969.22,87.151,86.9553,78.4455,2.50292,2.50209,7531.6,404375,12811.1,2.8998,0,0,404375,1.20158,0.300484,5322.98,76.3,7971.26,7531.6,1.20065,0
01:11:15:01:15:49,8972.94,8974.37,87.3947,86.9392,78.2296,2.50302,2.50209,7532.91,404513,12796.2,2.88125,0,0,404513,1.19941,0.299348,5308.1,76.3167,7972.72,7532.91,1.19499,0
01:11:15:01:15:50,8980.66,8961.21,87.1441,87.0047,78.4518,2.50194,2.50209,7534.21,404650,12804,2.86669,0,0,404650,1.19264,0.300082,5315.83,76.3333,7974.17,7534.21,1.1928,0
01:11:15:01:15:51,8978.08,8975.51,87.2514,86.9659,78.2221,2.50345,2.50209,7535.52,404787,12801.4,2.86141,0,0,404787,1.19286,0.298508,5313.26,76.35,7975.62,7535.52,1.20025,0
01:11:15:01:15:52,8984.38,8974.08,86.9804,86.8738,78.3185,2.50341,2.50209,7536.82,404924,12807.7,2.85876,0,0,404924,1.19771,0.299857,5319.55,76.3667,7977.08,7536.82,1.20025,0
01:11:15:01:15:53,8987.81,8976.65,87.1524,86.9953,78.0732,2.50406,2.50209,7538.13,405062,12811.1,2.87066,0,0,405062,1.20118,0.30058,5322.99,76.3833,7978.53,7538.13,1.19884,0
01:11:15:01:15:54,8998.68,8994.68,86.9925,86.9566,78.228,2.5039,2.50209,7539.43,405199,12822,2.85876,0,0,405199,1.19517,0.300919,5333.86,76.4,7979.98,7539.43,1.19517,0
01:11:15:01:15:55,8997.25,8982.09,87.2673,87.0461,78.0885,2.50264,2.50209,7540.73,405336,12820.6,2.8892,0,0,405336,1.18613,0.301896,5332.43,76.4167,7981.43,7540.73,1.18657,0
01:11:15:01:15:56,9000.69,9000.12,87.2449,87.1061,78.3402,2.5011,2.50209,7542.04,405473,12824,2.90245,0,0,405473,1.18567,0.300854,5335.87,76.4333,7982.88,7542.04,1.18567,0
01:11:15:01:15:57,9006.12,8988.67,87.0756,87.1649,78.313,2.50331,2.50209,7543.34,405610,12829.4,2.85348,0,0,405610,1.20248,0.296875,5341.3,76.45,7984.34,7543.34,1.19893,0
01:11:15:01:15:58,8993.82,8998.11,87.0334,87.2356,78.1634,2.50255,2.50208,7544.64,405747,12817.1,2.83765,0,0,405747,1.20882,0.295521,5329,76.4667,7985.79,7544.64,1.209,0
01:11:15:01:15:59,9011.84,8994.11,87.0525,87.2129,78.1242,2.50299,2.50208,7545.95,405884,12835.2,2.8548,0,0,405884,1.20746,0.295417,5347.03,76.4833,7987.24,7545.95,1.20882,0
01:11:15:01:16:00,8994.68,8995.54,87.1492,87.2824,78.1452,2.50178,2.50208,7547.25,406021,12818,2.90511,0,0,406021,1.20404,0.294781,5329.86,76.5,7988.69,7547.25,1.2044,0
01:11:15:01:16:01,9022.43,9009.84,86.8699,87.285,78.2267,2.50343,2.50208,7548.55,406158,12845.7,2.84029,0,0,406158,1.19898,0.293629,5357.62,76.5167,7990.14,7548.55,1.19917,0
01:11:15:01:16:02,9002.12,8997.25,87.0931,87.2183,77.9764,2.5033,2.50208,7549.85,406294,12825.4,2.86272,0,0,406294,1.1991,0.29263,5337.31,76.5333,7991.59,7549.85,1.19958,0
01:11:15:01:16:03,9010.41,9001.83,87.2162,87.1569,78.1773,2.50314,2.50208,7551.15,406431,12833.7,2.87992,0,0,406431,1.20108,0.289186,5345.6,76.55,7993.04,7551.15,1.20108,0
01:11:15:01:16:04,9021.29,9004.12,86.8506,87.0047,78.2879,2.50309,2.50207,7552.46,406568,12844.6,2.89847,0,0,406568,1.21401,0.287221,5356.48,76.5667,7994.49,7552.46,1.20687,0
01:11:15:01:16:05,9003.55,9013.56,86.8881,87.0461,77.9607,2.50279,2.50207,7553.76,406705,12826.9,2.90245,0,0,406705,1.22434,0.287247,5338.74,76.5833,7995.94,7553.76,1.22001,0
01:11:15:01:16:06,9017.85,9001.55,86.8666,86.8925,77.9916,2.50365,2.50207,7555.06,406842,12841.2,2.90112,0,0,406842,1.21982,0.287428,5353.05,76.6,7997.39,7555.06,1.22496,0
01:11:15:01:16:07,8997.25,8986.67,87.1285,86.8298,77.9721,2.50373,2.50207,7556.36,406979,12820.6,2.8998,0,0,406979,1.21625,0.28847,5332.45,76.6167,7998.84,7556.36,1.21982,0
01:11:15:01:16:08,9008.41,8997.54,87.185,86.9299,78.2102,2.50278,2.50206,7557.66,407115,12831.7,2.8786,0,0,407115,1.19498,0.289574,5343.61,76.6333,8000.29,7557.66,1.20297,0
01:11:15:01:16:09,9001.55,8988.96,86.831,86.9018,78.2649,2.50155,2.50206,7558.97,407252,12824.9,2.85216,0,0,407252,1.18995,0.289924,5336.74,76.65,8001.74,7558.97,1.19115,0
01:11:15:01:16:10,8990.39,9001.26,87.0365,86.9766,77.9461,2.50185,2.50206,7560.27,407389,12813.7,2.83369,0,0,407389,1.20051,0.291731,5325.59,76.6667,8003.19,7560.27,1.19694,0
01:11:15:01:16:11,9006.41,8987.24,86.809,86.9499,78.1244,2.50377,2.50206,7561.57,407526,12829.7,2.76671,0,0,407526,1.20846,0.295344,5341.61,76.6833,8004.64,7561.57,1.20524,0
01:11:15:01:16:12,8999.26,9010.7,86.6083,86.8671,77.9161,2.50505,2.50205,7562.87,407663,12822.6,2.80606,0,0,407663,1.21079,0.29614,5334.46,76.7,8006.08,7562.87,1.21281,0
01:11:15:01:16:13,9011.56,9007.55,86.8037,86.7897,77.746,2.5019,2.50205,7564.17,407800,12834.9,2.83369,0,0,407800,1.20226,0.298763,5346.76,76.7167,8007.53,7564.17,1.2083,0
01:11:15:01:16:14,9001.55,9003.26,86.7333,86.759,77.916,2.50358,2.50205,7565.46,407936,12824.9,2.87463,0,0,407936,1.19692,0.300283,5336.75,76.7333,8008.97,7565.46,1.19692,0
01:11:15:01:16:15,9018.71,9010.99,86.465,86.8311,77.8578,2.50204,2.50205,7566.76,408072,12842,2.89847,0,0,408072,1.20351,0.300395,5353.92,76.75,8010.42,7566.76,1.20343,0
01:11:15:01:16:16,9015.85,9007.55,86.7222,86.8324,77.6147,2.50275,2.50205,7568.06,408209,12839.2,2.89317,0,0,408209,1.2061,0.302268,5351.06,76.7667,8011.86,7568.06,1.2061,0
01:11:15:01:16:17,9020.43,9013.85,86.6675,86.8938,77.8447,2.503,2.50204,7569.35,408345,12843.8,2.953,0,0,408345,1.20764,0.305056,5355.64,76.7833,8013.31,7569.35,1.20856,0
01:11:15:01:16:18,9027.58,9005.84,86.6675,86.8484,77.7988,2.502,2.50204,7570.65,408481,12850.9,2.945,0,0,408481,1.20637,0.303781,5362.79,76.8,8014.75,7570.65,1.20626,0
01:11:15:01:16:19,9027.29,9020.14,86.8784,86.8044,77.7946,2.50332,2.50204,7571.94,408617,12850.6,2.90378,0,0,408617,1.19187,0.303334,5362.5,76.8167,8016.2,7571.94,1.19888,0
01:11:15:01:16:20,9032.73,9009.27,86.7962,86.8311,77.9833,2.50353,2.50204,7573.24,408754,12856.1,2.93701,0,0,408754,1.18891,0.303906,5367.94,76.8333,8017.65,7573.24,1.18851,0
01:11:15:01:16:21,9012.99,9017.85,86.7377,86.7523,77.9099,2.50339,2.50203,7574.54,408890,12836.3,2.88257,0,0,408890,1.18724,0.302123,5348.2,76.85,8019.09,7574.54,1.18697,0
01:11:15:01:16:22,9027.58,9022.72,86.9013,86.7376,77.8616,2.50209,2.50203,7575.84,409027,12850.9,2.8548,0,0,409027,1.18205,0.301167,5362.79,76.8667,8020.54,7575.84,1.18576,0
01:11:15:01:16:23,9016.71,9008.98,86.6976,86.751,78.0069,2.50258,2.50203,7577.14,409163,12840.1,2.86141,0,0,409163,1.18174,0.300483,5351.92,76.8833,8021.98,7577.14,1.18174,0
01:11:15:01:16:24,9029.01,9030.73,86.7737,86.7269,77.8202,2.50379,2.50203,7578.44,409300,12852.4,2.86009,0,0,409300,1.18592,0.299171,5364.23,76.9,8023.43,7578.44,1.18434,0
01:11:15:01:16:25,9020.14,9011.27,86.8853,86.6375,77.8904,2.50319,2.50203,7579.74,409436,12843.5,2.86141,0,0,409436,1.18573,0.299234,5355.36,76.9167,8024.88,7579.74,1.18573,0
01:11:15:01:16:26,9030.73,9024.15,86.7326,86.6962,77.9884,2.50388,2.50202,7581.03,409573,12854.1,2.8733,0,0,409573,1.19215,0.298202,5365.95,76.9333,8026.32,7581.03,1.19118,0
01:11:15:01:16:27,9041.6,9025.01,86.5891,86.8484,77.8553,2.50262,2.50202,7582.33,409709,12864.9,2.85744,0,0,409709,1.19631,0.298281,5376.82,76.95,8027.77,7582.33,1.19344,0
01:11:15:01:16:28,9030.16,9032.44,86.6845,86.7296,77.7238,2.50348,2.50202,7583.63,409846,12853.5,2.85744,0,0,409846,1.19631,0.298399,5365.38,76.9667,8029.21,7583.63,1.20112,0
01:11:15:01:16:29,9045.32,9035.88,86.8577,86.7924,77.8064,2.50442,2.50202,7584.93,409982,12868.7,2.89582,0,0,409982,1.20621,0.299452,5380.54,76.9833,8030.66,7584.93,1.21019,0
01:11:15:01:16:30,9024.72,9028.15,86.5984,86.8258,77.9671,2.50279,2.50202,7586.22,410118,12848.1,2.91307,0,0,410118,1.21935,0.299155,5359.94,77,8032.1,7586.22,1.22861,0
01:11:15:01:16:31,9042.74,9035.31,86.7787,86.7857,77.7313,2.50372,2.50202,7587.52,410255,12866.1,2.84029,0,0,410255,1.23102,0.297922,5377.97,77.0167,8033.55,7587.52,1.23175,0
01:11:15:01:16:32,9023.86,9029.01,86.7752,86.8044,77.8941,2.50344,2.50201,7588.82,410391,12847.2,2.82316,0,0,410391,1.23015,0.299578,5359.09,77.0333,8035,7588.82,1.22142,0
01:11:15:01:16:33,9022.72,9027.87,86.7145,86.7897,76.3012,3.01289,2.50201,7590.1,410528,12846.1,2.85084,0,0,410528,1.21837,0.299054,5357.94,77.05,8036.44,7590.1,1.21837,0
01:11:15:01:16:34,9043.6,9019,86.7007,86.8258,76.2441,3.01409,2.50201,7591.38,410676,12867,2.8548,0,0,410676,1.21547,0.305333,5378.83,77.0667,8037.89,7591.38,1.21121,0
01:11:15:01:16:35,9031.59,9041.03,86.8059,86.9112,76.2371,3.01245,2.50201,7592.65,410837,12854.9,2.91573,0,0,410837,1.23517,0.306722,5366.82,77.0833,8039.33,7592.65,1.23517,0
01:11:15:01:16:36,9045.03,9028.15,86.6359,86.8979,76.3249,3.01396,2.50201,7593.92,410998,12868.4,2.92371,0,0,410998,1.23648,0.306447,5380.27,77.1,8040.78,7593.92,1.23648,0
01:11:15:01:16:37,9039.6,9038.17,86.7966,86.8071,76.177,3.01345,2.50201,7595.19,411159,12863,2.90245,0,0,411159,1.23569,0.306358,5374.83,77.1167,8042.22,7595.19,1.23111,0
01:11:15:01:16:38,9052.19,9045.89,86.6484,86.8057,76.3182,3.01348,2.50201,7596.46,411320,12875.5,2.91706,0,0,411320,1.22489,0.306556,5387.42,77.1333,8043.67,7596.46,1.21505,0
01:11:15:01:16:39,9046.75,9046.75,86.8152,86.7884,76.1898,3.01286,2.50201,7597.73,411481,12870.1,2.90112,0,0,411481,1.21505,0.304452,5381.98,77.15,8045.11,7597.73,1.20866,0
01:11:15:01:16:40,9044.46,9053.9,86.9062,86.6348,76.3349,3.0134,2.50201,7599,411642,12867.8,2.96101,0,0,411642,1.20792,0.302904,5379.7,77.1667,8046.56,7599,1.20471,0
01:11:15:01:16:41,9043.6,9035.59,86.8457,86.6161,76.4142,3.01362,2.50201,7600.27,411802,12867,2.92105,0,0,411802,1.20619,0.302185,5378.84,77.1833,8048.01,7600.27,1.20389,0
01:11:15:01:16:42,9057.05,9049.9,86.5007,86.4332,76.3591,3.01423,2.50201,7601.55,411964,12880.4,2.87066,0,0,411964,1.20041,0.30075,5392.29,77.2,8049.45,7601.55,1.19734,0
01:11:15:01:16:43,9046.18,9041.89,86.5967,86.5574,76.0608,3.01259,2.50201,7602.82,412125,12869.5,2.88257,0,0,412125,1.19141,0.299617,5381.42,77.2167,8050.9,7602.82,1.18198,0
01:11:15:01:16:44,9042.17,9040.46,86.8092,86.6068,76.1502,3.01095,2.50201,7604.08,412285,12865.5,2.87066,0,0,412285,1.18198,0.299975,5377.41,77.2333,8052.34,7604.08,1.18088,0
01:11:15:01:16:45,9052.19,9042.74,86.8462,86.6322,76.3282,3.01387,2.50201,7605.35,412446,12875.6,2.83106,0,0,412446,1.18065,0.299284,5387.43,77.25,8053.79,7605.35,1.19058,0
01:11:15:01:16:46,9041.03,9035.59,86.8341,86.5467,76.3632,3.01303,2.50201,7606.63,412607,12864.4,2.80737,0,0,412607,1.19058,0.29903,5376.27,77.2667,8055.24,7606.63,1.19635,0
01:11:15:01:16:47,9042.46,9051.04,86.8635,86.5747,76.3601,3.01055,2.50201,7607.9,412768,12865.8,2.85348,0,0,412768,1.19775,0.299225,5377.7,77.2833,8056.68,7607.9,1.20098,0
01:11:15:01:16:48,9037.88,9033.02,86.7736,86.5307,76.3777,3.01327,2.50201,7609.17,412929,12861.3,2.82711,0,0,412929,1.20712,0.299625,5373.13,77.3,8058.13,7609.17,1.21493,0
01:11:15:01:16:49,9041.03,9044.75,86.8788,86.564,76.2991,3.01313,2.50201,7610.45,413090,12864.4,2.82842,0,0,413090,1.22097,0.299881,5376.27,77.3167,8059.58,7610.45,1.22484,0
01:11:15:01:16:50,9049.9,9038.45,86.8606,86.6468,76.3936,3.01247,2.50201,7611.72,413251,12873.2,2.85084,0,0,413251,1.22503,0.299719,5385.1,77.3333,8061.03,7611.72,1.22841,0
01:11:15:01:16:51,9046.46,9045.03,86.9066,86.6241,76.3802,3.01163,2.50201,7612.99,413412,12869.8,2.85216,0,0,413412,1.23079,0.299477,5381.64,77.35,8062.47,7612.99,1.22898,0
01:11:15:01:16:52,9051.33,9038.45,86.7035,86.552,76.4176,3.01261,2.50201,7614.26,413573,12874.6,2.81263,0,0,413573,1.22502,0.299513,5386.49,77.3667,8063.92,7614.26,1.21742,0
01:11:15:01:16:53,9028.44,9028.15,86.9821,86.6655,76.2404,3.01217,2.50201,7615.54,413734,12851.7,2.82711,0,0,413734,1.21742,0.299685,5363.59,77.3833,8065.37,7615.54,1.20897,0
01:11:15:01:16:54,9039.31,9030.73,86.7579,86.5587,76.4817,3.01337,2.50201,7616.81,413895,12862.8,2.90909,0,0,413895,1.20229,0.30022,5374.67,77.4,8066.82,7616.81,1.19957,0
01:11:15:01:16:55,9028.15,9032.73,86.6447,86.5333,76.2813,3.01445,2.50202,7618.08,414056,12852.5,2.91839,0,0,414056,1.19957,0.299082,5364.35,77.4167,8068.26,7618.08,1.19957,0
01:11:15:01:16:56,9033.59,9029.58,86.4695,86.4933,76.1852,3.01331,2.50202,7619.35,414217,12858.8,2.93568,0,0,414217,1.21032,0.300049,5370.62,77.4333,8069.7,7619.35,1.2072,0
01:11:15:01:16:57,9034.16,9019,86.2837,86.4105,76.0309,3.01337,2.50202,7620.62,414378,12860.2,3.02527,0,0,414378,1.21241,0.300514,5372.04,77.45,8071.14,7620.62,1.20734,0
01:11:15:01:16:58,9045.32,9048.75,86.3054,86.3851,75.8711,3.0122,2.50202,7621.89,414538,12872.2,3.01319,0,0,414538,1.20677,0.301651,5384.06,77.4667,8072.58,7621.89,1.20868,0
01:11:15:01:16:59,9045.32,9037.59,86.3511,86.3411,75.8832,3.01453,2.50202,7623.15,414699,12873,2.97436,0,0,414699,1.20308,0.302429,5384.9,77.4833,8074.02,7623.15,1.20272,0
01:11:15:01:17:00,9046.18,9044.75,86.44,86.3117,75.9309,3.01204,2.50202,7624.42,414859,12874.7,2.90776,0,0,414859,1.20399,0.302504,5386.59,77.5,8075.46,7624.42,1.20404,0
01:11:15:01:17:01,9060.48,9050.18,86.4206,86.2583,76.0057,3.01317,2.50203,7625.68,415019,12889.9,2.76409,0,0,415019,1.20294,0.303137,5401.75,77.5167,8076.9,7625.68,1.2035,0
01:11:15:01:17:02,9055.62,9055.33,86.1112,86.0887,75.9816,3.01548,2.50203,7626.95,415179,12885.9,2.52362,0,0,415179,1.19903,0.303016,5397.76,77.5333,8078.34,7626.95,1.20207,0
01:11:15:01:17:03,9062.77,9057.62,86.175,86.0086,75.7083,3.01588,2.50203,7628.21,415339,12893.9,2.34516,0,0,415339,1.19949,0.302925,5405.8,77.55,8079.77,7628.21,1.19903,0
01:11:15:01:17:04,9065.06,9050.47,86.3079,85.9779,75.7748,3.01245,2.50203,7629.48,415499,12897.1,2.08894,0,0,415499,1.20517,0.303911,5408.95,77.5667,8081.21,7629.48,1.2004,0
01:11:15:01:17:05,9073.07,9077.36,86.2665,86.0073,86.3079,0,2.50204,7630.83,415659,12905.9,1.89546,0,0,415659,1.209,0.303548,5417.78,77.5833,8082.65,7630.83,1.20517,0
01:11:15:01:17:06,9077.93,9066.78,86.5689,85.8564,86.2665,0,2.50204,7632.27,415739,12911.6,1.64265,0,0,415739,1.2026,0.266508,5423.47,77.6,8084.09,7632.27,1.2026,0
01:11:15:01:17:07,9081.08,9075.93,86.2908,85.8858,86.5689,0,2.50204,7633.71,415739,12915.6,1.42146,0,0,415739,1.04393,0.265679,5427.46,77.6167,8085.53,7633.71,1.19486,0
01:11:15:01:17:08,9084.51,9077.08,86.2248,85.8564,86.2908,0,2.50204,7635.15,415739,12919.9,1.17763,0,0,415739,1.04059,0.26392,5431.77,77.6333,8086.97,7635.15,1.04059,0
01:11:15:01:17:09,9084.51,9078.22,86.2811,85.7816,86.2248,0,2.50205,7636.58,415739,12920.7,1.01168,0,0,415739,1.05152,0.264412,5432.61,77.65,8088.4,7636.58,1.04627,0
01:11:15:01:17:10,9091.67,9092.53,86.268,85.7483,86.2811,0,2.50205,7638.02,415739,12928.7,0.863689,0,0,415739,1.07645,0.270367,5440.58,77.6667,8089.84,7638.02,1.06177,0
01:11:15:01:17:11,9087.66,9085.95,86.1943,85.8898,86.268,0,2.50205,7639.46,415739,12925.5,0.710702,0,0,415739,1.11042,0.277662,5437.4,77.6833,8091.28,7639.46,1.09801,0
01:11:15:01:17:12,9100.25,9085.66,86.5779,85.8511,86.1943,0,2.50206,7640.9,415739,12939,0.555093,0,0,415739,1.12649,0.281826,5450.84,77.7,8092.72,7640.9,1.11586,0
01:11:15:01:17:13,9084.51,9080.79,86.2867,85.807,86.5779,0,2.50206,7642.34,415739,12924.1,0.462402,0,0,415739,1.14889,0.285818,5435.97,77.7167,8094.16,7642.34,1.14108,0
01:11:15:01:17:14,9069.07,9075.65,86.4823,85.7923,86.2867,0,2.50206,7643.78,415739,12909.5,0.380814,0,0,415739,1.16114,0.290872,5421.36,77.7333,8095.6,7643.78,1.15713,0
01:11:15:01:17:15,9085.66,9063.63,86.225,85.775,86.4823,0,2.50207,7645.22,415739,12926.9,0.315078,0,0,415739,1.16717,0.296564,5438.77,77.75,8097.04,7645.22,1.16717,0
01:11:15:01:17:16,9071.35,9074.5,85.7129,85.8551,86.225,0,2.50207,7646.65,415739,12913.4,0.275866,0,0,415739,1.18501,0.299572,5425.3,77.7667,8098.47,7646.65,1.17545,0
01:11:15:01:17:17,9088.52,9069.64,85.7784,85.8164,85.7129,0,2.50208,7648.09,415739,12931.4,0.235832,0,0,415739,1.19203,0.30135,5443.31,77.7833,8099.9,7648.09,1.19203,0
01:11:15:01:17:18,9078.79,9081.94,85.9598,85.6762,85.7784,0,2.50208,7649.52,415739,12922.6,0.186051,0,0,415739,1.20763,0.304053,5434.45,77.8,8101.33,7649.52,1.19962,0
01:11:15:01:17:19,9101.97,9095.1,85.7818,85.568,85.9598,0,2.50208,7650.95,415739,12946.6,0.126678,0,0,415739,1.21725,0.30459,5458.45,77.8167,8102.76,7650.95,1.2089,0
01:11:15:01:17:20,9109.41,9098.53,85.4628,85.4666,85.7818,0,2.50209,7652.38,415739,12954.8,0.103044,0,0,415739,1.21454,0.304264,5466.7,77.8333,8104.19,7652.38,1.21503,0
01:11:15:01:17:21,9115.99,9118.85,85.7479,85.4639,85.4628,0,2.50209,7653.81,415739,12962.2,0.0755511,0,0,415739,1.20637,0.30578,5474.11,77.85,8105.62,7653.81,1.21096,0
01:11:15:01:17:22,9126.57,9114.84,85.8195,85.4479,85.7479,0,2.5021,7655.23,415739,12973.7,0.0510767,0,0,415739,1.20609,0.307679,5485.54,77.8667,8107.05,7655.23,1.20609,0
01:11:15:01:17:23,9112.55,9110.26,85.6839,85.4612,85.8195,0,2.5021,7656.66,415739,12960.5,0.0461879,0,0,415739,1.20886,0.30823,5472.38,77.8833,8108.47,7656.66,1.2052,0
01:11:15:01:17:24,9118.27,9094.24,85.5695,85.4065,85.6839,0,2.50211,7658.09,415739,12967.1,0,0,0,415739,1.20755,0.305867,5478.94,77.9,8109.9,7658.09,1.20755,0
01:11:15:01:17:25,9090.81,9095.96,85.613,85.3477,85.5695,0,2.50211,7659.52,415739,12940.4,0,0,0,415739,1.21046,0.304575,5452.28,77.9167,8111.33,7659.52,1.20981,0
01:11:15:01:17:26,9092.24,9081.65,85.1253,85.1902,85.613,0,2.50212,7660.94,415739,12942.2,0,0,0,415739,1.21046,0.304462,5454.05,77.9333,8112.75,7660.94,1.21297,0
01:11:15:01:17:27,9081.08,9077.93,85.0132,85.1862,85.1253,0,2.50212,7662.37,415739,12926.3,0,0,0,415739,1.21466,0.303329,5438.21,77.95,8114.17,7662.37,1.21444,0
01:11:15:01:17:28,9099.68,9080.79,84.7828,85.0847,85.0132,0,2.50213,7663.79,415739,12940.3,0,0,0,415739,1.20977,0.303178,5452.18,77.9667,8115.58,7663.79,1.20977,0
01:11:15:01:17:29,9109.98,9089.67,84.8557,84.8764,84.7828,0,2.50213,7665.2,415739,12946,0,0,0,415739,1.20155,0.302488,5457.83,77.9833,8117,7665.2,1.20513,0
01:11:15:01:17:30,9109.41,9116.56,84.9939,84.7335,84.8557,0,2.50214,7666.61,415739,12940.7,0,0,0,415739,1.20082,0.303985,5452.61,78,8118.41,7666.61,1.20082,0
01:11:15:01:17:31,9123.42,9106.26,84.9142,84.7416,84.9939,0,2.50215,7668.03,415739,12950.1,0,0,0,415739,1.2023,0.304107,5462.01,78.0167,8119.83,7668.03,1.20605,0
01:11:15:01:17:32,9124.28,9128.57,84.8792,84.7549,84.9142,0,2.50215,7669.44,415739,12946.4,0,0,0,415739,1.20802,0.302676,5458.27,78.0333,8121.24,7669.44,1.207,0
01:11:15:01:17:33,9130.58,9114.56,84.937,84.6815,84.8792,0,2.50216,7670.86,415739,12948.1,0,0,0,415739,1.20667,0.300127,5459.99,78.05,8122.66,7670.86,1.20234,0
01:11:15:01:17:34,9140.02,9128,85.2228,84.6735,84.937,0,2.50216,7672.27,415739,12953,0,0,0,415739,1.20212,0.297974,5464.83,78.0667,8124.08,7672.27,1.19865,0
01:11:15:01:17:35,9145.45,9146.03,84.88,84.6401,85.2228,0,2.50217,7673.69,415739,12953.8,0,0,0,415739,1.19717,0.296771,5465.66,78.0833,8125.49,7673.69,1.194,0
01:11:15:01:17:36,9142.02,9139.73,84.8915,84.6681,84.88,0,2.50217,7675.11,415739,12945.8,0,0,0,415739,1.194,0.295922,5457.63,78.1,8126.91,7675.11,1.19183,0
01:11:15:01:17:37,9154.32,9145.17,85.0111,84.6468,84.8915,0,2.50218,7676.53,415739,12953.4,0,0,0,415739,1.19139,0.298737,5465.31,78.1167,8128.33,7676.53,1.18485,0
01:11:15:01:17:38,9150.03,9137.73,84.9535,84.56,85.0111,0,2.50219,7677.94,415739,12944.5,0,0,0,415739,1.18485,0.300536,5456.42,78.1333,8129.74,7677.94,1.18929,0
01:11:15:01:17:39,9176.64,9158.04,84.9517,84.604,84.9535,0,2.50219,7679.36,415739,12966.5,0,0,0,415739,1.1897,0.299571,5478.4,78.15,8131.16,7679.36,1.19341,0
01:11:15:01:17:40,9165.2,9163.76,85.046,84.6107,84.9517,0,2.5022,7680.77,415739,12950.5,0,0,0,415739,1.1972,0.298331,5462.33,78.1667,8132.57,7680.77,1.20299,0
01:11:15:01:17:41,9165.48,9166.91,84.7207,84.4572,85.046,0,2.50221,7682.19,415739,12946.1,0,0,0,415739,1.20864,0.298696,5458,78.1833,8133.99,7682.19,1.20924,0
01:11:15:01:17:42,9189.51,9171.78,84.8313,84.5333,84.7207,0,2.50221,7683.61,415739,12965.5,0,0,0,415739,1.213,0.300952,5477.4,78.2,8135.4,7683.61,1.21585,0
01:11:15:01:17:43,9184.08,9173.49,84.9013,84.5279,84.8313,0,2.50222,7685.02,415739,12955.5,0,0,0,415739,1.21079,0.302226,5467.38,78.2167,8136.82,7685.02,1.207,0
01:11:15:01:17:44,9198.96,9190.37,84.6748,84.5172,84.9013,0,2.50222,7686.43,415739,12965.7,0,0,0,415739,1.20601,0.301462,5477.6,78.2333,8138.23,7686.43,1.20265,0
01:11:15:01:17:45,9198.38,9188.94,84.8958,84.4345,84.6748,0,2.50223,7687.85,415739,12960.5,0,0,0,415739,1.20265,0.301364,5472.36,78.25,8139.64,7687.85,1.20166,0
01:11:15:01:17:46,9206.11,9203.53,84.8446,84.3383,84.8958,0,2.50224,7689.26,415739,12963.6,0,0,0,415739,1.20086,0.303,5475.47,78.2667,8141.06,7689.26,1.20323,0
01:11:15:01:17:47,9218.7,9202.1,84.9769,84.3664,84.8446,0,2.50224,7690.67,415739,12971.5,0,0,0,415739,1.20323,0.302841,5483.42,78.2833,8142.47,7690.67,1.20842,0
01:11:15:01:17:48,9219.84,9210.4,84.8579,84.3624,84.9769,0,2.50225,7692.09,415739,12968.1,0,0,0,415739,1.20519,0.302318,5479.96,78.3,8143.89,7692.09,1.20842,0
01:11:15:01:17:49,8987.81,8966.93,84.9492,84.3704,84.8579,0,2.50225,7693.5,415739,12731.4,0,0,0,415739,1.20777,0.301771,5243.32,78.3167,8145.3,7693.5,1.20642,0
01:11:15:01:17:50,9110.84,9110.84,84.9367,84.4345,84.9492,0,2.50226,7694.92,415739,12849.9,0,0,0,415739,1.20658,0.301075,5361.73,78.3333,8146.72,7694.92,1.20744,0
01:11:15:01:17:51,9124.85,9104.83,84.3123,84.4505,84.9367,0,2.50227,7696.33,415739,12859.3,0,0,0,415739,1.20353,0.298617,5371.16,78.35,8148.13,7696.33,1.20544,0
01:11:15:01:17:52,9095.96,9094.24,81.7975,83.8884,84.3123,0,2.50227,7697.74,415739,12825.8,0,0,0,415739,1.19864,0.297461,5337.67,78.3667,8149.51,7697.74,1.19952,0
01:11:15:01:17:53,9107.4,9094.24,82.8792,83.6,81.7975,0,2.50228,7699.13,415739,12832.7,0,0,0,415739,1.19552,0.298489,5344.59,78.3833,8150.88,7699.13,1.19668,0
01:11:15:01:17:54,9210.11,9191.23,82.7908,83.4037,82.8792,0,2.50228,7700.5,415739,12931,0,0,0,415739,1.20167,0.307588,5442.85,78.4,8152.26,7700.5,1.20167,0
01:11:15:01:17:55,9150.32,9147.46,82.8478,83.2836,82.7908,0,2.50229,7701.88,415739,12866.6,0,0,0,415739,1.24084,0.306166,5378.52,78.4167,8153.65,7701.88,1.23993,0
01:11:15:01:17:56,9167.77,9144.6,82.8087,83.0966,82.8478,0,2.5023,7703.26,415739,12879.6,0,0,0,415739,1.22854,0.309134,5391.47,78.4333,8155.03,7703.26,1.22854,0
01:11:15:01:17:57,9163.48,9169.77,82.613,83.0406,82.8087,0,2.5023,7704.64,415739,12870.8,0,0,0,415739,1.23138,0.309355,5382.68,78.45,8156.4,7704.64,1.2319,0
01:11:15:01:17:58,9190.94,9172.35,82.7155,82.875,82.613,0,2.50231,7706.02,415739,12893.8,0,0,0,415739,1.2297,0.308791,5405.67,78.4667,8157.78,7706.02,1.23138,0
01:11:15:01:17:59,9178.64,9164.62,82.7971,82.895,82.7155,0,2.50231,7707.4,415739,12877,0,0,0,415739,1.226,0.308988,5388.88,78.4833,8159.16,7707.4,1.23097,0
01:11:15:01:18:00,9182.08,9173.21,82.7205,82.7415,82.7971,0,2.50232,7708.78,415739,12875.9,0,0,0,415739,1.21923,0.306073,5387.78,78.5,8160.54,7708.78,1.22315,0
01:11:15:01:18:01,9190.09,9172.06,82.8639,82.6921,82.7205,0,2.50233,7710.16,415739,12879.4,0,0,0,415739,1.20259,0.302016,5391.29,78.5167,8161.92,7710.16,1.21008,0
01:11:15:01:18:02,9194.38,9186.94,82.8714,82.6774,82.8639,0,2.50233,7711.53,415739,12879.2,0,0,0,415739,1.19689,0.301685,5391.08,78.5333,8163.3,7711.53,1.19918,0
01:11:15:01:18:03,9194.09,9181.22,82.6754,82.6066,82.8714,0,2.50234,7712.92,415739,12874.4,0,0,0,415739,1.19815,0.300369,5386.31,78.55,8164.68,7712.92,1.19701,0
01:11:15:01:18:04,9192.09,9190.37,82.7554,82.5092,82.6754,0,2.50234,7714.3,415739,12868,0,0,0,415739,1.19769,0.29955,5379.83,78.5667,8166.06,7714.3,1.19835,0
01:11:15:01:18:05,9205.54,9184.36,82.6744,82.4424,82.7554,0,2.50235,7715.67,415739,12876.9,0,0,0,415739,1.19767,0.300646,5388.74,78.5833,8167.44,7715.67,1.19767,0
01:11:15:01:18:06,9200.39,9205.25,82.7467,82.4731,82.6744,0,2.50235,7717.05,415739,12867.2,0,0,0,415739,1.19859,0.299396,5379.08,78.6,8168.82,7717.05,1.19598,0
01:11:15:01:18:07,9219.55,9206.11,82.8478,82.421,82.7467,0,2.50236,7718.43,415739,12881.9,0,0,0,415739,1.19571,0.298525,5393.76,78.6167,8170.19,7718.43,1.19571,0
01:11:15:01:18:08,8997.83,8992.68,82.7457,82.4437,82.8478,0,2.50237,7719.81,415739,12655.7,0,0,0,415739,1.19278,0.298497,5167.55,78.6333,8171.57,7719.81,1.19197,0
01:11:15:01:18:09,9123.14,9113.7,82.7215,82.425,82.7457,0,2.50237,7721.19,415739,12776.5,0,0,0,415739,1.19515,0.298764,5288.39,78.65,8172.95,7721.19,1.19386,0
01:11:15:01:18:10,9078.79,9069.64,80.9338,82.1233,82.7215,0,2.50238,7722.57,415739,12727.6,0,0,0,415739,1.1983,0.29847,5239.51,78.6667,8174.32,7722.57,1.19864,0
01:11:15:01:18:11,9073.36,9071.64,81.273,81.8149,80.9338,0,2.50238,7723.93,415739,12717.7,0,0,0,415739,1.20334,0.297779,5229.56,78.6833,8175.67,7723.93,1.20039,0
01:11:15:01:18:12,9077.93,9050.75,80.1392,81.5892,81.273,0,2.50239,7725.29,415739,12717.9,0,0,0,415739,1.20688,0.305655,5229.74,78.7,8177.01,7725.29,1.20554,0
01:11:15:01:18:13,9120.85,9112.84,80.7305,81.3676,80.1392,0,2.50239,7726.63,415739,12756.4,0,0,0,415739,1.23734,0.305796,5268.25,78.7167,8178.35,7726.63,1.20895,0
01:11:15:01:18:14,9113.7,9096.53,80.6186,81.206,80.7305,0,2.5024,7727.97,415739,12744.9,0,0,0,415739,1.23467,0.30998,5256.78,78.7333,8179.7,7727.97,1.23467,0
01:11:15:01:18:15,9132.01,9123.71,80.7789,80.9724,80.6186,0,2.5024,7729.32,415739,12758.8,0,0,0,415739,1.25164,0.306563,5270.67,78.75,8181.04,7729.32,1.23487,0
01:11:15:01:18:16,9134.58,9124.85,80.5752,80.8335,80.7789,0,2.50241,7730.66,415739,12757,0,0,0,415739,1.23708,0.306305,5268.84,78.7667,8182.39,7730.66,1.23708,0
01:11:15:01:18:17,9146.88,9127.72,80.5413,80.7307,80.5752,0,2.50242,7732,415739,12764.9,0,0,0,415739,1.22229,0.304898,5276.76,78.7833,8183.73,7732,1.22888,0
01:11:15:01:18:18,9163.19,9158.62,80.6359,80.6533,80.5413,0,2.50242,7733.35,415739,12776.8,0,0,0,415739,1.20775,0.304583,5288.69,78.8,8185.07,7733.35,1.21446,0
01:11:15:01:18:19,9146.6,9136.3,80.6298,80.6066,80.6359,0,2.50243,7734.69,415739,12755.9,0,0,0,415739,1.19888,0.302664,5267.75,78.8167,8186.42,7734.69,1.19931,0
01:11:15:01:18:20,9164.91,9152.32,80.6461,80.5184,80.6298,0,2.50243,7736.03,415739,12769.8,0,0,0,415739,1.19926,0.301335,5281.67,78.8333,8187.76,7736.03,1.19654,0
01:11:15:01:18:21,9174.06,9162.62,80.8291,80.4583,80.6461,0,2.50244,7737.38,415739,12774.5,0,0,0,415739,1.20082,0.299895,5286.41,78.85,8189.11,7737.38,1.19851,0
01:11:15:01:18:22,9168.91,9159.76,80.4446,80.441,80.8291,0,2.50244,7738.72,415739,12765,0,0,0,415739,1.20677,0.29981,5276.88,78.8667,8190.45,7738.72,1.20334,0
01:11:15:01:18:23,9191.52,9179.21,80.9017,80.4877,80.4446,0,2.50245,7740.07,415739,12783.2,0,0,0,415739,1.21214,0.298765,5295.09,78.8833,8191.8,7740.07,1.21214,0
01:11:15:01:18:24,9189.23,9180.07,80.9017,80.4624,80.9017,0,2.50246,7741.41,415739,12776.6,0,0,0,415739,1.21006,0.299783,5288.45,78.9,8193.14,7741.41,1.21341,0
01:11:15:01:18:25,9207.82,9196.09,80.6495,80.461,80.9017,0,2.50246,7742.76,415739,12790.8,0,0,0,415739,1.20834,0.298476,5302.68,78.9167,8194.49,7742.76,1.20834,0
01:11:15:01:18:26,9206.39,9198.67,80.6495,80.3355,80.6495,0,2.50247,7744.11,415739,12784.9,0,0,0,415739,1.20834,0.298274,5296.81,78.9333,8195.83,7744.11,1.19927,0
01:11:15:01:18:27,9215.26,9211.83,80.7262,80.3248,80.6495,0,2.50247,7745.45,415739,12789.4,0,0,0,415739,1.19821,0.299206,5301.29,78.95,8197.18,7745.45,1.19687,0
01:11:15:01:18:28,9237.58,9216.41,80.5318,80.3662,80.7262,0,2.50248,7746.8,415739,12807.4,0,0,0,415739,1.1954,0.300078,5319.22,78.9667,8198.52,7746.8,1.20216,0
01:11:15:01:18:29,9228.14,9230.71,80.5895,80.3462,80.5318,0,2.50248,7748.14,415739,12793.5,0,0,0,415739,1.20458,0.299096,5305.41,78.9833,8199.87,7748.14,1.20716,0
01:11:15:01:18:30,9214.12,9198.67,80.7645,80.2941,80.5895,0,2.50249,7749.48,415739,12775.2,0,0,0,415739,1.20716,0.299957,5287.05,79,8201.21,7749.48,1.20813,0
01:11:15:01:18:31,8979.23,8984.95,80.6281,80.1646,80.7645,0,2.5025,7750.83,415739,12535.9,0,0,0,415739,1.21174,0.299369,5047.74,79.0167,8202.56,7750.83,1.21213,0
01:11:15:01:18:32,9070.21,9059.62,80.5546,80.1833,80.6281,0,2.5025,7752.17,415739,12622.4,0,0,0,415739,1.21225,0.298629,5134.32,79.0333,8203.9,7752.17,1.20366,0
01:11:15:01:18:33,9005.55,8995.54,80.6484,79.9523,80.5546,0,2.50251,7753.51,415739,12553.4,0,0,0,415739,1.19773,0.299046,5065.28,79.05,8205.24,7753.51,1.19512,0
01:11:15:01:18:34,8962.06,8955.77,78.5454,79.5237,80.6484,0,2.50251,7754.86,415739,12505.6,0,0,0,415739,1.19387,0.300087,5017.42,79.0667,8206.57,7754.86,1.18863,0
01:11:15:01:18:35,8963.21,8948.33,77.9678,79.3662,78.5454,0,2.50252,7756.18,415739,12502.3,0,0,0,415739,1.18863,0.299519,5014.22,79.0833,8207.87,7756.18,1.18613,0
01:11:15:01:18:36,9013.85,9029.3,78.5285,79.1299,77.9678,0,2.50253,7757.49,415739,12548.7,0,0,0,415739,1.18536,0.305758,5060.58,79.1,8209.18,7757.49,1.18936,0
01:11:15:01:18:37,8996.97,8995.82,78.4856,78.9162,78.5285,0,2.50253,7758.79,415739,12527.6,0,0,0,415739,1.18936,0.305341,5039.42,79.1167,8210.49,7758.79,1.22674,0
01:11:15:01:18:38,9014.71,9009.84,78.4719,78.7253,78.4856,0,2.50254,7760.1,415739,12541,0,0,0,415739,1.22717,0.300712,5052.89,79.1333,8211.79,7760.1,1.23363,0
01:11:15:01:18:39,9039.6,9019.28,78.2958,78.7039,78.4719,0,2.50255,7761.41,415739,12561.6,0,0,0,415739,1.23213,0.301707,5073.5,79.15,8213.1,7761.41,1.21902,0
01:11:15:01:18:40,9028.72,9022.72,78.1561,78.4623,78.2958,0,2.50255,7762.72,415739,12546.5,0,0,0,415739,1.21569,0.300582,5058.37,79.1667,8214.4,7762.72,1.21543,0
01:11:15:01:18:41,9029.3,9022.14,78.2344,78.4249,78.1561,0,2.50256,7764.02,415739,12542.8,0,0,0,415739,1.21052,0.300201,5054.7,79.1833,8215.71,7764.02,1.20462,0
01:11:15:01:18:42,9024.43,9004.12,78.2882,78.3461,78.2344,0,2.50256,7765.32,415739,12533.6,0,0,0,415739,1.20397,0.300653,5045.43,79.2,8217.01,7765.32,1.20161,0
01:11:15:01:18:43,9018.14,9004.41,78.3671,78.1071,78.2882,0,2.50257,7766.63,415739,12522.9,0,0,0,415739,1.20188,0.29968,5034.75,79.2167,8218.32,7766.63,1.19957,0
01:11:15:01:18:44,9011.56,8996.68,78.1665,78.298,78.3671,0,2.50258,7767.93,415739,12511.9,0,0,0,415739,1.19957,0.298397,5023.78,79.2333,8219.62,7767.93,1.19612,0
01:11:15:01:18:45,9004.69,8996.4,78.2766,78.1952,78.1665,0,2.50258,7769.24,415739,12500.7,0,0,0,415739,1.19535,0.298209,5012.52,79.25,8220.92,7769.24,1.19963,0
01:11:15:01:18:46,9002.69,8989.24,78.2653,78.1846,78.2766,0,2.50259,7770.54,415739,12494.3,0,0,0,415739,1.19963,0.299077,5006.16,79.2667,8222.23,7770.54,1.19963,0
01:11:15:01:18:47,9014.13,8993.54,78.1257,78.1645,78.2653,0,2.5026,7771.85,415739,12501.2,0,0,0,415739,1.21276,0.297009,5013.06,79.2833,8223.53,7771.85,1.20449,0
01:11:15:01:18:48,9010.41,9006.7,78.2511,78.1058,78.1257,0,2.5026,7773.15,415739,12492.8,0,0,0,415739,1.21677,0.296483,5004.68,79.3,8224.83,7773.15,1.2157,0
01:11:15:01:18:49,9024.72,9010.41,78.3058,78.1672,78.2511,0,2.50261,7774.45,415739,12502.5,0,0,0,415739,1.21856,0.298196,5014.35,79.3167,8226.14,7774.45,1.21873,0
01:11:15:01:18:50,9036.74,9020.43,78.4064,78.0778,78.3058,0,2.50261,7775.76,415739,12509.8,0,0,0,415739,1.21753,0.299192,5021.71,79.3333,8227.45,7775.76,1.21652,0
01:11:15:01:18:51,9048.75,9039.6,78.4216,78.1125,78.4064,0,2.50262,7777.06,415739,12517.2,0,0,0,415739,1.20913,0.301512,5029.07,79.35,8228.75,7777.06,1.21105,0
01:11:15:01:18:52,9065.63,9051.33,78.215,78.1298,78.4216,0,2.50263,7778.37,415739,12529.4,0,0,0,415739,1.20458,0.301409,5041.28,79.3667,8230.06,7778.37,1.20773,0
01:11:15:01:18:53,9073.93,9063.34,78.3232,78.1045,78.215,0,2.50263,7779.67,415739,12532.9,0,0,0,415739,1.19869,0.298902,5044.79,79.3833,8231.36,7779.67,1.19869,0
01:11:15:01:18:54,9076.5,9064.49,78.1997,78.043,78.3232,0,2.50264,7780.98,415739,12530.7,0,0,0,415739,1.19541,0.298662,5042.6,79.4,8232.67,7780.98,1.1963,0
01:11:15:01:18:55,9092.81,9084.23,78.1156,78.011,78.1997,0,2.50265,7782.28,415739,12542.3,0,0,0,415739,1.19902,0.298684,5054.14,79.4167,8233.97,7782.28,1.19902,0
01:11:15:01:18:56,9104.54,9090.81,78.2088,78.0203,78.1156,0,2.50265,7783.59,415739,12549.2,0,0,0,415739,1.2043,0.300378,5061.1,79.4333,8235.27,7783.59,1.20019,0
01:11:15:01:18:57,9099.96,9092.53,78.2005,78.0444,78.2088,0,2.50266,7784.89,415739,12539.9,0,0,0,415739,1.21035,0.3019,5051.77,79.45,8236.58,7784.89,1.20746,0
01:11:15:01:18:58,9116.56,9103.97,78.1914,78.0417,78.2005,0,2.50266,7786.19,415739,12551.7,0,0,0,415739,1.20669,0.30161,5063.56,79.4667,8237.88,7786.19,1.21108,0
01:11:15:01:18:59,9136.59,9120.56,78.3832,78.0297,78.1914,0,2.50267,7787.5,415739,12566.9,0,0,0,415739,1.19999,0.300682,5078.79,79.4833,8239.18,7787.5,1.20669,0
01:11:15:01:19:00,9125.43,9121.42,78.3013,78.007,78.3832,0,2.50268,7788.8,415739,12551,0,0,0,415739,1.19393,0.298687,5062.86,79.5,8240.49,7788.8,1.19487,0
01:11:15:01:19:01,9150.03,9132.58,78.1511,77.9255,78.3013,0,2.50268,7790.11,415739,12570.8,0,0,0,415739,1.19465,0.29715,5082.65,79.5167,8241.79,7790.11,1.19377,0
01:11:15:01:19:02,9143.45,9141.16,78.2594,77.9669,78.1511,0,2.50269,7791.41,415739,12559.4,0,0,0,415739,1.1974,0.29813,5071.28,79.5333,8243.1,7791.41,1.1961,0
01:11:15:01:19:03,9158.62,9148.6,78.2186,77.9563,78.2594,0,2.50269,7792.71,415739,12569.8,0,0,0,415739,1.20195,0.300118,5081.64,79.55,8244.4,7792.71,1.19774,0
01:11:15:01:19:04,9136.87,9133.44,78.1933,77.9109,78.2186,0,2.5027,7794.02,415739,12543.2,0,0,0,415739,1.21041,0.301601,5055.09,79.5667,8245.71,7794.02,1.2089,0
01:11:15:01:19:05,9032.44,9045.32,78.2489,77.9215,78.1933,0,2.50271,7795.32,415739,12434,0,0,0,415739,1.2141,0.302442,4945.87,79.5833,8247.01,7795.32,1.21272,0
01:11:15:01:19:06,8916.86,8894.26,78.2321,77.9095,78.2489,0,2.50271,7796.62,415739,12313.6,0,0,0,415739,1.21641,0.301587,4825.49,79.6,8248.31,7796.62,1.21641,0
01:11:15:01:19:07,8881.96,8882.24,78.2479,77.8601,78.2321,0,2.50272,7797.93,415739,12273.9,0,0,0,415739,1.2113,0.30034,4785.79,79.6167,8249.62,7797.93,1.21358,0
01:11:15:01:19:08,8842.47,8828.74,78.3583,77.1685,78.2479,0,2.50272,7799.23,415739,12229.6,0,0,0,415739,1.20285,0.300153,4741.52,79.6333,8250.92,7799.23,1.20285,0
01:11:15:01:19:09,8813.58,8809.86,73.8554,76.9963,78.3583,0,2.50273,7800.54,415739,12195.9,0,0,0,415739,1.19691,0.301487,4707.76,79.65,8252.19,7800.54,1.19712,0
01:11:15:01:19:10,8816.15,8792.69,76.1526,76.8841,73.8554,0,2.50274,7801.81,415739,12193.6,0,0,0,415739,1.19813,0.301623,4705.46,79.6667,8253.44,7801.81,1.19675,0
01:11:15:01:19:11,8904.27,8899.69,76.0514,76.7199,76.1526,0,2.50274,7803.06,415739,12277.1,0,0,0,415739,1.20308,0.319802,4789,79.6833,8254.71,7803.06,1.19845,0
01:11:15:01:19:12,8868.22,8864.22,75.9769,76.4595,76.0514,0,2.50275,7804.32,415739,12236.4,0,0,0,415739,1.28316,0.309543,4748.29,79.7,8255.97,7804.32,1.20709,0
01:11:15:01:19:13,8903.99,8880.24,76.0395,76.3861,75.9769,0,2.50275,7805.59,415739,12267.5,0,0,0,415739,1.25213,0.310557,4779.41,79.7167,8257.24,7805.59,1.25213,0
01:11:15:01:19:14,8912.85,8903.13,75.9415,76.2179,76.0395,0,2.50276,7806.86,415739,12271.7,0,0,0,415739,1.24734,0.311466,4783.62,79.7333,8258.51,7806.86,1.25009,0
01:11:15:01:19:15,8907.42,8909.42,75.97,76.2312,75.9415,0,2.50276,7808.12,415739,12261.6,0,0,0,415739,1.24147,0.307802,4773.44,79.75,8259.77,7808.12,1.24147,0
01:11:15:01:19:16,8893.97,8884.24,76.0584,76.1111,75.97,0,2.50277,7809.39,415739,12243.4,0,0,0,415739,1.22984,0.305696,4755.27,79.7667,8261.04,7809.39,1.23594,0
01:11:15:01:19:17,8914.57,8893.69,76.032,76.0697,76.0584,0,2.50277,7810.66,415739,12259.5,0,0,0,415739,1.22571,0.304136,4771.41,79.7833,8262.31,7810.66,1.22694,0
01:11:15:01:19:18,8920.29,8918.86,76.0176,75.9936,76.032,0,2.50278,7811.93,415739,12261.3,0,0,0,415739,1.21434,0.301207,4773.19,79.8,8263.58,7811.93,1.2161,0
01:11:15:01:19:19,8923.73,8916.57,76.1294,76.067,76.0176,0,2.50278,7813.19,415739,12260.8,0,0,0,415739,1.20082,0.300434,4772.69,79.8167,8264.84,7813.19,1.20871,0
01:11:15:01:19:20,8932.59,8913.14,76.1141,76.0002,76.1294,0,2.50279,7814.46,415739,12265.7,0,0,0,415739,1.19724,0.300077,4777.59,79.8333,8266.11,7814.46,1.19741,0
01:11:15:01:19:21,8959.77,8954.63,75.8572,75.8307,76.1141,0,2.50279,7815.73,415739,12288.9,0,0,0,415739,1.19674,0.300122,4800.79,79.85,8267.38,7815.73,1.19612,0
01:11:15:01:19:22,8967.21,8953.48,75.951,75.8106,75.8572,0,2.5028,7816.99,415739,12292.4,0,0,0,415739,1.19856,0.300953,4804.27,79.8667,8268.64,7816.99,1.19856,0
01:11:15:01:19:23,8985.81,8974.94,75.9392,75.8093,75.951,0,2.5028,7818.26,415739,12308.3,0,0,0,415739,1.21112,0.302031,4820.15,79.8833,8269.91,7818.26,1.21009,0
01:11:15:01:19:24,9004.98,8997.83,75.9083,75.7385,75.9392,0,2.50281,7819.53,415739,12325.2,0,0,0,415739,1.22256,0.302355,4837.07,79.9,8271.17,7819.53,1.22256,0
01:11:15:01:19:25,9024.15,9000.97,75.8913,75.8066,75.9083,0,2.50281,7820.79,415739,12342.1,0,0,0,415739,1.21684,0.302731,4853.98,79.9167,8272.44,7820.79,1.22161,0
01:11:15:01:19:26,9031.59,9025.86,75.9859,75.7893,75.8913,0,2.50281,7822.06,415739,12347.3,0,0,0,415739,1.21269,0.302952,4859.14,79.9333,8273.71,7822.06,1.21497,0
01:11:15:01:19:27,9023,9014.71,75.994,75.7252,75.9859,0,2.50282,7823.32,415739,12336.4,0,0,0,415739,1.20742,0.302963,4848.28,79.95,8274.97,7823.32,1.21083,0
01:11:15:01:19:28,9039.88,9017.85,75.9268,75.7399,75.994,0,2.50282,7824.59,415739,12351.1,0,0,0,415739,1.20742,0.303004,4862.97,79.9667,8276.24,7824.59,1.20332,0
01:11:15:01:19:29,9055.05,9049.9,75.7882,75.7025,75.9268,0,2.50283,7825.85,415739,12364.7,0,0,0,415739,1.20333,0.302587,4876.61,79.9833,8277.5,7825.85,1.19827,0
01:11:15:01:19:30,9076.22,9061.63,75.8651,75.8387,75.7882,0,2.50283,7827.12,415739,12384.4,0,0,0,415739,1.19827,0.302446,4896.26,80,8278.77,7827.12,1.20031,0
01:11:15:01:19:31,9102.54,9089.38,75.7785,75.7359,75.8651,0,2.50283,7828.38,415739,12409.2,0,0,0,415739,1.19966,0.302965,4921.04,80.0167,8280.03,7828.38,1.2038,0
01:11:15:01:19:32,9125.71,9121.99,75.8491,75.7239,75.7785,0,2.50284,7829.65,415739,12430.8,0,0,0,415739,1.20523,0.30283,4942.64,80.0333,8281.29,7829.65,1.21076,0
01:11:15:01:19:33,9083.94,9057.33,76.0763,75.7092,75.8491,0,2.50284,7830.91,415739,12387.4,0,0,0,415739,1.21142,0.302686,4899.31,80.05,8282.56,7830.91,1.21533,0
01:11:15:01:19:34,8993.54,8994.68,75.9292,75.6504,76.0763,0,2.50285,7832.18,415739,12295.5,0,0,0,415739,1.21988,0.302102,4807.42,80.0667,8283.83,7832.18,1.21794,0
01:11:15:01:19:35,9049.61,9045.89,75.8703,75.2245,75.9292,0,2.50285,7833.44,415739,12350.2,0,0,0,415739,1.21869,0.300185,4862.1,80.0833,8285.09,7833.44,1.21516,0
01:11:15:01:19:36,9052.19,9035.02,73.0715,74.7946,75.8703,0,2.50285,7834.71,415739,12351.4,0,0,0,415739,1.21516,0.300125,4863.29,80.1,8286.33,7834.71,1.20428,0
01:11:15:01:19:37,9035.59,9019.57,71.0378,74.5209,73.0715,0,2.50285,7835.95,415739,12333.4,0,0,0,415739,1.20125,0.30027,4845.29,80.1167,8287.54,7835.95,1.19399,0
01:11:15:01:19:38,9092.53,9093.67,73.6969,74.3193,71.0378,0,2.50286,7837.15,415739,12389,0,0,0,415739,1.19399,0.311133,4900.87,80.1333,8288.74,7837.15,1.18883,0
01:11:15:01:19:39,9171.78,9154.9,73.8248,74.1177,73.6969,0,2.50286,7838.36,415739,12466.9,0,0,0,415739,1.23379,0.319805,4978.81,80.15,8289.97,7838.36,1.2336,0
01:11:15:01:19:40,9161.19,9152.32,73.6863,73.9374,73.8248,0,2.50286,7839.59,415739,12455,0,0,0,415739,1.23679,0.309132,4966.88,80.1667,8291.2,7839.59,1.27466,0
01:11:15:01:19:41,9186.94,9184.65,73.7354,73.8787,73.6863,0,2.50287,7840.82,415739,12479.4,0,0,0,415739,1.22944,0.307828,4991.29,80.1833,8292.43,7840.82,1.22842,0
01:11:15:01:19:42,9027.01,9011.27,73.5822,73.8693,73.7354,0,2.50287,7842.04,415739,12318.2,0,0,0,415739,1.22698,0.306167,4830.03,80.2,8293.66,7842.04,1.21884,0
01:11:15:01:19:43,9183.22,9179.21,73.7792,73.7932,73.5822,0,2.50287,7843.27,415739,12473,0,0,0,415739,1.21959,0.301924,4984.89,80.2167,8294.88,7843.27,1.21755,0
01:11:15:01:19:44,9208.4,9195.52,73.7792,73.5288,73.7792,0,2.50287,7844.5,415739,12496.9,0,0,0,415739,1.21412,0.300869,5008.73,80.2333,8296.11,7844.5,1.21408,0
01:11:15:01:19:45,9237.87,9224.13,72.2225,73.1189,73.7792,0,2.50288,7845.73,415739,12525,0,0,0,415739,1.21408,0.298403,5036.85,80.25,8297.33,7845.73,1.21512,0
01:11:15:01:19:46,9155.75,9160.33,72.2225,73.1964,72.2225,0,2.50288,7846.95,415739,12441.9,0,0,0,415739,1.20911,0.297972,4953.78,80.2667,8298.54,7846.95,1.21512,0
01:11:15:01:19:47,9215.26,9193.23,73.2518,73.0308,72.2225,0,2.50288,7848.15,415739,12500.5,0,0,0,415739,1.20508,0.304544,5012.38,80.2833,8299.75,7848.15,1.20508,0
01:11:15:01:19:48,9184.36,9181.5,73.0714,72.7812,73.2518,0,2.50288,7849.36,415739,12468.7,0,0,0,415739,1.22589,0.304091,4980.57,80.3,8300.97,7849.36,1.22671,0
01:11:15:01:19:49,9137.44,9124.85,70.8062,72.1656,73.0714,0,2.50288,7850.58,415739,12420.8,0,0,0,415739,1.22072,0.300677,4932.71,80.3167,8302.17,7850.58,1.22481,0
01:11:15:01:19:50,9118.85,9115.7,68.8451,72.0348,70.8062,0,2.50289,7851.78,415739,12401.3,0,0,0,415739,1.20018,0.301796,4913.19,80.3333,8303.33,7851.78,1.20165,0
01:11:15:01:19:51,9163.19,9156.04,71.1123,71.7357,68.8451,0,2.50289,7852.95,415739,12444.8,0,0,0,415739,1.20204,0.311128,4956.67,80.35,8304.5,7852.95,1.19971,0
01:11:15:01:19:52,9197.24,9179.21,71.1214,71.3926,71.1123,0,2.50289,7854.11,415739,12478.5,0,0,0,415739,1.24355,0.319419,4990.37,80.3667,8305.68,7854.11,1.24355,0
01:11:15:01:19:53,9190.66,9186.94,69.5952,70.9426,71.1214,0,2.50289,7855.3,415739,12471.6,0,0,0,415739,1.2835,0.308001,4983.44,80.3833,8306.85,7855.3,1.24798,0
01:11:15:01:19:54,9220.99,9207.82,69.6343,70.753,69.5952,0,2.50289,7856.47,415739,12501.5,0,0,0,415739,1.23899,0.307479,5013.41,80.4,8308.01,7856.47,1.23899,0
01:11:15:01:19:55,9247.02,9251.03,69.5871,70.5047,69.6343,0,2.50289,7857.63,415739,12527.2,0,0,0,415739,1.21891,0.314201,5039.1,80.4167,8309.17,7857.63,1.22948,0
01:11:15:01:19:56,9227.85,9219.27,69.5147,70.3431,69.5871,0,2.50289,7858.79,415739,12507.7,0,0,0,415739,1.23069,0.309212,5019.58,80.4333,8310.33,7858.79,1.21262,0
01:11:15:01:19:57,9210.4,9191.8,69.4776,70.0748,69.5147,0,2.50289,7859.95,415739,12489.9,0,0,0,415739,1.20867,0.303465,5001.78,80.45,8311.49,7859.95,1.21796,0
01:11:15:01:19:58,9213.26,9210.4,69.7401,69.9373,69.4776,0,2.50289,7861.11,415739,12492.5,0,0,0,415739,1.20212,0.30277,5004.42,80.4667,8312.65,7861.11,1.19885,0
01:11:15:01:19:59,9140.59,9138.3,69.5894,69.6849,69.7401,0,2.5029,7862.27,415739,12419.7,0,0,0,415739,1.19286,0.303006,4931.53,80.4833,8313.81,7862.27,1.19286,0
01:11:15:01:20:00,8988.38,8969.79,68.2936,69.3124,69.5894,0,2.5029,7863.43,415739,12267.2,0,0,0,415739,1.18826,0.299063,4779.11,80.5,8314.96,7863.43,1.18826,0
01:11:15:01:20:01,9154.61,9140.02,68.4282,69.1014,68.2936,0,2.5029,7864.58,415739,12433.2,0,0,0,415739,1.1804,0.298039,4945.11,80.5167,8316.1,7864.58,1.18209,0
01:11:15:01:20:02,9220.7,9205.82,68.242,67.9866,68.4282,0,2.5029,7865.72,415739,12499.1,0,0,0,415739,1.18716,0.306004,5010.99,80.5333,8317.24,7865.72,1.18177,0
01:11:15:01:20:03,9236.15,9226.71,65.2319,67.6114,68.242,0,2.5029,7866.86,415739,12514.4,0,0,0,415739,1.22042,0.302382,5026.23,80.55,8318.35,7866.86,1.21276,0
01:11:15:01:20:04,9278.78,9269.34,64.6589,67.1374,65.2319,0,2.5029,7867.97,415739,12556.8,0,0,0,415739,1.22795,0.303921,5068.67,80.5667,8319.44,7867.97,1.2238,0
01:11:15:01:20:05,9387.5,9378.05,65.7066,66.8717,64.6589,0,2.5029,7869.05,415739,12665.3,0,0,0,415739,1.23953,0.319319,5177.21,80.5833,8320.52,7869.05,1.23953,0
01:11:15:01:20:06,8619.6,8621.89,66.2335,66.6527,65.7066,0,2.5029,7870.14,415739,11897.3,0,0,0,415739,1.30068,0.320213,4409.15,80.6,8321.62,7870.14,1.2432,0
01:11:15:01:20:07,8448.23,8437.93,66.382,66.5793,66.2335,0,2.5029,7871.24,415739,11725.7,0,0,0,415739,1.3051,0.277202,4237.6,80.6167,8322.73,7871.24,1.3051,0
01:11:15:01:20:08,8352.1,8341.22,65.7625,65.4711,66.382,0,2.5029,7872.34,415739,11629.4,0,0,0,415739,1.15643,0.20428,4141.29,80.6333,8323.83,7872.34,1.2311,0
01:11:15:01:20:09,8283.15,8266.55,56.3648,64.1026,65.7625,0,2.50357,7873.44,415739,11560.3,0,0,0,415739,0.993037,0.124947,4072.17,80.65,8324.85,7873.44,1.10921,0
01:11:15:01:20:10,8091.74,8093.75,49.9548,62.9009,56.3648,0,2.50357,7874.46,415739,11368.8,0,0,0,415739,0.70193,0.0896976,3880.64,80.6667,8325.73,7874.46,0.820427,0
01:11:15:01:20:11,8372.41,8346.09,48.0479,60.4603,49.9548,0,2.50357,7875.35,415739,11649.4,0,0,0,415739,0.551659,0.0323313,4161.31,80.6833,8326.55,7875.35,0.596189,0
01:11:15:01:20:12,8428.77,8416.47,47.7507,58.6231,48.0479,0,2.50357,7876.16,415739,11705.8,0,0,0,415739,0.400158,0.0156525,4217.67,80.7,8327.35,7876.16,0.439815,0
01:11:15:01:20:13,8448.23,8455.09,47.3797,56.1557,47.7507,0,2.50357,7876.96,415739,11725.3,0,0,0,415739,0.299726,0.00397222,4237.13,80.7167,8328.14,7876.96,0.327368,0
01:11:15:01:20:14,8497.72,8467.97,46.2837,54.8312,47.3797,0,2.50357,7877.76,415739,11774.8,0,0,0,415739,0.230817,0.00171497,4286.62,80.7333,8328.92,7877.76,0.230817,0
01:11:15:01:20:15,8553.51,8547.5,45.8998,52.9753,46.2837,0,2.50357,7878.54,415739,11830.5,0,0,0,415739,0.137707,0,4342.41,80.75,8329.69,7878.54,0.173734,0
01:11:15:01:20:16,8520.32,8510.88,45.9312,51.9205,45.8998,0,2.50357,7879.31,415739,11797.4,0,0,0,415739,0.0618229,0,4309.22,80.7667,8330.46,7879.31,0.0618229,0
01:11:15:01:20:17,8532.63,8510.6,45.9596,50.9192,45.9312,0,2.50357,7880.07,415739,11809.7,0,0,0,415739,0.0154476,0,4321.53,80.7833,8331.22,7880.07,0.020481,0
01:11:15:01:20:18,8536.63,8525.47,45.9452,50.0006,45.9596,0,3.01315,7880.84,415739,11813.7,0,0,0,415739,0.00504099,0,4325.53,80.8,8331.99,7880.84,0.0087878,0
01:11:15:01:20:19,8563.52,8552.37,45.929,49.4385,45.9452,0,3.01315,7881.6,415739,11840.6,0,0,0,415739,0.00122961,0,4352.42,80.8167,8332.75,7881.6,0.00216146,0
01:11:15:01:20:20,8586.99,8573.82,46.0911,48.7415,45.929,0,3.01315,7882.37,415739,11864,0,0,0,415739,0.000527263,0,4375.88,80.8333,8333.52,7882.37,0.000927421,0
01:11:15:01:20:21,8593.85,8591.56,45.9719,48.2929,46.0911,0,3.01315,7883.13,415739,11870.9,0,0,0,415739,0.000226233,0,4382.75,80.85,8334.29,7883.13,0.000226233,0
01:11:15:01:20:22,8665.09,8637.05,46.0254,47.8683,45.9719,0,3.01315,7883.9,415739,11942.1,0,0,0,415739,5.53E-05,0,4453.99,80.8667,8335.05,7883.9,5.53E-05,0
01:11:15:01:20:23,8683.69,8681.4,45.9716,47.5359,46.0254,0,3.01315,7884.67,415739,11960.7,0,0,0,415739,1.79E-05,0,4472.59,80.8833,8335.82,7884.67,1.34E-05,0
01:11:15:01:20:24,8692.56,8681.97,46.0445,47.2448,45.9716,0,3.01315,7885.43,415739,11969.6,0,0,0,415739,4.36E-06,0,4481.46,80.9,8336.59,7885.43,4.36E-06,0
01:11:15:01:20:25,8730.32,8716.3,45.9896,47.0966,46.0445,0,3.01315,7886.2,415739,12007.3,0,0,0,415739,1.87E-06,0,4519.22,80.9167,8337.35,7886.2,1.06E-06,0
01:11:15:01:20:26,8771.23,8760.08,46.1371,46.875,45.9896,0,3.01315,7886.97,415739,12048.3,0,0,0,415739,4.57E-07,0,4560.13,80.9333,8338.12,7886.97,4.57E-07,0
01:11:15:01:20:27,8792.12,8786.68,45.9071,46.6974,46.1371,0,3.01315,7887.74,415739,12069.1,0,0,0,415739,1.96E-07,0,4581.02,80.95,8338.89,7887.74,1.11E-07,0
01:11:15:01:20:28,8844.48,8819.58,45.9853,46.6053,45.9071,0,3.01315,7888.5,415739,12121.5,0,0,0,415739,4.78E-08,0,4633.38,80.9667,8339.65,7888.5,4.78E-08,0
01:11:15:01:20:29,8893.4,8883.67,46.0267,46.4504,45.9853,0,3.01315,7889.27,415739,12170.4,0,0,0,415739,4.78E-08,0,4682.3,80.9833,8340.42,7889.27,0.0357488,0
01:11:15:01:20:30,8944.04,8935.17,46.0237,46.4918,46.0267,0,3.01315,7890.04,415739,12221.1,0,0,0,415739,0.0357488,0,4732.94,81,8341.19,7890.04,0.117473,0
01:11:15:01:20:31,8993.25,8976.94,46.0034,46.2915,46.0237,0,3.01315,7890.8,415739,12270.3,0,0,0,415739,0.129058,0,4782.15,81.0167,8341.95,7890.8,0.149844,0
01:11:15:01:20:32,9152.89,9147.46,46.1267,46.2928,46.0034,0,3.01315,7891.57,415739,12429.9,0,0,0,415739,0.17056,0,4941.79,81.0333,8342.72,7891.57,0.201205,0
01:11:15:01:20:33,9293.37,9300.52,45.9426,46.2194,46.1267,0,3.01315,7892.34,415739,12570.4,0,0,0,415739,0.209377,0,5082.27,81.05,8343.49,7892.34,0.20448,0
01:11:15:01:20:34,9579.76,9584.33,45.952,46.2087,45.9426,0,3.01315,7893.1,415739,12856.8,0,0,0,415739,0.180903,0,5368.66,81.0667,8344.25,7893.1,0.0794211,0
01:11:15:01:20:35,8712.58,8461.1,45.9097,46.0311,45.952,0,3.01315,7893.87,415739,11989.6,0,0,0,415739,0.0794211,0,4501.48,81.0833,8345.02,7893.87,0.0256337,0
01:11:15:01:20:36,7959.85,7945.83,45.8733,45.9243,45.9097,0,3.01315,7894.64,415739,11236.9,0,0,0,415739,0.019334,0,3748.75,81.1,8345.78,7894.64,0.00628197,0
01:11:15:01:20:37,8194.74,8167.85,39.0044,45.1366,45.8733,0,3.01315,7895.4,415739,11471.8,0,0,0,415739,0.00628197,0,3983.64,81.1167,8346.49,7895.4,0.00269486,0
01:11:15:01:20:38,8360.68,8336.65,19.6734,43.4249,39.0044,0,3.01315,7896.11,415739,11637.7,0,0,0,415739,0.00153446,0,4149.58,81.1333,8346.98,7896.11,0.00269486,0
01:11:15:01:20:39,8619.31,8598.43,2.88389,42.9082,19.6734,0,3.01315,7896.6,415739,11896.3,0,0,0,415739,0.000658391,0,4408.21,81.15,8347.17,7896.6,0.00115735,0
01:11:15:01:20:40,8219.63,8252.25,0.185481,41.6625,2.88389,0,3.01315,7896.78,415739,11496.7,0,0,0,415739,0.000189157,0,4008.53,81.1667,8347.19,7896.78,0.00028272,0
01:11:15:01:20:41,7455.45,7437.43,0.0308654,33.2576,0.185481,0,3.01315,7896.81,415739,10732.5,0,0,0,415739,0.000160911,0,3244.36,81.1833,8347.2,7896.81,0.000107607,0
01:11:15:01:20:42,7562.46,7541.86,0,27.9063,0.0308654,0,3.01315,7896.81,415739,10839.5,0,0,0,415739,0.000267938,0,3351.36,81.2,8347.2,7896.81,0.000355242,0
01:11:15:01:20:43,7683.76,7667.74,0,21.6924,0,0,3.01315,7896.81,415739,10960.8,0,0,0,415739,0.00134819,0,3472.66,81.2167,8347.2,7896.81,0.000152424,0
01:11:15:01:20:44,7843.12,7823.09,0,18.6616,0,0,3.01315,7896.81,415739,11120.2,0,0,0,415739,0.00347622,0,3632.02,81.2333,8347.2,7896.81,0.00347622,0
01:11:15:01:20:45,7933.53,7936.68,0,14.4478,0,0,3.01315,7896.81,415739,11210.6,0,0,0,415739,0,0,3722.43,81.25,8347.2,7896.81,0.00149154,0
01:11:15:01:20:46,7227.72,7209.41,0,12.0792,0,0,3.01315,7896.81,415739,10504.7,0,0,0,415739,0,0,3016.62,81.2667,8347.2,7896.81,0,0
01:11:15:01:20:47,7341.01,7334.43,0,9.82013,0,0,3.01315,7896.81,415739,10618,0,0,0,415739,0,0,3129.91,81.2833,8347.2,7896.81,0,0
01:11:15:01:20:48,7344.73,7323.56,0,7.88815,0,0,3.01315,7896.81,415739,10621.8,0,0,0,415739,0,0,3133.63,81.3,8347.2,7896.81,0,0
01:11:15:01:20:49,7466.61,7444.87,0,6.9295,0,0,3.01315,7896.81,415739,10743.6,0,0,0,415739,0,0,3255.51,81.3167,8347.2,7896.81,0,0
01:11:15:01:20:50,7522.12,7499.51,0.140922,5.49554,0,0,3.01315,7896.81,415739,10799.1,0,0,0,415739,0,0,3311.02,81.3333,8347.2,7896.81,0,0
01:11:15:01:20:51,7129.58,7121,0.347675,4.53956,0.140922,0,3.01315,7896.81,415739,10406.6,0,0,0,415739,0,0,2918.49,81.35,8347.2,7896.81,0,0
01:11:15:01:20:52,7218.28,7207.4,0.114911,3.63432,0.347675,0,3.01315,7896.82,415739,10495.3,0,0,0,415739,0,0,3007.18,81.3667,8347.21,7896.82,0,0
01:11:15:01:20:53,7177.08,7159.05,0.940898,3.30453,0.114911,0,3.01315,7896.82,415739,10454.1,0,0,0,415739,0,0,2965.98,81.3833,8347.21,7896.82,1.69E-08,0
01:11:15:01:20:54,7236.59,7238.3,2.28689,3.13897,0.940898,0,3.01315,7896.83,415739,10513.6,0,0,0,415739,2.21E-09,0,3025.49,81.4,8347.24,7896.83,2.21E-09,0
01:11:15:01:20:55,7341.59,7329.86,3.01488,3.16834,2.28689,0,3.01315,7896.86,415739,10618.6,0,0,0,415739,9.49E-10,0,3130.49,81.4167,8347.29,7896.86,1.63E-09,0
01:11:15:01:20:56,7203.69,7166.78,3.60288,3.13363,3.01488,0,3.01315,7896.9,415739,10480.7,0,0,0,415739,8.56E-11,0,2992.59,81.4333,8347.34,7896.9,8.56E-11,0
01:11:15:01:20:57,7192.24,7171.07,3.50166,3.12963,3.60288,0,3.01315,7896.96,415739,10469.3,0,0,0,415739,3.67E-11,0,2981.14,81.45,8347.4,7896.96,8.60E-12,0
01:11:15:01:20:58,7201.4,7183.94,3.51844,3.14832,3.50166,0,3.01315,7897.02,415739,10478.4,0,0,0,415739,2.80E-12,0,2990.3,81.4667,8347.46,7897.02,2.80E-12,0
01:11:15:01:20:59,7230.58,7208.26,3.77266,3.17102,3.51844,0,3.01315,7897.07,415739,10507.6,0,0,0,415739,5.72E-13,0,3019.48,81.4833,8347.52,7897.07,5.72E-13,0
01:11:15:01:21:00,7295.52,7284.37,3.83927,3.45941,3.77266,0,3.01315,7897.13,415739,10572.6,0,0,0,415739,1.44E-13,0,3084.42,81.5,8347.58,7897.13,1.90E-13,0
01:11:15:01:21:01,7163.06,7148.47,4.56515,3.62631,3.83927,0,3.01315,7897.2,415739,10440.1,0,0,0,415739,4.62E-14,0,2951.96,81.5167,8347.65,7897.2,8.17E-14,0
01:11:15:01:21:02,7114.71,7097.54,4.89474,3.77985,4.56515,0,3.01315,7897.27,415739,10391.7,0,0,0,415739,1.05E-14,0,2903.61,81.5333,8347.73,7897.27,1.85E-14,0
01:11:15:01:21:03,7141.6,7123.29,5.23657,4.01617,4.89474,0,3.01315,7897.35,415739,10418.6,0,0,0,415739,4.44E-15,0,2930.5,81.55,8347.82,7897.35,7.94E-15,0
01:11:15:01:21:04,7163.63,7145.03,5.16332,4.13767,5.23657,0,3.01315,7897.43,415739,10440.7,0,0,0,415739,1.90E-15,0,2952.53,81.5667,8347.9,7897.43,1.90E-15,0
01:11:15:01:21:05,7195.1,7179.65,5.08418,4.30056,5.16332,0,3.01315,7897.52,415739,10472.1,0,0,0,415739,3.64E-16,0,2984,81.5833,8347.99,7897.52,5.18E-16,0
01:11:15:01:21:06,7136.45,7119.86,5.0818,4.42607,5.08418,0,3.01315,7897.6,415739,10413.5,0,0,0,415739,1.10E-16,0,2925.35,81.6,8348.07,7897.6,1.10E-16,0
01:11:15:01:21:07,7102.41,7082.66,5.06889,4.53288,5.0818,0,3.01315,7897.69,415739,10379.4,0,0,0,415739,2.73E-17,0,2891.31,81.6167,8348.16,7897.69,4.73E-17,0
01:11:15:01:21:08,7113.28,7095.25,5.0797,4.59697,5.06889,0,3.01315,7897.77,415739,10390.3,0,0,0,415739,1.19E-17,0,2902.18,81.6333,8348.24,7897.77,2.06E-17,0
01:11:15:01:21:09,7210.55,7191.1,5.25658,4.57561,5.0797,0,3.01315,7897.86,415739,10487.6,0,0,0,415739,2.90E-18,0,2999.45,81.65,8348.33,7897.86,5.10E-18,0
01:11:15:01:21:10,7263.48,7246.03,5.57553,4.72114,5.25658,0,3.01315,7897.94,415739,10540.5,0,0,0,415739,1.25E-18,0,3052.38,81.6667,8348.42,7897.94,1.65E-18,0
01:11:15:01:21:11,7265.48,7246.6,5.67993,4.97616,5.57553,0,3.01315,7898.03,415739,10542.5,0,0,0,415739,3.04E-19,0,3054.38,81.6833,8348.51,7898.03,4.03E-19,0
01:11:15:01:21:12,7240.02,7224,6.60244,5.57565,5.67993,0,3.01315,7898.13,415739,10517,0,0,0,415739,9.52E-20,0,3028.92,81.7,8348.61,7898.13,1.73E-19,0
01:11:15:01:21:13,7254.04,7240.59,7.79167,5.88807,6.60244,0,3.01315,7898.23,415739,10531.1,0,0,0,415739,3.85E-20,0,3042.94,81.7167,8348.73,7898.23,3.85E-20,0
01:11:15:01:21:14,7368.77,7359.9,8.20655,6.38876,7.79167,0,3.01315,7898.35,415739,10645.8,0,0,0,415739,9.22E-21,0,3157.67,81.7333,8348.87,7898.35,1.65E-20,0
01:11:15:01:21:15,7495.22,7485.78,8.31636,6.67182,8.20655,0,3.01315,7898.48,415739,10772.3,0,0,0,415739,3.40E-21,0,3284.12,81.75,8349,7898.48,3.40E-21,0
01:11:15:01:21:16,7565.32,7556.16,8.21315,7.00027,8.31636,0,3.01315,7898.62,415739,10842.3,0,0,0,415739,7.04E-22,0,3354.22,81.7667,8349.14,7898.62,1.10E-21,0
01:11:15:01:21:17,7572.18,7559.88,8.65452,7.30736,8.21315,0,3.01315,7898.76,415739,10849.2,0,0,0,415739,2.16E-22,0,3361.08,81.7833,8349.28,7898.76,4.01E-22,0
01:11:15:01:21:18,7608.52,7587.92,8.63151,7.61845,8.65452,0,3.01315,7898.9,415739,10885.5,0,0,0,415739,5.21E-23,0,3397.42,81.8,8349.43,7898.9,5.21E-23,0
01:11:15:01:21:19,7686.05,7664.88,9.78559,8.19658,8.63151,0,3.01315,7899.04,415739,10963.1,0,0,0,415739,2.24E-23,0,3474.95,81.8167,8349.58,7899.04,1.29E-23,0
01:11:15:01:21:20,7784.19,7769.88,9.81849,8.41154,9.78559,0,3.01315,7899.2,415739,11061.2,0,0,0,415739,5.25E-24,0,3573.08,81.8333,8349.74,7899.2,5.25E-24,0
01:11:15:01:21:21,7865.15,7853.14,10.0793,8.75734,9.81849,0,3.01315,7899.36,415739,11142.2,0,0,0,415739,2.25E-24,0,3654.05,81.85,8349.91,7899.36,2.25E-24,0
01:11:15:01:21:22,7904.35,7880.03,10.1131,8.96296,10.0793,0,3.01315,7899.52,415739,11181.4,0,0,0,415739,7.30E-25,0,3693.25,81.8667,8350.08,7899.52,4.86E-25,0
01:11:15:01:21:23,7942.4,7922.94,10.0505,9.14855,10.1131,0,3.01315,7899.69,415739,11219.4,0,0,0,415739,1.57E-25,0,3731.3,81.8833,8350.25,7899.69,1.57E-25,0
01:11:15:01:21:24,7987.6,7969.58,10.0533,9.26204,10.0505,0,3.01315,7899.86,415739,11264.6,0,0,0,415739,6.72E-26,0,3776.5,81.9,8350.41,7899.86,3.73E-26,0
01:11:15:01:21:25,8063.99,8047.97,10.0413,9.37553,10.0533,0,3.01315,7900.03,415739,11341,0,0,0,415739,1.59E-26,0,3852.89,81.9167,8350.58,7900.03,1.59E-26,0
01:11:15:01:21:26,8127.22,8118.06,10.0156,9.44629,10.0413,0,3.01315,7900.2,415739,11404.2,0,0,0,415739,6.84E-27,0,3916.12,81.9333,8350.75,7900.2,3.91E-27,0
01:11:15:01:21:27,8172.42,8152.11,10.0658,9.51037,10.0156,0,3.01315,7900.36,415739,11449.5,0,0,0,415739,1.68E-27,0,3961.32,81.95,8350.92,7900.36,1.68E-27,0
01:11:15:01:21:28,8211.91,8191.88,10.0501,9.59449,10.0658,0,3.01315,7900.53,415739,11488.9,0,0,0,415739,5.43E-28,0,4000.81,81.9667,8351.08,7900.53,4.10E-28,0
01:11:15:01:21:29,8072,8063.42,9.99171,9.64923,10.0501,0,3.01315,7900.7,415739,11349,0,0,0,415739,5.43E-28,0,3860.9,81.9833,8351.25,7900.7,1.33E-28,0
01:11:15:01:21:30,8072.29,8055.98,10.0893,9.68395,9.99171,0,3.01315,7900.87,415739,11349.3,0,0,0,415739,1.33E-28,0,3861.19,82,8351.42,7900.87,5.71E-29,0
01:11:15:01:21:31,8121.78,8106.62,10.0293,9.48634,10.0893,0,3.01315,7901.03,415739,11398.8,0,0,0,415739,3.23E-29,0,3910.68,82.0167,8351.58,7901.03,1.39E-29,0
01:11:15:01:21:32,8145.53,8134.66,8.94351,8.7787,10.0293,0,3.01315,7901.2,415739,11422.6,0,0,0,415739,7.95E-30,0,3934.43,82.0333,8351.74,7901.2,6.00E-30,0
01:11:15:01:21:33,8163.27,8148.39,5.74399,7.90551,8.94351,0,3.01315,7901.36,415739,11440.3,0,0,0,415739,3.41E-30,0,3952.17,82.05,8351.86,7901.36,1.45E-30,0
01:11:15:01:21:34,8032.81,7979.31,5.24968,7.42619,5.74399,0,3.01315,7901.48,415739,11309.8,0,0,0,415739,8.29E-31,0,3821.71,82.0667,8351.96,7901.48,4.72E-31,0
01:11:15:01:21:35,7927.24,7910.93,5.10686,6.88678,5.24968,0,3.01315,7901.57,415739,11204.3,0,0,0,415739,3.56E-31,0,3716.14,82.0833,8352.04,7901.57,4.72E-31,0
01:11:15:01:21:36,7953.56,7937.25,5.07832,6.64912,5.10686,0,3.01315,7901.66,415739,11230.6,0,0,0,415739,2.01E-31,0,3742.46,82.1,8352.13,7901.66,2.01E-31,0
01:11:15:01:21:37,7962.71,7947.55,5.11441,6.25124,5.07832,0,3.01315,7901.74,415739,11239.7,0,0,0,415739,5.37E-32,0,3751.61,82.1167,8352.21,7901.74,8.63E-32,0
01:11:15:01:21:38,7973.01,7956.42,5.13623,6.06298,5.11441,0,3.01315,7901.83,415739,11250,0,0,0,415739,2.37E-32,0,3761.91,82.1333,8352.3,7901.83,2.37E-32,0
01:11:15:01:21:39,7919.22,7912.36,5.07082,5.76391,5.13623,0,3.01315,7901.91,415739,11196.3,0,0,0,415739,5.81E-33,0,3708.12,82.15,8352.38,7901.91,1.02E-32,0
01:11:15:01:21:40,7813.37,7794.77,5.11448,5.59434,5.07082,0,3.01315,7902,415739,11090.4,0,0,0,415739,2.48E-33,0,3602.27,82.1667,8352.47,7902,3.31E-33,0
01:11:15:01:21:41,7831.11,7815.37,5.07955,5.46082,5.11448,0,3.01315,7902.08,415739,11108.1,0,0,0,415739,6.02E-34,0,3620.01,82.1833,8352.55,7902.08,7.98E-34,0
01:11:15:01:21:42,7840.26,7823.09,5.09895,5.30327,5.07955,0,3.01315,7902.17,415739,11117.3,0,0,0,415739,1.97E-34,0,3629.16,82.2,8352.64,7902.17,3.43E-34,0
01:11:15:01:21:43,7848.84,7832.54,5.08969,5.2699,5.09895,0,3.01315,7902.25,415739,11125.9,0,0,0,415739,8.40E-35,0,3637.74,82.2167,8352.72,7902.25,8.40E-35,0
01:11:15:01:21:44,7827.67,7813.94,5.15016,5.17243,5.08969,0,3.01315,7902.34,415739,11104.7,0,0,0,415739,2.06E-35,0,3616.57,82.2333,8352.81,7902.34,3.60E-35,0
01:11:15:01:21:45,7740.41,7723.25,5.08756,5.10166,5.15016,0,3.01315,7902.42,415739,11017.4,0,0,0,415739,8.82E-36,0,3529.31,82.25,8352.89,7902.42,3.60E-35,0
01:11:15:01:21:46,7752.71,7738.12,5.07793,5.12169,5.08756,0,3.01315,7902.51,415739,11029.7,0,0,0,415739,2.16E-36,0,3541.61,82.2667,8352.98,7902.51,3.60E-35,0
01:11:15:01:21:47,7757,7738.12,5.11778,4.99218,5.07793,0,3.01315,7902.59,415739,11034,0,0,0,415739,6.90E-37,0,3545.9,82.2833,8353.06,7902.59,3.60E-35,0
01:11:15:01:21:48,7758.44,7741.84,5.1028,4.9361,5.11778,0,3.01315,7902.68,415739,11035.5,0,0,0,415739,1.70E-37,0,3547.34,82.3,8353.15,7902.68,3.60E-35,0
01:11:15:01:21:49,7746.13,7731.26,5.11109,4.93477,5.1028,0,3.01315,7902.76,415739,11023.2,0,0,0,415739,7.31E-38,0,3535.03,82.3167,8353.23,7902.76,0,0
01:11:15:01:21:50,7691.2,7670.89,5.13338,4.93076,5.11109,0,3.01315,7902.85,415739,10968.2,0,0,0,415739,0,0,3480.1,82.3333,8353.32,7902.85,0,0
01:11:15:01:21:51,7696.07,7679.19,5.11665,4.88804,5.13338,0,3.01315,7902.94,415739,10973.1,0,0,0,415739,0,0,3484.97,82.35,8353.4,7902.94,0,0
01:11:15:01:21:52,7696.92,7679.47,5.11665,4.82528,5.11665,0,3.01315,7903.02,415739,10974,0,0,0,415739,0,0,3485.82,82.3667,8353.49,7903.02,0,0
01:11:15:01:21:53,7696.64,7679.19,5.08681,4.89605,5.11665,0,3.01315,7903.11,415739,10973.7,0,0,0,415739,0,0,3485.54,82.3833,8353.57,7903.11,0,0
01:11:15:01:21:54,7691.49,7675.75,5.11231,4.86801,5.08681,0,3.01315,7903.19,415739,10968.5,0,0,0,415739,0,0,3480.39,82.4,8353.66,7903.19,0,0
01:11:15:01:21:55,7655.73,7637.99,5.12679,4.82662,5.11231,0,3.01315,7903.28,415739,10932.8,0,0,0,415739,0,0,3444.63,82.4167,8353.75,7903.28,0,0
01:11:15:01:21:56,7656.01,7639.13,5.10837,4.83863,5.12679,0,3.01315,7903.36,415739,10933,0,0,0,415739,0,0,3444.91,82.4333,8353.83,7903.36,0,0
01:11:15:01:21:57,7655.73,7636.84,5.07815,4.77588,5.10837,0,3.01315,7903.45,415739,10932.8,0,0,0,415739,0,0,3444.63,82.45,8353.92,7903.45,0,0
01:11:15:01:21:58,7653.44,7637.13,5.10262,4.7839,5.07815,0,3.01315,7903.53,415739,10930.5,0,0,0,415739,0,0,3442.34,82.4667,8354,7903.53,0,0
01:11:15:01:21:59,7650.86,7635.41,5.11535,4.85332,5.10262,0,3.01315,7903.62,415739,10927.9,0,0,0,415739,0,0,3439.76,82.4833,8354.08,7903.62,0,0
01:11:15:01:22:00,7638.85,7621.39,5.09486,4.82929,5.11535,0,3.01315,7903.7,415739,10915.9,0,0,0,415739,0,0,3427.75,82.5,8354.17,7903.7,0,0
01:11:15:01:22:01,7634.55,7616.24,5.08865,4.85466,5.09486,0,3.01315,7903.79,415739,10911.6,0,0,0,415739,0,0,3423.45,82.5167,8354.26,7903.79,0,0
01:11:15:01:22:02,7633.7,7614.53,5.0847,4.85599,5.08865,0,3.01315,7903.87,415739,10910.7,0,0,0,415739,0,0,3422.6,82.5333,8354.34,7903.87,0,0
01:11:15:01:22:03,7634.27,7618.53,5.08026,4.82528,5.0847,0,3.01315,7903.96,415739,10911.3,0,0,0,415739,0,0,3423.17,82.55,8354.42,7903.96,0,0
01:11:15:01:22:04,7634.84,7619.1,5.10053,4.82929,5.08026,0,3.01315,7904.04,415739,10911.9,0,0,0,415739,0,0,3423.74,82.5667,8354.51,7904.04,0,0
01:11:15:01:22:05,7636.27,7620.53,5.10563,4.78389,5.10053,0,3.01315,7904.13,415739,10913.3,0,0,0,415739,0,0,3425.17,82.5833,8354.59,7904.13,0,0
01:11:15:01:22:06,7629.12,7612.24,5.09852,4.80259,5.10563,0,3.01315,7904.21,415739,10906.1,0,0,0,415739,0,0,3418.02,82.6,8354.68,7904.21,0,0
01:11:15:01:22:07,7628.26,7610.52,5.10303,4.75986,5.09852,0,3.01315,7904.3,415739,10905.3,0,0,0,415739,0,0,3417.16,82.6167,8354.76,7904.3,0,0
01:11:15:01:22:08,7631.12,7615.67,5.10303,4.7425,5.10303,0,3.01315,7904.38,415739,10908.1,0,0,0,415739,0,0,3420.02,82.6333,8354.85,7904.38,0,0
01:11:15:01:22:09,7633.41,7616.53,5.10984,4.7385,5.10303,0,3.01315,7904.47,415739,10910.4,0,0,0,415739,0,0,3422.31,82.65,8354.94,7904.47,0,0
01:11:15:01:22:10,7639.13,7620.82,5.12259,4.74517,5.10984,0,3.01315,7904.55,415739,10916.2,0,0,0,415739,0,0,3428.03,82.6667,8355.02,7904.55,0,0
01:11:15:01:22:11,7636.84,7620.53,5.14514,4.75852,5.12259,0,3.01315,7904.64,415739,10913.9,0,0,0,415739,0,0,3425.74,82.6833,8355.11,7904.64,0,0
01:11:15:01:22:12,7637.99,7620.53,5.08666,4.76787,5.14514,0,3.01315,7904.72,415739,10915,0,0,0,415739,0,0,3426.89,82.7,8355.19,7904.72,0,0
01:11:15:01:22:13,7643.42,7628.55,5.11616,4.7652,5.08666,0,3.01315,7904.81,415739,10920.5,0,0,0,415739,0,0,3432.32,82.7167,8355.28,7904.81,0,0
01:11:15:01:22:14,7648,7635.13,5.11345,4.75986,5.11616,0,3.01315,7904.89,415739,10925,0,0,0,415739,0,0,3436.9,82.7333,8355.36,7904.89,0,0
01:11:15:01:22:15,7653.15,7636.27,5.08107,4.89471,5.11345,0,3.01315,7904.98,415739,10930.2,0,0,0,415739,0,0,3442.05,82.75,8355.45,7904.98,0,0
01:11:15:01:22:16,7647.43,7631.12,5.13042,4.83196,5.08107,0,3.01315,7905.06,415739,10924.5,0,0,0,415739,0,0,3436.33,82.7667,8355.53,7905.06,0,0
01:11:15:01:22:17,7656.3,7643.71,5.1113,4.81861,5.13042,0,3.01315,7905.15,415739,10933.3,0,0,0,415739,0,0,3445.2,82.7833,8355.62,7905.15,0,0
01:11:15:01:22:18,7663.16,7647.71,5.04946,4.79858,5.1113,0,3.01315,7905.23,415739,10940.2,0,0,0,415739,0,0,3452.06,82.8,8355.7,7905.23,0,0
01:11:15:01:22:19,7666.88,7654.01,5.11077,4.81327,5.04946,0,3.01315,7905.32,415739,10943.9,0,0,0,415739,0,0,3455.78,82.8167,8355.79,7905.32,0,0
01:11:15:01:22:20,7674.61,7659.16,5.07273,4.81727,5.11077,0,3.01315,7905.4,415739,10951.6,0,0,0,415739,0,0,3463.51,82.8333,8355.87,7905.4,0,0
01:11:15:01:22:21,7670.89,7653.72,5.09379,4.81327,5.07273,0,3.01315,7905.49,415739,10947.9,0,0,0,415739,0,0,3459.79,82.85,8355.96,7905.49,0,0
01:11:15:01:22:22,7680.9,7669.17,5.13483,4.82795,5.09379,0,3.01315,7905.57,415739,10957.9,0,0,0,415739,0,0,3469.8,82.8667,8356.04,7905.57,0,0
01:11:15:01:22:23,7688.91,7674.32,5.09005,4.79057,5.13483,0,3.01315,7905.66,415739,10965.9,0,0,0,415739,0,0,3477.81,82.8833,8356.13,7905.66,0,0
01:11:15:01:22:24,7694.64,7682.05,5.09005,4.82395,5.09005,0,3.01315,7905.74,415739,10971.7,0,0,0,415739,0,0,3483.54,82.9,8356.21,7905.74,0,0
01:11:15:01:22:25,7705.79,7690.63,5.08636,4.83997,5.09005,0,3.01315,7905.83,415739,10982.8,0,0,0,415739,0,0,3494.69,82.9167,8356.29,7905.83,0,0
01:11:15:01:22:26,7712.37,7696.64,5.10646,4.81327,5.08636,0,3.01315,7905.91,415739,10989.4,0,0,0,415739,0,0,3501.27,82.9333,8356.38,7905.91,0,0
01:11:15:01:22:27,7722.96,7709.8,5.11151,4.82662,5.10646,0,3.01315,7906,415739,11000,0,0,0,415739,0,0,3511.86,82.95,8356.47,7906,0,0
01:11:15:01:22:28,7709.51,7696.35,5.08272,4.82528,5.11151,0,3.01315,7906.08,415739,10986.5,0,0,0,415739,0,0,3498.41,82.9667,8356.55,7906.08,0,0
01:11:15:01:22:29,7722.67,7712.37,5.11877,4.81861,5.08272,0,3.01315,7906.17,415739,10999.7,0,0,0,415739,0,0,3511.57,82.9833,8356.64,7906.17,0,0
01:11:15:01:22:30,7740.13,7722.67,5.11877,4.77588,5.11877,0,3.01315,7906.25,415739,11017.2,0,0,0,415739,0,0,3529.03,83,8356.72,7906.25,0,0
01:11:15:01:22:31,7750.71,7735.26,5.11933,4.75051,5.11877,0,3.01315,7906.34,415739,11027.7,0,0,0,415739,0,0,3539.61,83.0167,8356.81,7906.34,0,0
01:11:15:01:22:32,7764.73,7751.57,5.08168,4.75586,5.11933,0,3.01315,7906.42,415739,11041.8,0,0,0,415739,0,0,3553.63,83.0333,8356.89,7906.42,0,0
01:11:15:01:22:33,7771.88,7754.14,5.11113,4.7919,5.08168,0,3.01315,7906.51,415739,11048.9,0,0,0,415739,0,0,3560.78,83.05,8356.98,7906.51,0,0
01:11:15:01:22:34,7775.03,7763.3,5.11465,4.79725,5.11113,0,3.01315,7906.59,415739,11052.1,0,0,0,415739,0,0,3563.93,83.0667,8357.06,7906.59,0,0
01:11:15:01:22:35,7787.9,7771.88,5.11465,4.84531,5.11465,0,3.01315,7906.68,415739,11064.9,0,0,0,415739,0,0,3576.8,83.0833,8357.15,7906.68,0,0
01:11:15:01:22:36,7798.2,7783.33,5.08393,4.80926,5.11465,0,3.01315,7906.76,415739,11075.2,0,0,0,415739,0,0,3587.1,83.1,8357.23,7906.76,0,0
01:11:15:01:22:37,7810.79,7797.92,5.09947,4.85065,5.08393,0,3.01315,7906.85,415739,11087.8,0,0,0,415739,0,0,3599.69,83.1167,8357.32,7906.85,0,0
01:11:15:01:22:38,7819.38,7804.5,5.06189,4.75319,5.09947,0,3.01315,7906.93,415739,11096.4,0,0,0,415739,0.302512,0,3608.28,83.1333,8357.4,7906.93,0.223448,0
01:11:15:01:22:39,7819.38,7807.93,5.08771,4.82261,5.06189,0,3.01315,7907.02,415739,11096.4,0,0,0,415739,0.130583,0,3608.28,83.15,8357.49,7907.02,0.172092,0
01:11:15:01:22:40,7832.82,7816.23,5.04596,4.82795,5.08771,0,3.01315,7907.1,415739,11109.9,0,0,0,415739,0.0317768,0,3621.72,83.1667,8357.57,7907.1,0.0421309,0
01:11:15:01:22:41,7847.7,7833.39,5.07378,4.7919,5.04596,0,3.01315,7907.19,415739,11124.7,0,0,0,415739,0.01036,0,3636.6,83.1833,8357.66,7907.19,0.0180771,0
01:11:15:01:22:42,7861.72,7843.98,5.05947,4.79057,5.07378,0,3.01315,7907.27,415739,11138.7,0,0,0,415739,0.00251593,0,3650.62,83.2,8357.74,7907.27,0.00442262,0
01:11:15:01:22:43,7872.59,7861.15,5.13014,4.82529,5.05947,0,3.01315,7907.36,415739,11149.6,0,0,0,415739,0.00108844,0,3661.49,83.2167,8357.83,7907.36,0.00189762,0
01:11:15:01:22:44,7873.45,7861.15,5.11743,4.82128,5.13014,0,3.01315,7907.44,415739,11150.5,0,0,0,415739,0.000467019,0,3662.35,83.2333,8357.91,7907.44,0.000467019,0
01:11:15:01:22:45,7887.75,7870.3,5.08739,4.85332,5.11743,0,3.01315,7907.53,415739,11164.8,0,0,0,415739,0.00011369,0,3676.65,83.25,8358,7907.53,0.000150734,0
01:11:15:01:22:46,7900.91,7885.18,5.08947,4.79324,5.08739,0,3.01315,7907.61,415739,11177.9,0,0,0,415739,3.68E-05,0,3689.81,83.2667,8358.08,7907.61,2.74E-05,0
01:11:15:01:22:47,7916.94,7901.77,5.05821,4.82261,5.08947,0,3.01315,7907.7,415739,11194,0,0,0,415739,8.88E-06,0,3705.84,83.2833,8358.16,7907.7,8.88E-06,0
01:11:15:01:22:48,7926.38,7914.36,5.12023,4.82529,5.05821,0,3.01315,7907.78,415739,11203.4,0,0,0,415739,3.81E-06,0,3715.28,83.3,8358.25,7907.78,2.18E-06,0
01:11:15:01:22:49,7935.53,7922.66,5.09429,4.85332,5.12023,0,3.01315,7907.86,415739,11212.6,0,0,0,415739,9.35E-07,0,3724.43,83.3167,8358.33,7907.86,9.35E-07,0
01:11:15:01:22:50,7944.97,7931.53,5.09559,4.79458,5.09429,0,3.01315,7907.95,415739,11222,0,0,0,415739,4.01E-07,0,3733.87,83.3333,8358.42,7907.95,2.30E-07,0
01:11:15:01:22:51,7958.13,7942.4,5.03444,4.79324,5.09559,0,3.01315,7908.04,415739,11235.2,0,0,0,415739,1.31E-07,0,3747.04,83.35,8358.5,7908.04,9.73E-08,0
01:11:15:01:22:52,7976.16,7962.14,5.05115,4.79191,5.03444,0,3.01315,7908.12,415739,11253.2,0,0,0,415739,3.17E-08,0,3765.06,83.3667,8358.59,7908.12,3.17E-08,0
01:11:15:01:22:53,7985.6,7973.87,5.07124,4.79458,5.05115,0,3.01315,7908.2,415739,11262.6,0,0,0,415739,1.36E-08,0,3774.5,83.3833,8358.67,7908.2,7.73E-09,0
01:11:15:01:22:54,7998.76,7984.46,5.08266,4.79457,5.07124,0,3.01315,7908.29,415739,11275.8,0,0,0,415739,3.36E-09,0,3787.66,83.4,8358.76,7908.29,3.36E-09,0
01:11:15:01:22:55,8008.77,7995.9,5.07017,4.81193,5.08266,0,3.01315,7908.37,415739,11285.8,0,0,0,415739,8.16E-10,0,3797.67,83.4167,8358.84,7908.37,8.16E-10,0
01:11:15:01:22:56,8027.08,8010.78,5.07823,4.78389,5.07017,0,3.01315,7908.46,415739,11304.1,0,0,0,415739,1.98E-10,0,3815.98,83.4333,8358.93,7908.46,3.50E-10,0
01:11:15:01:22:57,8039.39,8025.08,5.09158,4.80125,5.07823,0,3.01315,7908.54,415739,11316.4,0,0,0,415739,8.50E-11,0,3828.29,83.45,8359.01,7908.54,8.50E-11,0
01:11:15:01:22:58,8038.53,8029.95,5.09391,4.81861,5.09158,0,3.01315,7908.63,415739,11315.6,0,0,0,415739,2.08E-11,0,3827.43,83.4667,8359.09,7908.63,2.76E-11,0
01:11:15:01:22:59,8057.13,8042.82,5.1131,4.80125,5.09391,0,3.01315,7908.71,415739,11334.2,0,0,0,415739,6.72E-12,0,3846.03,83.4833,8359.18,7908.71,1.18E-11,0
01:11:15:01:23:00,8068.57,8055.98,5.09519,4.43408,5.1131,0,3.01315,7908.8,415739,11345.6,0,0,0,415739,1.64E-12,0,3857.47,83.5,8359.27,7908.8,2.88E-12,0
01:11:15:01:23:01,8090.03,8080.01,5.10838,4.52354,5.09519,0,3.01315,7908.88,415739,11367.1,0,0,0,415739,7.01E-13,0,3878.93,83.5167,8359.35,7908.88,1.23E-12,0
01:11:15:01:23:02,8106.05,8089.74,5.06362,4.5943,5.10838,0,3.01315,7908.97,415739,11383.1,0,0,0,415739,1.71E-13,0,3894.95,83.5333,8359.44,7908.97,3.01E-13,0
01:11:15:01:23:03,8112.63,8099.18,5.09273,4.60765,5.06362,0,3.01315,7909.05,415739,11389.7,0,0,0,415739,7.34E-14,0,3901.53,83.55,8359.52,7909.05,9.70E-14,0
01:11:15:01:23:04,8127.79,8113.77,5.09245,4.52888,5.09273,0,3.01315,7909.14,415739,11404.8,0,0,0,415739,2.37E-14,0,3916.69,83.5667,8359.6,7909.14,2.37E-14,0
01:11:15:01:23:05,8130.08,8117.21,5.06952,4.51152,5.09245,0,3.01315,7909.22,415739,11407.1,0,0,0,415739,5.84E-15,0,3918.98,83.5833,8359.69,7909.22,1.02E-14,0
01:11:15:01:23:06,8161.55,8150.11,5.07684,4.53155,5.06952,0,3.01315,7909.31,415739,11438.6,0,0,0,415739,2.49E-15,0,3950.45,83.6,8359.77,7909.31,2.49E-15,0
01:11:15:01:23:07,8177,8161.55,5.08694,4.47948,5.07684,0,3.01315,7909.39,415739,11454,0,0,0,415739,6.08E-16,0,3965.9,83.6167,8359.86,7909.39,1.07E-15,0
01:11:15:01:23:08,8188.45,8174.71,5.07154,4.41673,5.08694,0,3.01315,7909.47,415739,11465.5,0,0,0,415739,2.62E-16,0,3977.35,83.6333,8359.94,7909.47,3.46E-16,0
01:11:15:01:23:09,8202.46,8189.88,5.07154,4.43675,5.07154,0,3.01315,7909.56,415739,11479.5,0,0,0,415739,6.39E-17,0,3991.37,83.65,8360.03,7909.56,8.47E-17,0
01:11:15:01:23:10,8216.2,8206.76,5.0683,4.45945,5.07154,0,3.01315,7909.64,415739,11493.2,0,0,0,415739,2.06E-17,0,4005.1,83.6667,8360.11,7909.64,3.63E-17,0
01:11:15:01:23:11,8242.23,8231.93,5.07019,4.47948,5.0683,0,3.01315,7909.73,415739,11519.3,0,0,0,415739,5.05E-18,0,4031.13,83.6833,8360.2,7909.73,8.85E-18,0
01:11:15:01:23:12,8261.12,8245.67,5.08694,4.48749,5.07019,0,3.01315,7909.81,415739,11538.1,0,0,0,415739,2.17E-18,0,4050.02,83.7,8360.28,7909.81,3.81E-18,0
01:11:15:01:23:13,8281.14,8268.27,5.08694,4.50485,5.08694,0,3.01315,7909.9,415739,11558.2,0,0,0,415739,9.30E-19,0,4070.04,83.7167,8360.37,7909.9,5.29E-19,0
01:11:15:01:23:14,8295.16,8282.57,5.08694,4.51953,5.08694,0,3.01315,7909.98,415739,11572.2,0,0,0,415739,2.27E-19,0,4084.06,83.7333,8360.45,7909.98,2.27E-19,0
01:11:15:01:23:15,8314.9,8304.03,5.05118,4.52888,5.08694,0,3.01315,7910.07,415739,11591.9,0,0,0,415739,7.34E-20,0,4103.8,83.75,8360.53,7910.07,5.52E-20,0
01:11:15:01:23:16,8332.07,8322.05,5.07858,4.54356,5.05118,0,3.01315,7910.15,415739,11609.1,0,0,0,415739,1.79E-20,0,4120.97,83.7667,8360.62,7910.15,1.79E-20,0
01:11:15:01:23:17,8351.52,8338.36,5.07858,4.48882,5.07858,0,3.01315,7910.23,415739,11628.6,0,0,0,415739,7.67E-21,0,4140.42,83.7833,8360.7,7910.23,4.36E-21,0
01:11:15:01:23:18,8354.1,8342.65,5.08674,4.42207,5.07858,0,3.01315,7910.32,415739,11631.1,0,0,0,415739,1.88E-21,0,4143,83.8,8360.79,7910.32,1.88E-21,0
01:11:15:01:23:19,8378.42,8364.11,5.08674,4.48882,5.08674,0,3.01315,7910.4,415739,11655.4,0,0,0,415739,8.09E-22,0,4167.32,83.8167,8360.87,7910.4,4.58E-22,0
01:11:15:01:23:20,8382.14,8375.56,5.09348,4.51553,5.08674,0,3.01315,7910.49,415739,11659.2,0,0,0,415739,1.96E-22,0,4171.04,83.8333,8360.96,7910.49,1.96E-22,0
01:11:15:01:23:21,8389.86,8382.42,5.09348,4.53956,5.09348,0,3.01315,7910.57,415739,11666.9,0,0,0,415739,6.34E-23,0,4178.76,83.85,8361.04,7910.57,6.34E-23,0
01:11:15:01:23:22,8417.04,8402.16,5.07181,4.57427,5.09348,0,3.01315,7910.66,415739,11694.1,0,0,0,415739,6.34E-23,0,4205.94,83.8667,8361.13,7910.66,1.55E-23,0
01:11:15:01:23:23,8431.06,8418.19,5.06878,4.53689,5.07181,0,3.01315,7910.74,415739,11708.1,0,0,0,415739,2.72E-23,0,4219.96,83.8833,8361.21,7910.74,6.63E-24,0
01:11:15:01:23:24,8446.79,8433.92,5.09141,4.58896,5.06878,0,3.01315,7910.83,415739,11723.8,0,0,0,415739,6.63E-24,0,4235.69,83.9,8361.29,7910.83,1.63E-24,0
01:11:15:01:23:25,8472.26,8461.67,5.10959,4.5676,5.09141,0,3.01315,7910.91,415739,11749.3,0,0,0,415739,1.63E-24,0,4261.16,83.9167,8361.38,7910.91,6.98E-25,0
01:11:15:01:23:26,8481.41,8468.54,5.10444,4.62234,5.10959,0,3.01315,7911,415739,11758.4,0,0,0,415739,3.97E-25,0,4270.31,83.9333,8361.46,7911,1.70E-25,0
01:11:15:01:23:27,8504.87,8490.57,5.04821,4.61032,5.10444,0,3.01315,7911.08,415739,11781.9,0,0,0,415739,1.70E-25,0,4293.77,83.95,8361.55,7911.08,1.70E-25,0
01:11:15:01:23:28,8523.18,8511.45,5.07635,4.71313,5.04821,0,3.01315,7911.17,415739,11800.2,0,0,0,415739,4.13E-26,0,4312.08,83.9667,8361.63,7911.17,5.47E-26,0
01:11:15:01:23:29,8533.2,8520.32,5.07305,4.67575,5.07635,0,3.01315,7911.25,415739,11810.2,0,0,0,415739,1.34E-26,0,4322.1,83.9833,8361.72,7911.25,1.34E-26,0
01:11:15:01:23:30,8552.65,8543.21,5.1061,4.7118,5.07305,0,3.01315,7911.33,415739,11829.7,0,0,0,415739,3.30E-27,0,4341.55,84,8361.8,7911.33,5.80E-27,0
01:11:15:01:23:31,8570.39,8558.09,5.05105,4.59564,5.1061,0,3.01315,7911.42,415739,11847.4,0,0,0,415739,1.41E-27,0,4359.29,84.0167,8361.89,7911.42,2.49E-27,0
01:11:15:01:23:32,8591.85,8578.69,5.11616,4.62367,5.05105,0,3.01315,7911.5,415739,11868.9,0,0,0,415739,3.44E-28,0,4380.75,84.0333,8361.97,7911.5,6.04E-28,0
01:11:15:01:23:33,8612.45,8600.43,5.08946,4.58095,5.11616,0,3.01315,7911.59,415739,11889.5,0,0,0,415739,1.47E-28,0,4401.35,84.05,8362.06,7911.59,1.96E-28,0
01:11:15:01:23:34,8623.03,8608.73,5.04088,4.60899,5.08946,0,3.01315,7911.67,415739,11900.1,0,0,0,415739,4.80E-29,0,4411.93,84.0667,8362.14,7911.67,4.80E-29,0
01:11:15:01:23:35,8645.06,8632.76,5.04279,4.62635,5.04088,0,3.01315,7911.76,415739,11922.1,0,0,0,415739,1.16E-29,0,4433.96,84.0833,8362.23,7911.76,2.06E-29,0
01:11:15:01:23:36,8616.17,8601.86,5.05878,4.61566,5.04279,0,3.01315,7911.84,415739,11893.2,0,0,0,415739,4.98E-30,0,4405.07,84.1,8362.31,7911.84,4.98E-30,0
01:11:15:01:23:37,8642.49,8637.34,5.08579,4.59697,5.05878,0,3.01315,7911.93,415739,11919.5,0,0,0,415739,1.23E-30,0,4431.39,84.1167,8362.39,7911.93,2.14E-30,0
01:11:15:01:23:38,8671.1,8658.22,5.08685,4.58629,5.08579,0,3.01315,7912.01,415739,11948.1,0,0,0,415739,5.27E-31,0,4460,84.1333,8362.48,7912.01,6.99E-31,0
01:11:15:01:23:39,8689.12,8675.39,5.14327,4.58362,5.08685,0,3.01315,7912.09,415739,11966.2,0,0,0,415739,1.28E-31,0,4478.02,84.15,8362.56,7912.09,1.28E-31,0
01:11:15:01:23:40,8689.12,8677.68,5.06438,4.5943,5.14327,0,3.01315,7912.18,415739,11966.2,0,0,0,415739,4.15E-32,0,4478.02,84.1667,8362.65,7912.18,3.11E-32,0
01:11:15:01:23:41,8695.7,8684.26,5.12051,4.58896,5.06438,0,3.01315,7912.27,415739,11972.7,0,0,0,415739,1.01E-32,0,4484.6,84.1833,8362.73,7912.27,1.01E-32,0
01:11:15:01:23:42,8722.02,8713.44,5.10968,4.60231,5.12051,0,3.01315,7912.35,415739,11999.1,0,0,0,415739,4.32E-33,0,4510.93,84.2,8362.82,7912.35,4.32E-33,0
01:11:15:01:23:43,8750.35,8736.9,5.121,4.62501,5.10968,0,3.01315,7912.44,415739,12027.4,0,0,0,415739,1.83E-33,0,4539.25,84.2167,8362.91,7912.44,1.06E-33,0
01:11:15:01:23:44,8695.42,8680.54,5.07951,4.63569,5.121,0,3.01315,7912.52,415739,11972.4,0,0,0,415739,4.55E-34,0,4484.32,84.2333,8362.99,7912.52,4.55E-34,0
01:11:15:01:23:45,8731.18,8719.16,5.0578,4.5716,5.07951,0,3.01315,7912.61,415739,12008.2,0,0,0,415739,1.45E-34,0,4520.08,84.25,8363.07,7912.61,1.10E-34,0
01:11:15:01:23:46,8749.2,8736.04,5.06383,4.55825,5.0578,0,3.01315,7912.69,415739,12026.2,0,0,0,415739,3.55E-35,0,4538.1,84.2667,8363.16,7912.69,3.55E-35,0
01:11:15:01:23:47,8779.82,8770.66,5.09493,4.54757,5.06383,0,3.01315,7912.77,415739,12056.8,0,0,0,415739,1.52E-35,0,4568.72,84.2833,8363.24,7912.77,3.55E-35,0
01:11:15:01:23:48,8807.28,8793.84,5.1101,4.56893,5.09493,0,3.01315,7912.86,415739,12084.3,0,0,0,415739,3.77E-36,0,4596.18,84.3,8363.33,7912.86,3.55E-35,0
01:11:15:01:23:49,8782.68,8771.23,5.10681,4.58095,5.1101,0,3.01315,7912.94,415739,12059.7,0,0,0,415739,1.62E-36,0,4571.58,84.3167,8363.41,7912.94,3.55E-35,0
01:11:15:01:23:50,8819.58,8807.28,5.10681,4.5716,5.10681,0,3.01315,7913.03,415739,12096.6,0,0,0,415739,3.91E-37,0,4608.49,84.3333,8363.5,7913.03,3.55E-35,0
01:11:15:01:23:51,8839.9,8827.31,5.08612,4.5983,5.10681,0,3.01315,7913.12,415739,12116.9,0,0,0,415739,1.26E-37,0,4628.8,84.35,8363.58,7913.12,3.55E-35,0
01:11:15:01:23:52,8855.06,8845.33,5.07394,4.59964,5.08612,0,3.01315,7913.2,415739,12132.1,0,0,0,415739,0,0,4643.96,84.3667,8363.67,7913.2,0,0
01:11:15:01:23:53,8885.67,8871.94,5.08235,4.60498,5.07394,0,3.01315,7913.28,415739,12162.7,0,0,0,415739,0,0,4674.57,84.3833,8363.75,7913.28,0,0
01:11:15:01:23:54,8878.81,8869.37,5.08235,4.58896,5.08235,0,3.01315,7913.37,415739,12155.8,0,0,0,415739,0,0,4667.71,84.4,8363.84,7913.37,0,0
01:11:15:01:23:55,8907.42,8893.97,5.12875,4.56226,5.08235,0,3.01315,7913.45,415739,12184.4,0,0,0,415739,0,0,4696.32,84.4167,8363.92,7913.45,0,0
01:11:15:01:23:56,8931.74,8919.72,5.09733,4.5716,5.12875,0,3.01315,7913.54,415739,12208.8,0,0,0,415739,0,0,4720.64,84.4333,8364.01,7913.54,0,0
01:11:15:01:23:57,8940.89,8936.89,5.11014,4.57027,5.09733,0,3.01315,7913.62,415739,12217.9,0,0,0,415739,0,0,4729.79,84.45,8364.09,7913.62,0,0
01:11:15:01:23:58,8975.8,8963.78,5.09831,4.617,5.11014,0,3.01315,7913.71,415739,12252.8,0,0,0,415739,0,0,4764.7,84.4667,8364.18,7913.71,0,0
01:11:15:01:23:59,8983.52,8973.79,5.06199,4.67842,5.09831,0,3.01315,7913.79,415739,12260.5,0,0,0,415739,0,0,4772.42,84.4833,8364.26,7913.79,0,0
01:11:15:01:24:00,8989.82,8978.08,5.04599,4.61166,5.06199,0,3.01315,7913.88,415739,12266.8,0,0,0,415739,0,0,4778.72,84.5,8364.35,7913.88,0,0
01:11:15:01:24:01,9021,9007.55,5.08859,4.63168,5.04599,0,3.01315,7913.96,415739,12298,0,0,0,415739,0,0,4809.9,84.5167,8364.43,7913.96,0,0
01:11:15:01:24:02,9039.02,9027.29,5.07926,4.65305,5.08859,0,3.01315,7914.05,415739,12316.1,0,0,0,415739,0,0,4827.92,84.5333,8364.52,7914.05,0,0
01:11:15:01:24:03,9066.78,9053.62,5.12519,4.68509,5.07926,0,3.01315,7914.13,415739,12343.8,0,0,0,415739,0,0,4855.68,84.55,8364.6,7914.13,0,0
01:11:15:01:24:04,9080.22,9070.21,5.07956,4.66239,5.12519,0,3.01315,7914.22,415739,12357.3,0,0,0,415739,0,0,4869.12,84.5667,8364.69,7914.22,0,0
01:11:15:01:24:05,9098.25,9083.66,5.09461,4.64904,5.07956,0,3.01315,7914.3,415739,12375.3,0,0,0,415739,0,0,4887.15,84.5833,8364.77,7914.3,0,0
01:11:15:01:24:06,9126,9111.41,5.07868,4.70379,5.09461,0,3.01315,7914.39,415739,12403,0,0,0,415739,0,0,4914.9,84.6,8364.86,7914.39,0,0
01:11:15:01:24:07,9146.03,9135.44,5.08996,4.76253,5.07868,0,3.01315,7914.47,415739,12423.1,0,0,0,415739,0,0,4934.93,84.6167,8364.94,7914.47,0,0
01:11:15:01:24:08,9168.34,9156.33,5.08188,4.82929,5.08996,0,3.01315,7914.56,415739,12445.4,0,0,0,415739,0,0,4957.24,84.6333,8365.02,7914.56,0,0
01:11:15:01:24:09,9150.89,9078.22,5.08456,5.01488,5.08188,0,3.01315,7914.64,415739,12427.9,0,0,0,415739,0,0,4939.79,84.65,8365.11,7914.64,0,0
01:11:15:01:24:10,9082.23,9066.2,5.08527,5.02556,5.08456,0,3.01315,7914.73,415739,12359.3,0,0,0,415739,0,0,4871.13,84.6667,8365.19,7914.73,0,0
01:11:15:01:24:11,9161.76,9147.17,5.09633,5.00153,5.08527,0,3.01315,7914.81,415739,12438.8,0,0,0,415739,0,0,4950.66,84.6833,8365.28,7914.81,0,0
01:11:15:01:24:12,9235.58,9223.56,5.05407,4.98817,5.09633,0,3.01315,7914.9,415739,12512.6,0,0,0,415739,0,0,5024.48,84.7,8365.36,7914.9,0,0
01:11:15:01:24:13,9272.77,9260.47,5.1411,4.98283,5.05407,0,3.01315,7914.98,415739,12549.8,0,0,0,415739,0,0,5061.67,84.7167,8365.45,7914.98,0,0
01:11:15:01:24:14,9284.79,9283.07,5.09869,4.98684,5.1411,0,3.01315,7915.06,415739,12561.8,0,0,0,415739,0,0,5073.69,84.7333,8365.53,7915.06,0,0
01:11:15:01:24:15,9221.27,9204.68,5.11252,4.97883,5.09869,0,3.01315,7915.15,415739,12498.3,0,0,0,415739,0,0,5010.17,84.75,8365.62,7915.15,0,0
01:11:15:01:24:16,9292.22,9283.64,5.07929,4.98417,5.11252,0,3.01315,7915.23,415739,12569.3,0,0,0,415739,0,0,5081.12,84.7667,8365.7,7915.23,0,0
01:11:15:01:24:17,9350.02,9344.01,5.07754,4.93877,5.07929,0,3.01315,7915.32,415739,12627,0,0,0,415739,0,0,5138.92,84.7833,8365.79,7915.32,0,0
01:11:15:01:24:18,9390.64,9385.21,5.07668,4.91608,5.07754,0,3.01315,7915.4,415739,12667.7,0,0,0,415739,0,0,5179.54,84.8,8365.87,7915.4,0,0
01:11:15:01:24:19,9410.1,9400.08,5.05304,4.90139,5.07668,0,3.01315,7915.49,415739,12687.1,0,0,0,415739,0,0,5199,84.8167,8365.96,7915.49,0,0
01:11:15:01:24:20,9367.18,9352.59,5.06614,4.92008,5.05304,0,3.01315,7915.57,415739,12644.2,0,0,0,415739,0,0,5156.08,84.8333,8366.04,7915.57,0,0
01:11:15:01:24:21,9172.06,9162.33,5.08065,4.90005,5.06614,0,3.01315,7915.66,415739,12449.1,0,0,0,415739,0,0,4960.96,84.85,8366.13,7915.66,0,0
01:11:15:01:24:22,9203.82,9195.24,5.09151,4.90005,5.08065,0,3.01315,7915.74,415739,12480.8,0,0,0,415739,0,0,4992.72,84.8667,8366.21,7915.74,0,0
01:11:15:01:24:23,9184.36,9172.06,3.63515,4.90139,5.09151,0,3.01315,7915.83,415739,12461.4,0,0,0,415739,0,0,4973.27,84.8833,8366.28,7915.83,0,0
01:11:15:01:24:24,9221.84,9215.83,0.295219,4.32059,3.63515,0,3.01315,7915.9,415739,12498.9,0,0,0,415739,0,0,5010.74,84.9,8366.32,7915.9,0,0
01:11:15:01:24:25,9140.02,9134.3,0.060416,3.46609,0.295219,0,3.01315,7915.93,415739,12417,0,0,0,415739,0,0,4928.92,84.9167,8366.32,7915.93,0,0
01:11:15:01:24:26,8808.43,8797.56,0,2.97742,0.060416,0,3.01315,7915.94,415739,12085.5,0,0,0,415739,0,0,4597.33,84.9333,8366.32,7915.94,0,0
01:11:15:01:24:27,8855.06,8844.76,0,2.20035,0,0,3.01315,7915.94,415739,12132.1,0,0,0,415739,0,0,4643.96,84.95,8366.32,7915.94,0,0
01:11:15:01:24:28,8837.61,8827.02,0,1.71301,0,0,3.01315,7915.94,415739,12114.6,0,0,0,415739,0,0,4626.51,84.9667,8366.32,7915.94,0,0
01:11:15:01:24:29,8867.08,8856.21,0,1.20699,0,0,3.01315,7915.94,415739,12144.1,0,0,0,415739,0,0,4655.98,84.9833,8366.32,7915.94,0,0
01:11:15:01:24:30,8803.28,8791.83,0,0.94396,0,0,3.01315,7915.94,415739,12080.3,0,0,0,415739,0,0,4592.18,85,8366.32,7915.94,0,0
01:11:15:01:24:31,8556.09,8548.36,0,0.745022,0,0,3.01315,7915.94,415739,11833.1,0,0,0,415739,0,0,4344.99,85.0167,8366.32,7915.94,0,0
01:11:15:01:24:32,8576.68,8563.81,0,0.435263,0,0,3.01315,7915.94,415739,11853.7,0,0,0,415739,0,0,4365.58,85.0333,8366.32,7915.94,0,0
01:11:15:01:24:33,8582.98,8572.11,0,0.236324,0,0,3.01315,7915.94,415739,11860,0,0,0,415739,0,0,4371.88,85.05,8366.32,7915.94,0,0
01:11:15:01:24:34,8582.69,8570.96,0,0.0347137,0,0,3.01315,7915.94,415739,11859.7,0,0,0,415739,0,0,4371.59,85.0667,8366.32,7915.94,0,0
01:11:15:01:24:35,8527.76,8517.75,0,0,0,0,3.01315,7915.94,415739,11804.8,0,0,0,415739,0,0,4316.66,85.0833,8366.32,7915.94,0,0
01:11:15:01:24:36,8374.13,8343.8,0,0,0,0,3.01315,7915.94,415739,11651.2,0,0,0,415739,0,0,4163.03,85.1,8366.32,7915.94,0,0
01:11:15:01:24:37,8344.08,8333.5,0,0,0,0,3.01315,7915.94,415739,11651.2,0,0,0,415739,0,0,4163.03,85.1167,8366.32,7915.94,0,0
01:11:15:01:24:38,8359.53,8346.66,0,0,0,0,3.01315,7915.94,415739,11651.2,0,0,0,415739,0,0,4163.03,85.1333,8366.32,7915.94,0,0
01:11:15:01:24:39,8362.4,8350.67,0,0,0,0,3.01315,7915.94,415739,11651.2,0,0,0,415739,0,0,4163.03,85.15,8366.32,7915.94,0,0
01:11:15:01:24:40,8322.05,8310.33,0,0,0,0,3.01315,7915.94,415739,11651.2,0,0,0,415739,0,0,4163.03,85.1667,8366.32,7915.94,0,0
01:11:15:01:24:41,8223.92,8217.06,0,0,0,0,3.01315,7915.94,415739,11651.2,0,0,0,415739,0,0,4163.03,85.1833,8366.32,7915.94,0,0
01:11:15:01:24:42,8164.41,8151.54,0,0,0,0,3.01315,7915.94,415739,11651.2,0,0,0,415739,0,0,4163.03,85.2,8366.32,7915.94,0,0
01:11:15:01:24:43,8179.29,8166.7,0,0,0,0,3.01315,7915.94,415739,11651.2,0,0,0,415739,0,0,4163.03,85.2167,8366.32,7915.94,0,0
01:11:15:01:24:44,8181.29,8168.42,0,0,0,0,3.01315,7915.94,415739,11651.2,0,0,0,415739,0,0,4163.03,85.2333,8366.32,7915.94,0,0
01:11:15:01:24:45,8161.27,8149.54,0,0,0,0,3.01315,7915.94,415739,11651.2,0,0,0,415739,0,0,4163.03,85.25,8366.32,7915.94,0,0
01:11:15:01:24:46,8100.9,8091.46,0,0,0,0,3.01315,7915.94,415739,11651.2,0,0,0,415739,0,0,4163.03,85.2667,8366.32,7915.94,0,0
01:11:15:01:24:47,8007.92,7994.47,0,0,0,0,3.01315,7915.94,415739,11651.2,0,0,0,415739,0,0,4163.03,85.2833,8366.32,7915.94,0,0
01:11:15:01:24:48,8025.65,8012.21,0,0,0,0,3.01315,7915.94,415739,11651.2,0,0,0,415739,0,0,4163.03,85.3,8366.32,7915.94,0,0
01:11:15:01:24:49,8026.8,8013.07,0,0,0,0,3.01315,7915.94,415739,11651.2,0,0,0,415739,0,0,4163.03,85.3167,8366.32,7915.94,0,0
01:11:15:01:24:50,8027.66,8015.07,0,0,0,0,3.01315,7915.94,415739,11651.2,0,0,0,415739,0,0,4163.03,85.3333,8366.32,7915.94,0,0
01:11:15:01:24:51,7986.17,7973.3,0,0,0,0,3.01315,7915.94,415739,11651.2,0,0,0,415739,0,0,4163.03,85.35,8366.32,7915.94,0,0
01:11:15:01:24:52,7890.61,7877.45,0,0,0,0,3.01315,7915.94,415739,11651.2,0,0,0,415739,0,0,4163.03,85.3667,8366.32,7915.94,0,0
01:11:15:01:24:53,7906.64,7892.04,0,0,0,0,3.01315,7915.94,415739,11651.2,0,0,0,415739,0,0,4163.03,85.3833,8366.32,7915.94,0,0
01:11:15:01:24:54,7907.49,7893.76,0,0,0,0,3.01315,7915.94,415739,11651.2,0,0,0,415739,0,0,4163.03,85.4,8366.32,7915.94,0,0
01:11:15:01:24:55,7912.36,7897.48,0,0.0120163,0,0,3.01315,7915.94,415739,11651.2,0,0,0,415739,0,0,4163.03,85.4167,8366.32,7915.94,0,0
01:11:15:01:24:56,7884.61,7868.01,0,0.0267029,0,0,3.01315,7915.94,415739,11651.2,0,0,0,415739,0,0,4163.03,85.4333,8366.32,7915.94,0,0
01:11:15:01:24:57,7807.93,7788.48,0,0.0307083,0,0,3.01315,7915.94,415739,11651.2,0,0,0,415739,0,0,4163.03,85.45,8366.32,7915.94,0,0
01:11:15:01:24:58,7806.5,7791.62,0,0.0333786,0,0,3.01315,7915.94,415739,11651.2,0,0,0,415739,0,0,4163.03,85.4667,8366.32,7915.94,0,0
01:11:15:01:24:59,7810.22,7795.63,0,0.0387192,0,0,3.01315,7915.94,415739,11651.2,0,0,0,415739,0,0,4163.03,85.4833,8366.32,7915.94,0,0
01:11:15:01:25:00,7813.08,7798.49,0,0.0440617,0,0,3.01315,7915.94,415739,11651.2,0,0,0,415739,0,0,4163.03,85.5,8366.32,7915.94,0,0
01:11:15:01:25:01,7793.05,7778.75,0,0.0494003,0,0,3.01315,7915.94,415739,11651.2,0,0,0,415739,0,0,4163.03,85.5167,8366.32,7915.94,0,0
01:11:15:01:25:02,7736.41,7723.82,0,0.0534058,0,0,3.01315,7915.94,415739,11651.2,0,0,0,415739,0,0,4163.03,85.5333,8366.32,7915.94,0,0
01:11:15:01:25:03,7719.53,7704.08,0,0.0574112,0,0,3.01315,7915.94,415739,11651.2,0,0,0,415739,0,0,4163.03,85.55,8366.32,7915.94,0,0
01:11:15:01:25:04,7724.68,7709.51,0,0.0587482,0,0,3.01315,7915.94,415739,11651.2,0,0,0,415739,0,0,4163.03,85.5667,8366.32,7915.94,0,0
01:11:15:01:25:05,7726.39,7711.8,0,0.0587482,0,0,3.01315,7915.94,415739,11651.2,0,0,0,415739,0,0,4163.03,85.5833,8366.32,7915.94,0,0
01:11:15:01:25:06,7715.52,7701.5,0,0.0614185,0,0,3.01315,7915.94,415739,11651.2,0,0,0,415739,0,0,4163.03,85.6,8366.32,7915.94,0,0
01:11:15:01:25:07,7679.76,7666.31,0,0.0627537,0,0,3.01315,7915.94,415739,11651.2,0,0,0,415739,0,0,4163.03,85.6167,8366.32,7915.94,0,0
01:11:15:01:25:08,7644.28,7629.69,0,0.0640869,0,0,3.01315,7915.94,415739,11651.2,0,0,0,415739,0,0,4163.03,85.6333,8366.32,7915.94,0,0
01:11:15:01:25:09,7649.15,7634.27,0,0.0614185,0,0,3.01315,7915.94,415739,11651.2,0,0,0,415739,0,0,4163.03,85.65,8366.32,7915.94,0,0
01:11:15:01:25:10,7651.72,7636.27,0,0.0600815,0,0,3.01315,7915.94,415739,11651.2,0,0,0,415739,0,0,4163.03,85.6667,8366.32,7915.94,0,0
01:11:15:01:25:11,7646.57,7633.12,0,0.0614185,0,0,3.01315,7915.94,415739,11651.2,0,0,0,415739,0,0,4163.03,85.6833,8366.32,7915.94,0,0
01:11:15:01:25:12,7622.25,7603.94,0,0.0600815,0,0,3.01315,7915.94,415739,11651.2,0,0,0,415739,0,0,4163.03,85.7,8366.32,7915.94,0,0
01:11:15:01:25:13,7579.34,7564.17,0,0.0587482,0,0,3.01315,7915.94,415739,11651.2,0,0,0,415739,0,0,4163.03,85.7167,8366.32,7915.94,0,0
01:11:15:01:25:14,7583.91,7568.18,0,0.0600815,0,0,3.01315,7915.94,415739,11651.2,0,0,0,415739,0,0,4163.03,85.7333,8366.32,7915.94,0,0
01:11:15:01:25:15,7584.2,7569.04,0,0.0614185,0,0,3.01315,7915.94,415739,11651.2,0,0,0,415739,0,0,4163.03,85.75,8366.32,7915.94,0,0
01:11:15:01:25:16,7583.06,7567.03,0,0.0600815,0,0,3.01315,7915.94,415739,11651.2,0,0,0,415739,0,0,4163.03,85.7667,8366.32,7915.94,0,0
01:11:15:01:25:17,7563.6,7548.44,0,0.0600815,0,0,3.01315,7915.94,415739,11651.2,0,0,0,415739,0,0,4163.03,85.7833,8366.32,7915.94,0,0
01:11:15:01:25:18,7523.26,7509.24,0,0.0600815,0,0,3.01315,7915.94,415739,11651.2,0,0,0,415739,0,0,4163.03,85.8,8366.32,7915.94,0,0
01:11:15:01:25:19,7523.55,7507.52,0,0.0560761,0,0,3.01315,7915.94,415739,11651.2,0,0,0,415739,0,0,4163.03,85.8167,8366.32,7915.94,0,0
01:11:15:01:25:20,7523.55,7508.1,0,0.0560761,0,0,3.01315,7915.94,415739,11651.2,0,0,0,415739,0,0,4163.03,85.8333,8366.32,7915.94,0,0
01:11:15:01:25:21,7522.69,7506.95,0,0.0574112,0,0,3.01315,7915.94,415739,11651.2,0,0,0,415739,0,0,4163.03,85.85,8366.32,7915.94,0,0
01:11:15:01:25:22,7509.53,7494.94,0,0.0614185,0,0,3.01315,7915.94,415739,11651.2,0,0,0,415739,0,0,4163.03,85.8667,8366.32,7915.94,0,0
01:11:15:01:25:23,7478.06,7463.18,0,0.0560761,0,0,3.01315,7915.94,415739,11651.2,0,0,0,415739,0,0,4163.03,85.8833,8366.32,7915.94,0,0
01:11:15:01:25:24,7467.47,7451.16,0,0.0574112,0,0,3.01315,7915.94,415739,11651.2,0,0,0,415739,0,0,4163.03,85.9,8366.32,7915.94,0,0
01:11:15:01:25:25,7467.18,7451.74,0,0.0587482,0,0,3.01315,7915.94,415739,11651.2,0,0,0,415739,0,0,4163.03,85.9167,8366.32,7915.94,0,0
01:11:15:01:25:26,7466.33,7451.16,0,0.0587482,0,0,3.01315,7915.94,415739,11651.2,0,0,0,415739,0,0,4163.03,85.9333,8366.32,7915.94,0,0
01:11:15:01:25:27,7457.74,7442.87,0,0.0600815,0,0,3.01315,7915.94,415739,11651.2,0,0,0,415739,0,0,4163.03,85.95,8366.32,7915.94,0,0
01:11:15:01:25:28,7434.86,7420.26,0,0.0614185,0,0,3.01315,7915.94,415739,11651.2,0,0,0,415739,0,0,4163.03,85.9667,8366.32,7915.94,0,0
01:11:15:01:25:29,7415.11,7399.66,0,0.0640869,0,0,3.01315,7915.94,415739,11651.2,0,0,0,415739,0,0,4163.03,85.9833,8366.32,7915.94,0,0
01:11:15:01:25:30,7415.69,7399.95,0,0.0627537,0,0,3.01315,7915.94,415739,11651.2,0,0,0,415739,0,0,4163.03,86,8366.32,7915.94,0,0
01:11:15:01:25:31,7414.83,7398.52,0,0.0600815,0,0,3.01315,7915.94,415739,11651.2,0,0,0,415739,0,0,4163.03,86.0167,8366.32,7915.94,0,0
01:11:15:01:25:32,7409.39,7392.8,0,0.065424,0,0,3.01315,7915.94,415739,11651.2,0,0,0,415739,0,0,4163.03,86.0333,8366.32,7915.94,0,0
01:11:15:01:25:33,7392.23,7375.06,0,0.0640869,0,0,3.01315,7915.94,415739,11651.2,0,0,0,415739,0,0,4163.03,86.05,8366.32,7915.94,0,0
01:11:15:01:25:34,7368.77,7352.17,0,0.065424,0,0,3.01315,7915.94,415739,11651.2,0,0,0,415739,0,0,4163.03,86.0667,8366.32,7915.94,0,0
01:11:15:01:25:35,7367.05,7350.46,0,0.065424,0,0,3.01315,7915.94,415739,11651.2,0,0,0,415739,0,0,4163.03,86.0833,8366.32,7915.94,0,0
01:11:15:01:25:36,7365.62,7349.31,0,0.0667572,0,0,3.01315,7915.94,415739,11651.2,0,0,0,415739,0,0,4163.03,86.1,8366.32,7915.94,0,0
01:11:15:01:25:37,7361.61,7345.59,0,0.0667572,0,0,3.01315,7915.94,415739,11651.2,0,0,0,415739,0,0,4163.03,86.1167,8366.32,7915.94,0,0
01:11:15:01:25:38,7348.17,7333.29,0,0.065424,0,0,3.01315,7915.94,415739,11651.2,0,0,0,415739,0,0,4163.03,86.1333,8366.32,7915.94,0,0
01:11:15:01:25:39,7324.99,7309.83,0,0.0680924,0,0,3.01315,7915.94,415739,11651.2,0,0,0,415739,0,0,4163.03,86.15,8366.32,7915.94,0,0
01:11:15:01:25:40,7321.27,7305.54,0,0.0720997,0,0,3.01315,7915.94,415739,11651.2,0,0,0,415739,0,0,4163.03,86.1667,8366.32,7915.94,0,0
01:11:15:01:25:41,7319.56,7303.53,0,0.0667572,0,0,3.01315,7915.94,415739,11651.2,0,0,0,415739,0,0,4163.03,86.1833,8366.32,7915.94,0,0
01:11:15:01:25:42,7315.84,7300.39,0,0.0720997,0,0,3.01315,7915.94,415739,11651.2,0,0,0,415739,0,0,4163.03,86.2,8366.32,7915.94,0,0
01:11:15:01:25:43,7306.97,7290.66,0,0.0707626,0,0,3.01315,7915.94,415739,11651.2,0,0,0,415739,0,0,4163.03,86.2167,8366.32,7915.94,0,0
01:11:15:01:25:44,7286.94,7271.49,0,0.0707626,0,0,3.01315,7915.94,415739,11651.2,0,0,0,415739,0,0,4163.03,86.2333,8366.32,7915.94,0,0
01:11:15:01:25:45,7278.07,7262.34,0,0.0694294,0,0,3.01315,7915.94,415739,11651.2,0,0,0,415739,0,0,4163.03,86.25,8366.32,7915.94,0,0
01:11:15:01:25:46,7275.78,7260.05,0,0.0734348,0,0,3.01315,7915.94,415739,11651.2,0,0,0,415739,0,0,4163.03,86.2667,8366.32,7915.94,0,0
01:11:15:01:25:47,7273.49,7257.76,0,0.0720997,0,0,3.01315,7915.94,415739,11651.2,0,0,0,415739,0,0,4163.03,86.2833,8366.32,7915.94,0,0
01:11:15:01:25:48,7266.63,7250.03,0,0.0720997,0,0,3.01315,7915.94,415739,11651.2,0,0,0,415739,0,0,4163.03,86.3,8366.32,7915.94,0,0
01:11:15:01:25:49,7250.61,7235.16,0,0.0694294,0,0,3.01315,7915.94,415739,11651.2,0,0,0,415739,0,0,4163.03,86.3167,8366.32,7915.94,0,0
01:11:15:01:25:50,7237.44,7221.42,0,0.0694294,0,0,3.01315,7915.94,415739,11651.2,0,0,0,415739,0,0,4163.03,86.3333,8366.32,7915.94,0,0
01:11:15:01:25:51,7234.58,7218.56,0,0.0694294,0,0,3.01315,7915.94,415739,11651.2,0,0,0,415739,0,0,4163.03,86.35,8366.32,7915.94,0,0
01:11:15:01:25:52,7232.01,7215.7,0,0.0720997,0,0,3.01315,7915.94,415739,11651.2,0,0,0,415739,0,0,4163.03,86.3667,8366.32,7915.94,0,0
01:11:15:01:25:53,7227.15,7210.27,0,0.0747681,0,0,3.01315,7915.94,415739,11651.2,0,0,0,415739,0,0,4163.03,86.3833,8366.32,7915.94,0,0
01:11:15:01:25:54,7214.84,7197.68,0,0.0694294,0,0,3.01315,7915.94,415739,11651.2,0,0,0,415739,0,0,4163.03,86.4,8366.32,7915.94,0,0
01:11:15:01:25:55,7203.4,7186.52,0,0.0720997,0,0,3.01315,7915.94,415739,11651.2,0,0,0,415739,0,0,4163.03,86.4167,8366.32,7915.94,0,0
01:11:15:01:25:56,7203.4,7186.52,0,0.0707626,0,0,3.01315,7915.94,415739,11651.2,0,0,0,415739,0,0,4163.03,86.4333,8366.32,7915.94,0,0
01:11:15:01:25:57,7203.4,7187.09,0,0.0720997,0,0,3.01315,7915.94,415739,11651.2,0,0,0,415739,0,0,4163.03,86.45,8366.32,7915.94,0,0
01:11:15:01:25:58,7203.11,7187.09,0,0.0747681,0,0,3.01315,7915.94,415739,11651.2,0,0,0,415739,0,0,4163.03,86.4667,8366.32,7915.94,0,0
01:11:15:01:25:59,7202.54,7187.38,0,0.0680924,0,0,3.01315,7915.94,415739,11651.2,0,0,0,415739,0,0,4163.03,86.4833,8366.32,7915.94,0,0
01:11:15:01:26:00,7202.54,7187.09,0,0.0680924,0,0,3.01315,7915.94,415739,11651.2,0,0,0,415739,0,0,4163.03,86.5,8366.32,7915.94,0,0
01:11:15:01:26:01,7202.54,7186.81,0,0.0680924,0,0,3.01315,7915.94,415739,11651.2,0,0,0,415739,0,0,4163.03,86.5167,8366.32,7915.94,0,0
01:11:15:01:26:02,7202.83,7186.52,0,0.0680924,0,0,3.01315,7915.94,415739,11651.2,0,0,0,415739,0,0,4163.03,86.5333,8366.32,7915.94,0,0
01:11:15:01:26:03,7202.83,7186.52,0,0.0680924,0,0,3.01315,7915.94,415739,11651.2,0,0,0,415739,0,0,4163.03,86.55,8366.32,7915.94,0,0
01:11:15:01:26:04,7197.39,7181.37,0,0.0694294,0,0,3.01315,7915.94,415739,11651.2,0,0,0,415739,0,0,4163.03,86.5667,8366.32,7915.94,0,0
01:11:15:01:26:05,7184.52,7167.92,0,0.0707626,0,0,3.01315,7915.94,415739,11651.2,0,0,0,415739,0,0,4163.03,86.5833,8366.32,7915.94,0,0
01:11:15:01:26:06,7171.36,7156.48,0,0.0694294,0,0,3.01315,7915.94,415739,11651.2,0,0,0,415739,0,0,4163.03,86.6,8366.32,7915.94,0,0
01:11:15:01:26:07,7158.77,7143.03,0,0.0680924,0,0,3.01315,7915.94,415739,11651.2,0,0,0,415739,0,0,4163.03,86.6167,8366.32,7915.94,0,0
01:11:15:01:26:08,7145.89,7130.44,0,0.0667572,0,0,3.01315,7915.94,415739,11651.2,0,0,0,415739,0,0,4163.03,86.6333,8366.32,7915.94,0,0
01:11:15:01:26:09,7133.3,7117.85,0,0.0640869,0,0,3.01315,7915.94,415739,11651.2,0,0,0,415739,0,0,4163.03,86.65,8366.32,7915.94,0,0
01:11:15:01:26:10,7119,7100.98,0,0.0694294,0,0,3.01315,7915.94,415739,11651.2,0,0,0,415739,0,0,4163.03,86.6667,8366.32,7915.94,0,0
01:11:15:01:26:11,7099.26,7081.52,0,0.0680924,0,0,3.01315,7915.94,415739,11651.2,0,0,0,415739,0,0,4163.03,86.6833,8366.32,7915.94,0,0
01:11:15:01:26:12,7075.23,7055.77,0,0.0694294,0,0,3.01315,7915.94,415739,11651.2,0,0,0,415739,0,0,4163.03,86.7,8366.32,7915.94,0,0
01:11:15:01:26:13,7030.02,7010.28,0,0.0707626,0,0,3.01315,7915.94,415739,11651.2,0,0,0,415739,0,0,4163.03,86.7167,8366.32,7915.94,0,0
01:11:15:01:26:14,6977.67,6957.07,0,0.0720997,0,0,3.01315,7915.94,415739,11651.2,0,0,0,415739,0,0,4163.03,86.7333,8366.32,7915.94,0,0
01:11:15:01:26:15,6917.01,6902.13,0,0.0694294,0,0,3.01315,7915.94,415739,11651.2,0,0,0,415739,0,0,4163.03,86.75,8366.32,7915.94,0,0
01:11:15:01:26:16,6861.22,6846.06,0,0.0680924,0,0,3.01315,7915.94,415739,11651.2,0,0,0,415739,0,0,4163.03,86.7667,8366.32,7915.94,0,0
01:11:15:01:26:17,6806.58,6791.41,0,0.0694294,0,0,3.01315,7915.94,415739,11651.2,0,0,0,415739,0,0,4163.03,86.7833,8366.32,7915.94,0,0
01:11:15:01:26:18,6753.36,6737.91,0,0.065424,0,0,3.01315,7915.94,415739,11651.2,0,0,0,415739,0,0,4163.03,86.8,8366.32,7915.94,0,0
01:11:15:01:26:19,6700.72,6685.27,0,0.065424,0,0,3.01315,7915.94,415739,11651.2,0,0,0,415739,0,0,4163.03,86.8167,8366.32,7915.94,0,0
01:11:15:01:26:20,6593.43,6579.7,0,0.0640869,0,0,3.01315,7915.94,415739,11651.2,0,0,0,415739,0,0,4163.03,86.8333,8366.32,7915.94,0,0
01:11:15:01:26:21,6359.11,6351.68,0,0.065424,0,0,3.01315,7915.94,415739,11651.2,0,0,0,415739,0,0,4163.03,86.85,8366.32,7915.94,0,0
01:11:15:01:26:22,5976.31,5969.16,0,0.0627537,0,0,3.01315,7915.94,415739,11651.2,0,0,0,415739,0,0,4163.03,86.8667,8366.32,7915.94,0,0
01:11:15:01:26:23,5606.38,5598.37,0,0.065424,0,0,3.01315,7915.94,415739,11651.2,0,0,0,415739,0,0,4163.03,86.8833,8366.32,7915.94,0,0
01:11:15:01:26:24,5250.47,5241.89,0,0.0667572,0,0,3.01315,7915.94,415739,11651.2,0,0,0,415739,0,0,4163.03,86.9,8366.32,7915.94,0,0
01:11:15:01:26:25,4910.01,4902.29,0,0.065424,0,0,3.01315,7915.94,415739,11651.2,0,0,0,415739,0,0,4163.03,86.9167,8366.32,7915.94,0,0
01:11:15:01:26:26,4483.72,4478.29,0,0.0640869,0,0,3.01315,7915.94,415739,11651.2,0,0,0,415739,0,0,4163.03,86.9333,8366.32,7915.94,0,0
01:11:15:01:26:27,4065.16,4061.72,0,0.0614185,0,0,3.01315,7915.94,415739,11651.2,0,0,0,415739,0,0,4163.03,86.95,8366.32,7915.94,0,0
01:11:15:01:26:28,3674.05,3670.91,0,0.0627537,0,0,3.01315,7915.94,415739,11651.2,0,0,0,415739,0,0,4163.03,86.9667,8366.32,7915.94,0,0
01:11:15:01:26:29,3305.84,3269.79,0,0.0640869,0,0,3.01315,7915.94,415739,11651.2,0,0,0,415739,0,0,4163.03,86.9833,8366.32,7915.94,0,0
01:11:15:01:26:30,2960.23,2930.19,0,0.0667572,0,0,3.01315,7915.94,415739,11651.2,0,0,0,415739,0,0,4163.03,87,8366.32,7915.94,0,0
01:11:15:01:26:31,2637.8,2612.91,0,0.0680924,0,0,3.01315,7915.94,415739,11651.2,0,0,0,415739,0,0,4163.03,87.0167,8366.32,7915.94,0,0
01:11:15:01:26:32,2335.1,2316.22,0,0.0707626,0,0,3.01315,7915.94,415739,11651.2,0,0,0,415739,0,0,4163.03,87.0333,8366.32,7915.94,0,0
01:11:15:01:26:33,2052.43,2038.41,0,0.0680924,0,0,3.01315,7915.94,415739,11651.2,0,0,0,415739,0,0,4163.03,87.05,8366.32,7915.94,0,0
01:11:15:01:26:34,1764.62,1780.35,0,0.0667572,0,0,3.01315,7915.94,415739,11651.2,0,0,0,415739,0,0,4163.03,87.0667,8366.32,7915.94,0,0
01:11:15:01:26:35,1462.78,1488.53,0,0.065424,0,0,3.01315,7915.94,415739,11651.2,0,0,0,415739,0,0,4163.03,87.0833,8366.32,7915.94,0,0
01:11:15:01:26:36,982.128,1010.74,0,0.0694294,0,0,3.01315,7915.94,415739,11651.2,0,0,0,415739,0,0,4163.03,87.1,8366.32,7915.94,0,0
01:11:15:01:26:37,572.431,603.902,0,0.0667572,0,0,3.01315,7915.94,415739,11651.2,0,0,0,415739,0,0,4163.03,87.1167,8366.32,7915.94,0,0
01:11:15:01:26:38,227.107,256.289,0,0.0707626,0,0,3.01315,7915.94,415739,11651.2,0,0,0,415739,0,0,4163.03,87.1333,8366.32,7915.94,0,0
01:11:15:01:26:39,44.5745,72.3263,0,0.0667572,0,0,3.01315,7915.94,415739,11651.2,0,0,0,415739,0,0,4163.03,87.15,8366.32,7915.94,0,0
01:11:15:01:26:40,10.2424,34.8471,0,0.0667572,0,0,3.01315,7915.94,415739,11651.2,0,0,0,415739,0,0,4163.03,87.1667,8366.32,7915.94,0,0
01:11:15:01:26:41,6.80915,32.2722,0,0.0680924,0,0,3.01315,7915.94,415739,11651.2,0,0,0,415739,0,0,4163.03,87.1833,8366.32,7915.94,0,0
01:11:15:01:26:42,4.23424,29.9833,0,0.0707626,0,0,3.01315,7915.94,415739,11651.2,0,0,0,415739,0,0,4163.03,87.2,8366.32,7915.94,0,0
01:11:15:01:26:43,1.65933,27.4084,0,0.0707626,0,0,3.01315,7915.94,415739,11651.2,0,0,0,415739,0,0,4163.03,87.2167,8366.32,7915.94,0,0
01:11:15:01:26:44,-0.0572783,24.8335,0,0.0667572,0,0,3.01315,7915.94,415739,11651.2,0,0,0,415739,0,0,4163.03,87.2333,8366.32,7915.94,0,0
01:11:15:01:26:45,-2.63219,22.5447,0,0.065424,0,0,3.01315,7915.94,415739,11651.2,0,0,0,415739,0,0,4163.03,87.25,8366.32,7915.94,0,0
01:11:15:01:26:46,-4.6349,21.1142,0,0.0640869,0,0,3.01315,7915.94,415739,11651.2,0,0,0,415739,0,0,4163.03,87.2667,8366.32,7915.94,0,0
01:11:15:01:26:47,-6.35151,18.8254,0,0.0640869,0,0,3.01315,7915.94,415739,11651.2,0,0,0,415739,0,0,4163.03,87.2833,8366.32,7915.94,0,0
01:11:15:01:26:48,-8.06811,17.3949,0,0.065424,0,0,3.01315,7915.94,415739,11651.2,0,0,0,415739,0,0,4163.03,87.3,8366.32,7915.94,0,0
01:11:15:01:26:49,-9.21252,15.3922,0,0.0707626,0,0,3.01315,7915.94,415739,11651.2,0,0,0,415739,0,0,4163.03,87.3167,8366.32,7915.94,0,0
01:11:15:01:26:50,-11.5013,13.9617,0,0.0680924,0,0,3.01315,7915.94,415739,11651.2,0,0,0,415739,0,0,4163.03,87.3333,8366.32,7915.94,0,0
01:11:15:01:26:51,-12.6457,12.2451,0,0.0694294,0,0,3.01315,7915.94,415739,11651.2,0,0,0,415739,0,0,4163.03,87.35,8366.32,7915.94,0,0
01:11:15:01:26:52,-13.7901,10.8146,0,0.0680924,0,0,3.01315,7915.94,415739,11651.2,0,0,0,415739,0,0,4163.03,87.3667,8366.32,7915.94,0,0
01:11:15:01:26:53,-15.2206,9.38406,0,0.0680924,0,0,3.01315,7915.94,415739,11651.2,0,0,0,415739,0,0,4163.03,87.3833,8366.32,7915.94,0,0
01:11:15:01:26:54,-16.6511,8.23966,0,0.0680924,0,0,3.01315,7915.94,415739,11651.2,0,0,0,415739,0,0,4163.03,87.4,8366.32,7915.94,0,0
01:11:15:01:26:55,-17.7956,6.23695,0,0.0680924,0,0,3.01315,7915.94,415739,11651.2,0,0,0,415739,0,0,4163.03,87.4167,8366.32,7915.94,0,0
01:11:15:01:26:56,-18.94,5.95085,0,0.0680924,0,0,3.01315,7915.94,415739,11651.2,0,0,0,415739,0,0,4163.03,87.4333,8366.32,7915.94,0,0
01:11:15:01:26:57,-20.0844,4.80644,0,0.0694294,0,0,3.01315,7915.94,415739,11651.2,0,0,0,415739,0,0,4163.03,87.45,8366.32,7915.94,0,0
01:11:15:01:26:58,-21.2288,3.37594,0,0.0680924,0,0,3.01315,7915.94,415739,11651.2,0,0,0,415739,0,0,4163.03,87.4667,8366.32,7915.94,0,0
01:11:15:01:26:59,-22.0871,2.51763,0,0.065424,0,0,3.01315,7915.94,415739,11651.2,0,0,0,415739,0,0,4163.03,87.4833,8366.32,7915.94,0,0
01:11:15:01:27:00,-22.9454,1.08713,0,0.0694294,0,0,3.01315,7915.94,415739,11651.2,0,0,0,415739,0,0,4163.03,87.5,8366.32,7915.94,0,0
01:11:15:01:27:01,-23.8037,1.08713,0,0.0694294,0,0,3.01315,7915.94,415739,11651.2,0,0,0,415739,0,0,4163.03,87.5167,8366.32,7915.94,0,0
01:11:15:01:27:02,-24.662,-0.915582,0,0.0667572,0,0,3.01315,7915.94,415739,11651.2,0,0,0,415739,0,0,4163.03,87.5333,8366.32,7915.94,0,0
01:11:15:01:27:03,-25.8064,-1.20168,0,0.0707626,0,0,3.01315,7915.94,415739,11651.2,0,0,0,415739,0,0,4163.03,87.55,8366.32,7915.94,0,0
01:11:15:01:27:04,-26.3786,-2.34609,0,0.0694294,0,0,3.01315,7915.94,415739,11651.2,0,0,0,415739,0,0,4163.03,87.5667,8366.32,7915.94,0,0
01:11:15:01:27:05,-27.2369,-2.63219,0,0.0680924,0,0,3.01315,7915.94,415739,11651.2,0,0,0,415739,0,0,4163.03,87.5833,8366.32,7915.94,0,0
01:11:15:01:27:06,-28.0952,-3.49049,0,0.0707626,0,0,3.01315,7915.94,415739,11651.2,0,0,0,415739,0,0,4163.03,87.6,8366.32,7915.94,0,0
01:11:15:01:27:07,-27.8091,-4.3488,0,0.0694294,0,0,3.01315,7915.94,415739,11651.2,0,0,0,415739,0,0,4163.03,87.6167,8366.32,7915.94,0,0
01:11:15:01:27:08,-28.0952,-4.6349,0,0.0694294,0,0,3.01315,7915.94,415739,11651.2,0,0,0,415739,0,0,4163.03,87.6333,8366.32,7915.94,0,0
01:11:15:01:27:09,-28.3813,-5.2071,0,0.0680924,0,0,3.01315,7915.94,415739,11651.2,0,0,0,415739,0,0,4163.03,87.65,8366.32,7915.94,0,0
01:11:15:01:27:10,-29.5257,-5.2071,0,0.0680924,0,0,3.01315,7915.94,415739,11651.2,0,0,0,415739,0,0,4163.03,87.6667,8366.32,7915.94,0,0
01:11:15:01:27:11,-29.2396,-5.4932,0,0.0734348,0,0,3.01315,7915.94,415739,11651.2,0,0,0,415739,0,0,4163.03,87.6833,8366.32,7915.94,0,0
01:11:15:01:27:12,-30.0979,-5.7793,0,0.0694294,0,0,3.01315,7915.94,415739,11651.2,0,0,0,415739,0,0,4163.03,87.7,8366.32,7915.94,0,0
01:11:15:01:27:13,-29.8118,-5.7793,0,0.0694294,0,0,3.01315,7915.94,415739,11651.2,0,0,0,415739,0,0,4163.03,87.7167,8366.32,7915.94,0,0
01:11:15:01:27:14,-30.384,-6.92371,0,0.0694294,0,0,3.01315,7915.94,415739,11651.2,0,0,0,415739,0,0,4163.03,87.7333,8366.32,7915.94,0,0
01:11:15:01:27:15,-30.0979,-6.63761,0,0.0747681,0,0,3.01315,7915.94,415739,11651.2,0,0,0,415739,0,0,4163.03,87.75,8366.32,7915.94,0,0
01:11:15:01:27:16,-30.0979,-7.20981,0,0.0720997,0,0,3.01315,7915.94,415739,11651.2,0,0,0,415739,0,0,4163.03,87.7667,8366.32,7915.94,0,0
01:11:15:01:27:17,-30.384,-7.20981,0,0.0707626,0,0,3.01315,7915.94,415739,11651.2,0,0,0,415739,0,0,4163.03,87.7833,8366.32,7915.94,0,0
01:11:15:01:27:18,-30.384,-7.20981,0,0.0734348,0,0,3.01315,7915.94,415739,11651.2,0,0,0,415739,0,0,4163.03,87.8,8366.32,7915.94,0,0
01:11:15:01:27:19,-30.6701,-8.06811,0,0.0734348,0,0,3.01315,7915.94,415739,11651.2,0,0,0,415739,0,0,4163.03,87.8167,8366.32,7915.94,0,0
01:11:15:01:27:20,-30.9562,-8.06811,0,0.0734348,0,0,3.01315,7915.94,415739,11651.2,0,0,0,415739,0,0,4163.03,87.8333,8366.32,7915.94,0,0
01:11:15:01:27:21,-30.9562,-7.78201,0,0.0734348,0,0,3.01315,7915.94,415739,11651.2,0,0,0,415739,0,0,4163.03,87.85,8366.32,7915.94,0,0
01:11:15:01:27:22,-31.2423,-7.78201,0,0.0747681,0,0,3.01315,7915.94,415739,11651.2,0,0,0,415739,0,0,4163.03,87.8667,8366.32,7915.94,0,0
01:11:15:01:27:23,-31.5284,-8.06811,0,0.0667572,0,0,3.01315,7915.94,415739,11651.2,0,0,0,415739,0,0,4163.03,87.8833,8366.32,7915.94,0,0
01:11:15:01:27:24,-31.5284,-8.06811,0,0.0694294,0,0,3.01315,7915.94,415739,11651.2,0,0,0,415739,0,0,4163.03,87.9,8366.32,7915.94,0,0
01:11:15:01:27:25,-31.2423,-8.35421,0,0.0707626,0,0,3.01315,7915.94,415739,11651.2,0,0,0,415739,0,0,4163.03,87.9167,8366.32,7915.94,0,0
01:11:15:01:27:26,-31.2423,-8.06811,0,0.0720997,0,0,3.01315,7915.94,415739,11651.2,0,0,0,415739,0,0,4163.03,87.9333,8366.32,7915.94,0,0
01:11:15:01:27:27,-31.5284,-8.35421,0,0.0680924,0,0,3.01315,7915.94,415739,11651.2,0,0,0,415739,0,0,4163.03,87.95,8366.32,7915.94,0,0
01:11:15:01:27:28,-31.2423,-8.64032,0,0.0707626,0,0,3.01315,7915.94,415739,11651.2,0,0,0,415739,0,0,4163.03,87.9667,8366.32,7915.94,0,0
01:11:15:01:27:29,-31.2423,-8.35421,0,0.065424,0,0,3.01315,7915.94,415739,11651.2,0,0,0,415739,0,0,4163.03,87.9833,8366.32,7915.94,0,0
01:11:15:01:27:30,-31.5284,-8.92642,0,0.0694294,0,0,3.01315,7915.94,415739,11651.2,0,0,0,415739,0,0,4163.03,88,8366.32,7915.94,0,0
01:11:15:01:27:31,-31.5284,-8.35421,0,0.0707626,0,0,3.01315,7915.94,415739,11651.2,0,0,0,415739,0,0,4163.03,88.0167,8366.32,7915.94,0,0
01:11:15:01:27:32,-31.2423,-8.64032,0,0.0667572,0,0,3.01315,7915.94,415739,11651.2,0,0,0,415739,0,0,4163.03,88.0333,8366.32,7915.94,0,0
01:11:15:01:27:33,-31.8145,-8.64032,0,0.0667572,0,0,3.01315,7915.94,415739,11651.2,0,0,0,415739,0,0,4163.03,88.05,8366.32,7915.94,0,0
01:11:15:01:27:34,-31.5284,-9.21252,0,0.0667572,0,0,3.01315,7915.94,415739,11651.2,0,0,0,415739,0,0,4163.03,88.0667,8366.32,7915.94,0,0
01:11:15:01:27:35,-31.8145,-8.35421,0,0.0667572,0,0,3.01315,7915.94,415739,11651.2,0,0,0,415739,0,0,4163.03,88.0833,8366.32,7915.94,0,0
01:11:15:01:27:36,-31.5284,-8.92642,0,0.0680924,0,0,3.01315,7915.94,415739,11651.2,0,0,0,415739,0,0,4163.03,88.1,8366.32,7915.94,0,0
01:11:15:01:27:37,-31.2423,-8.64032,0,0.0667572,0,0,3.01315,7915.94,415739,11651.2,0,0,0,415739,0,0,4163.03,88.1167,8366.32,7915.94,0,0
01:11:15:01:27:38,-31.8145,-9.21252,0,0.0667572,0,0,3.01315,7915.94,415739,11651.2,0,0,0,415739,0,0,4163.03,88.1333,8366.32,7915.94,0,0
01:11:15:01:27:39,-31.2423,-8.64032,0,0.0667572,0,0,3.01315,7915.94,415739,11651.2,0,0,0,415739,0,0,4163.03,88.15,8366.32,7915.94,0,0
01:11:15:01:27:40,-30.9562,-9.21252,0,0.0627537,0,0,3.01315,7915.94,415739,11651.2,0,0,0,415739,0,0,4163.03,88.1667,8366.32,7915.94,0,0
01:11:15:01:27:41,-30.9562,-8.64032,0,0.0627537,0,0,3.01315,7915.94,415739,11651.2,0,0,0,415739,0,0,4163.03,88.1833,8366.32,7915.94,0,0
01:11:15:01:27:42,-31.5284,-8.92642,0,0.0640869,0,0,3.01315,7915.94,415739,11651.2,0,0,0,415739,0,0,4163.03,88.2,8366.32,7915.94,0,0
01:11:15:01:27:43,-31.5284,-9.21252,0,0.0640869,0,0,3.01315,7915.94,415739,11651.2,0,0,0,415739,0,0,4163.03,88.2167,8366.32,7915.94,0,0
01:11:15:01:27:44,-31.2423,-8.92642,0,0.0667572,0,0,3.01315,7915.94,415739,11651.2,0,0,0,415739,0,0,4163.03,88.2333,8366.32,7915.94,0,0
01:11:15:01:27:45,-31.2423,-8.92642,0,0.0707626,0,0,3.01315,7915.94,415739,11651.2,0,0,0,415739,0,0,4163.03,88.25,8366.32,7915.94,0,0
01:11:15:01:27:46,-31.2423,-9.78472,0,0.0680924,0,0,3.01315,7915.94,415739,11651.2,0,0,0,415739,0,0,4163.03,88.2667,8366.32,7915.94,0,0
01:11:15:01:27:47,-31.2423,-9.49862,0,0.0694294,0,0,3.01315,7915.94,415739,11651.2,0,0,0,415739,0,0,4163.03,88.2833,8366.32,7915.94,0,0
01:11:15:01:27:48,-30.9562,-8.92642,0,0.0707626,0,0,3.01315,7915.94,415739,11651.2,0,0,0,415739,0,0,4163.03,88.3,8366.32,7915.94,0,0
01:11:15:01:27:49,-31.2423,-9.21252,0,0.0694294,0,0,3.01315,7915.94,415739,11651.2,0,0,0,415739,0,0,4163.03,88.3167,8366.32,7915.94,0,0
01:11:15:01:27:50,-30.9562,-9.21252,0,0.065424,0,0,3.01315,7915.94,415739,11651.2,0,0,0,415739,0,0,4163.03,88.3333,8366.32,7915.94,0,0
01:11:15:01:27:51,-31.2423,-8.92642,0,0.0667572,0,0,3.01315,7915.94,415739,11651.2,0,0,0,415739,0,0,4163.03,88.35,8366.32,7915.94,0,0
01:11:15:01:27:52,-30.9562,-8.92642,0,0.0707626,0,0,3.01315,7915.94,415739,11651.2,0,0,0,415739,0,0,4163.03,88.3667,8366.32,7915.94,0,0
01:11:15:01:27:53,-31.2423,-9.21252,0,0.0694294,0,0,3.01315,7915.94,415739,11651.2,0,0,0,415739,0,0,4163.03,88.3833,8366.32,7915.94,0,0
01:11:15:01:27:54,-30.9562,-8.92642,0,0.065424,0,0,3.01315,7915.94,415739,11651.2,0,0,0,415739,0,0,4163.03,88.4,8366.32,7915.94,0,0
01:11:15:01:27:55,-30.6701,-9.21252,0,0.065424,0,0,3.01315,7915.94,415739,11651.2,0,0,0,415739,0,0,4163.03,88.4167,8366.32,7915.94,0,0
01:11:15:01:27:56,-30.6701,-9.21252,0,0.0694294,0,0,3.01315,7915.94,415739,11651.2,0,0,0,415739,0,0,4163.03,88.4333,8366.32,7915.94,0,0
01:11:15:01:27:57,-30.9562,-8.64032,0,0.0694294,0,0,3.01315,7915.94,415739,11651.2,0,0,0,415739,0,0,4163.03,88.45,8366.32,7915.94,0,0
01:11:15:01:27:58,-30.9562,-9.21252,0,0.0694294,0,0,3.01315,7915.94,415739,11651.2,0,0,0,415739,0,0,4163.03,88.4667,8366.32,7915.94,0,0
01:11:15:01:27:59,-30.6701,-9.21252,0,0.0680924,0,0,3.01315,7915.94,415739,11651.2,0,0,0,415739,0,0,4163.03,88.4833,8366.32,7915.94,0,0
01:11:15:01:28:00,-30.9562,-9.21252,0,0.0694294,0,0,3.01315,7915.94,415739,11651.2,0,0,0,415739,0,0,4163.03,88.5,8366.32,7915.94,0,0
01:11:15:01:28:01,-30.6701,-9.49862,0,0.0694294,0,0,3.01315,7915.94,415739,11651.2,0,0,0,415739,0,0,4163.03,88.5167,8366.32,7915.94,0,0
01:11:15:01:28:02,-30.6701,-9.21252,0,0.0707626,0,0,3.01315,7915.94,415739,11651.2,0,0,0,415739,0,0,4163.03,88.5333,8366.32,7915.94,0,0
01:11:15:01:28:03,-30.9562,-8.92642,0,0.0680924,0,0,3.01315,7915.94,415739,11651.2,0,0,0,415739,0,0,4163.03,88.55,8366.32,7915.94,0,0
01:11:15:01:28:04,-30.9562,-9.78472,0,0.0680924,0,0,3.01315,7915.94,415739,11651.2,0,0,0,415739,0,0,4163.03,88.5667,8366.32,7915.94,0,0
01:11:15:01:28:05,-30.384,-9.78472,0,0.0694294,0,0,3.01315,7915.94,415739,11651.2,0,0,0,415739,0,0,4163.03,88.5833,8366.32,7915.94,0,0
01:11:15:01:28:06,-30.9562,-9.21252,0,0.0694294,0,0,3.01315,7915.94,415739,11651.2,0,0,0,415739,0,0,4163.03,88.6,8366.32,7915.94,0,0
01:11:15:01:28:07,-30.384,-10.0708,0,0.0694294,0,0,3.01315,7915.94,415739,11651.2,0,0,0,415739,0,0,4163.03,88.6167,8366.32,7915.94,0,0
01:11:15:01:28:08,-30.384,-9.49862,0,0.0680924,0,0,3.01315,7915.94,415739,11651.2,0,0,0,415739,0,0,4163.03,88.6333,8366.32,7915.94,0,0
01:11:15:01:28:09,-30.6701,-9.49862,0,0.0694294,0,0,3.01315,7915.94,415739,11651.2,0,0,0,415739,0,0,4163.03,88.65,8366.32,7915.94,0,0
01:11:15:01:28:10,-30.384,-10.0708,0,0.0720997,0,0,3.01315,7915.94,415739,11651.2,0,0,0,415739,0,0,4163.03,88.6667,8366.32,7915.94,0,0
01:11:15:01:28:11,-30.0979,-8.92642,0,0.0720997,0,0,3.01315,7915.94,415739,11651.2,0,0,0,415739,0,0,4163.03,88.6833,8366.32,7915.94,0,0
01:11:15:01:28:12,-30.384,-9.49862,0,0.0720997,0,0,3.01315,7915.94,415739,11651.2,0,0,0,415739,0,0,4163.03,88.7,8366.32,7915.94,0,0
01:11:15:01:28:13,-30.0979,-9.78472,0,0.0694294,0,0,3.01315,7915.94,415739,11651.2,0,0,0,415739,0,0,4163.03,88.7167,8366.32,7915.94,0,0
01:11:15:01:28:14,-30.0979,-8.92642,0,0.0667572,0,0,3.01315,7915.94,415739,11651.2,0,0,0,415739,0,0,4163.03,88.7333,8366.32,7915.94,0,0
01:11:15:01:28:15,-30.384,-9.21252,0,0.0680924,0,0,3.01315,7915.94,415739,11651.2,0,0,0,415739,0,0,4163.03,88.75,8366.32,7915.94,0,0
01:11:15:01:28:16,-29.8118,-8.92642,0,0.0667572,0,0,3.01315,7915.94,415739,11651.2,0,0,0,415739,0,0,4163.03,88.7667,8366.32,7915.94,0,0
01:11:15:01:28:17,-29.8118,-9.21252,0,0.0707626,0,0,3.01315,7915.94,415739,11651.2,0,0,0,415739,0,0,4163.03,88.7833,8366.32,7915.94,0,0
01:11:15:01:28:18,-30.0979,-9.21252,0,0.0694294,0,0,3.01315,7915.94,415739,11651.2,0,0,0,415739,0,0,4163.03,88.8,8366.32,7915.94,0,0
01:11:15:01:28:19,-30.0979,-9.78472,0,0.0667572,0,0,3.01315,7915.94,415739,11651.2,0,0,0,415739,0,0,4163.03,88.8167,8366.32,7915.94,0,0
01:11:15:01:28:20,-29.8118,-9.49862,0,0.0694294,0,0,3.01315,7915.94,415739,11651.2,0,0,0,415739,0,0,4163.03,88.8333,8366.32,7915.94,0,0
01:11:15:01:28:21,-30.0979,-9.21252,0,0.0667572,0,0,3.01315,7915.94,415739,11651.2,0,0,0,415739,0,0,4163.03,88.85,8366.32,7915.94,0,0
01:11:15:01:28:22,-29.8118,-9.21252,0,0.0694294,0,0,3.01315,7915.94,415739,11651.2,0,0,0,415739,0,0,4163.03,88.8667,8366.32,7915.94,0,0
01:11:15:01:28:23,-30.0979,-9.49862,0,0.0707626,0,0,3.01315,7915.94,415739,11651.2,0,0,0,415739,0,0,4163.03,88.8833,8366.32,7915.94,0,0
01:11:15:01:28:24,-29.8118,-9.78472,0,0.0680924,0,0,3.01315,7915.94,415739,11651.2,0,0,0,415739,0,0,4163.03,88.9,8366.32,7915.94,0,0
01:11:15:01:28:25,-29.5257,-9.49862,0,0.0680924,0,0,3.01315,7915.94,415739,11651.2,0,0,0,415739,0,0,4163.03,88.9167,8366.32,7915.94,0,0
01:11:15:01:28:26,-29.8118,-9.78472,0,0.0640869,0,0,3.01315,7915.94,415739,11651.2,0,0,0,415739,0,0,4163.03,88.9333,8366.32,7915.94,0,0
01:11:15:01:28:27,-29.8118,-9.49862,0,0.0667572,0,0,3.01315,7915.94,415739,11651.2,0,0,0,415739,0,0,4163.03,88.95,8366.32,7915.94,0,0
01:11:15:01:28:28,-30.0979,-9.21252,0,0.0667572,0,0,3.01315,7915.94,415739,11651.2,0,0,0,415739,0,0,4163.03,88.9667,8366.32,7915.94,0,0
01:11:15:01:28:29,-30.0979,-9.21252,0,0.0640869,0,0,3.01315,7915.94,415739,11651.2,0,0,0,415739,0,0,4163.03,88.9833,8366.32,7915.94,0,0
01:11:15:01:28:30,-28.9535,-9.78472,0,0.0667572,0,0,3.01315,7915.94,415739,11651.2,0,0,0,415739,0,0,4163.03,89,8366.32,7915.94,0,0
01:11:15:01:28:31,-29.2396,-9.21252,0,0.0667572,0,0,3.01315,7915.94,415739,11651.2,0,0,0,415739,0,0,4163.03,89.0167,8366.32,7915.94,0,0
01:11:15:01:28:32,-29.5257,-9.21252,0,0.0667572,0,0,3.01315,7915.94,415739,11651.2,0,0,0,415739,0,0,4163.03,89.0333,8366.32,7915.94,0,0
01:11:15:01:28:33,-29.8118,-9.49862,0,0.0667572,0,0,3.01315,7915.94,415739,11651.2,0,0,0,415739,0,0,4163.03,89.05,8366.32,7915.94,0,0
01:11:15:01:28:34,-29.2396,-9.21252,0,0.065424,0,0,3.01315,7915.94,415739,11651.2,0,0,0,415739,0,0,4163.03,89.0667,8366.32,7915.94,0,0
01:11:15:01:28:35,-29.2396,-9.21252,0,0.0667572,0,0,3.01315,7915.94,415739,11651.2,0,0,0,415739,0,0,4163.03,89.0833,8366.32,7915.94,0,0
01:11:15:01:28:36,-28.6674,-8.92642,0,0.0667572,0,0,3.01315,7915.94,415739,11651.2,0,0,0,415739,0,0,4163.03,89.1,8366.32,7915.94,0,0
01:11:15:01:28:37,-29.2396,-8.35421,0,0.065424,0,0,3.01315,7915.94,415739,11651.2,0,0,0,415739,0,0,4163.03,89.1167,8366.32,7915.94,0,0
01:11:15:01:28:38,-29.8118,-9.49862,0,0.065424,0,0,3.01315,7915.94,415739,11651.2,0,0,0,415739,0,0,4163.03,89.1333,8366.32,7915.94,0,0
01:11:15:01:28:39,-28.9535,-9.78472,0,0.065424,0,0,3.01315,7915.94,415739,11651.2,0,0,0,415739,0,0,4163.03,89.15,8366.32,7915.94,0,0
01:11:15:01:28:40,-29.2396,-8.92642,0,0.065424,0,0,3.01315,7915.94,415739,11651.2,0,0,0,415739,0,0,4163.03,89.1667,8366.32,7915.94,0,0
01:11:15:01:28:41,-28.6674,-9.21252,0,0.0707626,0,0,3.01315,7915.94,415739,11651.2,0,0,0,415739,0,0,4163.03,89.1833,8366.32,7915.94,0,0
01:11:15:01:28:42,-29.2396,-9.21252,0,0.0694294,0,0,3.01315,7915.94,415739,11651.2,0,0,0,415739,0,0,4163.03,89.2,8366.32,7915.94,0,0
01:11:15:01:28:43,-29.2396,-9.49862,0,0.065424,0,0,3.01315,7915.94,415739,11651.2,0,0,0,415739,0,0,4163.03,89.2167,8366.32,7915.94,0,0
01:11:15:01:28:44,-29.2396,-8.64032,0,0.0694294,0,0,3.01315,7915.94,415739,11651.2,0,0,0,415739,0,0,4163.03,89.2333,8366.32,7915.94,0,0
01:11:15:01:28:45,-28.9535,-8.92642,0,0.0680924,0,0,3.01315,7915.94,415739,11651.2,0,0,0,415739,0,0,4163.03,89.25,8366.32,7915.94,0,0
01:11:15:01:28:46,-29.2396,-8.92642,0,0.0680924,0,0,3.01315,7915.94,415739,11651.2,0,0,0,415739,0,0,4163.03,89.2667,8366.32,7915.94,0,0
01:11:15:01:28:47,-29.2396,-9.49862,0,0.0707626,0,0,3.01315,7915.94,415739,11651.2,0,0,0,415739,0,0,4163.03,89.2833,8366.32,7915.94,0,0
01:11:15:01:28:48,-28.9535,-9.21252,0,0.0667572,0,0,3.01315,7915.94,415739,11651.2,0,0,0,415739,0,0,4163.03,89.3,8366.32,7915.94,0,0
01:11:15:01:28:49,-28.9535,-8.92642,0,0.0667572,0,0,3.01315,7915.94,415739,11651.2,0,0,0,415739,0,0,4163.03,89.3167,8366.32,7915.94,0,0
01:11:15:01:28:50,-29.2396,-8.35421,0,0.0694294,0,0,3.01315,7915.94,415739,11651.2,0,0,0,415739,0,0,4163.03,89.3333,8366.32,7915.94,0,0
01:11:15:01:28:51,-28.9535,-9.49862,0,0.0707626,0,0,3.01315,7915.94,415739,11651.2,0,0,0,415739,0,0,4163.03,89.35,8366.32,7915.94,0,0
01:11:15:01:28:52,-28.6674,-8.64032,0,0.065424,0,0,3.01315,7915.94,415739,11651.2,0,0,0,415739,0,0,4163.03,89.3667,8366.32,7915.94,0,0
01:11:15:01:28:53,-28.6674,-8.64032,0,0.0640869,0,0,3.01315,7915.94,415739,11651.2,0,0,0,415739,0,0,4163.03,89.3833,8366.32,7915.94,0,0
01:11:15:01:28:54,-28.3813,-8.64032,0,0.065424,0,0,3.01315,7915.94,415739,11651.2,0,0,0,415739,0,0,4163.03,89.4,8366.32,7915.94,0,0
01:11:15:01:28:55,-28.9535,-9.21252,0,0.0667572,0,0,3.01315,7915.94,415739,11651.2,0,0,0,415739,0,0,4163.03,89.4167,8366.32,7915.94,0,0
01:11:15:01:28:56,-28.3813,-8.92642,0,0.0680924,0,0,3.01315,7915.94,415739,11651.2,0,0,0,415739,0,0,4163.03,89.4333,8366.32,7915.94,0,0
01:11:15:01:28:57,-28.6674,-9.49862,0,0.0667572,0,0,3.01315,7915.94,415739,11651.2,0,0,0,415739,0,0,4163.03,89.45,8366.32,7915.94,0,0
01:11:15:01:28:58,-27.8091,-8.92642,0,0.065424,0,0,3.01315,7915.94,415739,11651.2,0,0,0,415739,0,0,4163.03,89.4667,8366.32,7915.94,0,0
01:11:15:01:28:59,-28.3813,-8.64032,0,0.0667572,0,0,3.01315,7915.94,415739,11651.2,0,0,0,415739,0,0,4163.03,89.4833,8366.32,7915.94,0,0
01:11:15:01:29:00,-28.3813,-9.21252,0,0.065424,0,0,3.01315,7915.94,415739,11651.2,0,0,0,415739,0,0,4163.03,89.5,8366.32,7915.94,0,0
01:11:15:01:29:01,-28.3813,-9.21252,0,0.0694294,0,0,3.01315,7915.94,415739,11651.2,0,0,0,415739,0,0,4163.03,89.5167,8366.32,7915.94,0,0
01:11:15:01:29:02,-28.3813,-8.92642,0,0.0667572,0,0,3.01315,7915.94,415739,11651.2,0,0,0,415739,0,0,4163.03,89.5333,8366.32,7915.94,0,0
01:11:15:01:29:03,-28.6674,-9.21252,0,0.0680924,0,0,3.01315,7915.94,415739,11651.2,0,0,0,415739,0,0,4163.03,89.55,8366.32,7915.94,0,0
01:11:15:01:29:04,-28.3813,-8.92642,0,0.0667572,0,0,3.01315,7915.94,415739,11651.2,0,0,0,415739,0,0,4163.03,89.5667,8366.32,7915.94,0,0
01:11:15:01:29:05,-28.3813,-9.49862,0,0.0640869,0,0,3.01315,7915.94,415739,11651.2,0,0,0,415739,0,0,4163.03,89.5833,8366.32,7915.94,0,0
01:11:15:01:29:06,-28.0952,-8.92642,0,0.0667572,0,0,3.01315,7915.94,415739,11651.2,0,0,0,415739,0,0,4163.03,89.6,8366.32,7915.94,0,0
01:11:15:01:29:07,-28.3813,-8.92642,0,0.0667572,0,0,3.01315,7915.94,415739,11651.2,0,0,0,415739,0,0,4163.03,89.6167,8366.32,7915.94,0,0
01:11:15:01:29:08,-27.8091,-8.92642,0,0.065424,0,0,3.01315,7915.94,415739,11651.2,0,0,0,415739,0,0,4163.03,89.6333,8366.32,7915.94,0,0
01:11:15:01:29:09,-28.0952,-9.21252,0,0.0707626,0,0,3.01315,7915.94,415739,11651.2,0,0,0,415739,0,0,4163.03,89.65,8366.32,7915.94,0,0
01:11:15:01:29:10,-28.0952,-9.21252,0,0.0640869,0,0,3.01315,7915.94,415739,11651.2,0,0,0,415739,0,0,4163.03,89.6667,8366.32,7915.94,0,0
01:11:15:01:29:11,-28.3813,-9.21252,0,0.0627537,0,0,3.01315,7915.94,415739,11651.2,0,0,0,415739,0,0,4163.03,89.6833,8366.32,7915.94,0,0
01:11:15:01:29:12,-27.523,-9.49862,0,0.065424,0,0,3.01315,7915.94,415739,11651.2,0,0,0,415739,0,0,4163.03,89.7,8366.32,7915.94,0,0
01:11:15:01:29:13,-28.0952,-9.21252,0,0.065424,0,0,3.01315,7915.94,415739,11651.2,0,0,0,415739,0,0,4163.03,89.7167,8366.32,7915.94,0,0
01:11:15:01:29:14,-28.0952,-8.64032,0,0.065424,0,0,3.01315,7915.94,415739,11651.2,0,0,0,415739,0,0,4163.03,89.7333,8366.32,7915.94,0,0
01:11:15:01:29:15,-28.0952,-8.64032,0,0.0707626,0,0,3.01315,7915.94,415739,11651.2,0,0,0,415739,0,0,4163.03,89.75,8366.32,7915.94,0,0
01:11:15:01:29:16,-27.8091,-8.92642,0,0.065424,0,0,3.01315,7915.94,415739,11651.2,0,0,0,415739,0,0,4163.03,89.7667,8366.32,7915.94,0,0
01:11:15:01:29:17,-28.0952,-9.78472,0,0.065424,0,0,3.01315,7915.94,415739,11651.2,0,0,0,415739,0,0,4163.03,89.7833,8366.32,7915.94,0,0
01:11:15:01:29:18,-27.8091,-8.35421,0,0.0680924,0,0,3.01315,7915.94,415739,11651.2,0,0,0,415739,0,0,4163.03,89.8,8366.32,7915.94,0,0
01:11:15:01:29:19,-28.0952,-9.49862,0,0.0640869,0,0,3.01315,7915.94,415739,11651.2,0,0,0,415739,0,0,4163.03,89.8167,8366.32,7915.94,0,0
01:11:15:01:29:20,-27.8091,-9.21252,0,0.0627537,0,0,3.01315,7915.94,415739,11651.2,0,0,0,415739,0,0,4163.03,89.8333,8366.32,7915.94,0,0
01:11:15:01:29:21,-27.8091,-8.64032,0,0.065424,0,0,3.01315,7915.94,415739,11651.2,0,0,0,415739,0,0,4163.03,89.85,8366.32,7915.94,0,0
01:11:15:01:29:22,-28.3813,-9.21252,0,0.0707626,0,0,3.01315,7915.94,415739,11651.2,0,0,0,415739,0,0,4163.03,89.8667,8366.32,7915.94,0,0
01:11:15:01:29:23,-27.8091,-8.92642,0,0.0667572,0,0,3.01315,7915.94,415739,11651.2,0,0,0,415739,0,0,4163.03,89.8833,8366.32,7915.94,0,0
01:11:15:01:29:24,-28.0952,-8.92642,0,0.0640869,0,0,3.01315,7915.94,415739,11651.2,0,0,0,415739,0,0,4163.03,89.9,8366.32,7915.94,0,0
01:11:15:01:29:25,-28.0952,-8.35421,0,0.0614185,0,0,3.01315,7915.94,415739,11651.2,0,0,0,415739,0,0,4163.03,89.9167,8366.32,7915.94,0,0
01:11:15:01:29:26,-27.523,-8.64032,0,0.0627537,0,0,3.01315,7915.94,415739,11651.2,0,0,0,415739,0,0,4163.03,89.9333,8366.32,7915.94,0,0
01:11:15:01:29:27,-28.0952,-8.92642,0,0.0640869,0,0,3.01315,7915.94,415739,11651.2,0,0,0,415739,0,0,4163.03,89.95,8366.32,7915.94,0,0
01:11:15:01:29:28,-27.8091,-8.64032,0,0.0667572,0,0,3.01315,7915.94,415739,11651.2,0,0,0,415739,0,0,4163.03,89.9667,8366.32,7915.94,0,0
01:11:15:01:29:29,-27.8091,-8.35421,0,0.0627537,0,0,3.01315,7915.94,415739,11651.2,0,0,0,415739,0,0,4163.03,89.9833,8366.32,7915.94,0,0
01:11:15:01:29:30,-27.2369,-8.92642,0,0.0640869,0,0,3.01315,7915.94,415739,11651.2,0,0,0,415739,0,0,4163.03,90,8366.32,7915.94,0,0
01:11:15:01:29:31,-27.2369,-8.92642,0,0.0627537,0,0,3.01315,7915.94,415739,11651.2,0,0,0,415739,0,0,4163.03,90.0167,8366.32,7915.94,0,0
01:11:15:01:29:32,-27.2369,-9.49862,0,0.0667572,0,0,3.01315,7915.94,415739,11651.2,0,0,0,415739,0,0,4163.03,90.0333,8366.32,7915.94,0,0
01:11:15:01:29:33,-27.523,-9.21252,0,0.0627537,0,0,3.01315,7915.94,415739,11651.2,0,0,0,415739,0,0,4163.03,90.05,8366.32,7915.94,0,0
01:11:15:01:29:34,-27.523,-8.64032,0,0.0640869,0,0,3.01315,7915.94,415739,11651.2,0,0,0,415739,0,0,4163.03,90.0667,8366.32,7915.94,0,0
01:11:15:01:29:35,-26.9508,-8.92642,0,0.0600815,0,0,3.01315,7915.94,415739,11651.2,0,0,0,415739,0,0,4163.03,90.0833,8366.32,7915.94,0,0
01:11:15:01:29:36,-27.2369,-8.92642,0,0.0614185,0,0,3.01315,7915.94,415739,11651.2,0,0,0,415739,0,0,4163.03,90.1,8366.32,7915.94,0,0
01:11:15:01:29:37,-27.523,-8.64032,0,0.0667572,0,0,3.01315,7915.94,415739,11651.2,0,0,0,415739,0,0,4163.03,90.1167,8366.32,7915.94,0,0
01:11:15:01:29:38,-27.8091,-9.21252,0,0.0667572,0,0,3.01315,7915.94,415739,11651.2,0,0,0,415739,0,0,4163.03,90.1333,8366.32,7915.94,0,0
01:11:15:01:29:39,-27.523,-8.64032,0,0.065424,0,0,3.01315,7915.94,415739,11651.2,0,0,0,415739,0,0,4163.03,90.15,8366.32,7915.94,0,0
01:11:15:01:29:40,-27.8091,-8.92642,0,0.065424,0,0,3.01315,7915.94,415739,11651.2,0,0,0,415739,0,0,4163.03,90.1667,8366.32,7915.94,0,0
01:11:15:01:29:41,-27.523,-8.35421,0,0.0614185,0,0,3.01315,7915.94,415739,11651.2,0,0,0,415739,0,0,4163.03,90.1833,8366.32,7915.94,0,0
01:11:15:01:29:42,-26.9508,-8.92642,0,0.065424,0,0,3.01315,7915.94,415739,11651.2,0,0,0,415739,0,0,4163.03,90.2,8366.32,7915.94,0,0
01:11:15:01:29:43,-27.2369,-8.92642,0,0.0640869,0,0,3.01315,7915.94,415739,11651.2,0,0,0,415739,0,0,4163.03,90.2167,8366.32,7915.94,0,0
01:11:15:01:29:44,-27.2369,-9.49862,0,0.065424,0,0,3.01315,7915.94,415739,11651.2,0,0,0,415739,0,0,4163.03,90.2333,8366.32,7915.94,0,0
01:11:15:01:29:45,-27.523,-9.49862,0,0.0680924,0,0,3.01315,7915.94,415739,11651.2,0,0,0,415739,0,0,4163.03,90.25,8366.32,7915.94,0,0
01:11:15:01:29:46,-27.523,-8.64032,0,0.0667572,0,0,3.01315,7915.94,415739,11651.2,0,0,0,415739,0,0,4163.03,90.2667,8366.32,7915.94,0,0
01:11:15:01:29:47,-27.2369,-8.64032,0,0.0680924,0,0,3.01315,7915.94,415739,11651.2,0,0,0,415739,0,0,4163.03,90.2833,8366.32,7915.94,0,0
01:11:15:01:29:48,-26.9508,-9.21252,0,0.0627537,0,0,3.01315,7915.94,415739,11651.2,0,0,0,415739,0,0,4163.03,90.3,8366.32,7915.94,0,0
01:11:15:01:29:49,-27.523,-8.92642,0,0.0667572,0,0,3.01315,7915.94,415739,11651.2,0,0,0,415739,0,0,4163.03,90.3167,8366.32,7915.94,0,0
01:11:15:01:29:50,-26.9508,-8.92642,0,0.0694294,0,0,3.01315,7915.94,415739,11651.2,0,0,0,415739,0,0,4163.03,90.3333,8366.32,7915.94,0,0
01:11:15:01:29:51,-27.523,-8.92642,0,0.0680924,0,0,3.01315,7915.94,415739,11651.2,0,0,0,415739,0,0,4163.03,90.35,8366.32,7915.94,0,0
01:11:15:01:29:52,-27.2369,-9.21252,0,0.0667572,0,0,3.01315,7915.94,415739,11651.2,0,0,0,415739,0,0,4163.03,90.3667,8366.32,7915.94,0,0
01:11:15:01:29:53,-26.9508,-8.35421,0,0.0680924,0,0,3.01315,7915.94,415739,11651.2,0,0,0,415739,0,0,4163.03,90.3833,8366.32,7915.94,0,0
01:11:15:01:29:54,-27.2369,-8.92642,0,0.0667572,0,0,3.01315,7915.94,415739,11651.2,0,0,0,415739,0,0,4163.03,90.4,8366.32,7915.94,0,0
01:11:15:01:29:55,-27.2369,-8.92642,0,0.0707626,0,0,3.01315,7915.94,415739,11651.2,0,0,0,415739,0,0,4163.03,90.4167,8366.32,7915.94,0,0
01:11:15:01:29:56,-26.9508,-8.92642,0,0.0694294,0,0,3.01315,7915.94,415739,11651.2,0,0,0,415739,0,0,4163.03,90.4333,8366.32,7915.94,0,0
01:11:15:01:29:57,-27.2369,-8.92642,0,0.0720997,0,0,3.01315,7915.94,415739,11651.2,0,0,0,415739,0,0,4163.03,90.45,8366.32,7915.94,0,0
01:11:15:01:29:58,-26.9508,-9.49862,0,0.0667572,0,0,3.01315,7915.94,415739,11651.2,0,0,0,415739,0,0,4163.03,90.4667,8366.32,7915.94,0,0
01:11:15:01:29:59,-27.2369,-8.92642,0,0.0694294,0,0,3.01315,7915.94,415739,11651.2,0,0,0,415739,0,0,4163.03,90.4833,8366.32,7915.94,0,0
01:11:15:01:30:00,-27.2369,-8.92642,0,0.0680924,0,0,3.01315,7915.94,415739,11651.2,0,0,0,415739,0,0,4163.03,90.5,8366.32,7915.94,0,0
01:11:15:01:30:01,-26.9508,-8.92642,0,0.0694294,0,0,3.01315,7915.94,415739,11651.2,0,0,0,415739,0,0,4163.03,90.5167,8366.32,7915.94,0,0
01:11:15:01:30:02,-26.9508,-9.21252,0,0.0694294,0,0,3.01315,7915.94,415739,11651.2,0,0,0,415739,0,0,4163.03,90.5333,8366.32,7915.94,0,0
01:11:15:01:30:03,-27.523,-8.64032,0,0.0680924,0,0,3.01315,7915.94,415739,11651.2,0,0,0,415739,0,0,4163.03,90.55,8366.32,7915.94,0,0
01:11:15:01:30:04,-27.2369,-8.06811,0,0.0640869,0,0,3.01315,7915.94,415739,11651.2,0,0,0,415739,0,0,4163.03,90.5667,8366.32,7915.94,0,0
01:11:15:01:30:05,-26.6647,-8.92642,0,0.0694294,0,0,3.01315,7915.94,415739,11651.2,0,0,0,415739,0,0,4163.03,90.5833,8366.32,7915.94,0,0
01:11:15:01:30:06,-26.6647,-8.92642,0,0.0694294,0,0,3.01315,7915.94,415739,11651.2,0,0,0,415739,0,0,4163.03,90.6,8366.32,7915.94,0,0
01:11:15:01:30:07,-26.9508,-8.64032,0,0.0680924,0,0,3.01315,7915.94,415739,11651.2,0,0,0,415739,0,0,4163.03,90.6167,8366.32,7915.94,0,0
01:11:15:01:30:08,-26.9508,-8.92642,0,0.065424,0,0,3.01315,7915.94,415739,11651.2,0,0,0,415739,0,0,4163.03,90.6333,8366.32,7915.94,0,0
01:11:15:01:30:09,-27.2369,-8.92642,0,0.065424,0,0,3.01315,7915.94,415739,11651.2,0,0,0,415739,0,0,4163.03,90.65,8366.32,7915.94,0,0
01:11:15:01:30:10,-26.6647,-8.92642,0,0.0614185,0,0,3.01315,7915.94,415739,11651.2,0,0,0,415739,0,0,4163.03,90.6667,8366.32,7915.94,0,0
01:11:15:01:30:11,-26.3786,-9.21252,0,0.0614185,0,0,3.01315,7915.94,415739,11651.2,0,0,0,415739,0,0,4163.03,90.6833,8366.32,7915.94,0,0
01:11:15:01:30:12,-26.9508,-8.92642,0,0.0640869,0,0,3.01315,7915.94,415739,11651.2,0,0,0,415739,0,0,4163.03,90.7,8366.32,7915.94,0,0
01:11:15:01:30:13,-26.9508,-8.92642,0,0.0614185,0,0,3.01315,7915.94,415739,11651.2,0,0,0,415739,0,0,4163.03,90.7167,8366.32,7915.94,0,0
01:11:15:01:30:14,-26.6647,-8.92642,0,0.0627537,0,0,3.01315,7915.94,415739,11651.2,0,0,0,415739,0,0,4163.03,90.7333,8366.32,7915.94,0,0
01:11:15:01:30:15,-26.9508,-8.92642,0,0.0667572,0,0,3.01315,7915.94,415739,11651.2,0,0,0,415739,0,0,4163.03,90.75,8366.32,7915.94,0,0
01:11:15:01:30:16,-26.6647,-9.21252,0,0.0627537,0,0,3.01315,7915.94,415739,11651.2,0,0,0,415739,0,0,4163.03,90.7667,8366.32,7915.94,0,0
01:11:15:01:30:17,-26.9508,-9.49862,0,0.0640869,0,0,3.01315,7915.94,415739,11651.2,0,0,0,415739,0,0,4163.03,90.7833,8366.32,7915.94,0,0
01:11:15:01:30:18,-26.9508,-8.92642,0,0.0680924,0,0,3.01315,7915.94,415739,11651.2,0,0,0,415739,0,0,4163.03,90.8,8366.32,7915.94,0,0
01:11:15:01:30:19,-26.6647,-8.92642,0,0.0680924,0,0,3.01315,7915.94,415739,11651.2,0,0,0,415739,0,0,4163.03,90.8167,8366.32,7915.94,0,0
01:11:15:01:30:20,-26.0925,-8.92642,0,0.0694294,0,0,3.01315,7915.94,415739,11651.2,0,0,0,415739,0,0,4163.03,90.8333,8366.32,7915.94,0,0
01:11:15:01:30:21,-26.3786,-8.92642,0,0.0680924,0,0,3.01315,7915.94,415739,11651.2,0,0,0,415739,0,0,4163.03,90.85,8366.32,7915.94,0,0
01:11:15:01:30:22,-26.6647,-8.64032,0,0.0734348,0,0,3.01315,7915.94,415739,11651.2,0,0,0,415739,0,0,4163.03,90.8667,8366.32,7915.94,0,0
01:11:15:01:30:23,-26.6647,-8.35421,0,0.0680924,0,0,3.01315,7915.94,415739,11651.2,0,0,0,415739,0,0,4163.03,90.8833,8366.32,7915.94,0,0
01:11:15:01:30:24,-26.6647,-8.64032,0,0.0680924,0,0,3.01315,7915.94,415739,11651.2,0,0,0,415739,0,0,4163.03,90.9,8366.32,7915.94,0,0
01:11:15:01:30:25,-26.0925,-9.21252,0,0.0680924,0,0,3.01315,7915.94,415739,11651.2,0,0,0,415739,0,0,4163.03,90.9167,8366.32,7915.94,0,0
01:11:15:01:30:26,-26.3786,-9.21252,0,0.0694294,0,0,3.01315,7915.94,415739,11651.2,0,0,0,415739,0,0,4163.03,90.9333,8366.32,7915.94,0,0
01:11:15:01:30:27,-26.3786,-8.92642,0,0.0667572,0,0,3.01315,7915.94,415739,11651.2,0,0,0,415739,0,0,4163.03,90.95,8366.32,7915.94,0,0
01:11:15:01:30:28,-26.0925,-8.64032,0,0.0680924,0,0,3.01315,7915.94,415739,11651.2,0,0,0,415739,0,0,4163.03,90.9667,8366.32,7915.94,0,0
01:11:15:01:30:29,-26.6647,-8.92642,0,0.0720997,0,0,3.01315,7915.94,415739,11651.2,0,0,0,415739,0,0,4163.03,90.9833,8366.32,7915.94,0,0
01:11:15:01:30:30,-26.3786,-8.64032,0,0.0694294,0,0,3.01315,7915.94,415739,11651.2,0,0,0,415739,0,0,4163.03,91,8366.32,7915.94,0,0
01:11:15:01:30:31,-26.6647,-8.92642,0,0.0747681,0,0,3.01315,7915.94,415739,11651.2,0,0,0,415739,0,0,4163.03,91.0167,8366.32,7915.94,0,0
01:11:15:01:30:32,-26.6647,-8.64032,0,0.0707626,0,0,3.01315,7915.94,415739,11651.2,0,0,0,415739,0,0,4163.03,91.0333,8366.32,7915.94,0,0
01:11:15:01:30:33,-26.3786,-8.64032,0,0.0694294,0,0,3.01315,7915.94,415739,11651.2,0,0,0,415739,0,0,4163.03,91.05,8366.32,7915.94,0,0
01:11:15:01:30:34,-26.6647,-8.64032,0,0.0680924,0,0,3.01315,7915.94,415739,11651.2,0,0,0,415739,0,0,4163.03,91.0667,8366.32,7915.94,0,0
01:11:15:01:30:35,-25.8064,-8.64032,0,0.0707626,0,0,3.01315,7915.94,415739,11651.2,0,0,0,415739,0,0,4163.03,91.0833,8366.32,7915.94,0,0
01:11:15:01:30:36,-26.0925,-8.64032,0,0.0707626,0,0,3.01315,7915.94,415739,11651.2,0,0,0,415739,0,0,4163.03,91.1,8366.32,7915.94,0,0
01:11:15:01:30:37,-26.3786,-8.35421,0,0.0694294,0,0,3.01315,7915.94,415739,11651.2,0,0,0,415739,0,0,4163.03,91.1167,8366.32,7915.94,0,0
01:11:15:01:30:38,-26.6647,-8.64032,0,0.0667572,0,0,3.01315,7915.94,415739,11651.2,0,0,0,415739,0,0,4163.03,91.1333,8366.32,7915.94,0,0
01:11:15:01:30:39,-26.0925,-9.21252,0,0.065424,0,0,3.01315,7915.94,415739,11651.2,0,0,0,415739,0,0,4163.03,91.15,8366.32,7915.94,0,0
01:11:15:01:30:40,-26.6647,-8.64032,0,0.0694294,0,0,3.01315,7915.94,415739,11651.2,0,0,0,415739,0,0,4163.03,91.1667,8366.32,7915.94,0,0
01:11:15:01:30:41,-26.0925,-9.21252,0,0.0694294,0,0,3.01315,7915.94,415739,11651.2,0,0,0,415739,0,0,4163.03,91.1833,8366.32,7915.94,0,0
01:11:15:01:30:42,-26.3786,-9.21252,0,0.0694294,0,0,3.01315,7915.94,415739,11651.2,0,0,0,415739,0,0,4163.03,91.2,8366.32,7915.94,0,0
01:11:15:01:30:43,-26.6647,-9.21252,0,0.065424,0,0,3.01315,7915.94,415739,11651.2,0,0,0,415739,0,0,4163.03,91.2167,8366.32,7915.94,0,0
01:11:15:01:30:44,-26.6647,-8.92642,0,0.0680924,0,0,3.01315,7915.94,415739,11651.2,0,0,0,415739,0,0,4163.03,91.2333,8366.32,7915.94,0,0
01:11:15:01:30:45,-26.6647,-8.92642,0,0.065424,0,0,3.01315,7915.94,415739,11651.2,0,0,0,415739,0,0,4163.03,91.25,8366.32,7915.94,0,0
01:11:15:01:30:46,-26.3786,-8.64032,0,0.0667572,0,0,3.01315,7915.94,415739,11651.2,0,0,0,415739,0,0,4163.03,91.2667,8366.32,7915.94,0,0
01:11:15:01:30:47,-26.0925,-8.35421,0,0.0694294,0,0,3.01315,7915.94,415739,11651.2,0,0,0,415739,0,0,4163.03,91.2833,8366.32,7915.94,0,0
01:11:15:01:30:48,-26.3786,-8.92642,0,0.0694294,0,0,3.01315,7915.94,415739,11651.2,0,0,0,415739,0,0,4163.03,91.3,8366.32,7915.94,0,0
01:11:15:01:30:49,-26.0925,-8.92642,0,0.0680924,0,0,3.01315,7915.94,415739,11651.2,0,0,0,415739,0,0,4163.03,91.3167,8366.32,7915.94,0,0
01:11:15:01:30:50,-26.6647,-8.92642,0,0.0680924,0,0,3.01315,7915.94,415739,11651.2,0,0,0,415739,0,0,4163.03,91.3333,8366.32,7915.94,0,0
01:11:15:01:30:51,-26.6647,-8.92642,0,0.0680924,0,0,3.01315,7915.94,415739,11651.2,0,0,0,415739,0,0,4163.03,91.35,8366.32,7915.94,0,0
01:11:15:01:30:52,-26.0925,-8.64032,0,0.0694294,0,0,3.01315,7915.94,415739,11651.2,0,0,0,415739,0,0,4163.03,91.3667,8366.32,7915.94,0,0
01:11:15:01:30:53,-26.3786,-8.92642,0,0.0707626,0,0,3.01315,7915.94,415739,11651.2,0,0,0,415739,0,0,4163.03,91.3833,8366.32,7915.94,0,0
01:11:15:01:30:54,-26.0925,-8.64032,0,0.0694294,0,0,3.01315,7915.94,415739,11651.2,0,0,0,415739,0,0,4163.03,91.4,8366.32,7915.94,0,0
01:11:15:01:30:55,-25.8064,-8.64032,0,0.0720997,0,0,3.01315,7915.94,415739,11651.2,0,0,0,415739,0,0,4163.03,91.4167,8366.32,7915.94,0,0
01:11:15:01:30:56,-26.0925,-8.64032,0,0.0707626,0,0,3.01315,7915.94,415739,11651.2,0,0,0,415739,0,0,4163.03,91.4333,8366.32,7915.94,0,0
01:11:15:01:30:57,-26.0925,-8.92642,0,0.0667572,0,0,3.01315,7915.94,415739,11651.2,0,0,0,415739,0,0,4163.03,91.45,8366.32,7915.94,0,0
01:11:15:01:30:58,-26.0925,-8.64032,0,0.0694294,0,0,3.01315,7915.94,415739,11651.2,0,0,0,415739,0,0,4163.03,91.4667,8366.32,7915.94,0,0
01:11:15:01:30:59,-26.3786,-9.21252,0,0.0667572,0,0,3.01315,7915.94,415739,11651.2,0,0,0,415739,0,0,4163.03,91.4833,8366.32,7915.94,0,0
01:11:15:01:31:00,-26.3786,-8.64032,0,0.0667572,0,0,3.01315,7915.94,415739,11651.2,0,0,0,415739,0,0,4163.03,91.5,8366.32,7915.94,0,0
01:11:15:01:31:01,-25.8064,-8.92642,0,0.0680924,0,0,3.01315,7915.94,415739,11651.2,0,0,0,415739,0,0,4163.03,91.5167,8366.32,7915.94,0,0
01:11:15:01:31:02,-26.0925,-8.64032,0,0.0694294,0,0,3.01315,7915.94,415739,11651.2,0,0,0,415739,0,0,4163.03,91.5333,8366.32,7915.94,0,0
01:11:15:01:31:03,-25.8064,-8.35421,0,0.0694294,0,0,3.01315,7915.94,415739,11651.2,0,0,0,415739,0,0,4163.03,91.55,8366.32,7915.94,0,0
01:11:15:01:31:04,-26.0925,-8.64032,0,0.0680924,0,0,3.01315,7915.94,415739,11651.2,0,0,0,415739,0,0,4163.03,91.5667,8366.32,7915.94,0,0
01:11:15:01:31:05,-26.0925,-8.35421,0,0.0720997,0,0,3.01315,7915.94,415739,11651.2,0,0,0,415739,0,0,4163.03,91.5833,8366.32,7915.94,0,0
01:11:15:01:31:06,-26.0925,-8.64032,0,0.0694294,0,0,3.01315,7915.94,415739,11651.2,0,0,0,415739,0,0,4163.03,91.6,8366.32,7915.94,0,0
01:11:15:01:31:07,-25.8064,-9.21252,0,0.0694294,0,0,3.01315,7915.94,415739,11651.2,0,0,0,415739,0,0,4163.03,91.6167,8366.32,7915.94,0,0
01:11:15:01:31:08,-25.5203,-8.64032,0,0.0707626,0,0,3.01315,7915.94,415739,11651.2,0,0,0,415739,0,0,4163.03,91.6333,8366.32,7915.94,0,0
01:11:15:01:31:09,-25.8064,-9.21252,0,0.0694294,0,0,3.01315,7915.94,415739,11651.2,0,0,0,415739,0,0,4163.03,91.65,8366.32,7915.94,0,0
01:11:15:01:31:10,-25.8064,-9.21252,0,0.0734348,0,0,3.01315,7915.94,415739,11651.2,0,0,0,415739,0,0,4163.03,91.6667,8366.32,7915.94,0,0
01:11:15:01:31:11,-26.0925,-8.64032,0,0.0720997,0,0,3.01315,7915.94,415739,11651.2,0,0,0,415739,0,0,4163.03,91.6833,8366.32,7915.94,0,0
01:11:15:01:31:12,-25.8064,-8.35421,0,0.0707626,0,0,3.01315,7915.94,415739,11651.2,0,0,0,415739,0,0,4163.03,91.7,8366.32,7915.94,0,0
01:11:15:01:31:13,-25.8064,-8.92642,0,0.0734348,0,0,3.01315,7915.94,415739,11651.2,0,0,0,415739,0,0,4163.03,91.7167,8366.32,7915.94,0,0
01:11:15:01:31:14,-26.3786,-8.35421,0,0.0720997,0,0,3.01315,7915.94,415739,11651.2,0,0,0,415739,0,0,4163.03,91.7333,8366.32,7915.94,0,0
01:11:15:01:31:15,-26.3786,-8.64032,0,0.0680924,0,0,3.01315,7915.94,415739,11651.2,0,0,0,415739,0,0,4163.03,91.75,8366.32,7915.94,0,0
01:11:15:01:31:16,-26.0925,-8.64032,0,0.0694294,0,0,3.01315,7915.94,415739,11651.2,0,0,0,415739,0,0,4163.03,91.7667,8366.32,7915.94,0,0
01:11:15:01:31:17,-26.0925,-8.35421,0,0.0667572,0,0,3.01315,7915.94,415739,11651.2,0,0,0,415739,0,0,4163.03,91.7833,8366.32,7915.94,0,0
01:11:15:01:31:18,-25.5203,-8.35421,0,0.0694294,0,0,3.01315,7915.94,415739,11651.2,0,0,0,415739,0,0,4163.03,91.8,8366.32,7915.94,0,0
01:11:15:01:31:19,-25.5203,-8.92642,0,0.0694294,0,0,3.01315,7915.94,415739,11651.2,0,0,0,415739,0,0,4163.03,91.8167,8366.32,7915.94,0,0
01:11:15:01:31:20,-25.8064,-9.49862,0,0.0680924,0,0,3.01315,7915.94,415739,11651.2,0,0,0,415739,0,0,4163.03,91.8333,8366.32,7915.94,0,0
01:11:15:01:31:21,-25.8064,-8.35421,0,0.0680924,0,0,3.01315,7915.94,415739,11651.2,0,0,0,415739,0,0,4163.03,91.85,8366.32,7915.94,0,0
01:11:15:01:31:22,-26.0925,-8.64032,0,0.0694294,0,0,3.01315,7915.94,415739,11651.2,0,0,0,415739,0,0,4163.03,91.8667,8366.32,7915.94,0,0
01:11:15:01:31:23,-25.8064,-8.64032,0,0.0694294,0,0,3.01315,7915.94,415739,11651.2,0,0,0,415739,0,0,4163.03,91.8833,8366.32,7915.94,0,0
01:11:15:01:31:24,-26.0925,-8.35421,0,0.0680924,0,0,3.01315,7915.94,415739,11651.2,0,0,0,415739,0,0,4163.03,91.9,8366.32,7915.94,0,0
01:11:15:01:31:25,-26.0925,-8.64032,0,0.0680924,0,0,3.01315,7915.94,415739,11651.2,0,0,0,415739,0,0,4163.03,91.9167,8366.32,7915.94,0,0
01:11:15:01:31:26,-25.8064,-8.92642,0,0.0667572,0,0,3.01315,7915.94,415739,11651.2,0,0,0,415739,0,0,4163.03,91.9333,8366.32,7915.94,0,0
01:11:15:01:31:27,-26.3786,-9.21252,0,0.0694294,0,0,3.01315,7915.94,415739,11651.2,0,0,0,415739,0,0,4163.03,91.95,8366.32,7915.94,0,0
01:11:15:01:31:28,-25.2342,-8.64032,0,0.0707626,0,0,3.01315,7915.94,415739,11651.2,0,0,0,415739,0,0,4163.03,91.9667,8366.32,7915.94,0,0
01:11:15:01:31:29,-25.8064,-8.35421,0,0.0694294,0,0,3.01315,7915.94,415739,11651.2,0,0,0,415739,0,0,4163.03,91.9833,8366.32,7915.94,0,0
01:11:15:01:31:30,-25.5203,-8.35421,0,0.0667572,0,0,3.01315,7915.94,415739,11651.2,0,0,0,415739,0,0,4163.03,92,8366.32,7915.94,0,0
01:11:15:01:31:31,-26.0925,-8.06811,0,0.0640869,0,0,3.01315,7915.94,415739,11651.2,0,0,0,415739,0,0,4163.03,92.0167,8366.32,7915.94,0,0
01:11:15:01:31:32,-25.8064,-8.92642,0,0.0680924,0,0,3.01315,7915.94,415739,11651.2,0,0,0,415739,0,0,4163.03,92.0333,8366.32,7915.94,0,0
01:11:15:01:31:33,-25.5203,-8.64032,0,0.0694294,0,0,3.01315,7915.94,415739,11651.2,0,0,0,415739,0,0,4163.03,92.05,8366.32,7915.94,0,0
01:11:15:01:31:34,-26.0925,-8.64032,0,0.065424,0,0,3.01315,7915.94,415739,11651.2,0,0,0,415739,0,0,4163.03,92.0667,8366.32,7915.94,0,0
01:11:15:01:31:35,-25.5203,-8.92642,0,0.0667572,0,0,3.01315,7915.94,415739,11651.2,0,0,0,415739,0,0,4163.03,92.0833,8366.32,7915.94,0,0
01:11:15:01:31:36,-25.5203,-9.21252,0,0.0707626,0,0,3.01315,7915.94,415739,11651.2,0,0,0,415739,0,0,4163.03,92.1,8366.32,7915.94,0,0
01:11:15:01:31:37,-26.3786,-9.21252,0,0.0694294,0,0,3.01315,7915.94,415739,11651.2,0,0,0,415739,0,0,4163.03,92.1167,8366.32,7915.94,0,0
01:11:15:01:31:38,-25.5203,-8.92642,0,0.0707626,0,0,3.01315,7915.94,415739,11651.2,0,0,0,415739,0,0,4163.03,92.1333,8366.32,7915.94,0,0
01:11:15:01:31:39,-25.8064,-8.64032,0,0.0694294,0,0,3.01315,7915.94,415739,11651.2,0,0,0,415739,0,0,4163.03,92.15,8366.32,7915.94,0,0
01:11:15:01:31:40,-25.5203,-9.21252,0,0.0680924,0,0,3.01315,7915.94,415739,11651.2,0,0,0,415739,0,0,4163.03,92.1667,8366.32,7915.94,0,0
01:11:15:01:31:41,-25.8064,-8.92642,0,0.0707626,0,0,3.01315,7915.94,415739,11651.2,0,0,0,415739,0,0,4163.03,92.1833,8366.32,7915.94,0,0
01:11:15:01:31:42,-25.5203,-8.64032,0,0.0680924,0,0,3.01315,7915.94,415739,11651.2,0,0,0,415739,0,0,4163.03,92.2,8366.32,7915.94,0,0
01:11:15:01:31:43,-25.5203,-8.35421,0,0.065424,0,0,3.01315,7915.94,415739,11651.2,0,0,0,415739,0,0,4163.03,92.2167,8366.32,7915.94,0,0
01:11:15:01:31:44,-25.8064,-8.64032,0,0.0694294,0,0,3.01315,7915.94,415739,11651.2,0,0,0,415739,0,0,4163.03,92.2333,8366.32,7915.94,0,0
01:11:15:01:31:45,-25.8064,-9.49862,0,0.0667572,0,0,3.01315,7915.94,415739,11651.2,0,0,0,415739,0,0,4163.03,92.25,8366.32,7915.94,0,0
01:11:15:01:31:46,-25.8064,-8.64032,0,0.0720997,0,0,3.01315,7915.94,415739,11651.2,0,0,0,415739,0,0,4163.03,92.2667,8366.32,7915.94,0,0
01:11:15:01:31:47,-25.8064,-8.92642,0,0.0694294,0,0,3.01315,7915.94,415739,11651.2,0,0,0,415739,0,0,4163.03,92.2833,8366.32,7915.94,0,0
01:11:15:01:31:48,-25.2342,-9.21252,0,0.0720997,0,0,3.01315,7915.94,415739,11651.2,0,0,0,415739,0,0,4163.03,92.3,8366.32,7915.94,0,0
01:11:15:01:31:49,-25.2342,-8.64032,0,0.0707626,0,0,3.01315,7915.94,415739,11651.2,0,0,0,415739,0,0,4163.03,92.3167,8366.32,7915.94,0,0
01:11:15:01:31:50,-26.3786,-8.92642,0,0.0694294,0,0,3.01315,7915.94,415739,11651.2,0,0,0,415739,0,0,4163.03,92.3333,8366.32,7915.94,0,0
01:11:15:01:31:51,-26.0925,-8.92642,0,0.0680924,0,0,3.01315,7915.94,415739,11651.2,0,0,0,415739,0,0,4163.03,92.35,8366.32,7915.94,0,0
01:11:15:01:31:52,-26.0925,-8.64032,0,0.0694294,0,0,3.01315,7915.94,415739,11651.2,0,0,0,415739,0,0,4163.03,92.3667,8366.32,7915.94,0,0
01:11:15:01:31:53,-25.5203,-9.21252,0,0.0694294,0,0,3.01315,7915.94,415739,11651.2,0,0,0,415739,0,0,4163.03,92.3833,8366.32,7915.94,0,0
01:11:15:01:31:54,-25.2342,-8.92642,0,0.0667572,0,0,3.01315,7915.94,415739,11651.2,0,0,0,415739,0,0,4163.03,92.4,8366.32,7915.94,0,0
01:11:15:01:31:55,-25.2342,-9.49862,0,0.0680924,0,0,3.01315,7915.94,415739,11651.2,0,0,0,415739,0,0,4163.03,92.4167,8366.32,7915.94,0,0
01:11:15:01:31:56,-25.2342,-8.64032,0,0.0694294,0,0,3.01315,7915.94,415739,11651.2,0,0,0,415739,0,0,4163.03,92.4333,8366.32,7915.94,0,0
01:11:15:01:31:57,-25.2342,-8.92642,0,0.0707626,0,0,3.01315,7915.94,415739,11651.2,0,0,0,415739,0,0,4163.03,92.45,8366.32,7915.94,0,0
01:11:15:01:31:58,-25.5203,-8.64032,0,0.0707626,0,0,3.01315,7915.94,415739,11651.2,0,0,0,415739,0,0,4163.03,92.4667,8366.32,7915.94,0,0
01:11:15:01:31:59,-25.2342,-8.92642,0,0.0707626,0,0,3.01315,7915.94,415739,11651.2,0,0,0,415739,0,0,4163.03,92.4833,8366.32,7915.94,0,0
01:11:15:01:32:00,-25.2342,-8.92642,0,0.0720997,0,0,3.01315,7915.94,415739,11651.2,0,0,0,415739,0,0,4163.03,92.5,8366.32,7915.94,0,0
01:11:15:01:32:01,-25.8064,-9.49862,0,0.0720997,0,0,3.01315,7915.94,415739,11651.2,0,0,0,415739,0,0,4163.03,92.5167,8366.32,7915.94,0,0
01:11:15:01:32:02,-26.0925,-9.21252,0,0.0694294,0,0,3.01315,7915.94,415739,11651.2,0,0,0,415739,0,0,4163.03,92.5333,8366.32,7915.94,0,0
01:11:15:01:32:03,-26.0925,-8.92642,0,0.0680924,0,0,3.01315,7915.94,415739,11651.2,0,0,0,415739,0,0,4163.03,92.55,8366.32,7915.94,0,0
01:11:15:01:32:04,-25.2342,-9.21252,0,0.0680924,0,0,3.01315,7915.94,415739,11651.2,0,0,0,415739,0,0,4163.03,92.5667,8366.32,7915.94,0,0
01:11:15:01:32:05,-25.5203,-8.92642,0,0.0694294,0,0,3.01315,7915.94,415739,11651.2,0,0,0,415739,0,0,4163.03,92.5833,8366.32,7915.94,0,0
01:11:15:01:32:06,-25.5203,-8.64032,0,0.0694294,0,0,3.01315,7915.94,415739,11651.2,0,0,0,415739,0,0,4163.03,92.6,8366.32,7915.94,0,0
01:11:15:01:32:07,-25.5203,-9.21252,0,0.0680924,0,0,3.01315,7915.94,415739,11651.2,0,0,0,415739,0,0,4163.03,92.6167,8366.32,7915.94,0,0
01:11:15:01:32:08,-24.9481,-9.21252,0,0.0667572,0,0,3.01315,7915.94,415739,11651.2,0,0,0,415739,0,0,4163.03,92.6333,8366.32,7915.94,0,0
01:11:15:01:32:09,-25.8064,-8.92642,0,0.0694294,0,0,3.01315,7915.94,415739,11651.2,0,0,0,415739,0,0,4163.03,92.65,8366.32,7915.94,0,0
01:11:15:01:32:10,-25.2342,-8.64032,0,0.0694294,0,0,3.01315,7915.94,415739,11651.2,0,0,0,415739,0,0,4163.03,92.6667,8366.32,7915.94,0,0
01:11:15:01:32:11,-25.5203,-9.21252,0,0.0680924,0,0,3.01315,7915.94,415739,11651.2,0,0,0,415739,0,0,4163.03,92.6833,8366.32,7915.94,0,0
01:11:15:01:32:12,-25.2342,-8.64032,0,0.0640869,0,0,3.01315,7915.94,415739,11651.2,0,0,0,415739,0,0,4163.03,92.7,8366.32,7915.94,0,0
01:11:15:01:32:13,-25.2342,-8.92642,0,0.0627537,0,0,3.01315,7915.94,415739,11651.2,0,0,0,415739,0,0,4163.03,92.7167,8366.32,7915.94,0,0
01:11:15:01:32:14,-25.5203,-9.21252,0,0.0614185,0,0,3.01315,7915.94,415739,11651.2,0,0,0,415739,0,0,4163.03,92.7333,8366.32,7915.94,0,0
01:11:15:01:32:15,-25.2342,-8.92642,0,0.0614185,0,0,3.01315,7915.94,415739,11651.2,0,0,0,415739,0,0,4163.03,92.75,8366.32,7915.94,0,0
01:11:15:01:32:16,-25.8064,-8.35421,0,0.0627537,0,0,3.01315,7915.94,415739,11651.2,0,0,0,415739,0,0,4163.03,92.7667,8366.32,7915.94,0,0
01:11:15:01:32:17,-25.8064,-8.92642,0,0.0627537,0,0,3.01315,7915.94,415739,11651.2,0,0,0,415739,0,0,4163.03,92.7833,8366.32,7915.94,0,0
01:11:15:01:32:18,-21.2288,-4.0627,0,0.0587482,0,0,3.01315,7915.94,415739,11651.2,0,0,0,415739,0,0,4163.03,92.8,8366.32,7915.94,0,0
01:11:15:01:32:19,9.38406,25.1196,0,0.065424,0,0,3.01315,7915.94,415739,11651.2,0,0,0,415739,0,0,4163.03,92.8167,8366.32,7915.94,0,0
01:11:15:01:32:20,29.9833,47.7216,0,0.0627537,0,0,3.01315,7915.94,415739,11651.2,0,0,0,415739,0,0,4163.03,92.8333,8366.32,7915.94,0,0
01:11:15:01:32:21,74.6151,88.6341,0.552565,0.0667572,0,0,3.01315,7915.94,415739,11651.2,0,0,0,415739,0,0,4163.03,92.85,8366.32,7915.94,0,0
01:11:15:01:32:22,132.694,149.001,0.348904,0.065424,0.552565,0,3.01315,7915.94,415739,11651.2,0,0,0,415739,0,0,4163.03,92.8667,8366.32,7915.94,0,0
01:11:15:01:32:23,151.576,168.17,0.140199,0.0680924,0.348904,0,3.01315,7915.94,415739,11651.2,0,0,0,415739,0,0,4163.03,92.8833,8366.32,7915.94,0,0
01:11:15:01:32:24,146.427,162.734,0.229596,0.0694294,0.140199,0,3.01315,7915.94,415739,11651.2,0,0,0,415739,0,0,4163.03,92.9,8366.32,7915.94,0,0
01:11:15:01:32:25,194.205,210.513,0.306407,0.0680924,0.229596,0,3.01315,7915.94,415739,11651.2,0,0,0,415739,0,0,4163.03,92.9167,8366.32,7915.94,0,0
01:11:15:01:32:26,190.486,206.222,0.182266,0.0734348,0.306407,0,3.01315,7915.94,415739,11651.2,0,0,0,415739,0,0,4163.03,92.9333,8366.32,7915.94,0,0
01:11:15:01:32:27,188.197,204.219,0.202618,0.0747681,0.182266,0,3.01315,7915.94,415739,11651.2,0,0,0,415739,0,0,4163.03,92.95,8366.32,7915.94,0,0
01:11:15:01:32:28,186.481,202.502,0.241373,0.0694294,0.202618,0,3.01315,7915.94,415739,11651.2,0,0,0,415739,0,0,4163.03,92.9667,8366.32,7915.94,0,0
01:11:15:01:32:29,183.906,200.5,0,0.0707626,0.241373,0,3.01315,7915.94,415739,11651.2,0,0,0,415739,0,0,4163.03,92.9833,8366.32,7915.94,0,0
01:11:15:01:32:30,182.761,199.355,0,0.0720997,0,0,3.01315,7915.94,415739,11651.2,0,0,0,415739,0,0,4163.03,93,8366.32,7915.94,0,0
01:11:15:01:32:31,181.331,198.497,0,0.0720997,0,0,3.01315,7915.94,415739,11651.2,0,0,0,415739,0,0,4163.03,93.0167,8366.32,7915.94,0,0
01:11:15:01:32:32,181.045,197.066,0,0.0734348,0,0,3.01315,7915.94,415739,11651.2,0,0,0,415739,0,0,4163.03,93.0333,8366.32,7915.94,0,0
01:11:15:01:32:33,179.614,195.922,0,0.0720997,0,0,3.01315,7915.94,415739,11651.2,0,0,0,415739,0,0,4163.03,93.05,8366.32,7915.94,0,0
01:11:15:01:32:34,179.328,194.205,0,0.0734348,0,0,3.01315,7915.94,415739,11651.2,0,0,0,415739,0,0,4163.03,93.0667,8366.32,7915.94,0,0
01:11:15:01:32:35,177.612,193.919,0,0.0720997,0,0,3.01315,7915.94,415739,11651.2,0,0,0,415739,0,0,4163.03,93.0833,8366.32,7915.94,0,0
01:11:15:01:32:36,176.753,192.203,0,0.0720997,0,0,3.01315,7915.94,415739,11651.2,0,0,0,415739,0,0,4163.03,93.1,8366.32,7915.94,0,0
01:11:15:01:32:37,176.181,192.203,0,0.0694294,0,0,3.01315,7915.94,415739,11651.2,0,0,0,415739,0,0,4163.03,93.1167,8366.32,7915.94,0,0
01:11:15:01:32:38,175.323,190.486,0,0.0707626,0,0,3.01315,7915.94,415739,11651.2,0,0,0,415739,0,0,4163.03,93.1333,8366.32,7915.94,0,0
01:11:15:01:32:39,174.178,189.914,0,0.0720997,0,0,3.01315,7915.94,415739,11651.2,0,0,0,415739,0,0,4163.03,93.15,8366.32,7915.94,0,0
01:11:15:01:32:40,173.606,189.056,0,0.0680924,0,0,3.01315,7915.94,415739,11651.2,0,0,0,415739,0,0,4163.03,93.1667,8366.32,7915.94,0,0
01:11:15:01:32:41,171.89,188.77,0,0.0694294,0,0,3.01315,7915.94,415739,11651.2,0,0,0,415739,0,0,4163.03,93.1833,8366.32,7915.94,0,0
01:11:15:01:32:42,171.89,187.911,0,0.0694294,0,0,3.01315,7915.94,415739,11651.2,0,0,0,415739,0,0,4163.03,93.2,8366.32,7915.94,0,0
01:11:15:01:32:43,171.603,186.767,0,0.0627537,0,0,3.01315,7915.94,415739,11651.2,0,0,0,415739,0,0,4163.03,93.2167,8366.32,7915.94,0,0
01:11:15:01:32:44,171.317,186.481,0,0.0640869,0,0,3.01315,7915.94,415739,11651.2,0,0,0,415739,0,0,4163.03,93.2333,8366.32,7915.94,0,0
01:11:15:01:32:45,170.173,186.195,0,0.0680924,0,0,3.01315,7915.94,415739,11651.2,0,0,0,415739,0,0,4163.03,93.25,8366.32,7915.94,0,0
01:11:15:01:32:46,169.887,185.336,0,0.0720997,0,0,3.01315,7915.94,415739,11651.2,0,0,0,415739,0,0,4163.03,93.2667,8366.32,7915.94,0,0
01:11:15:01:32:47,169.029,184.764,0,0.0680924,0,0,3.01315,7915.94,415739,11651.2,0,0,0,415739,0,0,4163.03,93.2833,8366.32,7915.94,0,0
01:11:15:01:32:48,168.456,184.192,0,0.0667572,0,0,3.01315,7915.94,415739,11651.2,0,0,0,415739,0,0,4163.03,93.3,8366.32,7915.94,0,0
01:11:15:01:32:49,167.598,183.334,0,0.0667572,0,0,3.01315,7915.94,415739,11651.2,0,0,0,415739,0,0,4163.03,93.3167,8366.32,7915.94,0,0
01:11:15:01:32:50,167.312,182.475,0,0.0680924,0,0,3.01315,7915.94,415739,11651.2,0,0,0,415739,0,0,4163.03,93.3333,8366.32,7915.94,0,0
01:11:15:01:32:51,166.454,183.048,0,0.0707626,0,0,3.01315,7915.94,415739,11651.2,0,0,0,415739,0,0,4163.03,93.35,8366.32,7915.94,0,0
01:11:15:01:32:52,165.881,182.189,0,0.0707626,0,0,3.01315,7915.94,415739,11651.2,0,0,0,415739,0,0,4163.03,93.3667,8366.32,7915.94,0,0
01:11:15:01:32:53,165.309,181.331,0,0.0667572,0,0,3.01315,7915.94,415739,11651.2,0,0,0,415739,0,0,4163.03,93.3833,8366.32,7915.94,0,0
01:11:15:01:32:54,165.023,181.045,0,0.0694294,0,0,3.01315,7915.94,415739,11651.2,0,0,0,415739,0,0,4163.03,93.4,8366.32,7915.94,0,0
01:11:15:01:32:55,164.737,181.331,0,0.0680924,0,0,3.01315,7915.94,415739,11651.2,0,0,0,415739,0,0,4163.03,93.4167,8366.32,7915.94,0,0
01:11:15:01:32:56,164.451,179.9,0,0.0680924,0,0,3.01315,7915.94,415739,11651.2,0,0,0,415739,0,0,4163.03,93.4333,8366.32,7915.94,0,0
01:11:15:01:32:57,163.879,180.186,0,0.0694294,0,0,3.01315,7915.94,415739,11651.2,0,0,0,415739,0,0,4163.03,93.45,8366.32,7915.94,0,0
01:11:15:01:32:58,163.02,179.328,0,0.0694294,0,0,3.01315,7915.94,415739,11651.2,0,0,0,415739,0,0,4163.03,93.4667,8366.32,7915.94,0,0
01:11:15:01:32:59,162.734,179.042,0,0.0707626,0,0,3.01315,7915.94,415739,11651.2,0,0,0,415739,0,0,4163.03,93.4833,8366.32,7915.94,0,0
01:11:15:01:33:00,162.734,178.47,0,0.0694294,0,0,3.01315,7915.94,415739,11651.2,0,0,0,415739,0,0,4163.03,93.5,8366.32,7915.94,0,0
01:11:15:01:33:01,161.876,178.184,0,0.0694294,0,0,3.01315,7915.94,415739,11651.2,0,0,0,415739,0,0,4163.03,93.5167,8366.32,7915.94,0,0
01:11:15:01:33:02,161.876,177.325,0,0.0667572,0,0,3.01315,7915.94,415739,11651.2,0,0,0,415739,0,0,4163.03,93.5333,8366.32,7915.94,0,0
01:11:15:01:33:03,161.304,177.325,0,0.0694294,0,0,3.01315,7915.94,415739,11651.2,0,0,0,415739,0,0,4163.03,93.55,8366.32,7915.94,0,0
01:11:15:01:33:04,161.018,176.467,0,0.0694294,0,0,3.01315,7915.94,415739,11651.2,0,0,0,415739,0,0,4163.03,93.5667,8366.32,7915.94,0,0
01:11:15:01:33:05,160.159,175.895,0,0.0680924,0,0,3.01315,7915.94,415739,11651.2,0,0,0,415739,0,0,4163.03,93.5833,8366.32,7915.94,0,0
01:11:15:01:33:06,160.159,175.895,0,0.0667572,0,0,3.01315,7915.94,415739,11651.2,0,0,0,415739,0,0,4163.03,93.6,8366.32,7915.94,0,0
01:11:15:01:33:07,159.873,175.037,0,0.0694294,0,0,3.01315,7915.94,415739,11651.2,0,0,0,415739,0,0,4163.03,93.6167,8366.32,7915.94,0,0
01:11:15:01:33:08,158.729,175.323,0,0.0694294,0,0,3.01315,7915.94,415739,11651.2,0,0,0,415739,0,0,4163.03,93.6333,8366.32,7915.94,0,0
01:11:15:01:33:09,159.015,175.037,0,0.0680924,0,0,3.01315,7915.94,415739,11651.2,0,0,0,415739,0,0,4163.03,93.65,8366.32,7915.94,0,0
01:11:15:01:33:10,158.443,174.178,0,0.0694294,0,0,3.01315,7915.94,415739,11651.2,0,0,0,415739,0,0,4163.03,93.6667,8366.32,7915.94,0,0
01:11:15:01:33:11,158.157,173.32,0,0.0694294,0,0,3.01315,7915.94,415739,11651.2,0,0,0,415739,0,0,4163.03,93.6833,8366.32,7915.94,0,0
01:11:15:01:33:12,157.871,173.606,0,0.0694294,0,0,3.01315,7915.94,415739,11651.2,0,0,0,415739,0,0,4163.03,93.7,8366.32,7915.94,0,0
01:11:15:01:33:13,157.298,172.748,0,0.065424,0,0,3.01315,7915.94,415739,11651.2,0,0,0,415739,0,0,4163.03,93.7167,8366.32,7915.94,0,0
01:11:15:01:33:14,157.012,172.748,0,0.0694294,0,0,3.01315,7915.94,415739,11651.2,0,0,0,415739,0,0,4163.03,93.7333,8366.32,7915.94,0,0
01:11:15:01:33:15,156.154,172.176,0,0.0667572,0,0,3.01315,7915.94,415739,11651.2,0,0,0,415739,0,0,4163.03,93.75,8366.32,7915.94,0,0
01:11:15:01:33:16,156.154,172.176,0,0.0707626,0,0,3.01315,7915.94,415739,11651.2,0,0,0,415739,0,0,4163.03,93.7667,8366.32,7915.94,0,0
01:11:15:01:33:17,156.154,171.89,0,0.0707626,0,0,3.01315,7915.94,415739,11651.2,0,0,0,415739,0,0,4163.03,93.7833,8366.32,7915.94,0,0
01:11:15:01:33:18,155.582,171.603,0,0.0694294,0,0,3.01315,7915.94,415739,11651.2,0,0,0,415739,0,0,4163.03,93.8,8366.32,7915.94,0,0
01:11:15:01:33:19,154.723,171.89,0,0.0694294,0,0,3.01315,7915.94,415739,11651.2,0,0,0,415739,0,0,4163.03,93.8167,8366.32,7915.94,0,0
01:11:15:01:33:20,154.723,170.745,0,0.0694294,0,0,3.01315,7915.94,415739,11651.2,0,0,0,415739,0,0,4163.03,93.8333,8366.32,7915.94,0,0
01:11:15:01:33:21,154.151,169.887,0,0.0707626,0,0,3.01315,7915.94,415739,11651.2,0,0,0,415739,0,0,4163.03,93.85,8366.32,7915.94,0,0
01:11:15:01:33:22,154.151,170.173,0,0.0694294,0,0,3.01315,7915.94,415739,11651.2,0,0,0,415739,0,0,4163.03,93.8667,8366.32,7915.94,0,0
01:11:15:01:33:23,153.579,169.887,0,0.0707626,0,0,3.01315,7915.94,415739,11651.2,0,0,0,415739,0,0,4163.03,93.8833,8366.32,7915.94,0,0
01:11:15:01:33:24,153.579,169.315,0,0.0680924,0,0,3.01315,7915.94,415739,11651.2,0,0,0,415739,0,0,4163.03,93.9,8366.32,7915.94,0,0
01:11:15:01:33:25,153.293,169.029,0,0.0667572,0,0,3.01315,7915.94,415739,11651.2,0,0,0,415739,0,0,4163.03,93.9167,8366.32,7915.94,0,0
01:11:15:01:33:26,152.721,168.742,0,0.0694294,0,0,3.01315,7915.94,415739,11651.2,0,0,0,415739,0,0,4163.03,93.9333,8366.32,7915.94,0,0
01:11:15:01:33:27,152.721,167.884,0,0.0667572,0,0,3.01315,7915.94,415739,11651.2,0,0,0,415739,0,0,4163.03,93.95,8366.32,7915.94,0,0
01:11:15:01:33:28,152.149,168.456,0,0.0694294,0,0,3.01315,7915.94,415739,11651.2,0,0,0,415739,0,0,4163.03,93.9667,8366.32,7915.94,0,0
01:11:15:01:33:29,152.149,168.17,0,0.0694294,0,0,3.01315,7915.94,415739,11651.2,0,0,0,415739,0,0,4163.03,93.9833,8366.32,7915.94,0,0
01:11:15:01:33:30,151.576,167.598,0,0.0720997,0,0,3.01315,7915.94,415739,11651.2,0,0,0,415739,0,0,4163.03,94,8366.32,7915.94,0,0
01:11:15:01:33:31,151.862,166.74,0,0.0667572,0,0,3.01315,7915.94,415739,11651.2,0,0,0,415739,0,0,4163.03,94.0167,8366.32,7915.94,0,0
01:11:15:01:33:32,150.718,166.454,0,0.0680924,0,0,3.01315,7915.94,415739,11651.2,0,0,0,415739,0,0,4163.03,94.0333,8366.32,7915.94,0,0
01:11:15:01:33:33,151.004,166.454,0,0.0720997,0,0,3.01315,7915.94,415739,11651.2,0,0,0,415739,0,0,4163.03,94.05,8366.32,7915.94,0,0
01:11:15:01:33:34,150.146,165.595,0,0.0667572,0,0,3.01315,7915.94,415739,11651.2,0,0,0,415739,0,0,4163.03,94.0667,8366.32,7915.94,0,0
01:11:15:01:33:35,149.86,165.309,0,0.0627537,0,0,3.01315,7915.94,415739,11651.2,0,0,0,415739,0,0,4163.03,94.0833,8366.32,7915.94,0,0
01:11:15:01:33:36,149.574,164.737,0,0.065424,0,0,3.01315,7915.94,415739,11651.2,0,0,0,415739,0,0,4163.03,94.1,8366.32,7915.94,0,0
01:11:15:01:33:37,149.288,165.023,0,0.0640869,0,0,3.01315,7915.94,415739,11651.2,0,0,0,415739,0,0,4163.03,94.1167,8366.32,7915.94,0,0
01:11:15:01:33:38,149.001,164.165,0,0.0640869,0,0,3.01315,7915.94,415739,11651.2,0,0,0,415739,0,0,4163.03,94.1333,8366.32,7915.94,0,0
01:11:15:01:33:39,148.715,164.451,0,0.0614185,0,0,3.01315,7915.94,415739,11651.2,0,0,0,415739,0,0,4163.03,94.15,8366.32,7915.94,0,0
01:11:15:01:33:40,148.715,164.165,0,0.0640869,0,0,3.01315,7915.94,415739,11651.2,0,0,0,415739,0,0,4163.03,94.1667,8366.32,7915.94,0,0
01:11:15:01:33:41,147.571,163.593,0,0.0640869,0,0,3.01315,7915.94,415739,11651.2,0,0,0,415739,0,0,4163.03,94.1833,8366.32,7915.94,0,0
01:11:15:01:33:42,147.857,163.593,0,0.0640869,0,0,3.01315,7915.94,415739,11651.2,0,0,0,415739,0,0,4163.03,94.2,8366.32,7915.94,0,0
01:11:15:01:33:43,147.285,163.307,0,0.0680924,0,0,3.01315,7915.94,415739,11651.2,0,0,0,415739,0,0,4163.03,94.2167,8366.32,7915.94,0,0
01:11:15:01:33:44,147.285,162.734,0,0.0627537,0,0,3.01315,7915.94,415739,11651.2,0,0,0,415739,0,0,4163.03,94.2333,8366.32,7915.94,0,0
01:11:15:01:33:45,146.713,162.162,0,0.0627537,0,0,3.01315,7915.94,415739,11651.2,0,0,0,415739,0,0,4163.03,94.25,8366.32,7915.94,0,0
01:11:15:01:33:46,146.713,162.162,0,0.0614185,0,0,3.01315,7915.94,415739,11651.2,0,0,0,415739,0,0,4163.03,94.2667,8366.32,7915.94,0,0
01:11:15:01:33:47,146.14,161.59,0,0.065424,0,0,3.01315,7915.94,415739,11651.2,0,0,0,415739,0,0,4163.03,94.2833,8366.32,7915.94,0,0
01:11:15:01:33:48,145.854,161.304,0,0.0667572,0,0,3.01315,7915.94,415739,11651.2,0,0,0,415739,0,0,4163.03,94.3,8366.32,7915.94,0,0
01:11:15:01:33:49,145.854,161.59,0,0.0680924,0,0,3.01315,7915.94,415739,11651.2,0,0,0,415739,0,0,4163.03,94.3167,8366.32,7915.94,0,0
01:11:15:01:33:50,144.996,161.018,0,0.0694294,0,0,3.01315,7915.94,415739,11651.2,0,0,0,415739,0,0,4163.03,94.3333,8366.32,7915.94,0,0
01:11:15:01:33:51,145.282,160.732,0,0.0680924,0,0,3.01315,7915.94,415739,11651.2,0,0,0,415739,0,0,4163.03,94.35,8366.32,7915.94,0,0
01:11:15:01:33:52,144.424,160.446,0,0.0720997,0,0,3.01315,7915.94,415739,11651.2,0,0,0,415739,0,0,4163.03,94.3667,8366.32,7915.94,0,0
01:11:15:01:33:53,144.424,159.873,0,0.0694294,0,0,3.01315,7915.94,415739,11651.2,0,0,0,415739,0,0,4163.03,94.3833,8366.32,7915.94,0,0
01:11:15:01:33:54,144.138,159.873,0,0.0680924,0,0,3.01315,7915.94,415739,11651.2,0,0,0,415739,0,0,4163.03,94.4,8366.32,7915.94,0,0
01:11:15:01:33:55,144.138,159.301,0,0.0694294,0,0,3.01315,7915.94,415739,11651.2,0,0,0,415739,0,0,4163.03,94.4167,8366.32,7915.94,0,0
01:11:15:01:33:56,143.566,158.729,0,0.0680924,0,0,3.01315,7915.94,415739,11651.2,0,0,0,415739,0,0,4163.03,94.4333,8366.32,7915.94,0,0
01:11:15:01:33:57,142.993,159.301,0,0.0707626,0,0,3.01315,7915.94,415739,11651.2,0,0,0,415739,0,0,4163.03,94.45,8366.32,7915.94,0,0
01:11:15:01:33:58,142.707,159.301,0,0.0680924,0,0,3.01315,7915.94,415739,11651.2,0,0,0,415739,0,0,4163.03,94.4667,8366.32,7915.94,0,0
01:11:15:01:33:59,142.993,157.871,0,0.0680924,0,0,3.01315,7915.94,415739,11651.2,0,0,0,415739,0,0,4163.03,94.4833,8366.32,7915.94,0,0
01:11:15:01:34:00,142.421,158.157,0,0.0680924,0,0,3.01315,7915.94,415739,11651.2,0,0,0,415739,0,0,4163.03,94.5,8366.32,7915.94,0,0
01:11:15:01:34:01,142.135,157.871,0,0.0667572,0,0,3.01315,7915.94,415739,11651.2,0,0,0,415739,0,0,4163.03,94.5167,8366.32,7915.94,0,0
01:11:15:01:34:02,141.849,157.012,0,0.0707626,0,0,3.01315,7915.94,415739,11651.2,0,0,0,415739,0,0,4163.03,94.5333,8366.32,7915.94,0,0
01:11:15:01:34:03,142.135,157.584,0,0.0640869,0,0,3.01315,7915.94,415739,11651.2,0,0,0,415739,0,0,4163.03,94.55,8366.32,7915.94,0,0
01:11:15:01:34:04,140.991,156.726,0,0.0667572,0,0,3.01315,7915.94,415739,11651.2,0,0,0,415739,0,0,4163.03,94.5667,8366.32,7915.94,0,0
01:11:15:01:34:05,140.991,156.726,0,0.065424,0,0,3.01315,7915.94,415739,11651.2,0,0,0,415739,0,0,4163.03,94.5833,8366.32,7915.94,0,0
01:11:15:01:34:06,140.991,156.154,0,0.0640869,0,0,3.01315,7915.94,415739,11651.2,0,0,0,415739,0,0,4163.03,94.6,8366.32,7915.94,0,0
01:11:15:01:34:07,140.705,155.868,0,0.065424,0,0,3.01315,7915.94,415739,11651.2,0,0,0,415739,0,0,4163.03,94.6167,8366.32,7915.94,0,0
01:11:15:01:34:08,140.132,156.154,0,0.0667572,0,0,3.01315,7915.94,415739,11651.2,0,0,0,415739,0,0,4163.03,94.6333,8366.32,7915.94,0,0
01:11:15:01:34:09,140.132,155.868,0,0.0667572,0,0,3.01315,7915.94,415739,11651.2,0,0,0,415739,0,0,4163.03,94.65,8366.32,7915.94,0,0
01:11:15:01:34:10,140.132,156.154,0,0.0694294,0,0,3.01315,7915.94,415739,11651.2,0,0,0,415739,0,0,4163.03,94.6667,8366.32,7915.94,0,0
01:11:15:01:34:11,140.132,155.296,0,0.0640869,0,0,3.01315,7915.94,415739,11651.2,0,0,0,415739,0,0,4163.03,94.6833,8366.32,7915.94,0,0
01:11:15:01:34:12,139.846,155.01,0,0.0667572,0,0,3.01315,7915.94,415739,11651.2,0,0,0,415739,0,0,4163.03,94.7,8366.32,7915.94,0,0
01:11:15:01:34:13,138.988,155.01,0,0.0640869,0,0,3.01315,7915.94,415739,11651.2,0,0,0,415739,0,0,4163.03,94.7167,8366.32,7915.94,0,0
01:11:15:01:34:14,139.274,155.01,0,0.065424,0,0,3.01315,7915.94,415739,11651.2,0,0,0,415739,0,0,4163.03,94.7333,8366.32,7915.94,0,0
01:11:15:01:34:15,139.274,154.723,0,0.0667572,0,0,3.01315,7915.94,415739,11651.2,0,0,0,415739,0,0,4163.03,94.75,8366.32,7915.94,0,0
01:11:15:01:34:16,138.13,153.579,0,0.065424,0,0,3.01315,7915.94,415739,11651.2,0,0,0,415739,0,0,4163.03,94.7667,8366.32,7915.94,0,0
01:11:15:01:34:17,138.416,154.151,0,0.0640869,0,0,3.01315,7915.94,415739,11651.2,0,0,0,415739,0,0,4163.03,94.7833,8366.32,7915.94,0,0
01:11:15:01:34:18,138.416,153.865,0,0.0667572,0,0,3.01315,7915.94,415739,11651.2,0,0,0,415739,0,0,4163.03,94.8,8366.32,7915.94,0,0
01:11:15:01:34:19,137.271,153.865,0,0.065424,0,0,3.01315,7915.94,415739,11651.2,0,0,0,415739,0,0,4163.03,94.8167,8366.32,7915.94,0,0
01:11:15:01:34:20,137.557,153.293,0,0.0640869,0,0,3.01315,7915.94,415739,11651.2,0,0,0,415739,0,0,4163.03,94.8333,8366.32,7915.94,0,0
01:11:15:01:34:21,137.271,153.007,0,0.0614185,0,0,3.01315,7915.94,415739,11651.2,0,0,0,415739,0,0,4163.03,94.85,8366.32,7915.94,0,0
01:11:15:01:34:22,136.985,152.721,0,0.065424,0,0,3.01315,7915.94,415739,11651.2,0,0,0,415739,0,0,4163.03,94.8667,8366.32,7915.94,0,0
01:11:15:01:34:23,136.699,152.435,0,0.0694294,0,0,3.01315,7915.94,415739,11651.2,0,0,0,415739,0,0,4163.03,94.8833,8366.32,7915.94,0,0
01:11:15:01:34:24,136.699,152.435,0,0.065424,0,0,3.01315,7915.94,415739,11651.2,0,0,0,415739,0,0,4163.03,94.9,8366.32,7915.94,0,0
01:11:15:01:34:25,136.985,152.149,0,0.0667572,0,0,3.01315,7915.94,415739,11651.2,0,0,0,415739,0,0,4163.03,94.9167,8366.32,7915.94,0,0
01:11:15:01:34:26,136.413,152.435,0,0.0680924,0,0,3.01315,7915.94,415739,11651.2,0,0,0,415739,0,0,4163.03,94.9333,8366.32,7915.94,0,0
01:11:15:01:34:27,135.269,151.576,0,0.0694294,0,0,3.01315,7915.94,415739,11651.2,0,0,0,415739,0,0,4163.03,94.95,8366.32,7915.94,0,0
01:11:15:01:34:28,136.127,151.29,0,0.0707626,0,0,3.01315,7915.94,415739,11651.2,0,0,0,415739,0,0,4163.03,94.9667,8366.32,7915.94,0,0
01:11:15:01:34:29,134.982,151.29,0,0.0667572,0,0,3.01315,7915.94,415739,11651.2,0,0,0,415739,0,0,4163.03,94.9833,8366.32,7915.94,0,0
01:11:15:01:34:30,134.696,150.718,0,0.065424,0,0,3.01315,7915.94,415739,11651.2,0,0,0,415739,0,0,4163.03,95,8366.32,7915.94,0,0
01:11:15:01:34:31,135.269,150.718,0,0.065424,0,0,3.01315,7915.94,415739,11651.2,0,0,0,415739,0,0,4163.03,95.0167,8366.32,7915.94,0,0
01:11:15:01:34:32,134.41,150.718,0,0.0667572,0,0,3.01315,7915.94,415739,11651.2,0,0,0,415739,0,0,4163.03,95.0333,8366.32,7915.94,0,0
01:11:15:01:34:33,134.124,150.146,0,0.0680924,0,0,3.01315,7915.94,415739,11651.2,0,0,0,415739,0,0,4163.03,95.05,8366.32,7915.94,0,0
01:11:15:01:34:34,133.838,150.146,0,0.0667572,0,0,3.01315,7915.94,415739,11651.2,0,0,0,415739,0,0,4163.03,95.0667,8366.32,7915.94,0,0
01:11:15:01:34:35,134.41,149.86,0,0.0680924,0,0,3.01315,7915.94,415739,11651.2,0,0,0,415739,0,0,4163.03,95.0833,8366.32,7915.94,0,0
01:11:15:01:34:36,134.124,149.574,0,0.0680924,0,0,3.01315,7915.94,415739,11651.2,0,0,0,415739,0,0,4163.03,95.1,8366.32,7915.94,0,0
01:11:15:01:34:37,133.266,149.001,0,0.065424,0,0,3.01315,7915.94,415739,11651.2,0,0,0,415739,0,0,4163.03,95.1167,8366.32,7915.94,0,0
01:11:15:01:34:38,133.552,149.001,0,0.0694294,0,0,3.01315,7915.94,415739,11651.2,0,0,0,415739,0,0,4163.03,95.1333,8366.32,7915.94,0,0
01:11:15:01:34:39,133.266,149.001,0,0.0694294,0,0,3.01315,7915.94,415739,11651.2,0,0,0,415739,0,0,4163.03,95.15,8366.32,7915.94,0,0
01:11:15:01:34:40,133.266,149.001,0,0.0680924,0,0,3.01315,7915.94,415739,11651.2,0,0,0,415739,0,0,4163.03,95.1667,8366.32,7915.94,0,0
01:11:15:01:34:41,132.98,148.429,0,0.0707626,0,0,3.01315,7915.94,415739,11651.2,0,0,0,415739,0,0,4163.03,95.1833,8366.32,7915.94,0,0
01:11:15:01:34:42,132.408,148.715,0,0.0680924,0,0,3.01315,7915.94,415739,11651.2,0,0,0,415739,0,0,4163.03,95.2,8366.32,7915.94,0,0
01:11:15:01:34:43,132.408,148.143,0,0.0694294,0,0,3.01315,7915.94,415739,11651.2,0,0,0,415739,0,0,4163.03,95.2167,8366.32,7915.94,0,0
01:11:15:01:34:44,131.549,148.143,0,0.0680924,0,0,3.01315,7915.94,415739,11651.2,0,0,0,415739,0,0,4163.03,95.2333,8366.32,7915.94,0,0
01:11:15:01:34:45,132.121,147.571,0,0.065424,0,0,3.01315,7915.94,415739,11651.2,0,0,0,415739,0,0,4163.03,95.25,8366.32,7915.94,0,0
01:11:15:01:34:46,132.408,147.857,0,0.0694294,0,0,3.01315,7915.94,415739,11651.2,0,0,0,415739,0,0,4163.03,95.2667,8366.32,7915.94,0,0
01:11:15:01:34:47,131.263,147.571,0,0.0680924,0,0,3.01315,7915.94,415739,11651.2,0,0,0,415739,0,0,4163.03,95.2833,8366.32,7915.94,0,0
01:11:15:01:34:48,131.549,147.571,0,0.0680924,0,0,3.01315,7915.94,415739,11651.2,0,0,0,415739,0,0,4163.03,95.3,8366.32,7915.94,0,0
01:11:15:01:34:49,131.263,147.571,0,0.0680924,0,0,3.01315,7915.94,415739,11651.2,0,0,0,415739,0,0,4163.03,95.3167,8366.32,7915.94,0,0
01:11:15:01:34:50,131.549,146.713,0,0.065424,0,0,3.01315,7915.94,415739,11651.2,0,0,0,415739,0,0,4163.03,95.3333,8366.32,7915.94,0,0
01:11:15:01:34:51,130.977,145.854,0,0.0640869,0,0,3.01315,7915.94,415739,11651.2,0,0,0,415739,0,0,4163.03,95.35,8366.32,7915.94,0,0
01:11:15:01:34:52,131.263,146.427,0,0.0667572,0,0,3.01315,7915.94,415739,11651.2,0,0,0,415739,0,0,4163.03,95.3667,8366.32,7915.94,0,0
01:11:15:01:34:53,130.119,145.854,0,0.0667572,0,0,3.01315,7915.94,415739,11651.2,0,0,0,415739,0,0,4163.03,95.3833,8366.32,7915.94,0,0
01:11:15:01:34:54,130.405,145.854,0,0.0694294,0,0,3.01315,7915.94,415739,11651.2,0,0,0,415739,0,0,4163.03,95.4,8366.32,7915.94,0,0
01:11:15:01:34:55,129.833,145.568,0,0.0707626,0,0,3.01315,7915.94,415739,11651.2,0,0,0,415739,0,0,4163.03,95.4167,8366.32,7915.94,0,0
01:11:15:01:34:56,130.119,144.996,0,0.0680924,0,0,3.01315,7915.94,415739,11651.2,0,0,0,415739,0,0,4163.03,95.4333,8366.32,7915.94,0,0
01:11:15:01:34:57,129.547,145.282,0,0.0694294,0,0,3.01315,7915.94,415739,11651.2,0,0,0,415739,0,0,4163.03,95.45,8366.32,7915.94,0,0
01:11:15:01:34:58,129.833,144.424,0,0.0680924,0,0,3.01315,7915.94,415739,11651.2,0,0,0,415739,0,0,4163.03,95.4667,8366.32,7915.94,0,0
01:11:15:01:34:59,129.26,144.138,0,0.0680924,0,0,3.01315,7915.94,415739,11651.2,0,0,0,415739,0,0,4163.03,95.4833,8366.32,7915.94,0,0
01:11:15:01:35:00,129.26,144.424,0,0.0707626,0,0,3.01315,7915.94,415739,11651.2,0,0,0,415739,0,0,4163.03,95.5,8366.32,7915.94,0,0
01:11:15:01:35:01,129.26,144.138,0,0.0667572,0,0,3.01315,7915.94,415739,11651.2,0,0,0,415739,0,0,4163.03,95.5167,8366.32,7915.94,0,0
01:11:15:01:35:02,129.26,144.138,0,0.0680924,0,0,3.01315,7915.94,415739,11651.2,0,0,0,415739,0,0,4163.03,95.5333,8366.32,7915.94,0,0
01:11:15:01:35:03,128.402,144.424,0,0.0707626,0,0,3.01315,7915.94,415739,11651.2,0,0,0,415739,0,0,4163.03,95.55,8366.32,7915.94,0,0
01:11:15:01:35:04,128.402,144.138,0,0.0667572,0,0,3.01315,7915.94,415739,11651.2,0,0,0,415739,0,0,4163.03,95.5667,8366.32,7915.94,0,0
01:11:15:01:35:05,128.402,143.279,0,0.0707626,0,0,3.01315,7915.94,415739,11651.2,0,0,0,415739,0,0,4163.03,95.5833,8366.32,7915.94,0,0
01:11:15:01:35:06,128.116,143.279,0,0.0707626,0,0,3.01315,7915.94,415739,11651.2,0,0,0,415739,0,0,4163.03,95.6,8366.32,7915.94,0,0
01:11:15:01:35:07,127.544,143.279,0,0.0747681,0,0,3.01315,7915.94,415739,11651.2,0,0,0,415739,0,0,4163.03,95.6167,8366.32,7915.94,0,0
01:11:15:01:35:08,127.544,143.279,0,0.0720997,0,0,3.01315,7915.94,415739,11651.2,0,0,0,415739,0,0,4163.03,95.6333,8366.32,7915.94,0,0
01:11:15:01:35:09,127.258,142.707,0,0.0720997,0,0,3.01315,7915.94,415739,11651.2,0,0,0,415739,0,0,4163.03,95.65,8366.32,7915.94,0,0
01:11:15:01:35:10,127.258,142.707,0,0.0734348,0,0,3.01315,7915.94,415739,11651.2,0,0,0,415739,0,0,4163.03,95.6667,8366.32,7915.94,0,0
01:11:15:01:35:11,127.258,142.707,0,0.0720997,0,0,3.01315,7915.94,415739,11651.2,0,0,0,415739,0,0,4163.03,95.6833,8366.32,7915.94,0,0
01:11:15:01:35:12,126.399,142.135,0,0.0694294,0,0,3.01315,7915.94,415739,11651.2,0,0,0,415739,0,0,4163.03,95.7,8366.32,7915.94,0,0
01:11:15:01:35:13,126.686,142.421,0,0.0720997,0,0,3.01315,7915.94,415739,11651.2,0,0,0,415739,0,0,4163.03,95.7167,8366.32,7915.94,0,0
01:11:15:01:35:14,126.113,142.421,0,0.0694294,0,0,3.01315,7915.94,415739,11651.2,0,0,0,415739,0,0,4163.03,95.7333,8366.32,7915.94,0,0
01:11:15:01:35:15,126.399,141.277,0,0.0694294,0,0,3.01315,7915.94,415739,11651.2,0,0,0,415739,0,0,4163.03,95.75,8366.32,7915.94,0,0
01:11:15:01:35:16,126.686,141.277,0,0.0694294,0,0,3.01315,7915.94,415739,11651.2,0,0,0,415739,0,0,4163.03,95.7667,8366.32,7915.94,0,0
01:11:15:01:35:17,126.399,141.277,0,0.0680924,0,0,3.01315,7915.94,415739,11651.2,0,0,0,415739,0,0,4163.03,95.7833,8366.32,7915.94,0,0
01:11:15:01:35:18,126.113,141.277,0,0.0720997,0,0,3.01315,7915.94,415739,11651.2,0,0,0,415739,0,0,4163.03,95.8,8366.32,7915.94,0,0
01:11:15:01:35:19,126.113,140.705,0,0.0734348,0,0,3.01315,7915.94,415739,11651.2,0,0,0,415739,0,0,4163.03,95.8167,8366.32,7915.94,0,0
01:11:15:01:35:20,125.541,140.705,0,0.0720997,0,0,3.01315,7915.94,415739,11651.2,0,0,0,415739,0,0,4163.03,95.8333,8366.32,7915.94,0,0
01:11:15:01:35:21,125.541,140.705,0,0.0694294,0,0,3.01315,7915.94,415739,11651.2,0,0,0,415739,0,0,4163.03,95.85,8366.32,7915.94,0,0
01:11:15:01:35:22,124.969,140.418,0,0.0694294,0,0,3.01315,7915.94,415739,11651.2,0,0,0,415739,0,0,4163.03,95.8667,8366.32,7915.94,0,0
01:11:15:01:35:23,124.969,140.132,0,0.0640869,0,0,3.01315,7915.94,415739,11651.2,0,0,0,415739,0,0,4163.03,95.8833,8366.32,7915.94,0,0
01:11:15:01:35:24,124.969,140.418,0,0.065424,0,0,3.01315,7915.94,415739,11651.2,0,0,0,415739,0,0,4163.03,95.9,8366.32,7915.94,0,0
01:11:15:01:35:25,124.969,140.418,0,0.0640869,0,0,3.01315,7915.94,415739,11651.2,0,0,0,415739,0,0,4163.03,95.9167,8366.32,7915.94,0,0
01:11:15:01:35:26,124.683,140.132,0,0.0667572,0,0,3.01315,7915.94,415739,11651.2,0,0,0,415739,0,0,4163.03,95.9333,8366.32,7915.94,0,0
01:11:15:01:35:27,123.825,139.846,0,0.065424,0,0,3.01315,7915.94,415739,11651.2,0,0,0,415739,0,0,4163.03,95.95,8366.32,7915.94,0,0
01:11:15:01:35:28,123.538,139.274,0,0.0614185,0,0,3.01315,7915.94,415739,11651.2,0,0,0,415739,0,0,4163.03,95.9667,8366.32,7915.94,0,0
01:11:15:01:35:29,123.825,139.274,0,0.0627537,0,0,3.01315,7915.94,415739,11651.2,0,0,0,415739,0,0,4163.03,95.9833,8366.32,7915.94,0,0
01:11:15:01:35:30,124.111,138.702,0,0.0640869,0,0,3.01315,7915.94,415739,11651.2,0,0,0,415739,0,0,4163.03,96,8366.32,7915.94,0,0
01:11:15:01:35:31,123.538,138.988,0,0.0627537,0,0,3.01315,7915.94,415739,11651.2,0,0,0,415739,0,0,4163.03,96.0167,8366.32,7915.94,0,0
01:11:15:01:35:32,122.966,138.988,0,0.065424,0,0,3.01315,7915.94,415739,11651.2,0,0,0,415739,0,0,4163.03,96.0333,8366.32,7915.94,0,0
01:11:15:01:35:33,123.538,138.416,0,0.065424,0,0,3.01315,7915.94,415739,11651.2,0,0,0,415739,0,0,4163.03,96.05,8366.32,7915.94,0,0
01:11:15:01:35:34,122.966,137.844,0,0.065424,0,0,3.01315,7915.94,415739,11651.2,0,0,0,415739,0,0,4163.03,96.0667,8366.32,7915.94,0,0
01:11:15:01:35:35,123.252,138.416,0,0.065424,0,0,3.01315,7915.94,415739,11651.2,0,0,0,415739,0,0,4163.03,96.0833,8366.32,7915.94,0,0
01:11:15:01:35:36,122.68,138.13,0,0.0640869,0,0,3.01315,7915.94,415739,11651.2,0,0,0,415739,0,0,4163.03,96.1,8366.32,7915.94,0,0
01:11:15:01:35:37,122.108,137.844,0,0.0640869,0,0,3.01315,7915.94,415739,11651.2,0,0,0,415739,0,0,4163.03,96.1167,8366.32,7915.94,0,0
01:11:15:01:35:38,122.68,138.13,0,0.0627537,0,0,3.01315,7915.94,415739,11651.2,0,0,0,415739,0,0,4163.03,96.1333,8366.32,7915.94,0,0
01:11:15:01:35:39,122.108,137.557,0,0.0640869,0,0,3.01315,7915.94,415739,11651.2,0,0,0,415739,0,0,4163.03,96.15,8366.32,7915.94,0,0
01:11:15:01:35:40,122.108,137.271,0,0.0627537,0,0,3.01315,7915.94,415739,11651.2,0,0,0,415739,0,0,4163.03,96.1667,8366.32,7915.94,0,0
01:11:15:01:35:41,121.536,137.844,0,0.0640869,0,0,3.01315,7915.94,415739,11651.2,0,0,0,415739,0,0,4163.03,96.1833,8366.32,7915.94,0,0
01:11:15:01:35:42,121.822,136.699,0,0.0667572,0,0,3.01315,7915.94,415739,11651.2,0,0,0,415739,0,0,4163.03,96.2,8366.32,7915.94,0,0
01:11:15:01:35:43,121.822,136.985,0,0.0640869,0,0,3.01315,7915.94,415739,11651.2,0,0,0,415739,0,0,4163.03,96.2167,8366.32,7915.94,0,0
01:11:15:01:35:44,121.536,136.699,0,0.0640869,0,0,3.01315,7915.94,415739,11651.2,0,0,0,415739,0,0,4163.03,96.2333,8366.32,7915.94,0,0
01:11:15:01:35:45,121.536,136.985,0,0.0667572,0,0,3.01315,7915.94,415739,11651.2,0,0,0,415739,0,0,4163.03,96.25,8366.32,7915.94,0,0
01:11:15:01:35:46,120.964,136.985,0,0.0627537,0,0,3.01315,7915.94,415739,11651.2,0,0,0,415739,0,0,4163.03,96.2667,8366.32,7915.94,0,0
01:11:15:01:35:47,121.25,135.841,0,0.0627537,0,0,3.01315,7915.94,415739,11651.2,0,0,0,415739,0,0,4163.03,96.2833,8366.32,7915.94,0,0
01:11:15:01:35:48,121.25,135.841,0,0.0614185,0,0,3.01315,7915.94,415739,11651.2,0,0,0,415739,0,0,4163.03,96.3,8366.32,7915.94,0,0
01:11:15:01:35:49,120.964,135.841,0,0.0614185,0,0,3.01315,7915.94,415739,11651.2,0,0,0,415739,0,0,4163.03,96.3167,8366.32,7915.94,0,0
01:11:15:01:35:50,120.964,135.841,0,0.0667572,0,0,3.01315,7915.94,415739,11651.2,0,0,0,415739,0,0,4163.03,96.3333,8366.32,7915.94,0,0
01:11:15:01:35:51,120.105,135.841,0,0.0680924,0,0,3.01315,7915.94,415739,11651.2,0,0,0,415739,0,0,4163.03,96.35,8366.32,7915.94,0,0
01:11:15:01:35:52,119.819,135.269,0,0.0614185,0,0,3.01315,7915.94,415739,11651.2,0,0,0,415739,0,0,4163.03,96.3667,8366.32,7915.94,0,0
01:11:15:01:35:53,120.105,135.555,0,0.065424,0,0,3.01315,7915.94,415739,11651.2,0,0,0,415739,0,0,4163.03,96.3833,8366.32,7915.94,0,0
01:11:15:01:35:54,119.247,135.841,0,0.0640869,0,0,3.01315,7915.94,415739,11651.2,0,0,0,415739,0,0,4163.03,96.4,8366.32,7915.94,0,0
01:11:15:01:35:55,119.819,134.982,0,0.0667572,0,0,3.01315,7915.94,415739,11651.2,0,0,0,415739,0,0,4163.03,96.4167,8366.32,7915.94,0,0
01:11:15:01:35:56,119.819,135.269,0,0.0667572,0,0,3.01315,7915.94,415739,11651.2,0,0,0,415739,0,0,4163.03,96.4333,8366.32,7915.94,0,0
01:11:15:01:35:57,119.247,134.982,0,0.0680924,0,0,3.01315,7915.94,415739,11651.2,0,0,0,415739,0,0,4163.03,96.45,8366.32,7915.94,0,0
01:11:15:01:35:58,119.247,134.124,0,0.0667572,0,0,3.01315,7915.94,415739,11651.2,0,0,0,415739,0,0,4163.03,96.4667,8366.32,7915.94,0,0
01:11:15:01:35:59,118.961,134.696,0,0.0667572,0,0,3.01315,7915.94,415739,11651.2,0,0,0,415739,0,0,4163.03,96.4833,8366.32,7915.94,0,0
01:11:15:01:36:00,118.961,134.124,0,0.065424,0,0,3.01315,7915.94,415739,11651.2,0,0,0,415739,0,0,4163.03,96.5,8366.32,7915.94,0,0
01:11:15:01:36:01,118.103,134.124,0,0.065424,0,0,3.01315,7915.94,415739,11651.2,0,0,0,415739,0,0,4163.03,96.5167,8366.32,7915.94,0,0
01:11:15:01:36:02,118.961,134.124,0,0.065424,0,0,3.01315,7915.94,415739,11651.2,0,0,0,415739,0,0,4163.03,96.5333,8366.32,7915.94,0,0
01:11:15:01:36:03,118.675,133.552,0,0.0680924,0,0,3.01315,7915.94,415739,11651.2,0,0,0,415739,0,0,4163.03,96.55,8366.32,7915.94,0,0
01:11:15:01:36:04,118.675,133.838,0,0.0667572,0,0,3.01315,7915.94,415739,11651.2,0,0,0,415739,0,0,4163.03,96.5667,8366.32,7915.94,0,0
01:11:15:01:36:05,117.816,133.552,0,0.0667572,0,0,3.01315,7915.94,415739,11651.2,0,0,0,415739,0,0,4163.03,96.5833,8366.32,7915.94,0,0
01:11:15:01:36:06,118.103,133.838,0,0.065424,0,0,3.01315,7915.94,415739,11651.2,0,0,0,415739,0,0,4163.03,96.6,8366.32,7915.94,0,0
01:11:15:01:36:07,118.103,133.552,0,0.065424,0,0,3.01315,7915.94,415739,11651.2,0,0,0,415739,0,0,4163.03,96.6167,8366.32,7915.94,0,0
01:11:15:01:36:08,117.816,133.838,0,0.0640869,0,0,3.01315,7915.94,415739,11651.2,0,0,0,415739,0,0,4163.03,96.6333,8366.32,7915.94,0,0
01:11:15:01:36:09,117.53,132.98,0,0.0640869,0,0,3.01315,7915.94,415739,11651.2,0,0,0,415739,0,0,4163.03,96.65,8366.32,7915.94,0,0
01:11:15:01:36:10,117.816,132.694,0,0.065424,0,0,3.01315,7915.94,415739,11651.2,0,0,0,415739,0,0,4163.03,96.6667,8366.32,7915.94,0,0
01:11:15:01:36:11,117.244,132.98,0,0.0680924,0,0,3.01315,7915.94,415739,11651.2,0,0,0,415739,0,0,4163.03,96.6833,8366.32,7915.94,0,0
01:11:15:01:36:12,117.244,132.408,0,0.0640869,0,0,3.01315,7915.94,415739,11651.2,0,0,0,415739,0,0,4163.03,96.7,8366.32,7915.94,0,0
01:11:15:01:36:13,117.53,132.408,0,0.0627537,0,0,3.01315,7915.94,415739,11651.2,0,0,0,415739,0,0,4163.03,96.7167,8366.32,7915.94,0,0
01:11:15:01:36:14,116.958,132.408,0,0.065424,0,0,3.01315,7915.94,415739,11651.2,0,0,0,415739,0,0,4163.03,96.7333,8366.32,7915.94,0,0
01:11:15:01:36:15,116.386,132.121,0,0.0614185,0,0,3.01315,7915.94,415739,11651.2,0,0,0,415739,0,0,4163.03,96.75,8366.32,7915.94,0,0
01:11:15:01:36:16,116.386,131.835,0,0.0680924,0,0,3.01315,7915.94,415739,11651.2,0,0,0,415739,0,0,4163.03,96.7667,8366.32,7915.94,0,0
01:11:15:01:36:17,116.1,132.121,0,0.0667572,0,0,3.01315,7915.94,415739,11651.2,0,0,0,415739,0,0,4163.03,96.7833,8366.32,7915.94,0,0
01:11:15:01:36:18,116.672,132.408,0,0.0694294,0,0,3.01315,7915.94,415739,11651.2,0,0,0,415739,0,0,4163.03,96.8,8366.32,7915.94,0,0
01:11:15:01:36:19,116.672,131.835,0,0.0680924,0,0,3.01315,7915.94,415739,11651.2,0,0,0,415739,0,0,4163.03,96.8167,8366.32,7915.94,0,0
01:11:15:01:36:20,116.1,131.835,0,0.0680924,0,0,3.01315,7915.94,415739,11651.2,0,0,0,415739,0,0,4163.03,96.8333,8366.32,7915.94,0,0
01:11:15:01:36:21,115.814,131.549,0,0.0667572,0,0,3.01315,7915.94,415739,11651.2,0,0,0,415739,0,0,4163.03,96.85,8366.32,7915.94,0,0
01:11:15:01:36:22,115.814,131.549,0,0.0680924,0,0,3.01315,7915.94,415739,11651.2,0,0,0,415739,0,0,4163.03,96.8667,8366.32,7915.94,0,0
01:11:15:01:36:23,116.1,131.549,0,0.0667572,0,0,3.01315,7915.94,415739,11651.2,0,0,0,415739,0,0,4163.03,96.8833,8366.32,7915.94,0,0
01:11:15:01:36:24,115.242,130.405,0,0.0667572,0,0,3.01315,7915.94,415739,11651.2,0,0,0,415739,0,0,4163.03,96.9,8366.32,7915.94,0,0
01:11:15:01:36:25,115.528,130.691,0,0.0667572,0,0,3.01315,7915.94,415739,11651.2,0,0,0,415739,0,0,4163.03,96.9167,8366.32,7915.94,0,0
01:11:15:01:36:26,115.242,130.977,0,0.065424,0,0,3.01315,7915.94,415739,11651.2,0,0,0,415739,0,0,4163.03,96.9333,8366.32,7915.94,0,0
01:11:15:01:36:27,114.669,130.405,0,0.0667572,0,0,3.01315,7915.94,415739,11651.2,0,0,0,415739,0,0,4163.03,96.95,8366.32,7915.94,0,0
01:11:15:01:36:28,114.955,129.547,0,0.0667572,0,0,3.01315,7915.94,415739,11651.2,0,0,0,415739,0,0,4163.03,96.9667,8366.32,7915.94,0,0
01:11:15:01:36:29,114.955,130.691,0,0.0640869,0,0,3.01315,7915.94,415739,11651.2,0,0,0,415739,0,0,4163.03,96.9833,8366.32,7915.94,0,0
01:11:15:01:36:30,114.097,130.691,0,0.0694294,0,0,3.01315,7915.94,415739,11651.2,0,0,0,415739,0,0,4163.03,97,8366.32,7915.94,0,0
01:11:15:01:36:31,114.383,129.547,0,0.0694294,0,0,3.01315,7915.94,415739,11651.2,0,0,0,415739,0,0,4163.03,97.0167,8366.32,7915.94,0,0
01:11:15:01:36:32,114.097,130.119,0,0.0694294,0,0,3.01315,7915.94,415739,11651.2,0,0,0,415739,0,0,4163.03,97.0333,8366.32,7915.94,0,0
01:11:15:01:36:33,114.097,130.119,0,0.0667572,0,0,3.01315,7915.94,415739,11651.2,0,0,0,415739,0,0,4163.03,97.05,8366.32,7915.94,0,0
01:11:15:01:36:34,114.097,129.547,0,0.0694294,0,0,3.01315,7915.94,415739,11651.2,0,0,0,415739,0,0,4163.03,97.0667,8366.32,7915.94,0,0
01:11:15:01:36:35,113.525,128.688,0,0.0694294,0,0,3.01315,7915.94,415739,11651.2,0,0,0,415739,0,0,4163.03,97.0833,8366.32,7915.94,0,0
01:11:15:01:36:36,113.525,128.974,0,0.0680924,0,0,3.01315,7915.94,415739,11651.2,0,0,0,415739,0,0,4163.03,97.1,8366.32,7915.94,0,0
01:11:15:01:36:37,113.811,128.974,0,0.0667572,0,0,3.01315,7915.94,415739,11651.2,0,0,0,415739,0,0,4163.03,97.1167,8366.32,7915.94,0,0
01:11:15:01:36:38,112.953,128.974,0,0.065424,0,0,3.01315,7915.94,415739,11651.2,0,0,0,415739,0,0,4163.03,97.1333,8366.32,7915.94,0,0
01:11:15:01:36:39,112.667,128.688,0,0.065424,0,0,3.01315,7915.94,415739,11651.2,0,0,0,415739,0,0,4163.03,97.15,8366.32,7915.94,0,0
01:11:15:01:36:40,113.239,129.26,0,0.0680924,0,0,3.01315,7915.94,415739,11651.2,0,0,0,415739,0,0,4163.03,97.1667,8366.32,7915.94,0,0
01:11:15:01:36:41,112.381,127.544,0,0.0667572,0,0,3.01315,7915.94,415739,11651.2,0,0,0,415739,0,0,4163.03,97.1833,8366.32,7915.94,0,0
01:11:15:01:36:42,112.667,128.974,0,0.0667572,0,0,3.01315,7915.94,415739,11651.2,0,0,0,415739,0,0,4163.03,97.2,8366.32,7915.94,0,0
01:11:15:01:36:43,113.239,128.116,0,0.0667572,0,0,3.01315,7915.94,415739,11651.2,0,0,0,415739,0,0,4163.03,97.2167,8366.32,7915.94,0,0
01:11:15:01:36:44,112.381,127.83,0,0.0667572,0,0,3.01315,7915.94,415739,11651.2,0,0,0,415739,0,0,4163.03,97.2333,8366.32,7915.94,0,0
01:11:15:01:36:45,112.094,127.544,0,0.0694294,0,0,3.01315,7915.94,415739,11651.2,0,0,0,415739,0,0,4163.03,97.25,8366.32,7915.94,0,0
01:11:15:01:36:46,111.808,127.83,0,0.0680924,0,0,3.01315,7915.94,415739,11651.2,0,0,0,415739,0,0,4163.03,97.2667,8366.32,7915.94,0,0
01:11:15:01:36:47,112.094,127.544,0,0.0680924,0,0,3.01315,7915.94,415739,11651.2,0,0,0,415739,0,0,4163.03,97.2833,8366.32,7915.94,0,0
01:11:15:01:36:48,111.808,127.258,0,0.0667572,0,0,3.01315,7915.94,415739,11651.2,0,0,0,415739,0,0,4163.03,97.3,8366.32,7915.94,0,0
01:11:15:01:36:49,111.808,126.972,0,0.0694294,0,0,3.01315,7915.94,415739,11651.2,0,0,0,415739,0,0,4163.03,97.3167,8366.32,7915.94,0,0
01:11:15:01:36:50,111.808,126.686,0,0.0680924,0,0,3.01315,7915.94,415739,11651.2,0,0,0,415739,0,0,4163.03,97.3333,8366.32,7915.94,0,0
01:11:15:01:36:51,111.236,126.686,0,0.0667572,0,0,3.01315,7915.94,415739,11651.2,0,0,0,415739,0,0,4163.03,97.35,8366.32,7915.94,0,0
01:11:15:01:36:52,111.236,126.686,0,0.0667572,0,0,3.01315,7915.94,415739,11651.2,0,0,0,415739,0,0,4163.03,97.3667,8366.32,7915.94,0,0
01:11:15:01:36:53,111.236,126.399,0,0.0680924,0,0,3.01315,7915.94,415739,11651.2,0,0,0,415739,0,0,4163.03,97.3833,8366.32,7915.94,0,0
01:11:15:01:36:54,111.236,126.399,0,0.0680924,0,0,3.01315,7915.94,415739,11651.2,0,0,0,415739,0,0,4163.03,97.4,8366.32,7915.94,0,0
01:11:15:01:36:55,111.236,126.113,0,0.065424,0,0,3.01315,7915.94,415739,11651.2,0,0,0,415739,0,0,4163.03,97.4167,8366.32,7915.94,0,0
01:11:15:01:36:56,110.378,126.399,0,0.0694294,0,0,3.01315,7915.94,415739,11651.2,0,0,0,415739,0,0,4163.03,97.4333,8366.32,7915.94,0,0
01:11:15:01:36:57,110.95,126.113,0,0.0640869,0,0,3.01315,7915.94,415739,11651.2,0,0,0,415739,0,0,4163.03,97.45,8366.32,7915.94,0,0
01:11:15:01:36:58,110.378,125.827,0,0.0614185,0,0,3.01315,7915.94,415739,11651.2,0,0,0,415739,0,0,4163.03,97.4667,8366.32,7915.94,0,0
01:11:15:01:36:59,110.378,125.827,0,0.065424,0,0,3.01315,7915.94,415739,11651.2,0,0,0,415739,0,0,4163.03,97.4833,8366.32,7915.94,0,0
01:11:15:01:37:00,110.378,125.827,0,0.0640869,0,0,3.01315,7915.94,415739,11651.2,0,0,0,415739,0,0,4163.03,97.5,8366.32,7915.94,0,0
01:11:15:01:37:01,110.378,125.255,0,0.0640869,0,0,3.01315,7915.94,415739,11651.2,0,0,0,415739,0,0,4163.03,97.5167,8366.32,7915.94,0,0
01:11:15:01:37:02,110.092,125.541,0,0.0667572,0,0,3.01315,7915.94,415739,11651.2,0,0,0,415739,0,0,4163.03,97.5333,8366.32,7915.94,0,0
01:11:15:01:37:03,109.806,125.255,0,0.0640869,0,0,3.01315,7915.94,415739,11651.2,0,0,0,415739,0,0,4163.03,97.55,8366.32,7915.94,0,0
01:11:15:01:37:04,109.519,124.683,0,0.0640869,0,0,3.01315,7915.94,415739,11651.2,0,0,0,415739,0,0,4163.03,97.5667,8366.32,7915.94,0,0
01:11:15:01:37:05,108.947,124.683,0,0.0640869,0,0,3.01315,7915.94,415739,11651.2,0,0,0,415739,0,0,4163.03,97.5833,8366.32,7915.94,0,0
01:11:15:01:37:06,109.233,124.969,0,0.0694294,0,0,3.01315,7915.94,415739,11651.2,0,0,0,415739,0,0,4163.03,97.6,8366.32,7915.94,0,0
01:11:15:01:37:07,109.233,124.683,0,0.0680924,0,0,3.01315,7915.94,415739,11651.2,0,0,0,415739,0,0,4163.03,97.6167,8366.32,7915.94,0,0
01:11:15:01:37:08,108.661,124.111,0,0.0627537,0,0,3.01315,7915.94,415739,11651.2,0,0,0,415739,0,0,4163.03,97.6333,8366.32,7915.94,0,0
01:11:15:01:37:09,108.661,124.969,0,0.0640869,0,0,3.01315,7915.94,415739,11651.2,0,0,0,415739,0,0,4163.03,97.65,8366.32,7915.94,0,0
01:11:15:01:37:10,108.661,123.825,0,0.065424,0,0,3.01315,7915.94,415739,11651.2,0,0,0,415739,0,0,4163.03,97.6667,8366.32,7915.94,0,0
01:11:15:01:37:11,108.375,124.683,0,0.065424,0,0,3.01315,7915.94,415739,11651.2,0,0,0,415739,0,0,4163.03,97.6833,8366.32,7915.94,0,0
01:11:15:01:37:12,108.375,123.825,0,0.065424,0,0,3.01315,7915.94,415739,11651.2,0,0,0,415739,0,0,4163.03,97.7,8366.32,7915.94,0,0
01:11:15:01:37:13,108.661,124.111,0,0.0707626,0,0,3.01315,7915.94,415739,11651.2,0,0,0,415739,0,0,4163.03,97.7167,8366.32,7915.94,0,0
01:11:15:01:37:14,107.803,123.825,0,0.0694294,0,0,3.01315,7915.94,415739,11651.2,0,0,0,415739,0,0,4163.03,97.7333,8366.32,7915.94,0,0
01:11:15:01:37:15,108.375,122.966,0,0.0694294,0,0,3.01315,7915.94,415739,11651.2,0,0,0,415739,0,0,4163.03,97.75,8366.32,7915.94,0,0
01:11:15:01:37:16,107.517,123.538,0,0.0694294,0,0,3.01315,7915.94,415739,11651.2,0,0,0,415739,0,0,4163.03,97.7667,8366.32,7915.94,0,0
01:11:15:01:37:17,108.661,122.966,0,0.0640869,0,0,3.01315,7915.94,415739,11651.2,0,0,0,415739,0,0,4163.03,97.7833,8366.32,7915.94,0,0
01:11:15:01:37:18,107.517,122.394,0,0.0680924,0,0,3.01315,7915.94,415739,11651.2,0,0,0,415739,0,0,4163.03,97.8,8366.32,7915.94,0,0
01:11:15:01:37:19,107.231,122.68,0,0.0600815,0,0,3.01315,7915.94,415739,11651.2,0,0,0,415739,0,0,4163.03,97.8167,8366.32,7915.94,0,0
01:11:15:01:37:20,108.089,122.966,0,0.0627537,0,0,3.01315,7915.94,415739,11651.2,0,0,0,415739,0,0,4163.03,97.8333,8366.32,7915.94,0,0
01:11:15:01:37:21,107.517,122.68,0,0.0614185,0,0,3.01315,7915.94,415739,11651.2,0,0,0,415739,0,0,4163.03,97.85,8366.32,7915.94,0,0
01:11:15:01:37:22,106.945,122.68,0,0.0627537,0,0,3.01315,7915.94,415739,11651.2,0,0,0,415739,0,0,4163.03,97.8667,8366.32,7915.94,0,0
01:11:15:01:37:23,107.231,122.966,0,0.065424,0,0,3.01315,7915.94,415739,11651.2,0,0,0,415739,0,0,4163.03,97.8833,8366.32,7915.94,0,0
01:11:15:01:37:24,106.945,122.394,0,0.0680924,0,0,3.01315,7915.94,415739,11651.2,0,0,0,415739,0,0,4163.03,97.9,8366.32,7915.94,0,0
01:11:15:01:37:25,106.945,122.394,0,0.0680924,0,0,3.01315,7915.94,415739,11651.2,0,0,0,415739,0,0,4163.03,97.9167,8366.32,7915.94,0,0
01:11:15:01:37:26,106.658,122.108,0,0.0694294,0,0,3.01315,7915.94,415739,11651.2,0,0,0,415739,0,0,4163.03,97.9333,8366.32,7915.94,0,0
01:11:15:01:37:27,106.372,122.108,0,0.0694294,0,0,3.01315,7915.94,415739,11651.2,0,0,0,415739,0,0,4163.03,97.95,8366.32,7915.94,0,0
01:11:15:01:37:28,106.086,121.25,0,0.0720997,0,0,3.01315,7915.94,415739,11651.2,0,0,0,415739,0,0,4163.03,97.9667,8366.32,7915.94,0,0
01:11:15:01:37:29,106.372,121.822,0,0.0667572,0,0,3.01315,7915.94,415739,11651.2,0,0,0,415739,0,0,4163.03,97.9833,8366.32,7915.94,0,0
01:11:15:01:37:30,106.658,121.25,0,0.0640869,0,0,3.01315,7915.94,415739,11651.2,0,0,0,415739,0,0,4163.03,98,8366.32,7915.94,0,0
01:11:15:01:37:31,106.086,121.536,0,0.065424,0,0,3.01315,7915.94,415739,11651.2,0,0,0,415739,0,0,4163.03,98.0167,8366.32,7915.94,0,0
01:11:15:01:37:32,105.8,120.677,0,0.065424,0,0,3.01315,7915.94,415739,11651.2,0,0,0,415739,0,0,4163.03,98.0333,8366.32,7915.94,0,0
01:11:15:01:37:33,105.8,121.25,0,0.065424,0,0,3.01315,7915.94,415739,11651.2,0,0,0,415739,0,0,4163.03,98.05,8366.32,7915.94,0,0
01:11:15:01:37:34,105.514,120.964,0,0.0640869,0,0,3.01315,7915.94,415739,11651.2,0,0,0,415739,0,0,4163.03,98.0667,8366.32,7915.94,0,0
01:11:15:01:37:35,105.228,121.25,0,0.0640869,0,0,3.01315,7915.94,415739,11651.2,0,0,0,415739,0,0,4163.03,98.0833,8366.32,7915.94,0,0
01:11:15:01:37:36,105.514,121.25,0,0.065424,0,0,3.01315,7915.94,415739,11651.2,0,0,0,415739,0,0,4163.03,98.1,8366.32,7915.94,0,0
01:11:15:01:37:37,105.8,120.964,0,0.0694294,0,0,3.01315,7915.94,415739,11651.2,0,0,0,415739,0,0,4163.03,98.1167,8366.32,7915.94,0,0
01:11:15:01:37:38,104.942,120.677,0,0.0640869,0,0,3.01315,7915.94,415739,11651.2,0,0,0,415739,0,0,4163.03,98.1333,8366.32,7915.94,0,0
01:11:15:01:37:39,104.942,120.105,0,0.0667572,0,0,3.01315,7915.94,415739,11651.2,0,0,0,415739,0,0,4163.03,98.15,8366.32,7915.94,0,0
01:11:15:01:37:40,105.228,120.391,0,0.0694294,0,0,3.01315,7915.94,415739,11651.2,0,0,0,415739,0,0,4163.03,98.1667,8366.32,7915.94,0,0
01:11:15:01:37:41,105.228,120.105,0,0.0694294,0,0,3.01315,7915.94,415739,11651.2,0,0,0,415739,0,0,4163.03,98.1833,8366.32,7915.94,0,0
01:11:15:01:37:42,104.656,119.819,0,0.0680924,0,0,3.01315,7915.94,415739,11651.2,0,0,0,415739,0,0,4163.03,98.2,8366.32,7915.94,0,0
01:11:15:01:37:43,104.942,120.105,0,0.0707626,0,0,3.01315,7915.94,415739,11651.2,0,0,0,415739,0,0,4163.03,98.2167,8366.32,7915.94,0,0
01:11:15:01:37:44,104.656,120.105,0,0.0640869,0,0,3.01315,7915.94,415739,11651.2,0,0,0,415739,0,0,4163.03,98.2333,8366.32,7915.94,0,0
01:11:15:01:37:45,104.084,119.247,0,0.065424,0,0,3.01315,7915.94,415739,11651.2,0,0,0,415739,0,0,4163.03,98.25,8366.32,7915.94,0,0
01:11:15:01:37:46,104.084,119.533,0,0.0680924,0,0,3.01315,7915.94,415739,11651.2,0,0,0,415739,0,0,4163.03,98.2667,8366.32,7915.94,0,0
01:11:15:01:37:47,104.656,119.533,0,0.065424,0,0,3.01315,7915.94,415739,11651.2,0,0,0,415739,0,0,4163.03,98.2833,8366.32,7915.94,0,0
01:11:15:01:37:48,104.084,119.533,0,0.0640869,0,0,3.01315,7915.94,415739,11651.2,0,0,0,415739,0,0,4163.03,98.3,8366.32,7915.94,0,0
01:11:15:01:37:49,103.797,119.247,0,0.0667572,0,0,3.01315,7915.94,415739,11651.2,0,0,0,415739,0,0,4163.03,98.3167,8366.32,7915.94,0,0
01:11:15:01:37:50,104.084,119.247,0,0.0667572,0,0,3.01315,7915.94,415739,11651.2,0,0,0,415739,0,0,4163.03,98.3333,8366.32,7915.94,0,0
01:11:15:01:37:51,104.084,119.533,0,0.0667572,0,0,3.01315,7915.94,415739,11651.2,0,0,0,415739,0,0,4163.03,98.35,8366.32,7915.94,0,0
01:11:15:01:37:52,103.225,119.247,0,0.0694294,0,0,3.01315,7915.94,415739,11651.2,0,0,0,415739,0,0,4163.03,98.3667,8366.32,7915.94,0,0
01:11:15:01:37:53,103.511,118.961,0,0.0694294,0,0,3.01315,7915.94,415739,11651.2,0,0,0,415739,0,0,4163.03,98.3833,8366.32,7915.94,0,0
01:11:15:01:37:54,103.511,118.675,0,0.0667572,0,0,3.01315,7915.94,415739,11651.2,0,0,0,415739,0,0,4163.03,98.4,8366.32,7915.94,0,0
01:11:15:01:37:55,103.225,119.247,0,0.0694294,0,0,3.01315,7915.94,415739,11651.2,0,0,0,415739,0,0,4163.03,98.4167,8366.32,7915.94,0,0
01:11:15:01:37:56,102.939,118.961,0,0.0667572,0,0,3.01315,7915.94,415739,11651.2,0,0,0,415739,0,0,4163.03,98.4333,8366.32,7915.94,0,0
01:11:15:01:37:57,102.939,118.103,0,0.0707626,0,0,3.01315,7915.94,415739,11651.2,0,0,0,415739,0,0,4163.03,98.45,8366.32,7915.94,0,0
01:11:15:01:37:58,102.939,118.675,0,0.0667572,0,0,3.01315,7915.94,415739,11651.2,0,0,0,415739,0,0,4163.03,98.4667,8366.32,7915.94,0,0
01:11:15:01:37:59,102.939,118.103,0,0.0694294,0,0,3.01315,7915.94,415739,11651.2,0,0,0,415739,0,0,4163.03,98.4833,8366.32,7915.94,0,0
01:11:15:01:38:00,102.653,118.103,0,0.065424,0,0,3.01315,7915.94,415739,11651.2,0,0,0,415739,0,0,4163.03,98.5,8366.32,7915.94,0,0
01:11:15:01:38:01,102.653,118.103,0,0.0680924,0,0,3.01315,7915.94,415739,11651.2,0,0,0,415739,0,0,4163.03,98.5167,8366.32,7915.94,0,0
01:11:15:01:38:02,102.081,117.53,0,0.065424,0,0,3.01315,7915.94,415739,11651.2,0,0,0,415739,0,0,4163.03,98.5333,8366.32,7915.94,0,0
01:11:15:01:38:03,102.939,118.389,0,0.0694294,0,0,3.01315,7915.94,415739,11651.2,0,0,0,415739,0,0,4163.03,98.55,8366.32,7915.94,0,0
01:11:15:01:38:04,102.081,117.816,0,0.0680924,0,0,3.01315,7915.94,415739,11651.2,0,0,0,415739,0,0,4163.03,98.5667,8366.32,7915.94,0,0
01:11:15:01:38:05,102.081,117.816,0,0.0640869,0,0,3.01315,7915.94,415739,11651.2,0,0,0,415739,0,0,4163.03,98.5833,8366.32,7915.94,0,0
01:11:15:01:38:06,102.367,117.244,0,0.065424,0,0,3.01315,7915.94,415739,11651.2,0,0,0,415739,0,0,4163.03,98.6,8366.32,7915.94,0,0
01:11:15:01:38:07,102.081,117.244,0,0.0707626,0,0,3.01315,7915.94,415739,11651.2,0,0,0,415739,0,0,4163.03,98.6167,8366.32,7915.94,0,0
01:11:15:01:38:08,101.223,117.53,0,0.0694294,0,0,3.01315,7915.94,415739,11651.2,0,0,0,415739,0,0,4163.03,98.6333,8366.32,7915.94,0,0
01:11:15:01:38:09,101.509,117.816,0,0.0694294,0,0,3.01315,7915.94,415739,11651.2,0,0,0,415739,0,0,4163.03,98.65,8366.32,7915.94,0,0
01:11:15:01:38:10,101.795,116.672,0,0.065424,0,0,3.01315,7915.94,415739,11651.2,0,0,0,415739,0,0,4163.03,98.6667,8366.32,7915.94,0,0
01:11:15:01:38:11,100.936,116.958,0,0.065424,0,0,3.01315,7915.94,415739,11651.2,0,0,0,415739,0,0,4163.03,98.6833,8366.32,7915.94,0,0
01:11:15:01:38:12,101.795,116.672,0,0.0667572,0,0,3.01315,7915.94,415739,11651.2,0,0,0,415739,0,0,4163.03,98.7,8366.32,7915.94,0,0
01:11:15:01:38:13,101.223,116.958,0,0.0667572,0,0,3.01315,7915.94,415739,11651.2,0,0,0,415739,0,0,4163.03,98.7167,8366.32,7915.94,0,0
01:11:15:01:38:14,100.65,117.244,0,0.0680924,0,0,3.01315,7915.94,415739,11651.2,0,0,0,415739,0,0,4163.03,98.7333,8366.32,7915.94,0,0
01:11:15:01:38:15,101.223,116.386,0,0.0640869,0,0,3.01315,7915.94,415739,11651.2,0,0,0,415739,0,0,4163.03,98.75,8366.32,7915.94,0,0
01:11:15:01:38:16,101.223,116.386,0,0.0680924,0,0,3.01315,7915.94,415739,11651.2,0,0,0,415739,0,0,4163.03,98.7667,8366.32,7915.94,0,0
01:11:15:01:38:17,100.936,117.244,0,0.0667572,0,0,3.01315,7915.94,415739,11651.2,0,0,0,415739,0,0,4163.03,98.7833,8366.32,7915.94,0,0
01:11:15:01:38:18,100.65,116.386,0,0.0667572,0,0,3.01315,7915.94,415739,11651.2,0,0,0,415739,0,0,4163.03,98.8,8366.32,7915.94,0,0
01:11:15:01:38:19,100.936,115.814,0,0.065424,0,0,3.01315,7915.94,415739,11651.2,0,0,0,415739,0,0,4163.03,98.8167,8366.32,7915.94,0,0
01:11:15:01:38:20,100.936,115.814,0,0.0680924,0,0,3.01315,7915.94,415739,11651.2,0,0,0,415739,0,0,4163.03,98.8333,8366.32,7915.94,0,0
01:11:15:01:38:21,100.65,116.1,0,0.0667572,0,0,3.01315,7915.94,415739,11651.2,0,0,0,415739,0,0,4163.03,98.85,8366.32,7915.94,0,0
01:11:15:01:38:22,100.364,115.528,0,0.0667572,0,0,3.01315,7915.94,415739,11651.2,0,0,0,415739,0,0,4163.03,98.8667,8366.32,7915.94,0,0
01:11:15:01:38:23,100.65,115.814,0,0.065424,0,0,3.01315,7915.94,415739,11651.2,0,0,0,415739,0,0,4163.03,98.8833,8366.32,7915.94,0,0
01:11:15:01:38:24,100.078,115.242,0,0.065424,0,0,3.01315,7915.94,415739,11651.2,0,0,0,415739,0,0,4163.03,98.9,8366.32,7915.94,0,0
01:11:15:01:38:25,99.792,115.242,0,0.065424,0,0,3.01315,7915.94,415739,11651.2,0,0,0,415739,0,0,4163.03,98.9167,8366.32,7915.94,0,0
01:11:15:01:38:26,99.792,115.242,0,0.0667572,0,0,3.01315,7915.94,415739,11651.2,0,0,0,415739,0,0,4163.03,98.9333,8366.32,7915.94,0,0
01:11:15:01:38:27,100.364,115.242,0,0.0667572,0,0,3.01315,7915.94,415739,11651.2,0,0,0,415739,0,0,4163.03,98.95,8366.32,7915.94,0,0
01:11:15:01:38:28,99.792,115.242,0,0.065424,0,0,3.01315,7915.94,415739,11651.2,0,0,0,415739,0,0,4163.03,98.9667,8366.32,7915.94,0,0
01:11:15:01:38:29,99.792,115.242,0,0.0627537,0,0,3.01315,7915.94,415739,11651.2,0,0,0,415739,0,0,4163.03,98.9833,8366.32,7915.94,0,0
01:11:15:01:38:30,98.9337,114.669,0,0.065424,0,0,3.01315,7915.94,415739,11651.2,0,0,0,415739,0,0,4163.03,99,8366.32,7915.94,0,0
01:11:15:01:38:31,99.506,114.383,0,0.0640869,0,0,3.01315,7915.94,415739,11651.2,0,0,0,415739,0,0,4163.03,99.0167,8366.32,7915.94,0,0
01:11:15:01:38:32,99.2198,115.242,0,0.0680924,0,0,3.01315,7915.94,415739,11651.2,0,0,0,415739,0,0,4163.03,99.0333,8366.32,7915.94,0,0
01:11:15:01:38:33,99.2198,114.383,0,0.0694294,0,0,3.01315,7915.94,415739,11651.2,0,0,0,415739,0,0,4163.03,99.05,8366.32,7915.94,0,0
01:11:15:01:38:34,99.2198,114.669,0,0.0707626,0,0,3.01315,7915.94,415739,11651.2,0,0,0,415739,0,0,4163.03,99.0667,8366.32,7915.94,0,0
01:11:15:01:38:35,98.6476,114.955,0,0.0667572,0,0,3.01315,7915.94,415739,11651.2,0,0,0,415739,0,0,4163.03,99.0833,8366.32,7915.94,0,0
01:11:15:01:38:36,98.9337,114.669,0,0.0640869,0,0,3.01315,7915.94,415739,11651.2,0,0,0,415739,0,0,4163.03,99.1,8366.32,7915.94,0,0
01:11:15:01:38:37,98.6476,114.097,0,0.0680924,0,0,3.01315,7915.94,415739,11651.2,0,0,0,415739,0,0,4163.03,99.1167,8366.32,7915.94,0,0
01:11:15:01:38:38,98.0754,114.097,0,0.0694294,0,0,3.01315,7915.94,415739,11651.2,0,0,0,415739,0,0,4163.03,99.1333,8366.32,7915.94,0,0
01:11:15:01:38:39,98.6476,114.383,0,0.0694294,0,0,3.01315,7915.94,415739,11651.2,0,0,0,415739,0,0,4163.03,99.15,8366.32,7915.94,0,0
01:11:15:01:38:40,98.6476,114.383,0,0.0680924,0,0,3.01315,7915.94,415739,11651.2,0,0,0,415739,0,0,4163.03,99.1667,8366.32,7915.94,0,0
01:11:15:01:38:41,98.3615,113.811,0,0.0627537,0,0,3.01315,7915.94,415739,11651.2,0,0,0,415739,0,0,4163.03,99.1833,8366.32,7915.94,0,0
01:11:15:01:38:42,98.3615,113.811,0,0.0680924,0,0,3.01315,7915.94,415739,11651.2,0,0,0,415739,0,0,4163.03,99.2,8366.32,7915.94,0,0
01:11:15:01:38:43,97.7893,114.097,0,0.0667572,0,0,3.01315,7915.94,415739,11651.2,0,0,0,415739,0,0,4163.03,99.2167,8366.32,7915.94,0,0
01:11:15:01:38:44,97.5032,113.525,0,0.065424,0,0,3.01315,7915.94,415739,11651.2,0,0,0,415739,0,0,4163.03,99.2333,8366.32,7915.94,0,0
01:11:15:01:38:45,97.7893,112.953,0,0.0627537,0,0,3.01315,7915.94,415739,11651.2,0,0,0,415739,0,0,4163.03,99.25,8366.32,7915.94,0,0
01:11:15:01:38:46,98.0754,113.239,0,0.065424,0,0,3.01315,7915.94,415739,11651.2,0,0,0,415739,0,0,4163.03,99.2667,8366.32,7915.94,0,0
01:11:15:01:38:47,98.0754,112.953,0,0.065424,0,0,3.01315,7915.94,415739,11651.2,0,0,0,415739,0,0,4163.03,99.2833,8366.32,7915.94,0,0
01:11:15:01:38:48,97.5032,112.667,0,0.0627537,0,0,3.01315,7915.94,415739,11651.2,0,0,0,415739,0,0,4163.03,99.3,8366.32,7915.94,0,0
01:11:15:01:38:49,96.931,112.953,0,0.0614185,0,0,3.01315,7915.94,415739,11651.2,0,0,0,415739,0,0,4163.03,99.3167,8366.32,7915.94,0,0
01:11:15:01:38:50,96.6449,112.667,0,0.0614185,0,0,3.01315,7915.94,415739,11651.2,0,0,0,415739,0,0,4163.03,99.3333,8366.32,7915.94,0,0
01:11:15:01:38:51,96.931,112.953,0,0.0600815,0,0,3.01315,7915.94,415739,11651.2,0,0,0,415739,0,0,4163.03,99.35,8366.32,7915.94,0,0
01:11:15:01:38:52,97.5032,112.381,0,0.0614185,0,0,3.01315,7915.94,415739,11651.2,0,0,0,415739,0,0,4163.03,99.3667,8366.32,7915.94,0,0
01:11:15:01:38:53,96.6449,112.094,0,0.0640869,0,0,3.01315,7915.94,415739,11651.2,0,0,0,415739,0,0,4163.03,99.3833,8366.32,7915.94,0,0
01:11:15:01:38:54,96.6449,112.094,0,0.0640869,0,0,3.01315,7915.94,415739,11651.2,0,0,0,415739,0,0,4163.03,99.4,8366.32,7915.94,0,0
01:11:15:01:38:55,96.6449,112.381,0,0.065424,0,0,3.01315,7915.94,415739,11651.2,0,0,0,415739,0,0,4163.03,99.4167,8366.32,7915.94,0,0
01:11:15:01:38:56,97.2171,112.667,0,0.065424,0,0,3.01315,7915.94,415739,11651.2,0,0,0,415739,0,0,4163.03,99.4333,8366.32,7915.94,0,0
01:11:15:01:38:57,96.931,112.094,0,0.0667572,0,0,3.01315,7915.94,415739,11651.2,0,0,0,415739,0,0,4163.03,99.45,8366.32,7915.94,0,0
01:11:15:01:38:58,96.0727,112.094,0,0.0667572,0,0,3.01315,7915.94,415739,11651.2,0,0,0,415739,0,0,4163.03,99.4667,8366.32,7915.94,0,0
01:11:15:01:38:59,96.0727,112.094,0,0.0667572,0,0,3.01315,7915.94,415739,11651.2,0,0,0,415739,0,0,4163.03,99.4833,8366.32,7915.94,0,0
01:11:15:01:39:00,96.3588,112.381,0,0.0694294,0,0,3.01315,7915.94,415739,11651.2,0,0,0,415739,0,0,4163.03,99.5,8366.32,7915.94,0,0
01:11:15:01:39:01,96.0727,111.236,0,0.0680924,0,0,3.01315,7915.94,415739,11651.2,0,0,0,415739,0,0,4163.03,99.5167,8366.32,7915.94,0,0
01:11:15:01:39:02,96.0727,111.522,0,0.0734348,0,0,3.01315,7915.94,415739,11651.2,0,0,0,415739,0,0,4163.03,99.5333,8366.32,7915.94,0,0
01:11:15:01:39:03,96.0727,111.236,0,0.0707626,0,0,3.01315,7915.94,415739,11651.2,0,0,0,415739,0,0,4163.03,99.55,8366.32,7915.94,0,0
01:11:15:01:39:04,96.0727,111.236,0,0.0707626,0,0,3.01315,7915.94,415739,11651.2,0,0,0,415739,0,0,4163.03,99.5667,8366.32,7915.94,0,0
01:11:15:01:39:05,96.0727,111.236,0,0.0680924,0,0,3.01315,7915.94,415739,11651.2,0,0,0,415739,0,0,4163.03,99.5833,8366.32,7915.94,0,0
01:11:15:01:39:06,95.2144,111.236,0,0.0680924,0,0,3.01315,7915.94,415739,11651.2,0,0,0,415739,0,0,4163.03,99.6,8366.32,7915.94,0,0
01:11:15:01:39:07,95.7866,111.236,0,0.065424,0,0,3.01315,7915.94,415739,11651.2,0,0,0,415739,0,0,4163.03,99.6167,8366.32,7915.94,0,0
01:11:15:01:39:08,95.2144,110.664,0,0.065424,0,0,3.01315,7915.94,415739,11651.2,0,0,0,415739,0,0,4163.03,99.6333,8366.32,7915.94,0,0
01:11:15:01:39:09,95.2144,110.378,0,0.0627537,0,0,3.01315,7915.94,415739,11651.2,0,0,0,415739,0,0,4163.03,99.65,8366.32,7915.94,0,0
01:11:15:01:39:10,95.2144,110.95,0,0.0694294,0,0,3.01315,7915.94,415739,11651.2,0,0,0,415739,0,0,4163.03,99.6667,8366.32,7915.94,0,0
01:11:15:01:39:11,94.6422,110.95,0,0.0667572,0,0,3.01315,7915.94,415739,11651.2,0,0,0,415739,0,0,4163.03,99.6833,8366.32,7915.94,0,0
01:11:15:01:39:12,95.2144,110.378,0,0.0680924,0,0,3.01315,7915.94,415739,11651.2,0,0,0,415739,0,0,4163.03,99.7,8366.32,7915.94,0,0
01:11:15:01:39:13,94.9283,110.092,0,0.0667572,0,0,3.01315,7915.94,415739,11651.2,0,0,0,415739,0,0,4163.03,99.7167,8366.32,7915.94,0,0
01:11:15:01:39:14,94.9283,110.092,0,0.0614185,0,0,3.01315,7915.94,415739,11651.2,0,0,0,415739,0,0,4163.03,99.7333,8366.32,7915.94,0,0
01:11:15:01:39:15,94.9283,110.378,0,0.0640869,0,0,3.01315,7915.94,415739,11651.2,0,0,0,415739,0,0,4163.03,99.75,8366.32,7915.94,0,0
01:11:15:01:39:16,94.6422,110.092,0,0.0640869,0,0,3.01315,7915.94,415739,11651.2,0,0,0,415739,0,0,4163.03,99.7667,8366.32,7915.94,0,0
01:11:15:01:39:17,94.07,109.519,0,0.0627537,0,0,3.01315,7915.94,415739,11651.2,0,0,0,415739,0,0,4163.03,99.7833,8366.32,7915.94,0,0
01:11:15:01:39:18,94.3561,109.519,0,0.0640869,0,0,3.01315,7915.94,415739,11651.2,0,0,0,415739,0,0,4163.03,99.8,8366.32,7915.94,0,0
01:11:15:01:39:19,93.7839,109.806,0,0.0680924,0,0,3.01315,7915.94,415739,11651.2,0,0,0,415739,0,0,4163.03,99.8167,8366.32,7915.94,0,0
01:11:15:01:39:20,94.3561,109.806,0,0.0667572,0,0,3.01315,7915.94,415739,11651.2,0,0,0,415739,0,0,4163.03,99.8333,8366.32,7915.94,0,0
01:11:15:01:39:21,94.3561,110.092,0,0.0667572,0,0,3.01315,7915.94,415739,11651.2,0,0,0,415739,0,0,4163.03,99.85,8366.32,7915.94,0,0
01:11:15:01:39:22,94.07,109.519,0,0.0667572,0,0,3.01315,7915.94,415739,11651.2,0,0,0,415739,0,0,4163.03,99.8667,8366.32,7915.94,0,0
01:11:15:01:39:23,94.07,109.519,0,0.0694294,0,0,3.01315,7915.94,415739,11651.2,0,0,0,415739,0,0,4163.03,99.8833,8366.32,7915.94,0,0
01:11:15:01:39:24,93.7839,109.233,0,0.0694294,0,0,3.01315,7915.94,415739,11651.2,0,0,0,415739,0,0,4163.03,99.9,8366.32,7915.94,0,0
01:11:15:01:39:25,93.7839,109.233,0,0.0694294,0,0,3.01315,7915.94,415739,11651.2,0,0,0,415739,0,0,4163.03,99.9167,8366.32,7915.94,0,0
01:11:15:01:39:26,94.07,109.519,0,0.0694294,0,0,3.01315,7915.94,415739,11651.2,0,0,0,415739,0,0,4163.03,99.9333,8366.32,7915.94,0,0
01:11:15:01:39:27,93.4978,109.233,0,0.0680924,0,0,3.01315,7915.94,415739,11651.2,0,0,0,415739,0,0,4163.03,99.95,8366.32,7915.94,0,0
01:11:15:01:39:28,93.4978,108.947,0,0.0667572,0,0,3.01315,7915.94,415739,11651.2,0,0,0,415739,0,0,4163.03,99.9667,8366.32,7915.94,0,0
01:11:15:01:39:29,93.2117,109.233,0,0.0667572,0,0,3.01315,7915.94,415739,11651.2,0,0,0,415739,0,0,4163.03,99.9833,8366.32,7915.94,0,0
01:11:15:01:39:30,93.2117,108.661,0,0.0640869,0,0,3.01315,7915.94,415739,11651.2,0,0,0,415739,0,0,4163.03,100,8366.32,7915.94,0,0
01:11:15:01:39:31,93.4978,108.947,0,0.065424,0,0,3.01315,7915.94,415739,11651.2,0,0,0,415739,0,0,4163.03,100.017,8366.32,7915.94,0,0
01:11:15:01:39:32,92.9256,108.661,0,0.0694294,0,0,3.01315,7915.94,415739,11651.2,0,0,0,415739,0,0,4163.03,100.033,8366.32,7915.94,0,0
01:11:15:01:39:33,92.6395,108.089,0,0.0667572,0,0,3.01315,7915.94,415739,11651.2,0,0,0,415739,0,0,4163.03,100.05,8366.32,7915.94,0,0
01:11:15:01:39:34,92.9256,108.089,0,0.0667572,0,0,3.01315,7915.94,415739,11651.2,0,0,0,415739,0,0,4163.03,100.067,8366.32,7915.94,0,0
01:11:15:01:39:35,92.6395,108.375,0,0.0627537,0,0,3.01315,7915.94,415739,11651.2,0,0,0,415739,0,0,4163.03,100.083,8366.32,7915.94,0,0
01:11:15:01:39:36,93.2117,107.517,0,0.0640869,0,0,3.01315,7915.94,415739,11651.2,0,0,0,415739,0,0,4163.03,100.1,8366.32,7915.94,0,0
01:11:15:01:39:37,93.2117,108.661,0,0.065424,0,0,3.01315,7915.94,415739,11651.2,0,0,0,415739,0,0,4163.03,100.117,8366.32,7915.94,0,0
01:11:15:01:39:38,92.3534,108.375,0,0.0627537,0,0,3.01315,7915.94,415739,11651.2,0,0,0,415739,0,0,4163.03,100.133,8366.32,7915.94,0,0
01:11:15:01:39:39,92.9256,107.803,0,0.0627537,0,0,3.01315,7915.94,415739,11651.2,0,0,0,415739,0,0,4163.03,100.15,8366.32,7915.94,0,0
01:11:15:01:39:40,92.9256,107.231,0,0.0667572,0,0,3.01315,7915.94,415739,11651.2,0,0,0,415739,0,0,4163.03,100.167,8366.32,7915.94,0,0
01:11:15:01:39:41,92.3534,107.803,0,0.065424,0,0,3.01315,7915.94,415739,11651.2,0,0,0,415739,0,0,4163.03,100.183,8366.32,7915.94,0,0
01:11:15:01:39:42,92.0673,107.231,0,0.0640869,0,0,3.01315,7915.94,415739,11651.2,0,0,0,415739,0,0,4163.03,100.2,8366.32,7915.94,0,0
01:11:15:01:39:43,92.0673,107.517,0,0.0640869,0,0,3.01315,7915.94,415739,11651.2,0,0,0,415739,0,0,4163.03,100.217,8366.32,7915.94,0,0
01:11:15:01:39:44,92.9256,107.517,0,0.0640869,0,0,3.01315,7915.94,415739,11651.2,0,0,0,415739,0,0,4163.03,100.233,8366.32,7915.94,0,0
01:11:15:01:39:45,92.0673,107.231,0,0.0640869,0,0,3.01315,7915.94,415739,11651.2,0,0,0,415739,0,0,4163.03,100.25,8366.32,7915.94,0,0
01:11:15:01:39:46,92.0673,106.945,0,0.0627537,0,0,3.01315,7915.94,415739,11651.2,0,0,0,415739,0,0,4163.03,100.267,8366.32,7915.94,0,0
01:11:15:01:39:47,91.4951,107.517,0,0.065424,0,0,3.01315,7915.94,415739,11651.2,0,0,0,415739,0,0,4163.03,100.283,8366.32,7915.94,0,0
01:11:15:01:39:48,91.4951,107.803,0,0.065424,0,0,3.01315,7915.94,415739,11651.2,0,0,0,415739,0,0,4163.03,100.3,8366.32,7915.94,0,0
01:11:15:01:39:49,92.3534,107.231,0,0.065424,0,0,3.01315,7915.94,415739,11651.2,0,0,0,415739,0,0,4163.03,100.317,8366.32,7915.94,0,0
01:11:15:01:39:50,91.7812,106.658,0,0.0640869,0,0,3.01315,7915.94,415739,11651.2,0,0,0,415739,0,0,4163.03,100.333,8366.32,7915.94,0,0
01:11:15:01:39:51,91.209,107.517,0,0.0667572,0,0,3.01315,7915.94,415739,11651.2,0,0,0,415739,0,0,4163.03,100.35,8366.32,7915.94,0,0
01:11:15:01:39:52,91.7812,106.945,0,0.0680924,0,0,3.01315,7915.94,415739,11651.2,0,0,0,415739,0,0,4163.03,100.367,8366.32,7915.94,0,0
01:11:15:01:39:53,91.4951,107.231,0,0.0694294,0,0,3.01315,7915.94,415739,11651.2,0,0,0,415739,0,0,4163.03,100.383,8366.32,7915.94,0,0
01:11:15:01:39:54,91.209,106.658,0,0.0694294,0,0,3.01315,7915.94,415739,11651.2,0,0,0,415739,0,0,4163.03,100.4,8366.32,7915.94,0,0
01:11:15:01:39:55,91.7812,106.658,0,0.0680924,0,0,3.01315,7915.94,415739,11651.2,0,0,0,415739,0,0,4163.03,100.417,8366.32,7915.94,0,0
01:11:15:01:39:56,91.4951,106.658,0,0.0680924,0,0,3.01315,7915.94,415739,11651.2,0,0,0,415739,0,0,4163.03,100.433,8366.32,7915.94,0,0
01:11:15:01:39:57,91.209,106.372,0,0.0694294,0,0,3.01315,7915.94,415739,11651.2,0,0,0,415739,0,0,4163.03,100.45,8366.32,7915.94,0,0
01:11:15:01:39:58,90.9229,106.372,0,0.0667572,0,0,3.01315,7915.94,415739,11651.2,0,0,0,415739,0,0,4163.03,100.467,8366.32,7915.94,0,0
01:11:15:01:39:59,91.209,106.372,0,0.0627537,0,0,3.01315,7915.94,415739,11651.2,0,0,0,415739,0,0,4163.03,100.483,8366.32,7915.94,0,0
01:11:15:01:40:00,90.6368,106.372,0,0.0640869,0,0,3.01315,7915.94,415739,11651.2,0,0,0,415739,0,0,4163.03,100.5,8366.32,7915.94,0,0
01:11:15:01:40:01,91.209,106.086,0,0.065424,0,0,3.01315,7915.94,415739,11651.2,0,0,0,415739,0,0,4163.03,100.517,8366.32,7915.94,0,0
01:11:15:01:40:02,90.6368,105.8,0,0.0614185,0,0,3.01315,7915.94,415739,11651.2,0,0,0,415739,0,0,4163.03,100.533,8366.32,7915.94,0,0
01:11:15:01:40:03,90.3507,106.086,0,0.0640869,0,0,3.01315,7915.94,415739,11651.2,0,0,0,415739,0,0,4163.03,100.55,8366.32,7915.94,0,0
01:11:15:01:40:04,90.6368,105.8,0,0.0680924,0,0,3.01315,7915.94,415739,11651.2,0,0,0,415739,0,0,4163.03,100.567,8366.32,7915.94,0,0
01:11:15:01:40:05,90.6368,105.8,0,0.0680924,0,0,3.01315,7915.94,415739,11651.2,0,0,0,415739,0,0,4163.03,100.583,8366.32,7915.94,0,0
01:11:15:01:40:06,90.3507,105.8,0,0.0680924,0,0,3.01315,7915.94,415739,11651.2,0,0,0,415739,0,0,4163.03,100.6,8366.32,7915.94,0,0
01:11:15:01:40:07,90.0646,105.514,0,0.0694294,0,0,3.01315,7915.94,415739,11651.2,0,0,0,415739,0,0,4163.03,100.617,8366.32,7915.94,0,0
01:11:15:01:40:08,90.3507,105.514,0,0.0680924,0,0,3.01315,7915.94,415739,11651.2,0,0,0,415739,0,0,4163.03,100.633,8366.32,7915.94,0,0
01:11:15:01:40:09,90.0646,105.8,0,0.0680924,0,0,3.01315,7915.94,415739,11651.2,0,0,0,415739,0,0,4163.03,100.65,8366.32,7915.94,0,0
01:11:15:01:40:10,89.7785,105.228,0,0.065424,0,0,3.01315,7915.94,415739,11651.2,0,0,0,415739,0,0,4163.03,100.667,8366.32,7915.94,0,0
01:11:15:01:40:11,89.7785,105.514,0,0.0694294,0,0,3.01315,7915.94,415739,11651.2,0,0,0,415739,0,0,4163.03,100.683,8366.32,7915.94,0,0
01:11:15:01:40:12,89.7785,105.514,0,0.0680924,0,0,3.01315,7915.94,415739,11651.2,0,0,0,415739,0,0,4163.03,100.7,8366.32,7915.94,0,0
01:11:15:01:40:13,89.4924,104.942,0,0.0680924,0,0,3.01315,7915.94,415739,11651.2,0,0,0,415739,0,0,4163.03,100.717,8366.32,7915.94,0,0
01:11:15:01:40:14,89.7785,104.37,0,0.0680924,0,0,3.01315,7915.94,415739,11651.2,0,0,0,415739,0,0,4163.03,100.733,8366.32,7915.94,0,0
01:11:15:01:40:15,89.7785,105.228,0,0.0747681,0,0,3.01315,7915.94,415739,11651.2,0,0,0,415739,0,0,4163.03,100.75,8366.32,7915.94,0,0
01:11:15:01:40:16,89.4924,105.228,0,0.0694294,0,0,3.01315,7915.94,415739,11651.2,0,0,0,415739,0,0,4163.03,100.767,8366.32,7915.94,0,0
01:11:15:01:40:17,89.7785,105.228,0,0.0694294,0,0,3.01315,7915.94,415739,11651.2,0,0,0,415739,0,0,4163.03,100.783,8366.32,7915.94,0,0
01:11:15:01:40:18,89.7785,105.228,0,0.0667572,0,0,3.01315,7915.94,415739,11651.2,0,0,0,415739,0,0,4163.03,100.8,8366.32,7915.94,0,0
01:11:15:01:40:19,89.2063,104.37,0,0.0667572,0,0,3.01315,7915.94,415739,11651.2,0,0,0,415739,0,0,4163.03,100.817,8366.32,7915.94,0,0
01:11:15:01:40:20,89.2063,104.656,0,0.0667572,0,0,3.01315,7915.94,415739,11651.2,0,0,0,415739,0,0,4163.03,100.833,8366.32,7915.94,0,0
01:11:15:01:40:21,88.6341,104.084,0,0.0720997,0,0,3.01315,7915.94,415739,11651.2,0,0,0,415739,0,0,4163.03,100.85,8366.32,7915.94,0,0
01:11:15:01:40:22,88.9202,104.37,0,0.0680924,0,0,3.01315,7915.94,415739,11651.2,0,0,0,415739,0,0,4163.03,100.867,8366.32,7915.94,0,0
01:11:15:01:40:23,88.9202,103.797,0,0.065424,0,0,3.01315,7915.94,415739,11651.2,0,0,0,415739,0,0,4163.03,100.883,8366.32,7915.94,0,0
01:11:15:01:40:24,88.348,104.656,0,0.065424,0,0,3.01315,7915.94,415739,11651.2,0,0,0,415739,0,0,4163.03,100.9,8366.32,7915.94,0,0
01:11:15:01:40:25,88.348,104.656,0,0.0680924,0,0,3.01315,7915.94,415739,11651.2,0,0,0,415739,0,0,4163.03,100.917,8366.32,7915.94,0,0
01:11:15:01:40:26,88.9202,103.797,0,0.0680924,0,0,3.01315,7915.94,415739,11651.2,0,0,0,415739,0,0,4163.03,100.933,8366.32,7915.94,0,0
01:11:15:01:40:27,88.6341,103.797,0,0.0680924,0,0,3.01315,7915.94,415739,11651.2,0,0,0,415739,0,0,4163.03,100.95,8366.32,7915.94,0,0
01:11:15:01:40:28,88.6341,103.797,0,0.0667572,0,0,3.01315,7915.94,415739,11651.2,0,0,0,415739,0,0,4163.03,100.967,8366.32,7915.94,0,0
01:11:15:01:40:29,88.6341,104.084,0,0.0707626,0,0,3.01315,7915.94,415739,11651.2,0,0,0,415739,0,0,4163.03,100.983,8366.32,7915.94,0,0
01:11:15:01:40:30,88.348,103.797,0,0.0694294,0,0,3.01315,7915.94,415739,11651.2,0,0,0,415739,0,0,4163.03,101,8366.32,7915.94,0,0
01:11:15:01:40:31,88.348,104.37,0,0.0694294,0,0,3.01315,7915.94,415739,11651.2,0,0,0,415739,0,0,4163.03,101.017,8366.32,7915.94,0,0
01:11:15:01:40:32,87.7758,103.511,0,0.0694294,0,0,3.01315,7915.94,415739,11651.2,0,0,0,415739,0,0,4163.03,101.033,8366.32,7915.94,0,0
01:11:15:01:40:33,88.6341,103.797,0,0.0680924,0,0,3.01315,7915.94,415739,11651.2,0,0,0,415739,0,0,4163.03,101.05,8366.32,7915.94,0,0
01:11:15:01:40:34,88.0619,104.084,0,0.0667572,0,0,3.01315,7915.94,415739,11651.2,0,0,0,415739,0,0,4163.03,101.067,8366.32,7915.94,0,0
01:11:15:01:40:35,87.7758,103.511,0,0.0680924,0,0,3.01315,7915.94,415739,11651.2,0,0,0,415739,0,0,4163.03,101.083,8366.32,7915.94,0,0
01:11:15:01:40:36,88.348,102.939,0,0.0667572,0,0,3.01315,7915.94,415739,11651.2,0,0,0,415739,0,0,4163.03,101.1,8366.32,7915.94,0,0
01:11:15:01:40:37,87.4897,102.939,0,0.0694294,0,0,3.01315,7915.94,415739,11651.2,0,0,0,415739,0,0,4163.03,101.117,8366.32,7915.94,0,0
01:11:15:01:40:38,88.0619,104.084,0,0.0707626,0,0,3.01315,7915.94,415739,11651.2,0,0,0,415739,0,0,4163.03,101.133,8366.32,7915.94,0,0
01:11:15:01:40:39,87.7758,103.225,0,0.0707626,0,0,3.01315,7915.94,415739,11651.2,0,0,0,415739,0,0,4163.03,101.15,8366.32,7915.94,0,0
01:11:15:01:40:40,86.9175,103.511,0,0.0720997,0,0,3.01315,7915.94,415739,11651.2,0,0,0,415739,0,0,4163.03,101.167,8366.32,7915.94,0,0
01:11:15:01:40:41,87.7758,103.225,0,0.0720997,0,0,3.01315,7915.94,415739,11651.2,0,0,0,415739,0,0,4163.03,101.183,8366.32,7915.94,0,0
01:11:15:01:40:42,87.7758,102.939,0,0.0680924,0,0,3.01315,7915.94,415739,11651.2,0,0,0,415739,0,0,4163.03,101.2,8366.32,7915.94,0,0
01:11:15:01:40:43,88.0619,102.939,0,0.0694294,0,0,3.01315,7915.94,415739,11651.2,0,0,0,415739,0,0,4163.03,101.217,8366.32,7915.94,0,0
01:11:15:01:40:44,88.348,103.225,0,0.0694294,0,0,3.01315,7915.94,415739,11651.2,0,0,0,415739,0,0,4163.03,101.233,8366.32,7915.94,0,0
01:11:15:01:40:45,87.2036,102.653,0,0.0720997,0,0,3.01315,7915.94,415739,11651.2,0,0,0,415739,0,0,4163.03,101.25,8366.32,7915.94,0,0
01:11:15:01:40:46,87.2036,102.653,0,0.0720997,0,0,3.01315,7915.94,415739,11651.2,0,0,0,415739,0,0,4163.03,101.267,8366.32,7915.94,0,0
01:11:15:01:40:47,87.2036,102.653,0,0.0707626,0,0,3.01315,7915.94,415739,11651.2,0,0,0,415739,0,0,4163.03,101.283,8366.32,7915.94,0,0
01:11:15:01:40:48,86.9175,102.081,0,0.0694294,0,0,3.01315,7915.94,415739,11651.2,0,0,0,415739,0,0,4163.03,101.3,8366.32,7915.94,0,0
01:11:15:01:40:49,86.9175,102.367,0,0.0694294,0,0,3.01315,7915.94,415739,11651.2,0,0,0,415739,0,0,4163.03,101.317,8366.32,7915.94,0,0
01:11:15:01:40:50,86.6314,101.795,0,0.0680924,0,0,3.01315,7915.94,415739,11651.2,0,0,0,415739,0,0,4163.03,101.333,8366.32,7915.94,0,0
01:11:15:01:40:51,86.9175,102.367,0,0.0680924,0,0,3.01315,7915.94,415739,11651.2,0,0,0,415739,0,0,4163.03,101.35,8366.32,7915.94,0,0
01:11:15:01:40:52,86.9175,101.795,0,0.0694294,0,0,3.01315,7915.94,415739,11651.2,0,0,0,415739,0,0,4163.03,101.367,8366.32,7915.94,0,0
01:11:15:01:40:53,86.3453,101.795,0,0.0707626,0,0,3.01315,7915.94,415739,11651.2,0,0,0,415739,0,0,4163.03,101.383,8366.32,7915.94,0,0
01:11:15:01:40:54,86.9175,101.795,0,0.0680924,0,0,3.01315,7915.94,415739,11651.2,0,0,0,415739,0,0,4163.03,101.4,8366.32,7915.94,0,0
01:11:15:01:40:55,86.3453,102.081,0,0.0640869,0,0,3.01315,7915.94,415739,11651.2,0,0,0,415739,0,0,4163.03,101.417,8366.32,7915.94,0,0
01:11:15:01:40:56,86.9175,101.223,0,0.0680924,0,0,3.01315,7915.94,415739,11651.2,0,0,0,415739,0,0,4163.03,101.433,8366.32,7915.94,0,0
01:11:15:01:40:57,86.0592,101.795,0,0.0694294,0,0,3.01315,7915.94,415739,11651.2,0,0,0,415739,0,0,4163.03,101.45,8366.32,7915.94,0,0
01:11:15:01:40:58,86.3453,101.509,0,0.0667572,0,0,3.01315,7915.94,415739,11651.2,0,0,0,415739,0,0,4163.03,101.467,8366.32,7915.94,0,0
01:11:15:01:40:59,86.0592,101.223,0,0.0707626,0,0,3.01315,7915.94,415739,11651.2,0,0,0,415739,0,0,4163.03,101.483,8366.32,7915.94,0,0
01:11:15:01:41:00,85.7731,101.509,0,0.0667572,0,0,3.01315,7915.94,415739,11651.2,0,0,0,415739,0,0,4163.03,101.5,8366.32,7915.94,0,0
01:11:15:01:41:01,86.0592,101.223,0,0.0694294,0,0,3.01315,7915.94,415739,11651.2,0,0,0,415739,0,0,4163.03,101.517,8366.32,7915.94,0,0
01:11:15:01:41:02,86.0592,101.223,0,0.0667572,0,0,3.01315,7915.94,415739,11651.2,0,0,0,415739,0,0,4163.03,101.533,8366.32,7915.94,0,0
01:11:15:01:41:03,86.0592,100.936,0,0.0667572,0,0,3.01315,7915.94,415739,11651.2,0,0,0,415739,0,0,4163.03,101.55,8366.32,7915.94,0,0
01:11:15:01:41:04,86.3453,100.936,0,0.0694294,0,0,3.01315,7915.94,415739,11651.2,0,0,0,415739,0,0,4163.03,101.567,8366.32,7915.94,0,0
01:11:15:01:41:05,85.487,101.223,0,0.065424,0,0,3.01315,7915.94,415739,11651.2,0,0,0,415739,0,0,4163.03,101.583,8366.32,7915.94,0,0
01:11:15:01:41:06,85.487,100.65,0,0.0667572,0,0,3.01315,7915.94,415739,11651.2,0,0,0,415739,0,0,4163.03,101.6,8366.32,7915.94,0,0
01:11:15:01:41:07,85.487,100.65,0,0.065424,0,0,3.01315,7915.94,415739,11651.2,0,0,0,415739,0,0,4163.03,101.617,8366.32,7915.94,0,0
01:11:15:01:41:08,85.487,100.65,0,0.0627537,0,0,3.01315,7915.94,415739,11651.2,0,0,0,415739,0,0,4163.03,101.633,8366.32,7915.94,0,0
01:11:15:01:41:09,85.2009,100.65,0,0.065424,0,0,3.01315,7915.94,415739,11651.2,0,0,0,415739,0,0,4163.03,101.65,8366.32,7915.94,0,0
01:11:15:01:41:10,85.2009,100.364,0,0.065424,0,0,3.01315,7915.94,415739,11651.2,0,0,0,415739,0,0,4163.03,101.667,8366.32,7915.94,0,0
01:11:15:01:41:11,84.9148,100.65,0,0.0640869,0,0,3.01315,7915.94,415739,11651.2,0,0,0,415739,0,0,4163.03,101.683,8366.32,7915.94,0,0
01:11:15:01:41:12,85.2009,100.65,0,0.0667572,0,0,3.01315,7915.94,415739,11651.2,0,0,0,415739,0,0,4163.03,101.7,8366.32,7915.94,0,0
01:11:15:01:41:13,84.9148,100.364,0,0.065424,0,0,3.01315,7915.94,415739,11651.2,0,0,0,415739,0,0,4163.03,101.717,8366.32,7915.94,0,0
01:11:15:01:41:14,84.6287,100.364,0,0.065424,0,0,3.01315,7915.94,415739,11651.2,0,0,0,415739,0,0,4163.03,101.733,8366.32,7915.94,0,0
01:11:15:01:41:15,84.6287,100.078,0,0.0667572,0,0,3.01315,7915.94,415739,11651.2,0,0,0,415739,0,0,4163.03,101.75,8366.32,7915.94,0,0
01:11:15:01:41:16,84.0565,100.65,0,0.0640869,0,0,3.01315,7915.94,415739,11651.2,0,0,0,415739,0,0,4163.03,101.767,8366.32,7915.94,0,0
01:11:15:01:41:17,84.0565,99.792,0,0.0627537,0,0,3.01315,7915.94,415739,11651.2,0,0,0,415739,0,0,4163.03,101.783,8366.32,7915.94,0,0
01:11:15:01:41:18,84.0565,99.506,0,0.0627537,0,0,3.01315,7915.94,415739,11651.2,0,0,0,415739,0,0,4163.03,101.8,8366.32,7915.94,0,0
01:11:15:01:41:19,84.0565,99.2198,0,0.0640869,0,0,3.01315,7915.94,415739,11651.2,0,0,0,415739,0,0,4163.03,101.817,8366.32,7915.94,0,0
01:11:15:01:41:20,84.3426,99.506,0,0.065424,0,0,3.01315,7915.94,415739,11651.2,0,0,0,415739,0,0,4163.03,101.833,8366.32,7915.94,0,0
01:11:15:01:41:21,83.7704,98.9337,0,0.0680924,0,0,3.01315,7915.94,415739,11651.2,0,0,0,415739,0,0,4163.03,101.85,8366.32,7915.94,0,0
01:11:15:01:41:22,84.0565,99.2198,0,0.065424,0,0,3.01315,7915.94,415739,11651.2,0,0,0,415739,0,0,4163.03,101.867,8366.32,7915.94,0,0
01:11:15:01:41:23,83.7704,99.506,0,0.0680924,0,0,3.01315,7915.94,415739,11651.2,0,0,0,415739,0,0,4163.03,101.883,8366.32,7915.94,0,0
01:11:15:01:41:24,83.7704,98.9337,0,0.065424,0,0,3.01315,7915.94,415739,11651.2,0,0,0,415739,0,0,4163.03,101.9,8366.32,7915.94,0,0
01:11:15:01:41:25,83.7704,99.2198,0,0.0640869,0,0,3.01315,7915.94,415739,11651.2,0,0,0,415739,0,0,4163.03,101.917,8366.32,7915.94,0,0
01:11:15:01:41:26,83.4843,98.9337,0,0.0640869,0,0,3.01315,7915.94,415739,11651.2,0,0,0,415739,0,0,4163.03,101.933,8366.32,7915.94,0,0
01:11:15:01:41:27,83.1982,98.9337,0,0.065424,0,0,3.01315,7915.94,415739,11651.2,0,0,0,415739,0,0,4163.03,101.95,8366.32,7915.94,0,0
01:11:15:01:41:28,83.1982,98.9337,0,0.0694294,0,0,3.01315,7915.94,415739,11651.2,0,0,0,415739,0,0,4163.03,101.967,8366.32,7915.94,0,0
01:11:15:01:41:29,83.4843,98.6476,0,0.0694294,0,0,3.01315,7915.94,415739,11651.2,0,0,0,415739,0,0,4163.03,101.983,8366.32,7915.94,0,0
01:11:15:01:41:30,83.7704,98.6476,0,0.0680924,0,0,3.01315,7915.94,415739,11651.2,0,0,0,415739,0,0,4163.03,102,8366.32,7915.94,0,0
01:11:15:01:41:31,82.626,98.3615,0,0.0694294,0,0,3.01315,7915.94,415739,11651.2,0,0,0,415739,0,0,4163.03,102.017,8366.32,7915.94,0,0
01:11:15:01:41:32,83.4843,97.7893,0,0.0707626,0,0,3.01315,7915.94,415739,11651.2,0,0,0,415739,0,0,4163.03,102.033,8366.32,7915.94,0,0
01:11:15:01:41:33,82.3399,98.6476,0,0.065424,0,0,3.01315,7915.94,415739,11651.2,0,0,0,415739,0,0,4163.03,102.05,8366.32,7915.94,0,0
01:11:15:01:41:34,82.0538,98.0754,0,0.065424,0,0,3.01315,7915.94,415739,11651.2,0,0,0,415739,0,0,4163.03,102.067,8366.32,7915.94,0,0
01:11:15:01:41:35,82.9121,97.7893,0,0.0680924,0,0,3.01315,7915.94,415739,11651.2,0,0,0,415739,0,0,4163.03,102.083,8366.32,7915.94,0,0
01:11:15:01:41:36,82.3399,98.0754,0,0.0707626,0,0,3.01315,7915.94,415739,11651.2,0,0,0,415739,0,0,4163.03,102.1,8366.32,7915.94,0,0
01:11:15:01:41:37,82.626,97.5032,0,0.0680924,0,0,3.01315,7915.94,415739,11651.2,0,0,0,415739,0,0,4163.03,102.117,8366.32,7915.94,0,0
01:11:15:01:41:38,82.626,97.7893,0,0.0667572,0,0,3.01315,7915.94,415739,11651.2,0,0,0,415739,0,0,4163.03,102.133,8366.32,7915.94,0,0
01:11:15:01:41:39,82.3399,97.5032,0,0.065424,0,0,3.01315,7915.94,415739,11651.2,0,0,0,415739,0,0,4163.03,102.15,8366.32,7915.94,0,0
01:11:15:01:41:40,82.626,97.5032,0,0.0694294,0,0,3.01315,7915.94,415739,11651.2,0,0,0,415739,0,0,4163.03,102.167,8366.32,7915.94,0,0
01:11:15:01:41:41,82.0538,97.2171,0,0.0680924,0,0,3.01315,7915.94,415739,11651.2,0,0,0,415739,0,0,4163.03,102.183,8366.32,7915.94,0,0
01:11:15:01:41:42,82.626,96.931,0,0.0694294,0,0,3.01315,7915.94,415739,11651.2,0,0,0,415739,0,0,4163.03,102.2,8366.32,7915.94,0,0
01:11:15:01:41:43,82.0538,97.5032,0,0.0640869,0,0,3.01315,7915.94,415739,11651.2,0,0,0,415739,0,0,4163.03,102.217,8366.32,7915.94,0,0
01:11:15:01:41:44,82.0538,96.931,0,0.065424,0,0,3.01315,7915.94,415739,11651.2,0,0,0,415739,0,0,4163.03,102.233,8366.32,7915.94,0,0
01:11:15:01:41:45,81.4816,96.931,0,0.065424,0,0,3.01315,7915.94,415739,11651.2,0,0,0,415739,0,0,4163.03,102.25,8366.32,7915.94,0,0
01:11:15:01:41:46,81.7677,97.2171,0,0.065424,0,0,3.01315,7915.94,415739,11651.2,0,0,0,415739,0,0,4163.03,102.267,8366.32,7915.94,0,0
01:11:15:01:41:47,81.7677,97.2171,0,0.065424,0,0,3.01315,7915.94,415739,11651.2,0,0,0,415739,0,0,4163.03,102.283,8366.32,7915.94,0,0
01:11:15:01:41:48,81.4816,96.931,0,0.0627537,0,0,3.01315,7915.94,415739,11651.2,0,0,0,415739,0,0,4163.03,102.3,8366.32,7915.94,0,0
01:11:15:01:41:49,81.4816,97.5032,0,0.065424,0,0,3.01315,7915.94,415739,11651.2,0,0,0,415739,0,0,4163.03,102.317,8366.32,7915.94,0,0
01:11:15:01:41:50,80.9094,96.6449,0,0.065424,0,0,3.01315,7915.94,415739,11651.2,0,0,0,415739,0,0,4163.03,102.333,8366.32,7915.94,0,0
01:11:15:01:41:51,81.4816,96.931,0,0.0627537,0,0,3.01315,7915.94,415739,11651.2,0,0,0,415739,0,0,4163.03,102.35,8366.32,7915.94,0,0
01:11:15:01:41:52,81.4816,96.6449,0,0.0640869,0,0,3.01315,7915.94,415739,11651.2,0,0,0,415739,0,0,4163.03,102.367,8366.32,7915.94,0,0
01:11:15:01:41:53,81.1955,96.3588,0,0.065424,0,0,3.01315,7915.94,415739,11651.2,0,0,0,415739,0,0,4163.03,102.383,8366.32,7915.94,0,0
01:11:15:01:41:54,80.9094,96.3588,0,0.0627537,0,0,3.01315,7915.94,415739,11651.2,0,0,0,415739,0,0,4163.03,102.4,8366.32,7915.94,0,0
01:11:15:01:41:55,80.9094,96.0727,0,0.0640869,0,0,3.01315,7915.94,415739,11651.2,0,0,0,415739,0,0,4163.03,102.417,8366.32,7915.94,0,0
01:11:15:01:41:56,80.6233,96.3588,0,0.0680924,0,0,3.01315,7915.94,415739,11651.2,0,0,0,415739,0,0,4163.03,102.433,8366.32,7915.94,0,0
01:11:15:01:41:57,80.9094,95.7866,0,0.0667572,0,0,3.01315,7915.94,415739,11651.2,0,0,0,415739,0,0,4163.03,102.45,8366.32,7915.94,0,0
01:11:15:01:41:58,81.1955,96.3588,0,0.0627537,0,0,3.01315,7915.94,415739,11651.2,0,0,0,415739,0,0,4163.03,102.467,8366.32,7915.94,0,0
01:11:15:01:41:59,80.0511,95.7866,0,0.0667572,0,0,3.01315,7915.94,415739,11651.2,0,0,0,415739,0,0,4163.03,102.483,8366.32,7915.94,0,0
01:11:15:01:42:00,80.0511,96.0727,0,0.0640869,0,0,3.01315,7915.94,415739,11651.2,0,0,0,415739,0,0,4163.03,102.5,8366.32,7915.94,0,0
01:11:15:01:42:01,80.0511,95.7866,0,0.0667572,0,0,3.01315,7915.94,415739,11651.2,0,0,0,415739,0,0,4163.03,102.517,8366.32,7915.94,0,0
01:11:15:01:42:02,80.3372,95.5005,0,0.0640869,0,0,3.01315,7915.94,415739,11651.2,0,0,0,415739,0,0,4163.03,102.533,8366.32,7915.94,0,0
01:11:15:01:42:03,80.0511,96.0727,0,0.0667572,0,0,3.01315,7915.94,415739,11651.2,0,0,0,415739,0,0,4163.03,102.55,8366.32,7915.94,0,0
01:11:15:01:42:04,80.6233,95.5005,0,0.0627537,0,0,3.01315,7915.94,415739,11651.2,0,0,0,415739,0,0,4163.03,102.567,8366.32,7915.94,0,0
01:11:15:01:42:05,80.0511,95.5005,0,0.0627537,0,0,3.01315,7915.94,415739,11651.2,0,0,0,415739,0,0,4163.03,102.583,8366.32,7915.94,0,0
01:11:15:01:42:06,79.765,95.2144,0,0.0614185,0,0,3.01315,7915.94,415739,11651.2,0,0,0,415739,0,0,4163.03,102.6,8366.32,7915.94,0,0
01:11:15:01:42:07,79.765,95.7866,0,0.0640869,0,0,3.01315,7915.94,415739,11651.2,0,0,0,415739,0,0,4163.03,102.617,8366.32,7915.94,0,0
01:11:15:01:42:08,79.765,95.2144,0,0.0627537,0,0,3.01315,7915.94,415739,11651.2,0,0,0,415739,0,0,4163.03,102.633,8366.32,7915.94,0,0
01:11:15:01:42:09,79.4789,95.2144,0,0.0627537,0,0,3.01315,7915.94,415739,11651.2,0,0,0,415739,0,0,4163.03,102.65,8366.32,7915.94,0,0
01:11:15:01:42:10,78.9067,94.9283,0,0.0667572,0,0,3.01315,7915.94,415739,11651.2,0,0,0,415739,0,0,4163.03,102.667,8366.32,7915.94,0,0
01:11:15:01:42:11,79.4789,95.2144,0,0.0667572,0,0,3.01315,7915.94,415739,11651.2,0,0,0,415739,0,0,4163.03,102.683,8366.32,7915.94,0,0
01:11:15:01:42:12,78.9067,94.9283,0,0.065424,0,0,3.01315,7915.94,415739,11651.2,0,0,0,415739,0,0,4163.03,102.7,8366.32,7915.94,0,0
01:11:15:01:42:13,79.1928,94.07,0,0.0680924,0,0,3.01315,7915.94,415739,11651.2,0,0,0,415739,0,0,4163.03,102.717,8366.32,7915.94,0,0
01:11:15:01:42:14,79.1928,94.9283,0,0.0640869,0,0,3.01315,7915.94,415739,11651.2,0,0,0,415739,0,0,4163.03,102.733,8366.32,7915.94,0,0
01:11:15:01:42:15,78.9067,94.6422,0,0.0680924,0,0,3.01315,7915.94,415739,11651.2,0,0,0,415739,0,0,4163.03,102.75,8366.32,7915.94,0,0
01:11:15:01:42:16,78.6206,94.6422,0,0.0640869,0,0,3.01315,7915.94,415739,11651.2,0,0,0,415739,0,0,4163.03,102.767,8366.32,7915.94,0,0
01:11:15:01:42:17,78.9067,94.3561,0,0.0667572,0,0,3.01315,7915.94,415739,11651.2,0,0,0,415739,0,0,4163.03,102.783,8366.32,7915.94,0,0
01:11:15:01:42:18,78.9067,94.07,0,0.0640869,0,0,3.01315,7915.94,415739,11651.2,0,0,0,415739,0,0,4163.03,102.8,8366.32,7915.94,0,0
01:11:15:01:42:19,78.0484,93.7839,0,0.0614185,0,0,3.01315,7915.94,415739,11651.2,0,0,0,415739,0,0,4163.03,102.817,8366.32,7915.94,0,0
01:11:15:01:42:20,78.9067,94.3561,0,0.0627537,0,0,3.01315,7915.94,415739,11651.2,0,0,0,415739,0,0,4163.03,102.833,8366.32,7915.94,0,0
01:11:15:01:42:21,78.0484,93.7839,0,0.0614185,0,0,3.01315,7915.94,415739,11651.2,0,0,0,415739,0,0,4163.03,102.85,8366.32,7915.94,0,0
01:11:15:01:42:22,78.0484,93.7839,0,0.065424,0,0,3.01315,7915.94,415739,11651.2,0,0,0,415739,0,0,4163.03,102.867,8366.32,7915.94,0,0
01:11:15:01:42:23,78.3345,93.4978,0,0.0667572,0,0,3.01315,7915.94,415739,11651.2,0,0,0,415739,0,0,4163.03,102.883,8366.32,7915.94,0,0
01:11:15:01:42:24,78.0484,93.7839,0,0.065424,0,0,3.01315,7915.94,415739,11651.2,0,0,0,415739,0,0,4163.03,102.9,8366.32,7915.94,0,0
01:11:15:01:42:25,78.0484,93.4978,0,0.065424,0,0,3.01315,7915.94,415739,11651.2,0,0,0,415739,0,0,4163.03,102.917,8366.32,7915.94,0,0
01:11:15:01:42:26,78.0484,93.4978,0,0.065424,0,0,3.01315,7915.94,415739,11651.2,0,0,0,415739,0,0,4163.03,102.933,8366.32,7915.94,0,0
01:11:15:01:42:27,76.9039,92.6395,0,0.0667572,0,0,3.01315,7915.94,415739,11651.2,0,0,0,415739,0,0,4163.03,102.95,8366.32,7915.94,0,0
01:11:15:01:42:28,77.7623,93.2117,0,0.0694294,0,0,3.01315,7915.94,415739,11651.2,0,0,0,415739,0,0,4163.03,102.967,8366.32,7915.94,0,0
01:11:15:01:42:29,77.19,93.2117,0,0.0667572,0,0,3.01315,7915.94,415739,11651.2,0,0,0,415739,0,0,4163.03,102.983,8366.32,7915.94,0,0
01:11:15:01:42:30,77.4762,93.4978,0,0.0680924,0,0,3.01315,7915.94,415739,11651.2,0,0,0,415739,0,0,4163.03,103,8366.32,7915.94,0,0
01:11:15:01:42:31,77.4762,93.2117,0,0.0667572,0,0,3.01315,7915.94,415739,11651.2,0,0,0,415739,0,0,4163.03,103.017,8366.32,7915.94,0,0
01:11:15:01:42:32,77.4762,92.6395,0,0.0680924,0,0,3.01315,7915.94,415739,11651.2,0,0,0,415739,0,0,4163.03,103.033,8366.32,7915.94,0,0
01:11:15:01:42:33,77.19,92.6395,0,0.0694294,0,0,3.01315,7915.94,415739,11651.2,0,0,0,415739,0,0,4163.03,103.05,8366.32,7915.94,0,0
01:11:15:01:42:34,77.4762,92.9256,0,0.0707626,0,0,3.01315,7915.94,415739,11651.2,0,0,0,415739,0,0,4163.03,103.067,8366.32,7915.94,0,0
01:11:15:01:42:35,77.19,92.6395,0,0.0667572,0,0,3.01315,7915.94,415739,11651.2,0,0,0,415739,0,0,4163.03,103.083,8366.32,7915.94,0,0
01:11:15:01:42:36,76.9039,92.0673,0,0.0707626,0,0,3.01315,7915.94,415739,11651.2,0,0,0,415739,0,0,4163.03,103.1,8366.32,7915.94,0,0
01:11:15:01:42:37,76.9039,92.3534,0,0.0627537,0,0,3.01315,7915.94,415739,11651.2,0,0,0,415739,0,0,4163.03,103.117,8366.32,7915.94,0,0
01:11:15:01:42:38,76.3317,92.3534,0,0.0640869,0,0,3.01315,7915.94,415739,11651.2,0,0,0,415739,0,0,4163.03,103.133,8366.32,7915.94,0,0
01:11:15:01:42:39,76.3317,92.0673,0,0.0667572,0,0,3.01315,7915.94,415739,11651.2,0,0,0,415739,0,0,4163.03,103.15,8366.32,7915.94,0,0
01:11:15:01:42:40,76.9039,92.0673,0,0.065424,0,0,3.01315,7915.94,415739,11651.2,0,0,0,415739,0,0,4163.03,103.167,8366.32,7915.94,0,0
01:11:15:01:42:41,76.6179,92.3534,0,0.0640869,0,0,3.01315,7915.94,415739,11651.2,0,0,0,415739,0,0,4163.03,103.183,8366.32,7915.94,0,0
01:11:15:01:42:42,76.9039,92.0673,0,0.0707626,0,0,3.01315,7915.94,415739,11651.2,0,0,0,415739,0,0,4163.03,103.2,8366.32,7915.94,0,0
01:11:15:01:42:43,76.3317,92.0673,0,0.0627537,0,0,3.01315,7915.94,415739,11651.2,0,0,0,415739,0,0,4163.03,103.217,8366.32,7915.94,0,0
01:11:15:01:42:44,76.0456,91.7812,0,0.065424,0,0,3.01315,7915.94,415739,11651.2,0,0,0,415739,0,0,4163.03,103.233,8366.32,7915.94,0,0
01:11:15:01:42:45,75.7595,91.209,0,0.065424,0,0,3.01315,7915.94,415739,11651.2,0,0,0,415739,0,0,4163.03,103.25,8366.32,7915.94,0,0
01:11:15:01:42:46,75.4734,91.4951,0,0.0640869,0,0,3.01315,7915.94,415739,11651.2,0,0,0,415739,0,0,4163.03,103.267,8366.32,7915.94,0,0
01:11:15:01:42:47,76.0456,91.209,0,0.0680924,0,0,3.01315,7915.94,415739,11651.2,0,0,0,415739,0,0,4163.03,103.283,8366.32,7915.94,0,0
01:11:15:01:42:48,75.4734,91.209,0,0.0694294,0,0,3.01315,7915.94,415739,11651.2,0,0,0,415739,0,0,4163.03,103.3,8366.32,7915.94,0,0
01:11:15:01:42:49,75.4734,91.209,0,0.0680924,0,0,3.01315,7915.94,415739,11651.2,0,0,0,415739,0,0,4163.03,103.317,8366.32,7915.94,0,0
01:11:15:01:42:50,75.4734,90.9229,0,0.0680924,0,0,3.01315,7915.94,415739,11651.2,0,0,0,415739,0,0,4163.03,103.333,8366.32,7915.94,0,0
01:11:15:01:42:51,74.9012,90.9229,0,0.0667572,0,0,3.01315,7915.94,415739,11651.2,0,0,0,415739,0,0,4163.03,103.35,8366.32,7915.94,0,0
01:11:15:01:42:52,75.4734,90.9229,0,0.0640869,0,0,3.01315,7915.94,415739,11651.2,0,0,0,415739,0,0,4163.03,103.367,8366.32,7915.94,0,0
01:11:15:01:42:53,75.4734,90.0646,0,0.065424,0,0,3.01315,7915.94,415739,11651.2,0,0,0,415739,0,0,4163.03,103.383,8366.32,7915.94,0,0
01:11:15:01:42:54,75.1873,90.6368,0,0.0667572,0,0,3.01315,7915.94,415739,11651.2,0,0,0,415739,0,0,4163.03,103.4,8366.32,7915.94,0,0
01:11:15:01:42:55,74.6151,89.7785,0,0.0640869,0,0,3.01315,7915.94,415739,11651.2,0,0,0,415739,0,0,4163.03,103.417,8366.32,7915.94,0,0
01:11:15:01:42:56,74.9012,90.9229,0,0.065424,0,0,3.01315,7915.94,415739,11651.2,0,0,0,415739,0,0,4163.03,103.433,8366.32,7915.94,0,0
01:11:15:01:42:57,75.1873,89.7785,0,0.0667572,0,0,3.01315,7915.94,415739,11651.2,0,0,0,415739,0,0,4163.03,103.45,8366.32,7915.94,0,0
01:11:15:01:42:58,74.6151,90.3507,0,0.0627537,0,0,3.01315,7915.94,415739,11651.2,0,0,0,415739,0,0,4163.03,103.467,8366.32,7915.94,0,0
01:11:15:01:42:59,74.9012,90.0646,0,0.065424,0,0,3.01315,7915.94,415739,11651.2,0,0,0,415739,0,0,4163.03,103.483,8366.32,7915.94,0,0
01:11:15:01:43:00,74.329,90.0646,0,0.0640869,0,0,3.01315,7915.94,415739,11651.2,0,0,0,415739,0,0,4163.03,103.5,8366.32,7915.94,0,0
01:11:15:01:43:01,74.329,90.0646,0,0.065424,0,0,3.01315,7915.94,415739,11651.2,0,0,0,415739,0,0,4163.03,103.517,8366.32,7915.94,0,0
01:11:15:01:43:02,74.329,89.7785,0,0.0627537,0,0,3.01315,7915.94,415739,11651.2,0,0,0,415739,0,0,4163.03,103.533,8366.32,7915.94,0,0
01:11:15:01:43:03,74.329,89.4924,0,0.0680924,0,0,3.01315,7915.94,415739,11651.2,0,0,0,415739,0,0,4163.03,103.55,8366.32,7915.94,0,0
01:11:15:01:43:04,74.329,88.9202,0,0.065424,0,0,3.01315,7915.94,415739,11651.2,0,0,0,415739,0,0,4163.03,103.567,8366.32,7915.94,0,0
01:11:15:01:43:05,74.0429,89.2063,0,0.0667572,0,0,3.01315,7915.94,415739,11651.2,0,0,0,415739,0,0,4163.03,103.583,8366.32,7915.94,0,0
01:11:15:01:43:06,74.0429,88.9202,0,0.0627537,0,0,3.01315,7915.94,415739,11651.2,0,0,0,415739,0,0,4163.03,103.6,8366.32,7915.94,0,0
01:11:15:01:43:07,73.7568,88.9202,0,0.065424,0,0,3.01315,7915.94,415739,11651.2,0,0,0,415739,0,0,4163.03,103.617,8366.32,7915.94,0,0
01:11:15:01:43:08,73.4707,89.2063,0,0.0640869,0,0,3.01315,7915.94,415739,11651.2,0,0,0,415739,0,0,4163.03,103.633,8366.32,7915.94,0,0
01:11:15:01:43:09,73.1846,88.6341,0,0.065424,0,0,3.01315,7915.94,415739,11651.2,0,0,0,415739,0,0,4163.03,103.65,8366.32,7915.94,0,0
01:11:15:01:43:10,73.4707,88.9202,0,0.065424,0,0,3.01315,7915.94,415739,11651.2,0,0,0,415739,0,0,4163.03,103.667,8366.32,7915.94,0,0
01:11:15:01:43:11,73.4707,88.6341,0,0.065424,0,0,3.01315,7915.94,415739,11651.2,0,0,0,415739,0,0,4163.03,103.683,8366.32,7915.94,0,0
01:11:15:01:43:12,73.1846,88.6341,0,0.0667572,0,0,3.01315,7915.94,415739,11651.2,0,0,0,415739,0,0,4163.03,103.7,8366.32,7915.94,0,0
01:11:15:01:43:13,72.6124,88.6341,0,0.0614185,0,0,3.01315,7915.94,415739,11651.2,0,0,0,415739,0,0,4163.03,103.717,8366.32,7915.94,0,0
01:11:15:01:43:14,73.1846,88.348,0,0.0640869,0,0,3.01315,7915.94,415739,11651.2,0,0,0,415739,0,0,4163.03,103.733,8366.32,7915.94,0,0
01:11:15:01:43:15,73.1846,87.7758,0,0.0627537,0,0,3.01315,7915.94,415739,11651.2,0,0,0,415739,0,0,4163.03,103.75,8366.32,7915.94,0,0
01:11:15:01:43:16,72.3263,88.348,0,0.0667572,0,0,3.01315,7915.94,415739,11651.2,0,0,0,415739,0,0,4163.03,103.767,8366.32,7915.94,0,0
01:11:15:01:43:17,72.6124,88.0619,0,0.0667572,0,0,3.01315,7915.94,415739,11651.2,0,0,0,415739,0,0,4163.03,103.783,8366.32,7915.94,0,0
01:11:15:01:43:18,72.8985,88.0619,0,0.0640869,0,0,3.01315,7915.94,415739,11651.2,0,0,0,415739,0,0,4163.03,103.8,8366.32,7915.94,0,0
01:11:15:01:43:19,72.6124,87.2036,0,0.0694294,0,0,3.01315,7915.94,415739,11651.2,0,0,0,415739,0,0,4163.03,103.817,8366.32,7915.94,0,0
01:11:15:01:43:20,72.6124,87.7758,0,0.0667572,0,0,3.01315,7915.94,415739,11651.2,0,0,0,415739,0,0,4163.03,103.833,8366.32,7915.94,0,0
01:11:15:01:43:21,72.0402,87.4897,0,0.065424,0,0,3.01315,7915.94,415739,11651.2,0,0,0,415739,0,0,4163.03,103.85,8366.32,7915.94,0,0
01:11:15:01:43:22,71.7541,86.9175,0,0.065424,0,0,3.01315,7915.94,415739,11651.2,0,0,0,415739,0,0,4163.03,103.867,8366.32,7915.94,0,0
01:11:15:01:43:23,72.3263,87.7758,0,0.0627537,0,0,3.01315,7915.94,415739,11651.2,0,0,0,415739,0,0,4163.03,103.883,8366.32,7915.94,0,0
01:11:15:01:43:24,72.6124,86.6314,0,0.065424,0,0,3.01315,7915.94,415739,11651.2,0,0,0,415739,0,0,4163.03,103.9,8366.32,7915.94,0,0
01:11:15:01:43:25,72.3263,86.6314,0,0.0680924,0,0,3.01315,7915.94,415739,11651.2,0,0,0,415739,0,0,4163.03,103.917,8366.32,7915.94,0,0
01:11:15:01:43:26,71.7541,87.2036,0,0.0627537,0,0,3.01315,7915.94,415739,11651.2,0,0,0,415739,0,0,4163.03,103.933,8366.32,7915.94,0,0
01:11:15:01:43:27,71.468,86.9175,0,0.0667572,0,0,3.01315,7915.94,415739,11651.2,0,0,0,415739,0,0,4163.03,103.95,8366.32,7915.94,0,0
01:11:15:01:43:28,71.7541,86.6314,0,0.0667572,0,0,3.01315,7915.94,415739,11651.2,0,0,0,415739,0,0,4163.03,103.967,8366.32,7915.94,0,0
01:11:15:01:43:29,71.7541,87.4897,0,0.065424,0,0,3.01315,7915.94,415739,11651.2,0,0,0,415739,0,0,4163.03,103.983,8366.32,7915.94,0,0
01:11:15:01:43:30,70.8958,86.3453,0,0.0640869,0,0,3.01315,7915.94,415739,11651.2,0,0,0,415739,0,0,4163.03,104,8366.32,7915.94,0,0
01:11:15:01:43:31,70.8958,85.7731,0,0.065424,0,0,3.01315,7915.94,415739,11651.2,0,0,0,415739,0,0,4163.03,104.017,8366.32,7915.94,0,0
01:11:15:01:43:32,70.8958,85.7731,0,0.0667572,0,0,3.01315,7915.94,415739,11651.2,0,0,0,415739,0,0,4163.03,104.033,8366.32,7915.94,0,0
01:11:15:01:43:33,70.6097,86.6314,0,0.0667572,0,0,3.01315,7915.94,415739,11651.2,0,0,0,415739,0,0,4163.03,104.05,8366.32,7915.94,0,0
01:11:15:01:43:34,70.3236,86.0592,0,0.0640869,0,0,3.01315,7915.94,415739,11651.2,0,0,0,415739,0,0,4163.03,104.067,8366.32,7915.94,0,0
01:11:15:01:43:35,70.6097,85.7731,0,0.0640869,0,0,3.01315,7915.94,415739,11651.2,0,0,0,415739,0,0,4163.03,104.083,8366.32,7915.94,0,0
01:11:15:01:43:36,70.6097,84.9148,0,0.065424,0,0,3.01315,7915.94,415739,11651.2,0,0,0,415739,0,0,4163.03,104.1,8366.32,7915.94,0,0
01:11:15:01:43:37,70.6097,84.6287,0,0.065424,0,0,3.01315,7915.94,415739,11651.2,0,0,0,415739,0,0,4163.03,104.117,8366.32,7915.94,0,0
01:11:15:01:43:38,70.0375,84.9148,0,0.0614185,0,0,3.01315,7915.94,415739,11651.2,0,0,0,415739,0,0,4163.03,104.133,8366.32,7915.94,0,0
01:11:15:01:43:39,70.6097,84.9148,0,0.0640869,0,0,3.01315,7915.94,415739,11651.2,0,0,0,415739,0,0,4163.03,104.15,8366.32,7915.94,0,0
01:11:15:01:43:40,70.3236,84.9148,0,0.0627537,0,0,3.01315,7915.94,415739,11651.2,0,0,0,415739,0,0,4163.03,104.167,8366.32,7915.94,0,0
01:11:15:01:43:41,70.3236,84.9148,0,0.065424,0,0,3.01315,7915.94,415739,11651.2,0,0,0,415739,0,0,4163.03,104.183,8366.32,7915.94,0,0
01:11:15:01:43:42,70.0375,84.6287,0,0.0627537,0,0,3.01315,7915.94,415739,11651.2,0,0,0,415739,0,0,4163.03,104.2,8366.32,7915.94,0,0
01:11:15:01:43:43,69.4653,84.3426,0,0.0640869,0,0,3.01315,7915.94,415739,11651.2,0,0,0,415739,0,0,4163.03,104.217,8366.32,7915.94,0,0
01:11:15:01:43:44,69.4653,84.0565,0,0.065424,0,0,3.01315,7915.94,415739,11651.2,0,0,0,415739,0,0,4163.03,104.233,8366.32,7915.94,0,0
01:11:15:01:43:45,68.8931,83.7704,0,0.0667572,0,0,3.01315,7915.94,415739,11651.2,0,0,0,415739,0,0,4163.03,104.25,8366.32,7915.94,0,0
01:11:15:01:43:46,68.8931,84.0565,0,0.0627537,0,0,3.01315,7915.94,415739,11651.2,0,0,0,415739,0,0,4163.03,104.267,8366.32,7915.94,0,0
01:11:15:01:43:47,68.607,84.3426,0,0.0627537,0,0,3.01315,7915.94,415739,11651.2,0,0,0,415739,0,0,4163.03,104.283,8366.32,7915.94,0,0
01:11:15:01:43:48,69.1792,84.0565,0,0.065424,0,0,3.01315,7915.94,415739,11651.2,0,0,0,415739,0,0,4163.03,104.3,8366.32,7915.94,0,0
01:11:15:01:43:49,68.8931,83.4843,0,0.0640869,0,0,3.01315,7915.94,415739,11651.2,0,0,0,415739,0,0,4163.03,104.317,8366.32,7915.94,0,0
01:11:15:01:43:50,68.3209,82.9121,0,0.0627537,0,0,3.01315,7915.94,415739,11651.2,0,0,0,415739,0,0,4163.03,104.333,8366.32,7915.94,0,0
01:11:15:01:43:51,68.0348,83.4843,0,0.065424,0,0,3.01315,7915.94,415739,11651.2,0,0,0,415739,0,0,4163.03,104.35,8366.32,7915.94,0,0
01:11:15:01:43:52,68.3209,82.626,0,0.065424,0,0,3.01315,7915.94,415739,11651.2,0,0,0,415739,0,0,4163.03,104.367,8366.32,7915.94,0,0
01:11:15:01:43:53,68.3209,82.3399,0,0.0680924,0,0,3.01315,7915.94,415739,11651.2,0,0,0,415739,0,0,4163.03,104.383,8366.32,7915.94,0,0
01:11:15:01:43:54,67.4626,82.626,0,0.0680924,0,0,3.01315,7915.94,415739,11651.2,0,0,0,415739,0,0,4163.03,104.4,8366.32,7915.94,0,0
01:11:15:01:43:55,68.0348,82.0538,0,0.0707626,0,0,3.01315,7915.94,415739,11651.2,0,0,0,415739,0,0,4163.03,104.417,8366.32,7915.94,0,0
01:11:15:01:43:56,66.8904,82.626,0,0.0640869,0,0,3.01315,7915.94,415739,11651.2,0,0,0,415739,0,0,4163.03,104.433,8366.32,7915.94,0,0
01:11:15:01:43:57,66.8904,83.1982,0,0.0667572,0,0,3.01315,7915.94,415739,11651.2,0,0,0,415739,0,0,4163.03,104.45,8366.32,7915.94,0,0
01:11:15:01:43:58,66.8904,81.7677,0,0.0667572,0,0,3.01315,7915.94,415739,11651.2,0,0,0,415739,0,0,4163.03,104.467,8366.32,7915.94,0,0
01:11:15:01:43:59,66.6043,81.4816,0,0.0667572,0,0,3.01315,7915.94,415739,11651.2,0,0,0,415739,0,0,4163.03,104.483,8366.32,7915.94,0,0
01:11:15:01:44:00,66.8904,80.9094,0,0.0667572,0,0,3.01315,7915.94,415739,11651.2,0,0,0,415739,0,0,4163.03,104.5,8366.32,7915.94,0,0
01:11:15:01:44:01,66.0321,81.4816,0,0.065424,0,0,3.01315,7915.94,415739,11651.2,0,0,0,415739,0,0,4163.03,104.517,8366.32,7915.94,0,0
01:11:15:01:44:02,66.6043,81.4816,0,0.0667572,0,0,3.01315,7915.94,415739,11651.2,0,0,0,415739,0,0,4163.03,104.533,8366.32,7915.94,0,0
01:11:15:01:44:03,66.0321,81.1955,0,0.0707626,0,0,3.01315,7915.94,415739,11651.2,0,0,0,415739,0,0,4163.03,104.55,8366.32,7915.94,0,0
01:11:15:01:44:04,66.0321,81.1955,0,0.0640869,0,0,3.01315,7915.94,415739,11651.2,0,0,0,415739,0,0,4163.03,104.567,8366.32,7915.94,0,0
01:11:15:01:44:05,66.0321,81.1955,0,0.0680924,0,0,3.01315,7915.94,415739,11651.2,0,0,0,415739,0,0,4163.03,104.583,8366.32,7915.94,0,0
01:11:15:01:44:06,65.746,80.6233,0,0.0667572,0,0,3.01315,7915.94,415739,11651.2,0,0,0,415739,0,0,4163.03,104.6,8366.32,7915.94,0,0
01:11:15:01:44:07,65.1738,80.3372,0,0.065424,0,0,3.01315,7915.94,415739,11651.2,0,0,0,415739,0,0,4163.03,104.617,8366.32,7915.94,0,0
01:11:15:01:44:08,65.4599,80.0511,0,0.065424,0,0,3.01315,7915.94,415739,11651.2,0,0,0,415739,0,0,4163.03,104.633,8366.32,7915.94,0,0
01:11:15:01:44:09,65.4599,79.765,0,0.065424,0,0,3.01315,7915.94,415739,11651.2,0,0,0,415739,0,0,4163.03,104.65,8366.32,7915.94,0,0
01:11:15:01:44:10,64.3155,79.4789,0,0.0614185,0,0,3.01315,7915.94,415739,11651.2,0,0,0,415739,0,0,4163.03,104.667,8366.32,7915.94,0,0
01:11:15:01:44:11,64.0294,79.4789,0,0.0640869,0,0,3.01315,7915.94,415739,11651.2,0,0,0,415739,0,0,4163.03,104.683,8366.32,7915.94,0,0
01:11:15:01:44:12,63.4572,79.1928,0,0.0640869,0,0,3.01315,7915.94,415739,11651.2,0,0,0,415739,0,0,4163.03,104.7,8366.32,7915.94,0,0
01:11:15:01:44:13,64.0294,78.9067,0,0.065424,0,0,3.01315,7915.94,415739,11651.2,0,0,0,415739,0,0,4163.03,104.717,8366.32,7915.94,0,0
01:11:15:01:44:14,63.7433,78.6206,0,0.0680924,0,0,3.01315,7915.94,415739,11651.2,0,0,0,415739,0,0,4163.03,104.733,8366.32,7915.94,0,0
01:11:15:01:44:15,63.1711,78.6206,0,0.065424,0,0,3.01315,7915.94,415739,11651.2,0,0,0,415739,0,0,4163.03,104.75,8366.32,7915.94,0,0
01:11:15:01:44:16,63.1711,78.0484,0,0.0667572,0,0,3.01315,7915.94,415739,11651.2,0,0,0,415739,0,0,4163.03,104.767,8366.32,7915.94,0,0
01:11:15:01:44:17,62.5989,77.4762,0,0.0694294,0,0,3.01315,7915.94,415739,11651.2,0,0,0,415739,0,0,4163.03,104.783,8366.32,7915.94,0,0
01:11:15:01:44:18,62.885,77.4762,0,0.0640869,0,0,3.01315,7915.94,415739,11651.2,0,0,0,415739,0,0,4163.03,104.8,8366.32,7915.94,0,0
01:11:15:01:44:19,61.7406,77.7623,0,0.0694294,0,0,3.01315,7915.94,415739,11651.2,0,0,0,415739,0,0,4163.03,104.817,8366.32,7915.94,0,0
01:11:15:01:44:20,61.4545,77.19,0,0.0640869,0,0,3.01315,7915.94,415739,11651.2,0,0,0,415739,0,0,4163.03,104.833,8366.32,7915.94,0,0
01:11:15:01:44:21,62.0267,76.3317,0,0.0667572,0,0,3.01315,7915.94,415739,11651.2,0,0,0,415739,0,0,4163.03,104.85,8366.32,7915.94,0,0
01:11:15:01:44:22,61.4545,76.3317,0,0.065424,0,0,3.01315,7915.94,415739,11651.2,0,0,0,415739,0,0,4163.03,104.867,8366.32,7915.94,0,0
01:11:15:01:44:23,61.1684,76.3317,0,0.065424,0,0,3.01315,7915.94,415739,11651.2,0,0,0,415739,0,0,4163.03,104.883,8366.32,7915.94,0,0
01:11:15:01:44:24,61.4545,75.7595,0,0.0627537,0,0,3.01315,7915.94,415739,11651.2,0,0,0,415739,0,0,4163.03,104.9,8366.32,7915.94,0,0
01:11:15:01:44:25,60.3101,75.4734,0,0.0640869,0,0,3.01315,7915.94,415739,11651.2,0,0,0,415739,0,0,4163.03,104.917,8366.32,7915.94,0,0
01:11:15:01:44:26,60.024,75.4734,0,0.0640869,0,0,3.01315,7915.94,415739,11651.2,0,0,0,415739,0,0,4163.03,104.933,8366.32,7915.94,0,0
01:11:15:01:44:27,59.4518,74.329,0,0.0600815,0,0,3.01315,7915.94,415739,11651.2,0,0,0,415739,0,0,4163.03,104.95,8366.32,7915.94,0,0
01:11:15:01:44:28,58.8796,74.0429,0,0.0614185,0,0,3.01315,7915.94,415739,11651.2,0,0,0,415739,0,0,4163.03,104.967,8366.32,7915.94,0,0
01:11:15:01:44:29,59.4518,73.7568,0,0.0614185,0,0,3.01315,7915.94,415739,11651.2,0,0,0,415739,0,0,4163.03,104.983,8366.32,7915.94,0,0
01:11:15:01:44:30,58.8796,73.7568,0,0.0627537,0,0,3.01315,7915.94,415739,11651.2,0,0,0,415739,0,0,4163.03,105,8366.32,7915.94,0,0
01:11:15:01:44:31,58.5935,73.1846,0,0.0640869,0,0,3.01315,7915.94,415739,11651.2,0,0,0,415739,0,0,4163.03,105.017,8366.32,7915.94,0,0
01:11:15:01:44:32,57.7352,73.4707,0,0.0640869,0,0,3.01315,7915.94,415739,11651.2,0,0,0,415739,0,0,4163.03,105.033,8366.32,7915.94,0,0
01:11:15:01:44:33,58.3074,72.6124,0,0.065424,0,0,3.01315,7915.94,415739,11651.2,0,0,0,415739,0,0,4163.03,105.05,8366.32,7915.94,0,0
01:11:15:01:44:34,57.4491,72.0402,0,0.0640869,0,0,3.01315,7915.94,415739,11651.2,0,0,0,415739,0,0,4163.03,105.067,8366.32,7915.94,0,0
01:11:15:01:44:35,56.8769,71.7541,0,0.065424,0,0,3.01315,7915.94,415739,11651.2,0,0,0,415739,0,0,4163.03,105.083,8366.32,7915.94,0,0
01:11:15:01:44:36,56.5908,71.1819,0,0.065424,0,0,3.01315,7915.94,415739,11651.2,0,0,0,415739,0,0,4163.03,105.1,8366.32,7915.94,0,0
01:11:15:01:44:37,56.3047,70.6097,0,0.0627537,0,0,3.01315,7915.94,415739,11651.2,0,0,0,415739,0,0,4163.03,105.117,8366.32,7915.94,0,0
01:11:15:01:44:38,55.7325,70.0375,0,0.0640869,0,0,3.01315,7915.94,415739,11651.2,0,0,0,415739,0,0,4163.03,105.133,8366.32,7915.94,0,0
01:11:15:01:44:39,55.4464,70.0375,0,0.0707626,0,0,3.01315,7915.94,415739,11651.2,0,0,0,415739,0,0,4163.03,105.15,8366.32,7915.94,0,0
01:11:15:01:44:40,54.302,69.4653,0,0.0680924,0,0,3.01315,7915.94,415739,11651.2,0,0,0,415739,0,0,4163.03,105.167,8366.32,7915.94,0,0
01:11:15:01:44:41,54.0159,69.4653,0,0.0680924,0,0,3.01315,7915.94,415739,11651.2,0,0,0,415739,0,0,4163.03,105.183,8366.32,7915.94,0,0
01:11:15:01:44:42,54.0159,68.8931,0,0.0640869,0,0,3.01315,7915.94,415739,11651.2,0,0,0,415739,0,0,4163.03,105.2,8366.32,7915.94,0,0
01:11:15:01:44:43,53.1576,68.607,0,0.0640869,0,0,3.01315,7915.94,415739,11651.2,0,0,0,415739,0,0,4163.03,105.217,8366.32,7915.94,0,0
01:11:15:01:44:44,53.1576,67.4626,0,0.065424,0,0,3.01315,7915.94,415739,11651.2,0,0,0,415739,0,0,4163.03,105.233,8366.32,7915.94,0,0
01:11:15:01:44:45,52.5853,66.8904,0,0.0640869,0,0,3.01315,7915.94,415739,11651.2,0,0,0,415739,0,0,4163.03,105.25,8366.32,7915.94,0,0
01:11:15:01:44:46,51.727,66.0321,0,0.0640869,0,0,3.01315,7915.94,415739,11651.2,0,0,0,415739,0,0,4163.03,105.267,8366.32,7915.94,0,0
01:11:15:01:44:47,51.1548,65.746,0,0.0640869,0,0,3.01315,7915.94,415739,11651.2,0,0,0,415739,0,0,4163.03,105.283,8366.32,7915.94,0,0
01:11:15:01:44:48,50.5826,65.746,0,0.065424,0,0,3.01315,7915.94,415739,11651.2,0,0,0,415739,0,0,4163.03,105.3,8366.32,7915.94,0,0
01:11:15:01:44:49,50.2965,65.1738,0,0.065424,0,0,3.01315,7915.94,415739,11651.2,0,0,0,415739,0,0,4163.03,105.317,8366.32,7915.94,0,0
01:11:15:01:44:50,49.1521,64.0294,0,0.0667572,0,0,3.01315,7915.94,415739,11651.2,0,0,0,415739,0,0,4163.03,105.333,8366.32,7915.94,0,0
01:11:15:01:44:51,48.5799,62.885,0,0.0640869,0,0,3.01315,7915.94,415739,11651.2,0,0,0,415739,0,0,4163.03,105.35,8366.32,7915.94,0,0
01:11:15:01:44:52,47.4355,62.3128,0,0.0667572,0,0,3.01315,7915.94,415739,11651.2,0,0,0,415739,0,0,4163.03,105.367,8366.32,7915.94,0,0
01:11:15:01:44:53,47.4355,62.0267,0,0.0694294,0,0,3.01315,7915.94,415739,11651.2,0,0,0,415739,0,0,4163.03,105.383,8366.32,7915.94,0,0
01:11:15:01:44:54,46.005,61.7406,0,0.0680924,0,0,3.01315,7915.94,415739,11651.2,0,0,0,415739,0,0,4163.03,105.4,8366.32,7915.94,0,0
01:11:15:01:44:55,45.1467,60.3101,0,0.065424,0,0,3.01315,7915.94,415739,11651.2,0,0,0,415739,0,0,4163.03,105.417,8366.32,7915.94,0,0
01:11:15:01:44:56,44.5745,59.7379,0,0.065424,0,0,3.01315,7915.94,415739,11651.2,0,0,0,415739,0,0,4163.03,105.433,8366.32,7915.94,0,0
01:11:15:01:44:57,44.2884,60.024,0,0.0640869,0,0,3.01315,7915.94,415739,11651.2,0,0,0,415739,0,0,4163.03,105.45,8366.32,7915.94,0,0
01:11:15:01:44:58,44.8606,60.024,0,0.0707626,0,0,3.01315,7915.94,415739,11651.2,0,0,0,415739,0,0,4163.03,105.467,8366.32,7915.94,0,0
01:11:15:01:44:59,44.2884,59.1657,0,0.0707626,0,0,3.01315,7915.94,415739,11651.2,0,0,0,415739,0,0,4163.03,105.483,8366.32,7915.94,0,0
01:11:15:01:45:00,45.4328,60.024,0,0.0680924,0,0,3.01315,7915.94,415739,11651.2,0,0,0,415739,0,0,4163.03,105.5,8366.32,7915.94,0,0
01:11:15:01:45:01,45.1467,60.024,0,0.0707626,0,0,3.01315,7915.94,415739,11651.2,0,0,0,415739,0,0,4163.03,105.517,8366.32,7915.94,0,0
01:11:15:01:45:02,44.8606,60.3101,0,0.0667572,0,0,3.01315,7915.94,415739,11651.2,0,0,0,415739,0,0,4163.03,105.533,8366.32,7915.94,0,0
01:11:15:01:45:03,44.8606,60.024,0,0.0680924,0,0,3.01315,7915.94,415739,11651.2,0,0,0,415739,0,0,4163.03,105.55,8366.32,7915.94,0,0
01:11:15:01:45:04,44.2884,60.024,0,0.0694294,0,0,3.01315,7915.94,415739,11651.2,0,0,0,415739,0,0,4163.03,105.567,8366.32,7915.94,0,0
01:11:15:01:45:05,44.8606,60.024,0,0.0640869,0,0,3.01315,7915.94,415739,11651.2,0,0,0,415739,0,0,4163.03,105.583,8366.32,7915.94,0,0
01:11:15:01:45:06,44.8606,59.7379,0,0.0680924,0,0,3.01315,7915.94,415739,11651.2,0,0,0,415739,0,0,4163.03,105.6,8366.32,7915.94,0,0
01:11:15:01:45:07,45.1467,59.7379,0,0.0667572,0,0,3.01315,7915.94,415739,11651.2,0,0,0,415739,0,0,4163.03,105.617,8366.32,7915.94,0,0
01:11:15:01:45:08,44.8606,59.7379,0,0.0694294,0,0,3.01315,7915.94,415739,11651.2,0,0,0,415739,0,0,4163.03,105.633,8366.32,7915.94,0,0
01:11:15:01:45:09,44.8606,60.3101,0,0.0667572,0,0,3.01315,7915.94,415739,11651.2,0,0,0,415739,0,0,4163.03,105.65,8366.32,7915.94,0,0
01:11:15:01:45:10,44.8606,59.7379,0,0.0667572,0,0,3.01315,7915.94,415739,11651.2,0,0,0,415739,0,0,4163.03,105.667,8366.32,7915.94,0,0
01:11:15:01:45:11,44.8606,59.7379,0,0.0640869,0,0,3.01315,7915.94,415739,11651.2,0,0,0,415739,0,0,4163.03,105.683,8366.32,7915.94,0,0
01:11:15:01:45:12,44.2884,60.024,0,0.0667572,0,0,3.01315,7915.94,415739,11651.2,0,0,0,415739,0,0,4163.03,105.7,8366.32,7915.94,0,0
01:11:15:01:45:13,44.5745,60.024,0,0.0667572,0,0,3.01315,7915.94,415739,11651.2,0,0,0,415739,0,0,4163.03,105.717,8366.32,7915.94,0,0
01:11:15:01:45:14,44.2884,59.7379,0,0.0667572,0,0,3.01315,7915.94,415739,11651.2,0,0,0,415739,0,0,4163.03,105.733,8366.32,7915.94,0,0
01:11:15:01:45:15,44.8606,59.7379,0,0.0667572,0,0,3.01315,7915.94,415739,11651.2,0,0,0,415739,0,0,4163.03,105.75,8366.32,7915.94,0,0
01:11:15:01:45:16,44.5745,60.024,0,0.0640869,0,0,3.01315,7915.94,415739,11651.2,0,0,0,415739,0,0,4163.03,105.767,8366.32,7915.94,0,0
01:11:15:01:45:17,44.2884,60.024,0,0.065424,0,0,3.01315,7915.94,415739,11651.2,0,0,0,415739,0,0,4163.03,105.783,8366.32,7915.94,0,0
01:11:15:01:45:18,44.5745,60.024,0,0.0614185,0,0,3.01315,7915.94,415739,11651.2,0,0,0,415739,0,0,4163.03,105.8,8366.32,7915.94,0,0
01:11:15:01:45:19,44.8606,59.7379,0,0.0614185,0,0,3.01315,7915.94,415739,11651.2,0,0,0,415739,0,0,4163.03,105.817,8366.32,7915.94,0,0
01:11:15:01:45:20,44.5745,59.1657,0,0.065424,0,0,3.01315,7915.94,415739,11651.2,0,0,0,415739,0,0,4163.03,105.833,8366.32,7915.94,0,0
01:11:15:01:45:21,44.2884,59.4518,0,0.0680924,0,0,3.01315,7915.94,415739,11651.2,0,0,0,415739,0,0,4163.03,105.85,8366.32,7915.94,0,0
01:11:15:01:45:22,44.2884,59.1657,0,0.065424,0,0,3.01315,7915.94,415739,11651.2,0,0,0,415739,0,0,4163.03,105.867,8366.32,7915.94,0,0
01:11:15:01:45:23,44.2884,59.4518,0,0.0680924,0,0,3.01315,7915.94,415739,11651.2,0,0,0,415739,0,0,4163.03,105.883,8366.32,7915.94,0,0
01:11:15:01:45:24,44.2884,59.4518,0,0.0627537,0,0,3.01315,7915.94,415739,11651.2,0,0,0,415739,0,0,4163.03,105.9,8366.32,7915.94,0,0
01:11:15:01:45:25,44.2884,59.4518,0,0.0640869,0,0,3.01315,7915.94,415739,11651.2,0,0,0,415739,0,0,4163.03,105.917,8366.32,7915.94,0,0
01:11:15:01:45:26,44.0023,59.4518,0,0.065424,0,0,3.01315,7915.94,415739,11651.2,0,0,0,415739,0,0,4163.03,105.933,8366.32,7915.94,0,0
01:11:15:01:45:27,44.5745,59.1657,0,0.065424,0,0,3.01315,7915.94,415739,11651.2,0,0,0,415739,0,0,4163.03,105.95,8366.32,7915.94,0,0
01:11:15:01:45:28,44.8606,59.1657,0,0.0667572,0,0,3.01315,7915.94,415739,11651.2,0,0,0,415739,0,0,4163.03,105.967,8366.32,7915.94,0,0
01:11:15:01:45:29,44.0023,59.1657,0,0.0680924,0,0,3.01315,7915.94,415739,11651.2,0,0,0,415739,0,0,4163.03,105.983,8366.32,7915.94,0,0
01:11:15:01:45:30,43.7162,58.8796,0,0.0667572,0,0,3.01315,7915.94,415739,11651.2,0,0,0,415739,0,0,4163.03,106,8366.32,7915.94,0,0
01:11:15:01:45:31,43.7162,58.5935,0,0.0694294,0,0,3.01315,7915.94,415739,11651.2,0,0,0,415739,0,0,4163.03,106.017,8366.32,7915.94,0,0
01:11:15:01:45:32,44.0023,58.8796,0,0.0667572,0,0,3.01315,7915.94,415739,11651.2,0,0,0,415739,0,0,4163.03,106.033,8366.32,7915.94,0,0
01:11:15:01:45:33,44.0023,59.4518,0,0.0694294,0,0,3.01315,7915.94,415739,11651.2,0,0,0,415739,0,0,4163.03,106.05,8366.32,7915.94,0,0
01:11:15:01:45:34,44.2884,58.8796,0,0.0694294,0,0,3.01315,7915.94,415739,11651.2,0,0,0,415739,0,0,4163.03,106.067,8366.32,7915.94,0,0
01:11:15:01:45:35,43.4301,58.8796,0,0.0667572,0,0,3.01315,7915.94,415739,11651.2,0,0,0,415739,0,0,4163.03,106.083,8366.32,7915.94,0,0
01:11:15:01:45:36,44.2884,58.8796,0,0.0667572,0,0,3.01315,7915.94,415739,11651.2,0,0,0,415739,0,0,4163.03,106.1,8366.32,7915.94,0,0
01:11:15:01:45:37,44.0023,59.1657,0,0.0667572,0,0,3.01315,7915.94,415739,11651.2,0,0,0,415739,0,0,4163.03,106.117,8366.32,7915.94,0,0
01:11:15:01:45:38,44.2884,59.4518,0,0.0680924,0,0,3.01315,7915.94,415739,11651.2,0,0,0,415739,0,0,4163.03,106.133,8366.32,7915.94,0,0
01:11:15:01:45:39,44.0023,59.1657,0,0.0667572,0,0,3.01315,7915.94,415739,11651.2,0,0,0,415739,0,0,4163.03,106.15,8366.32,7915.94,0,0
01:11:15:01:45:40,43.7162,59.1657,0,0.0680924,0,0,3.01315,7915.94,415739,11651.2,0,0,0,415739,0,0,4163.03,106.167,8366.32,7915.94,0,0
01:11:15:01:45:41,44.0023,58.5935,0,0.0627537,0,0,3.01315,7915.94,415739,11651.2,0,0,0,415739,0,0,4163.03,106.183,8366.32,7915.94,0,0
01:11:15:01:45:42,43.7162,58.3074,0,0.0667572,0,0,3.01315,7915.94,415739,11651.2,0,0,0,415739,0,0,4163.03,106.2,8366.32,7915.94,0,0
01:11:15:01:45:43,44.0023,58.5935,0,0.0680924,0,0,3.01315,7915.94,415739,11651.2,0,0,0,415739,0,0,4163.03,106.217,8366.32,7915.94,0,0
01:11:15:01:45:44,43.7162,58.3074,0,0.065424,0,0,3.01315,7915.94,415739,11651.2,0,0,0,415739,0,0,4163.03,106.233,8366.32,7915.94,0,0
01:11:15:01:45:45,44.0023,58.3074,0,0.0680924,0,0,3.01315,7915.94,415739,11651.2,0,0,0,415739,0,0,4163.03,106.25,8366.32,7915.94,0,0
01:11:15:01:45:46,43.4301,58.8796,0,0.065424,0,0,3.01315,7915.94,415739,11651.2,0,0,0,415739,0,0,4163.03,106.267,8366.32,7915.94,0,0
01:11:15:01:45:47,43.7162,58.5935,0,0.0640869,0,0,3.01315,7915.94,415739,11651.2,0,0,0,415739,0,0,4163.03,106.283,8366.32,7915.94,0,0
01:11:15:01:45:48,44.0023,58.3074,0,0.065424,0,0,3.01315,7915.94,415739,11651.2,0,0,0,415739,0,0,4163.03,106.3,8366.32,7915.94,0,0
01:11:15:01:45:49,43.4301,58.0213,0,0.0640869,0,0,3.01315,7915.94,415739,11651.2,0,0,0,415739,0,0,4163.03,106.317,8366.32,7915.94,0,0
01:11:15:01:45:50,43.144,58.3074,0,0.065424,0,0,3.01315,7915.94,415739,11651.2,0,0,0,415739,0,0,4163.03,106.333,8366.32,7915.94,0,0
01:11:15:01:45:51,43.144,58.8796,0,0.0627537,0,0,3.01315,7915.94,415739,11651.2,0,0,0,415739,0,0,4163.03,106.35,8366.32,7915.94,0,0
01:11:15:01:45:52,43.4301,58.0213,0,0.0614185,0,0,3.01315,7915.94,415739,11651.2,0,0,0,415739,0,0,4163.03,106.367,8366.32,7915.94,0,0
01:11:15:01:45:53,43.4301,58.5935,0,0.0614185,0,0,3.01315,7915.94,415739,11651.2,0,0,0,415739,0,0,4163.03,106.383,8366.32,7915.94,0,0
01:11:15:01:45:54,43.144,58.5935,0,0.0600815,0,0,3.01315,7915.94,415739,11651.2,0,0,0,415739,0,0,4163.03,106.4,8366.32,7915.94,0,0
01:11:15:01:45:55,43.144,58.0213,0,0.0640869,0,0,3.01315,7915.94,415739,11651.2,0,0,0,415739,0,0,4163.03,106.417,8366.32,7915.94,0,0
01:11:15:01:45:56,43.4301,58.0213,0,0.0627537,0,0,3.01315,7915.94,415739,11651.2,0,0,0,415739,0,0,4163.03,106.433,8366.32,7915.94,0,0
01:11:15:01:45:57,43.4301,58.3074,0,0.0614185,0,0,3.01315,7915.94,415739,11651.2,0,0,0,415739,0,0,4163.03,106.45,8366.32,7915.94,0,0
01:11:15:01:45:58,43.144,58.0213,0,0.0614185,0,0,3.01315,7915.94,415739,11651.2,0,0,0,415739,0,0,4163.03,106.467,8366.32,7915.94,0,0
01:11:15:01:45:59,42.8579,57.7352,0,0.0627537,0,0,3.01315,7915.94,415739,11651.2,0,0,0,415739,0,0,4163.03,106.483,8366.32,7915.94,0,0
01:11:15:01:46:00,43.144,58.3074,0,0.065424,0,0,3.01315,7915.94,415739,11651.2,0,0,0,415739,0,0,4163.03,106.5,8366.32,7915.94,0,0
01:11:15:01:46:01,42.8579,58.0213,0,0.0667572,0,0,3.01315,7915.94,415739,11651.2,0,0,0,415739,0,0,4163.03,106.517,8366.32,7915.94,0,0
01:11:15:01:46:02,43.4301,57.4491,0,0.0640869,0,0,3.01315,7915.94,415739,11651.2,0,0,0,415739,0,0,4163.03,106.533,8366.32,7915.94,0,0
01:11:15:01:46:03,42.5718,57.163,0,0.065424,0,0,3.01315,7915.94,415739,11651.2,0,0,0,415739,0,0,4163.03,106.55,8366.32,7915.94,0,0
01:11:15:01:46:04,42.8579,58.3074,0,0.0640869,0,0,3.01315,7915.94,415739,11651.2,0,0,0,415739,0,0,4163.03,106.567,8366.32,7915.94,0,0
01:11:15:01:46:05,42.5718,57.7352,0,0.065424,0,0,3.01315,7915.94,415739,11651.2,0,0,0,415739,0,0,4163.03,106.583,8366.32,7915.94,0,0
01:11:15:01:46:06,42.8579,58.0213,0,0.065424,0,0,3.01315,7915.94,415739,11651.2,0,0,0,415739,0,0,4163.03,106.6,8366.32,7915.94,0,0
01:11:15:01:46:07,42.8579,57.4491,0,0.0640869,0,0,3.01315,7915.94,415739,11651.2,0,0,0,415739,0,0,4163.03,106.617,8366.32,7915.94,0,0
01:11:15:01:46:08,42.5718,57.163,0,0.0680924,0,0,3.01315,7915.94,415739,11651.2,0,0,0,415739,0,0,4163.03,106.633,8366.32,7915.94,0,0
01:11:15:01:46:09,42.5718,58.3074,0,0.0614185,0,0,3.01315,7915.94,415739,11651.2,0,0,0,415739,0,0,4163.03,106.65,8366.32,7915.94,0,0
01:11:15:01:46:10,41.9996,56.8769,0,0.065424,0,0,3.01315,7915.94,415739,11651.2,0,0,0,415739,0,0,4163.03,106.667,8366.32,7915.94,0,0
01:11:15:01:46:11,42.2857,57.7352,0,0.0640869,0,0,3.01315,7915.94,415739,11651.2,0,0,0,415739,0,0,4163.03,106.683,8366.32,7915.94,0,0
01:11:15:01:46:12,42.5718,57.4491,0,0.065424,0,0,3.01315,7915.94,415739,11651.2,0,0,0,415739,0,0,4163.03,106.7,8366.32,7915.94,0,0
01:11:15:01:46:13,42.2857,58.0213,0,0.0640869,0,0,3.01315,7915.94,415739,11651.2,0,0,0,415739,0,0,4163.03,106.717,8366.32,7915.94,0,0
01:11:15:01:46:14,42.2857,57.7352,0,0.0640869,0,0,3.01315,7915.94,415739,11651.2,0,0,0,415739,0,0,4163.03,106.733,8366.32,7915.94,0,0
01:11:15:01:46:15,41.9996,57.4491,0,0.0667572,0,0,3.01315,7915.94,415739,11651.2,0,0,0,415739,0,0,4163.03,106.75,8366.32,7915.94,0,0
01:11:15:01:46:16,42.5718,57.4491,0,0.0640869,0,0,3.01315,7915.94,415739,11651.2,0,0,0,415739,0,0,4163.03,106.767,8366.32,7915.94,0,0
01:11:15:01:46:17,42.5718,57.7352,0,0.0614185,0,0,3.01315,7915.94,415739,11651.2,0,0,0,415739,0,0,4163.03,106.783,8366.32,7915.94,0,0
01:11:15:01:46:18,42.2857,56.8769,0,0.0667572,0,0,3.01315,7915.94,415739,11651.2,0,0,0,415739,0,0,4163.03,106.8,8366.32,7915.94,0,0
01:11:15:01:46:19,41.7135,57.163,0,0.0614185,0,0,3.01315,7915.94,415739,11651.2,0,0,0,415739,0,0,4163.03,106.817,8366.32,7915.94,0,0
01:11:15:01:46:20,42.2857,56.8769,0,0.0640869,0,0,3.01315,7915.94,415739,11651.2,0,0,0,415739,0,0,4163.03,106.833,8366.32,7915.94,0,0
01:11:15:01:46:21,42.2857,56.8769,0,0.0600815,0,0,3.01315,7915.94,415739,11651.2,0,0,0,415739,0,0,4163.03,106.85,8366.32,7915.94,0,0
01:11:15:01:46:22,41.9996,57.163,0,0.0627537,0,0,3.01315,7915.94,415739,11651.2,0,0,0,415739,0,0,4163.03,106.867,8366.32,7915.94,0,0
01:11:15:01:46:23,41.7135,56.8769,0,0.0640869,0,0,3.01315,7915.94,415739,11651.2,0,0,0,415739,0,0,4163.03,106.883,8366.32,7915.94,0,0
01:11:15:01:46:24,42.2857,56.5908,0,0.0640869,0,0,3.01315,7915.94,415739,11651.2,0,0,0,415739,0,0,4163.03,106.9,8366.32,7915.94,0,0
01:11:15:01:46:25,41.7135,57.163,0,0.0614185,0,0,3.01315,7915.94,415739,11651.2,0,0,0,415739,0,0,4163.03,106.917,8366.32,7915.94,0,0
01:11:15:01:46:26,41.7135,56.8769,0,0.065424,0,0,3.01315,7915.94,415739,11651.2,0,0,0,415739,0,0,4163.03,106.933,8366.32,7915.94,0,0
01:11:15:01:46:27,41.9996,56.8769,0,0.0667572,0,0,3.01315,7915.94,415739,11651.2,0,0,0,415739,0,0,4163.03,106.95,8366.32,7915.94,0,0
01:11:15:01:46:28,41.1413,56.3047,0,0.065424,0,0,3.01315,7915.94,415739,11651.2,0,0,0,415739,0,0,4163.03,106.967,8366.32,7915.94,0,0
01:11:15:01:46:29,41.7135,57.163,0,0.065424,0,0,3.01315,7915.94,415739,11651.2,0,0,0,415739,0,0,4163.03,106.983,8366.32,7915.94,0,0
01:11:15:01:46:30,41.9996,57.4491,0,0.0640869,0,0,3.01315,7915.94,415739,11651.2,0,0,0,415739,0,0,4163.03,107,8366.32,7915.94,0,0
01:11:15:01:46:31,41.4274,56.8769,0,0.065424,0,0,3.01315,7915.94,415739,11651.2,0,0,0,415739,0,0,4163.03,107.017,8366.32,7915.94,0,0
01:11:15:01:46:32,41.4274,56.3047,0,0.065424,0,0,3.01315,7915.94,415739,11651.2,0,0,0,415739,0,0,4163.03,107.033,8366.32,7915.94,0,0
01:11:15:01:46:33,41.7135,56.3047,0,0.0680924,0,0,3.01315,7915.94,415739,11651.2,0,0,0,415739,0,0,4163.03,107.05,8366.32,7915.94,0,0
01:11:15:01:46:34,41.7135,56.3047,0,0.0640869,0,0,3.01315,7915.94,415739,11651.2,0,0,0,415739,0,0,4163.03,107.067,8366.32,7915.94,0,0
01:11:15:01:46:35,41.1413,56.3047,0,0.0680924,0,0,3.01315,7915.94,415739,11651.2,0,0,0,415739,0,0,4163.03,107.083,8366.32,7915.94,0,0
01:11:15:01:46:36,41.4274,56.8769,0,0.0680924,0,0,3.01315,7915.94,415739,11651.2,0,0,0,415739,0,0,4163.03,107.1,8366.32,7915.94,0,0
01:11:15:01:46:37,40.8552,56.3047,0,0.0680924,0,0,3.01315,7915.94,415739,11651.2,0,0,0,415739,0,0,4163.03,107.117,8366.32,7915.94,0,0
01:11:15:01:46:38,40.8552,56.0186,0,0.0627537,0,0,3.01315,7915.94,415739,11651.2,0,0,0,415739,0,0,4163.03,107.133,8366.32,7915.94,0,0
01:11:15:01:46:39,41.4274,56.3047,0,0.0680924,0,0,3.01315,7915.94,415739,11651.2,0,0,0,415739,0,0,4163.03,107.15,8366.32,7915.94,0,0
01:11:15:01:46:40,41.1413,55.7325,0,0.0667572,0,0,3.01315,7915.94,415739,11651.2,0,0,0,415739,0,0,4163.03,107.167,8366.32,7915.94,0,0
01:11:15:01:46:41,41.1413,56.5908,0,0.0694294,0,0,3.01315,7915.94,415739,11651.2,0,0,0,415739,0,0,4163.03,107.183,8366.32,7915.94,0,0
01:11:15:01:46:42,40.5691,56.3047,0,0.0667572,0,0,3.01315,7915.94,415739,11651.2,0,0,0,415739,0,0,4163.03,107.2,8366.32,7915.94,0,0
01:11:15:01:46:43,41.4274,56.0186,0,0.065424,0,0,3.01315,7915.94,415739,11651.2,0,0,0,415739,0,0,4163.03,107.217,8366.32,7915.94,0,0
01:11:15:01:46:44,40.8552,55.7325,0,0.065424,0,0,3.01315,7915.94,415739,11651.2,0,0,0,415739,0,0,4163.03,107.233,8366.32,7915.94,0,0
01:11:15:01:46:45,40.283,55.7325,0,0.0667572,0,0,3.01315,7915.94,415739,11651.2,0,0,0,415739,0,0,4163.03,107.25,8366.32,7915.94,0,0
01:11:15:01:46:46,40.8552,55.7325,0,0.065424,0,0,3.01315,7915.94,415739,11651.2,0,0,0,415739,0,0,4163.03,107.267,8366.32,7915.94,0,0
01:11:15:01:46:47,40.8552,56.0186,0,0.0627537,0,0,3.01315,7915.94,415739,11651.2,0,0,0,415739,0,0,4163.03,107.283,8366.32,7915.94,0,0
01:11:15:01:46:48,40.8552,55.7325,0,0.065424,0,0,3.01315,7915.94,415739,11651.2,0,0,0,415739,0,0,4163.03,107.3,8366.32,7915.94,0,0
01:11:15:01:46:49,40.8552,55.4464,0,0.0667572,0,0,3.01315,7915.94,415739,11651.2,0,0,0,415739,0,0,4163.03,107.317,8366.32,7915.94,0,0
01:11:15:01:46:50,40.5691,55.4464,0,0.0667572,0,0,3.01315,7915.94,415739,11651.2,0,0,0,415739,0,0,4163.03,107.333,8366.32,7915.94,0,0
01:11:15:01:46:51,40.5691,55.7325,0,0.0640869,0,0,3.01315,7915.94,415739,11651.2,0,0,0,415739,0,0,4163.03,107.35,8366.32,7915.94,0,0
01:11:15:01:46:52,40.5691,56.5908,0,0.065424,0,0,3.01315,7915.94,415739,11651.2,0,0,0,415739,0,0,4163.03,107.367,8366.32,7915.94,0,0
01:11:15:01:46:53,40.5691,55.4464,0,0.065424,0,0,3.01315,7915.94,415739,11651.2,0,0,0,415739,0,0,4163.03,107.383,8366.32,7915.94,0,0
01:11:15:01:46:54,40.283,55.4464,0,0.0640869,0,0,3.01315,7915.94,415739,11651.2,0,0,0,415739,0,0,4163.03,107.4,8366.32,7915.94,0,0
01:11:15:01:46:55,40.5691,55.7325,0,0.0627537,0,0,3.01315,7915.94,415739,11651.2,0,0,0,415739,0,0,4163.03,107.417,8366.32,7915.94,0,0
01:11:15:01:46:56,40.283,55.7325,0,0.065424,0,0,3.01315,7915.94,415739,11651.2,0,0,0,415739,0,0,4163.03,107.433,8366.32,7915.94,0,0
01:11:15:01:46:57,40.5691,55.4464,0,0.0667572,0,0,3.01315,7915.94,415739,11651.2,0,0,0,415739,0,0,4163.03,107.45,8366.32,7915.94,0,0
01:11:15:01:46:58,40.5691,55.1603,0,0.065424,0,0,3.01315,7915.94,415739,11651.2,0,0,0,415739,0,0,4163.03,107.467,8366.32,7915.94,0,0
01:11:15:01:46:59,40.5691,55.4464,0,0.0627537,0,0,3.01315,7915.94,415739,11651.2,0,0,0,415739,0,0,4163.03,107.483,8366.32,7915.94,0,0
01:11:15:01:47:00,40.5691,55.1603,0,0.065424,0,0,3.01315,7915.94,415739,11651.2,0,0,0,415739,0,0,4163.03,107.5,8366.32,7915.94,0,0
01:11:15:01:47:01,40.5691,55.4464,0,0.0614185,0,0,3.01315,7915.94,415739,11651.2,0,0,0,415739,0,0,4163.03,107.517,8366.32,7915.94,0,0
01:11:15:01:47:02,40.5691,54.8742,0,0.0587482,0,0,3.01315,7915.94,415739,11651.2,0,0,0,415739,0,0,4163.03,107.533,8366.32,7915.94,0,0
01:11:15:01:47:03,40.5691,54.8742,0,0.0640869,0,0,3.01315,7915.94,415739,11651.2,0,0,0,415739,0,0,4163.03,107.55,8366.32,7915.94,0,0
01:11:15:01:47:04,39.9969,55.1603,0,0.0627537,0,0,3.01315,7915.94,415739,11651.2,0,0,0,415739,0,0,4163.03,107.567,8366.32,7915.94,0,0
01:11:15:01:47:05,39.9969,55.1603,0,0.0640869,0,0,3.01315,7915.94,415739,11651.2,0,0,0,415739,0,0,4163.03,107.583,8366.32,7915.94,0,0
01:11:15:01:47:06,39.9969,55.1603,0,0.0667572,0,0,3.01315,7915.94,415739,11651.2,0,0,0,415739,0,0,4163.03,107.6,8366.32,7915.94,0,0
01:11:15:01:47:07,40.5691,54.5881,0,0.0667572,0,0,3.01315,7915.94,415739,11651.2,0,0,0,415739,0,0,4163.03,107.617,8366.32,7915.94,0,0
01:11:15:01:47:08,39.4247,55.1603,0,0.0667572,0,0,3.01315,7915.94,415739,11651.2,0,0,0,415739,0,0,4163.03,107.633,8366.32,7915.94,0,0
01:11:15:01:47:09,39.9969,54.8742,0,0.065424,0,0,3.01315,7915.94,415739,11651.2,0,0,0,415739,0,0,4163.03,107.65,8366.32,7915.94,0,0
01:11:15:01:47:10,39.1386,54.302,0,0.065424,0,0,3.01315,7915.94,415739,11651.2,0,0,0,415739,0,0,4163.03,107.667,8366.32,7915.94,0,0
01:11:15:01:47:11,39.7108,54.8742,0,0.065424,0,0,3.01315,7915.94,415739,11651.2,0,0,0,415739,0,0,4163.03,107.683,8366.32,7915.94,0,0
01:11:15:01:47:12,39.7108,55.4464,0,0.0640869,0,0,3.01315,7915.94,415739,11651.2,0,0,0,415739,0,0,4163.03,107.7,8366.32,7915.94,0,0
01:11:15:01:47:13,39.4247,54.8742,0,0.0680924,0,0,3.01315,7915.94,415739,11651.2,0,0,0,415739,0,0,4163.03,107.717,8366.32,7915.94,0,0
01:11:15:01:47:14,40.283,54.5881,0,0.065424,0,0,3.01315,7915.94,415739,11651.2,0,0,0,415739,0,0,4163.03,107.733,8366.32,7915.94,0,0
01:11:15:01:47:15,39.4247,54.5881,0,0.0640869,0,0,3.01315,7915.94,415739,11651.2,0,0,0,415739,0,0,4163.03,107.75,8366.32,7915.94,0,0
01:11:15:01:47:16,39.1386,54.8742,0,0.0667572,0,0,3.01315,7915.94,415739,11651.2,0,0,0,415739,0,0,4163.03,107.767,8366.32,7915.94,0,0
01:11:15:01:47:17,39.4247,54.302,0,0.0667572,0,0,3.01315,7915.94,415739,11651.2,0,0,0,415739,0,0,4163.03,107.783,8366.32,7915.94,0,0
01:11:15:01:47:18,39.4247,54.0159,0,0.065424,0,0,3.01315,7915.94,415739,11651.2,0,0,0,415739,0,0,4163.03,107.8,8366.32,7915.94,0,0
01:11:15:01:47:19,39.7108,54.8742,0,0.065424,0,0,3.01315,7915.94,415739,11651.2,0,0,0,415739,0,0,4163.03,107.817,8366.32,7915.94,0,0
01:11:15:01:47:20,39.4247,54.5881,0,0.0627537,0,0,3.01315,7915.94,415739,11651.2,0,0,0,415739,0,0,4163.03,107.833,8366.32,7915.94,0,0
01:11:15:01:47:21,39.4247,54.302,0,0.065424,0,0,3.01315,7915.94,415739,11651.2,0,0,0,415739,0,0,4163.03,107.85,8366.32,7915.94,0,0
01:11:15:01:47:22,39.7108,54.302,0,0.0667572,0,0,3.01315,7915.94,415739,11651.2,0,0,0,415739,0,0,4163.03,107.867,8366.32,7915.94,0,0
01:11:15:01:47:23,39.4247,54.302,0,0.0640869,0,0,3.01315,7915.94,415739,11651.2,0,0,0,415739,0,0,4163.03,107.883,8366.32,7915.94,0,0
01:11:15:01:47:24,38.8525,54.5881,0,0.0667572,0,0,3.01315,7915.94,415739,11651.2,0,0,0,415739,0,0,4163.03,107.9,8366.32,7915.94,0,0
01:11:15:01:47:25,39.7108,54.302,0,0.0667572,0,0,3.01315,7915.94,415739,11651.2,0,0,0,415739,0,0,4163.03,107.917,8366.32,7915.94,0,0
01:11:15:01:47:26,39.1386,54.0159,0,0.0694294,0,0,3.01315,7915.94,415739,11651.2,0,0,0,415739,0,0,4163.03,107.933,8366.32,7915.94,0,0
01:11:15:01:47:27,38.8525,54.0159,0,0.0667572,0,0,3.01315,7915.94,415739,11651.2,0,0,0,415739,0,0,4163.03,107.95,8366.32,7915.94,0,0
01:11:15:01:47:28,39.4247,54.0159,0,0.0667572,0,0,3.01315,7915.94,415739,11651.2,0,0,0,415739,0,0,4163.03,107.967,8366.32,7915.94,0,0
01:11:15:01:47:29,38.8525,54.302,0,0.0667572,0,0,3.01315,7915.94,415739,11651.2,0,0,0,415739,0,0,4163.03,107.983,8366.32,7915.94,0,0
01:11:15:01:47:30,38.8525,54.0159,0,0.0680924,0,0,3.01315,7915.94,415739,11651.2,0,0,0,415739,0,0,4163.03,108,8366.32,7915.94,0,0
01:11:15:01:47:31,38.8525,54.0159,0,0.0640869,0,0,3.01315,7915.94,415739,11651.2,0,0,0,415739,0,0,4163.03,108.017,8366.32,7915.94,0,0
01:11:15:01:47:32,39.1386,54.0159,0,0.065424,0,0,3.01315,7915.94,415739,11651.2,0,0,0,415739,0,0,4163.03,108.033,8366.32,7915.94,0,0
01:11:15:01:47:33,39.1386,54.302,0,0.065424,0,0,3.01315,7915.94,415739,11651.2,0,0,0,415739,0,0,4163.03,108.05,8366.32,7915.94,0,0
01:11:15:01:47:34,38.5664,54.302,0,0.065424,0,0,3.01315,7915.94,415739,11651.2,0,0,0,415739,0,0,4163.03,108.067,8366.32,7915.94,0,0
01:11:15:01:47:35,38.5664,53.4436,0,0.0667572,0,0,3.01315,7915.94,415739,11651.2,0,0,0,415739,0,0,4163.03,108.083,8366.32,7915.94,0,0
01:11:15:01:47:36,39.1386,53.7298,0,0.0694294,0,0,3.01315,7915.94,415739,11651.2,0,0,0,415739,0,0,4163.03,108.1,8366.32,7915.94,0,0
01:11:15:01:47:37,38.8525,53.7298,0,0.0680924,0,0,3.01315,7915.94,415739,11651.2,0,0,0,415739,0,0,4163.03,108.117,8366.32,7915.94,0,0
01:11:15:01:47:38,38.5664,53.7298,0,0.0667572,0,0,3.01315,7915.94,415739,11651.2,0,0,0,415739,0,0,4163.03,108.133,8366.32,7915.94,0,0
01:11:15:01:47:39,38.8525,54.302,0,0.065424,0,0,3.01315,7915.94,415739,11651.2,0,0,0,415739,0,0,4163.03,108.15,8366.32,7915.94,0,0
01:11:15:01:47:40,38.5664,53.7298,0,0.0680924,0,0,3.01315,7915.94,415739,11651.2,0,0,0,415739,0,0,4163.03,108.167,8366.32,7915.94,0,0
01:11:15:01:47:41,38.8525,53.7298,0,0.0734348,0,0,3.01315,7915.94,415739,11651.2,0,0,0,415739,0,0,4163.03,108.183,8366.32,7915.94,0,0
01:11:15:01:47:42,38.2803,53.4436,0,0.0694294,0,0,3.01315,7915.94,415739,11651.2,0,0,0,415739,0,0,4163.03,108.2,8366.32,7915.94,0,0
01:11:15:01:47:43,37.9942,53.4436,0,0.0694294,0,0,3.01315,7915.94,415739,11651.2,0,0,0,415739,0,0,4163.03,108.217,8366.32,7915.94,0,0
01:11:15:01:47:44,38.5664,53.7298,0,0.0720997,0,0,3.01315,7915.94,415739,11651.2,0,0,0,415739,0,0,4163.03,108.233,8366.32,7915.94,0,0
01:11:15:01:47:45,38.2803,53.1576,0,0.0680924,0,0,3.01315,7915.94,415739,11651.2,0,0,0,415739,0,0,4163.03,108.25,8366.32,7915.94,0,0
01:11:15:01:47:46,38.2803,53.7298,0,0.0680924,0,0,3.01315,7915.94,415739,11651.2,0,0,0,415739,0,0,4163.03,108.267,8366.32,7915.94,0,0
01:11:15:01:47:47,38.2803,52.8714,0,0.0667572,0,0,3.01315,7915.94,415739,11651.2,0,0,0,415739,0,0,4163.03,108.283,8366.32,7915.94,0,0
01:11:15:01:47:48,38.2803,53.1576,0,0.0680924,0,0,3.01315,7915.94,415739,11651.2,0,0,0,415739,0,0,4163.03,108.3,8366.32,7915.94,0,0
01:11:15:01:47:49,38.5664,53.1576,0,0.0707626,0,0,3.01315,7915.94,415739,11651.2,0,0,0,415739,0,0,4163.03,108.317,8366.32,7915.94,0,0
01:11:15:01:47:50,38.2803,53.1576,0,0.0680924,0,0,3.01315,7915.94,415739,11651.2,0,0,0,415739,0,0,4163.03,108.333,8366.32,7915.94,0,0
01:11:15:01:47:51,37.9942,52.8714,0,0.0680924,0,0,3.01315,7915.94,415739,11651.2,0,0,0,415739,0,0,4163.03,108.35,8366.32,7915.94,0,0
01:11:15:01:47:52,37.9942,52.8714,0,0.0694294,0,0,3.01315,7915.94,415739,11651.2,0,0,0,415739,0,0,4163.03,108.367,8366.32,7915.94,0,0
01:11:15:01:47:53,37.7081,53.1576,0,0.0680924,0,0,3.01315,7915.94,415739,11651.2,0,0,0,415739,0,0,4163.03,108.383,8366.32,7915.94,0,0
01:11:15:01:47:54,37.7081,53.1576,0,0.0720997,0,0,3.01315,7915.94,415739,11651.2,0,0,0,415739,0,0,4163.03,108.4,8366.32,7915.94,0,0
01:11:15:01:47:55,38.2803,53.4436,0,0.0720997,0,0,3.01315,7915.94,415739,11651.2,0,0,0,415739,0,0,4163.03,108.417,8366.32,7915.94,0,0
01:11:15:01:47:56,37.9942,53.1576,0,0.0667572,0,0,3.01315,7915.94,415739,11651.2,0,0,0,415739,0,0,4163.03,108.433,8366.32,7915.94,0,0
01:11:15:01:47:57,37.9942,52.8714,0,0.0694294,0,0,3.01315,7915.94,415739,11651.2,0,0,0,415739,0,0,4163.03,108.45,8366.32,7915.94,0,0
01:11:15:01:47:58,38.2803,52.8714,0,0.0640869,0,0,3.01315,7915.94,415739,11651.2,0,0,0,415739,0,0,4163.03,108.467,8366.32,7915.94,0,0
01:11:15:01:47:59,37.7081,52.8714,0,0.0680924,0,0,3.01315,7915.94,415739,11651.2,0,0,0,415739,0,0,4163.03,108.483,8366.32,7915.94,0,0
01:11:15:01:48:00,38.2803,53.1576,0,0.0640869,0,0,3.01315,7915.94,415739,11651.2,0,0,0,415739,0,0,4163.03,108.5,8366.32,7915.94,0,0
01:11:15:01:48:01,37.7081,52.8714,0,0.0627537,0,0,3.01315,7915.94,415739,11651.2,0,0,0,415739,0,0,4163.03,108.517,8366.32,7915.94,0,0
01:11:15:01:48:02,37.7081,52.5853,0,0.0667572,0,0,3.01315,7915.94,415739,11651.2,0,0,0,415739,0,0,4163.03,108.533,8366.32,7915.94,0,0
01:11:15:01:48:03,37.422,53.1576,0,0.0640869,0,0,3.01315,7915.94,415739,11651.2,0,0,0,415739,0,0,4163.03,108.55,8366.32,7915.94,0,0
01:11:15:01:48:04,37.1359,52.2992,0,0.065424,0,0,3.01315,7915.94,415739,11651.2,0,0,0,415739,0,0,4163.03,108.567,8366.32,7915.94,0,0
01:11:15:01:48:05,37.422,52.5853,0,0.0667572,0,0,3.01315,7915.94,415739,11651.2,0,0,0,415739,0,0,4163.03,108.583,8366.32,7915.94,0,0
01:11:15:01:48:06,37.422,52.5853,0,0.0667572,0,0,3.01315,7915.94,415739,11651.2,0,0,0,415739,0,0,4163.03,108.6,8366.32,7915.94,0,0
01:11:15:01:48:07,37.422,52.5853,0,0.0640869,0,0,3.01315,7915.94,415739,11651.2,0,0,0,415739,0,0,4163.03,108.617,8366.32,7915.94,0,0
01:11:15:01:48:08,37.1359,52.5853,0,0.065424,0,0,3.01315,7915.94,415739,11651.2,0,0,0,415739,0,0,4163.03,108.633,8366.32,7915.94,0,0
01:11:15:01:48:09,37.1359,52.2992,0,0.065424,0,0,3.01315,7915.94,415739,11651.2,0,0,0,415739,0,0,4163.03,108.65,8366.32,7915.94,0,0
01:11:15:01:48:10,37.1359,52.8714,0,0.0627537,0,0,3.01315,7915.94,415739,11651.2,0,0,0,415739,0,0,4163.03,108.667,8366.32,7915.94,0,0
01:11:15:01:48:11,37.422,52.5853,0,0.065424,0,0,3.01315,7915.94,415739,11651.2,0,0,0,415739,0,0,4163.03,108.683,8366.32,7915.94,0,0
01:11:15:01:48:12,37.1359,52.2992,0,0.0667572,0,0,3.01315,7915.94,415739,11651.2,0,0,0,415739,0,0,4163.03,108.7,8366.32,7915.94,0,0
01:11:15:01:48:13,37.1359,52.2992,0,0.0667572,0,0,3.01315,7915.94,415739,11651.2,0,0,0,415739,0,0,4163.03,108.717,8366.32,7915.94,0,0
01:11:15:01:48:14,37.422,52.2992,0,0.0667572,0,0,3.01315,7915.94,415739,11651.2,0,0,0,415739,0,0,4163.03,108.733,8366.32,7915.94,0,0
01:11:15:01:48:15,37.1359,52.0131,0,0.0694294,0,0,3.01315,7915.94,415739,11651.2,0,0,0,415739,0,0,4163.03,108.75,8366.32,7915.94,0,0
01:11:15:01:48:16,37.1359,52.5853,0,0.065424,0,0,3.01315,7915.94,415739,11651.2,0,0,0,415739,0,0,4163.03,108.767,8366.32,7915.94,0,0
01:11:15:01:48:17,37.1359,52.5853,0,0.0614185,0,0,3.01315,7915.94,415739,11651.2,0,0,0,415739,0,0,4163.03,108.783,8366.32,7915.94,0,0
01:11:15:01:48:18,37.1359,52.2992,0,0.065424,0,0,3.01315,7915.94,415739,11651.2,0,0,0,415739,0,0,4163.03,108.8,8366.32,7915.94,0,0
01:11:15:01:48:19,37.1359,52.0131,0,0.065424,0,0,3.01315,7915.94,415739,11651.2,0,0,0,415739,0,0,4163.03,108.817,8366.32,7915.94,0,0
01:11:15:01:48:20,36.8498,52.2992,0,0.0667572,0,0,3.01315,7915.94,415739,11651.2,0,0,0,415739,0,0,4163.03,108.833,8366.32,7915.94,0,0
01:11:15:01:48:21,36.5637,51.727,0,0.065424,0,0,3.01315,7915.94,415739,11651.2,0,0,0,415739,0,0,4163.03,108.85,8366.32,7915.94,0,0
01:11:15:01:48:22,36.5637,52.0131,0,0.0667572,0,0,3.01315,7915.94,415739,11651.2,0,0,0,415739,0,0,4163.03,108.867,8366.32,7915.94,0,0
01:11:15:01:48:23,37.1359,52.2992,0,0.0667572,0,0,3.01315,7915.94,415739,11651.2,0,0,0,415739,0,0,4163.03,108.883,8366.32,7915.94,0,0
01:11:15:01:48:24,36.5637,51.4409,0,0.0694294,0,0,3.01315,7915.94,415739,11651.2,0,0,0,415739,0,0,4163.03,108.9,8366.32,7915.94,0,0
01:11:15:01:48:25,36.8498,51.727,0,0.0680924,0,0,3.01315,7915.94,415739,11651.2,0,0,0,415739,0,0,4163.03,108.917,8366.32,7915.94,0,0
01:11:15:01:48:26,37.1359,51.727,0,0.0694294,0,0,3.01315,7915.94,415739,11651.2,0,0,0,415739,0,0,4163.03,108.933,8366.32,7915.94,0,0
01:11:15:01:48:27,36.5637,51.727,0,0.0694294,0,0,3.01315,7915.94,415739,11651.2,0,0,0,415739,0,0,4163.03,108.95,8366.32,7915.94,0,0
01:11:15:01:48:28,36.2776,51.727,0,0.0667572,0,0,3.01315,7915.94,415739,11651.2,0,0,0,415739,0,0,4163.03,108.967,8366.32,7915.94,0,0
01:11:15:01:48:29,36.8498,51.4409,0,0.0640869,0,0,3.01315,7915.94,415739,11651.2,0,0,0,415739,0,0,4163.03,108.983,8366.32,7915.94,0,0
01:11:15:01:48:30,36.5637,51.4409,0,0.0640869,0,0,3.01315,7915.94,415739,11651.2,0,0,0,415739,0,0,4163.03,109,8366.32,7915.94,0,0
01:11:15:01:48:31,36.8498,52.0131,0,0.0667572,0,0,3.01315,7915.94,415739,11651.2,0,0,0,415739,0,0,4163.03,109.017,8366.32,7915.94,0,0
01:11:15:01:48:32,36.2776,51.1548,0,0.065424,0,0,3.01315,7915.94,415739,11651.2,0,0,0,415739,0,0,4163.03,109.033,8366.32,7915.94,0,0
01:11:15:01:48:33,35.9915,51.727,0,0.0640869,0,0,3.01315,7915.94,415739,11651.2,0,0,0,415739,0,0,4163.03,109.05,8366.32,7915.94,0,0
01:11:15:01:48:34,36.8498,51.4409,0,0.0627537,0,0,3.01315,7915.94,415739,11651.2,0,0,0,415739,0,0,4163.03,109.067,8366.32,7915.94,0,0
01:11:15:01:48:35,36.5637,51.4409,0,0.0667572,0,0,3.01315,7915.94,415739,11651.2,0,0,0,415739,0,0,4163.03,109.083,8366.32,7915.94,0,0
01:11:15:01:48:36,35.9915,51.1548,0,0.0694294,0,0,3.01315,7915.94,415739,11651.2,0,0,0,415739,0,0,4163.03,109.1,8366.32,7915.94,0,0
01:11:15:01:48:37,35.7054,51.1548,0,0.0667572,0,0,3.01315,7915.94,415739,11651.2,0,0,0,415739,0,0,4163.03,109.117,8366.32,7915.94,0,0
01:11:15:01:48:38,36.5637,51.4409,0,0.0667572,0,0,3.01315,7915.94,415739,11651.2,0,0,0,415739,0,0,4163.03,109.133,8366.32,7915.94,0,0
01:11:15:01:48:39,35.7054,50.8687,0,0.0667572,0,0,3.01315,7915.94,415739,11651.2,0,0,0,415739,0,0,4163.03,109.15,8366.32,7915.94,0,0
01:11:15:01:48:40,35.7054,51.727,0,0.065424,0,0,3.01315,7915.94,415739,11651.2,0,0,0,415739,0,0,4163.03,109.167,8366.32,7915.94,0,0
01:11:15:01:48:41,35.7054,51.1548,0,0.0694294,0,0,3.01315,7915.94,415739,11651.2,0,0,0,415739,0,0,4163.03,109.183,8366.32,7915.94,0,0
01:11:15:01:48:42,35.9915,50.8687,0,0.0680924,0,0,3.01315,7915.94,415739,11651.2,0,0,0,415739,0,0,4163.03,109.2,8366.32,7915.94,0,0
01:11:15:01:48:43,35.4193,50.8687,0,0.0694294,0,0,3.01315,7915.94,415739,11651.2,0,0,0,415739,0,0,4163.03,109.217,8366.32,7915.94,0,0
01:11:15:01:48:44,35.9915,51.1548,0,0.0667572,0,0,3.01315,7915.94,415739,11651.2,0,0,0,415739,0,0,4163.03,109.233,8366.32,7915.94,0,0
01:11:15:01:48:45,35.4193,50.8687,0,0.0640869,0,0,3.01315,7915.94,415739,11651.2,0,0,0,415739,0,0,4163.03,109.25,8366.32,7915.94,0,0
01:11:15:01:48:46,35.9915,50.5826,0,0.0667572,0,0,3.01315,7915.94,415739,11651.2,0,0,0,415739,0,0,4163.03,109.267,8366.32,7915.94,0,0
01:11:15:01:48:47,35.7054,50.8687,0,0.0694294,0,0,3.01315,7915.94,415739,11651.2,0,0,0,415739,0,0,4163.03,109.283,8366.32,7915.94,0,0
01:11:15:01:48:48,35.7054,50.8687,0,0.0667572,0,0,3.01315,7915.94,415739,11651.2,0,0,0,415739,0,0,4163.03,109.3,8366.32,7915.94,0,0
01:11:15:01:48:49,35.4193,50.5826,0,0.0680924,0,0,3.01315,7915.94,415739,11651.2,0,0,0,415739,0,0,4163.03,109.317,8366.32,7915.94,0,0
01:11:15:01:48:50,35.4193,50.2965,0,0.0667572,0,0,3.01315,7915.94,415739,11651.2,0,0,0,415739,0,0,4163.03,109.333,8366.32,7915.94,0,0
01:11:15:01:48:51,36.2776,50.8687,0,0.0640869,0,0,3.01315,7915.94,415739,11651.2,0,0,0,415739,0,0,4163.03,109.35,8366.32,7915.94,0,0
01:11:15:01:48:52,35.4193,50.2965,0,0.0680924,0,0,3.01315,7915.94,415739,11651.2,0,0,0,415739,0,0,4163.03,109.367,8366.32,7915.94,0,0
01:11:15:01:48:53,35.4193,50.2965,0,0.0667572,0,0,3.01315,7915.94,415739,11651.2,0,0,0,415739,0,0,4163.03,109.383,8366.32,7915.94,0,0
01:11:15:01:48:54,35.1332,50.5826,0,0.0640869,0,0,3.01315,7915.94,415739,11651.2,0,0,0,415739,0,0,4163.03,109.4,8366.32,7915.94,0,0
01:11:15:01:48:55,35.4193,50.5826,0,0.0640869,0,0,3.01315,7915.94,415739,11651.2,0,0,0,415739,0,0,4163.03,109.417,8366.32,7915.94,0,0
01:11:15:01:48:56,35.4193,50.2965,0,0.065424,0,0,3.01315,7915.94,415739,11651.2,0,0,0,415739,0,0,4163.03,109.433,8366.32,7915.94,0,0
01:11:15:01:48:57,35.4193,50.5826,0,0.0640869,0,0,3.01315,7915.94,415739,11651.2,0,0,0,415739,0,0,4163.03,109.45,8366.32,7915.94,0,0
01:11:15:01:48:58,35.4193,50.5826,0,0.0640869,0,0,3.01315,7915.94,415739,11651.2,0,0,0,415739,0,0,4163.03,109.467,8366.32,7915.94,0,0
01:11:15:01:48:59,35.4193,49.7243,0,0.065424,0,0,3.01315,7915.94,415739,11651.2,0,0,0,415739,0,0,4163.03,109.483,8366.32,7915.94,0,0
01:11:15:01:49:00,35.4193,50.2965,0,0.065424,0,0,3.01315,7915.94,415739,11651.2,0,0,0,415739,0,0,4163.03,109.5,8366.32,7915.94,0,0
01:11:15:01:49:01,35.1332,50.2965,0,0.065424,0,0,3.01315,7915.94,415739,11651.2,0,0,0,415739,0,0,4163.03,109.517,8366.32,7915.94,0,0
01:11:15:01:49:02,35.1332,50.2965,0,0.0680924,0,0,3.01315,7915.94,415739,11651.2,0,0,0,415739,0,0,4163.03,109.533,8366.32,7915.94,0,0
01:11:15:01:49:03,34.8471,50.0104,0,0.0680924,0,0,3.01315,7915.94,415739,11651.2,0,0,0,415739,0,0,4163.03,109.55,8366.32,7915.94,0,0
01:11:15:01:49:04,34.8471,50.2965,0,0.0707626,0,0,3.01315,7915.94,415739,11651.2,0,0,0,415739,0,0,4163.03,109.567,8366.32,7915.94,0,0
01:11:15:01:49:05,34.561,50.2965,0,0.065424,0,0,3.01315,7915.94,415739,11651.2,0,0,0,415739,0,0,4163.03,109.583,8366.32,7915.94,0,0
01:11:15:01:49:06,34.8471,49.7243,0,0.065424,0,0,3.01315,7915.94,415739,11651.2,0,0,0,415739,0,0,4163.03,109.6,8366.32,7915.94,0,0
01:11:15:01:49:07,34.8471,50.5826,0,0.0667572,0,0,3.01315,7915.94,415739,11651.2,0,0,0,415739,0,0,4163.03,109.617,8366.32,7915.94,0,0
01:11:15:01:49:08,34.561,49.7243,0,0.0640869,0,0,3.01315,7915.94,415739,11651.2,0,0,0,415739,0,0,4163.03,109.633,8366.32,7915.94,0,0
01:11:15:01:49:09,34.561,49.7243,0,0.0680924,0,0,3.01315,7915.94,415739,11651.2,0,0,0,415739,0,0,4163.03,109.65,8366.32,7915.94,0,0
01:11:15:01:49:10,34.561,49.7243,0,0.0640869,0,0,3.01315,7915.94,415739,11651.2,0,0,0,415739,0,0,4163.03,109.667,8366.32,7915.94,0,0
01:11:15:01:49:11,34.561,50.2965,0,0.0667572,0,0,3.01315,7915.94,415739,11651.2,0,0,0,415739,0,0,4163.03,109.683,8366.32,7915.94,0,0
01:11:15:01:49:12,34.561,49.7243,0,0.0640869,0,0,3.01315,7915.94,415739,11651.2,0,0,0,415739,0,0,4163.03,109.7,8366.32,7915.94,0,0
01:11:15:01:49:13,34.561,49.4382,0,0.0667572,0,0,3.01315,7915.94,415739,11651.2,0,0,0,415739,0,0,4163.03,109.717,8366.32,7915.94,0,0
01:11:15:01:49:14,34.561,49.7243,0,0.065424,0,0,3.01315,7915.94,415739,11651.2,0,0,0,415739,0,0,4163.03,109.733,8366.32,7915.94,0,0
01:11:15:01:49:15,34.561,49.4382,0,0.0680924,0,0,3.01315,7915.94,415739,11651.2,0,0,0,415739,0,0,4163.03,109.75,8366.32,7915.94,0,0
01:11:15:01:49:16,34.2749,49.4382,0,0.0640869,0,0,3.01315,7915.94,415739,11651.2,0,0,0,415739,0,0,4163.03,109.767,8366.32,7915.94,0,0
01:11:15:01:49:17,34.8471,48.866,0,0.0640869,0,0,3.01315,7915.94,415739,11651.2,0,0,0,415739,0,0,4163.03,109.783,8366.32,7915.94,0,0
01:11:15:01:49:18,34.561,49.7243,0,0.065424,0,0,3.01315,7915.94,415739,11651.2,0,0,0,415739,0,0,4163.03,109.8,8366.32,7915.94,0,0
01:11:15:01:49:19,34.561,49.4382,0,0.065424,0,0,3.01315,7915.94,415739,11651.2,0,0,0,415739,0,0,4163.03,109.817,8366.32,7915.94,0,0
01:11:15:01:49:20,34.2749,49.4382,0,0.065424,0,0,3.01315,7915.94,415739,11651.2,0,0,0,415739,0,0,4163.03,109.833,8366.32,7915.94,0,0
01:11:15:01:49:21,33.9888,48.866,0,0.0640869,0,0,3.01315,7915.94,415739,11651.2,0,0,0,415739,0,0,4163.03,109.85,8366.32,7915.94,0,0
01:11:15:01:49:22,33.7027,48.866,0,0.0667572,0,0,3.01315,7915.94,415739,11651.2,0,0,0,415739,0,0,4163.03,109.867,8366.32,7915.94,0,0
01:11:15:01:49:23,33.9888,48.866,0,0.0640869,0,0,3.01315,7915.94,415739,11651.2,0,0,0,415739,0,0,4163.03,109.883,8366.32,7915.94,0,0
01:11:15:01:49:24,33.9888,49.7243,0,0.0680924,0,0,3.01315,7915.94,415739,11651.2,0,0,0,415739,0,0,4163.03,109.9,8366.32,7915.94,0,0
01:11:15:01:49:25,33.9888,48.866,0,0.065424,0,0,3.01315,7915.94,415739,11651.2,0,0,0,415739,0,0,4163.03,109.917,8366.32,7915.94,0,0
01:11:15:01:49:26,33.7027,49.4382,0,0.0640869,0,0,3.01315,7915.94,415739,11651.2,0,0,0,415739,0,0,4163.03,109.933,8366.32,7915.94,0,0
01:11:15:01:49:27,33.9888,48.2938,0,0.065424,0,0,3.01315,7915.94,415739,11651.2,0,0,0,415739,0,0,4163.03,109.95,8366.32,7915.94,0,0
01:11:15:01:49:28,33.9888,48.866,0,0.0640869,0,0,3.01315,7915.94,415739,11651.2,0,0,0,415739,0,0,4163.03,109.967,8366.32,7915.94,0,0
01:11:15:01:49:29,34.2749,48.866,0,0.065424,0,0,3.01315,7915.94,415739,11651.2,0,0,0,415739,0,0,4163.03,109.983,8366.32,7915.94,0,0
01:11:15:01:49:30,33.9888,48.5799,0,0.0667572,0,0,3.01315,7915.94,415739,11651.2,0,0,0,415739,0,0,4163.03,110,8366.32,7915.94,0,0
01:11:15:01:49:31,33.9888,48.5799,0,0.065424,0,0,3.01315,7915.94,415739,11651.2,0,0,0,415739,0,0,4163.03,110.017,8366.32,7915.94,0,0
01:11:15:01:49:32,33.7027,48.866,0,0.065424,0,0,3.01315,7915.94,415739,11651.2,0,0,0,415739,0,0,4163.03,110.033,8366.32,7915.94,0,0
01:11:15:01:49:33,33.1305,48.2938,0,0.0667572,0,0,3.01315,7915.94,415739,11651.2,0,0,0,415739,0,0,4163.03,110.05,8366.32,7915.94,0,0
01:11:15:01:49:34,33.7027,48.2938,0,0.0667572,0,0,3.01315,7915.94,415739,11651.2,0,0,0,415739,0,0,4163.03,110.067,8366.32,7915.94,0,0
01:11:15:01:49:35,33.4166,48.866,0,0.065424,0,0,3.01315,7915.94,415739,11651.2,0,0,0,415739,0,0,4163.03,110.083,8366.32,7915.94,0,0
01:11:15:01:49:36,33.4166,48.2938,0,0.065424,0,0,3.01315,7915.94,415739,11651.2,0,0,0,415739,0,0,4163.03,110.1,8366.32,7915.94,0,0
01:11:15:01:49:37,33.9888,48.2938,0,0.0667572,0,0,3.01315,7915.94,415739,11651.2,0,0,0,415739,0,0,4163.03,110.117,8366.32,7915.94,0,0
01:11:15:01:49:38,33.7027,48.5799,0,0.0694294,0,0,3.01315,7915.94,415739,11651.2,0,0,0,415739,0,0,4163.03,110.133,8366.32,7915.94,0,0
01:11:15:01:49:39,33.1305,48.0077,0,0.0694294,0,0,3.01315,7915.94,415739,11651.2,0,0,0,415739,0,0,4163.03,110.15,8366.32,7915.94,0,0
01:11:15:01:49:40,33.4166,48.5799,0,0.0627537,0,0,3.01315,7915.94,415739,11651.2,0,0,0,415739,0,0,4163.03,110.167,8366.32,7915.94,0,0
01:11:15:01:49:41,33.7027,48.0077,0,0.065424,0,0,3.01315,7915.94,415739,11651.2,0,0,0,415739,0,0,4163.03,110.183,8366.32,7915.94,0,0
01:11:15:01:49:42,33.4166,48.2938,0,0.0667572,0,0,3.01315,7915.94,415739,11651.2,0,0,0,415739,0,0,4163.03,110.2,8366.32,7915.94,0,0
01:11:15:01:49:43,33.1305,48.866,0,0.0707626,0,0,3.01315,7915.94,415739,11651.2,0,0,0,415739,0,0,4163.03,110.217,8366.32,7915.94,0,0
01:11:15:01:49:44,33.1305,48.2938,0,0.0680924,0,0,3.01315,7915.94,415739,11651.2,0,0,0,415739,0,0,4163.03,110.233,8366.32,7915.94,0,0
01:11:15:01:49:45,33.4166,48.0077,0,0.0680924,0,0,3.01315,7915.94,415739,11651.2,0,0,0,415739,0,0,4163.03,110.25,8366.32,7915.94,0,0
01:11:15:01:49:46,33.4166,48.0077,0,0.0694294,0,0,3.01315,7915.94,415739,11651.2,0,0,0,415739,0,0,4163.03,110.267,8366.32,7915.94,0,0
01:11:15:01:49:47,33.4166,48.5799,0,0.0667572,0,0,3.01315,7915.94,415739,11651.2,0,0,0,415739,0,0,4163.03,110.283,8366.32,7915.94,0,0
01:11:15:01:49:48,32.8444,47.7216,0,0.0694294,0,0,3.01315,7915.94,415739,11651.2,0,0,0,415739,0,0,4163.03,110.3,8366.32,7915.94,0,0
01:11:15:01:49:49,32.8444,47.7216,0,0.0627537,0,0,3.01315,7915.94,415739,11651.2,0,0,0,415739,0,0,4163.03,110.317,8366.32,7915.94,0,0
01:11:15:01:49:50,32.5583,48.2938,0,0.0640869,0,0,3.01315,7915.94,415739,11651.2,0,0,0,415739,0,0,4163.03,110.333,8366.32,7915.94,0,0
01:11:15:01:49:51,32.8444,47.7216,0,0.0667572,0,0,3.01315,7915.94,415739,11651.2,0,0,0,415739,0,0,4163.03,110.35,8366.32,7915.94,0,0
01:11:15:01:49:52,33.1305,48.0077,0,0.0627537,0,0,3.01315,7915.94,415739,11651.2,0,0,0,415739,0,0,4163.03,110.367,8366.32,7915.94,0,0
01:11:15:01:49:53,32.8444,48.2938,0,0.0667572,0,0,3.01315,7915.94,415739,11651.2,0,0,0,415739,0,0,4163.03,110.383,8366.32,7915.94,0,0
01:11:15:01:49:54,33.1305,48.0077,0,0.0680924,0,0,3.01315,7915.94,415739,11651.2,0,0,0,415739,0,0,4163.03,110.4,8366.32,7915.94,0,0
01:11:15:01:49:55,32.5583,47.7216,0,0.0680924,0,0,3.01315,7915.94,415739,11651.2,0,0,0,415739,0,0,4163.03,110.417,8366.32,7915.94,0,0
01:11:15:01:49:56,32.8444,47.1494,0,0.0640869,0,0,3.01315,7915.94,415739,11651.2,0,0,0,415739,0,0,4163.03,110.433,8366.32,7915.94,0,0
01:11:15:01:49:57,32.8444,47.4355,0,0.0640869,0,0,3.01315,7915.94,415739,11651.2,0,0,0,415739,0,0,4163.03,110.45,8366.32,7915.94,0,0
01:11:15:01:49:58,31.9861,47.7216,0,0.0640869,0,0,3.01315,7915.94,415739,11651.2,0,0,0,415739,0,0,4163.03,110.467,8366.32,7915.94,0,0
01:11:15:01:49:59,32.5583,46.8633,0,0.065424,0,0,3.01315,7915.94,415739,11651.2,0,0,0,415739,0,0,4163.03,110.483,8366.32,7915.94,0,0
01:11:15:01:50:00,32.5583,47.1494,0,0.065424,0,0,3.01315,7915.94,415739,11651.2,0,0,0,415739,0,0,4163.03,110.5,8366.32,7915.94,0,0
01:11:15:01:50:01,32.5583,48.0077,0,0.0694294,0,0,3.01315,7915.94,415739,11651.2,0,0,0,415739,0,0,4163.03,110.517,8366.32,7915.94,0,0
01:11:15:01:50:02,32.2722,47.4355,0,0.0694294,0,0,3.01315,7915.94,415739,11651.2,0,0,0,415739,0,0,4163.03,110.533,8366.32,7915.94,0,0
01:11:15:01:50:03,32.2722,47.1494,0,0.0694294,0,0,3.01315,7915.94,415739,11651.2,0,0,0,415739,0,0,4163.03,110.55,8366.32,7915.94,0,0
01:11:15:01:50:04,32.5583,47.4355,0,0.0694294,0,0,3.01315,7915.94,415739,11651.2,0,0,0,415739,0,0,4163.03,110.567,8366.32,7915.94,0,0
01:11:15:01:50:05,32.2722,46.8633,0,0.0734348,0,0,3.01315,7915.94,415739,11651.2,0,0,0,415739,0,0,4163.03,110.583,8366.32,7915.94,0,0
01:11:15:01:50:06,32.2722,47.4355,0,0.0707626,0,0,3.01315,7915.94,415739,11651.2,0,0,0,415739,0,0,4163.03,110.6,8366.32,7915.94,0,0
01:11:15:01:50:07,32.5583,47.1494,0,0.0707626,0,0,3.01315,7915.94,415739,11651.2,0,0,0,415739,0,0,4163.03,110.617,8366.32,7915.94,0,0
01:11:15:01:50:08,32.5583,47.1494,0,0.0667572,0,0,3.01315,7915.94,415739,11651.2,0,0,0,415739,0,0,4163.03,110.633,8366.32,7915.94,0,0
01:11:15:01:50:09,31.9861,46.5772,0,0.0680924,0,0,3.01315,7915.94,415739,11651.2,0,0,0,415739,0,0,4163.03,110.65,8366.32,7915.94,0,0
01:11:15:01:50:10,32.2722,47.1494,0,0.0694294,0,0,3.01315,7915.94,415739,11651.2,0,0,0,415739,0,0,4163.03,110.667,8366.32,7915.94,0,0
01:11:15:01:50:11,32.2722,47.1494,0,0.0667572,0,0,3.01315,7915.94,415739,11651.2,0,0,0,415739,0,0,4163.03,110.683,8366.32,7915.94,0,0
01:11:15:01:50:12,31.4139,47.1494,0,0.0707626,0,0,3.01315,7915.94,415739,11651.2,0,0,0,415739,0,0,4163.03,110.7,8366.32,7915.94,0,0
01:11:15:01:50:13,31.7,47.4355,0,0.0694294,0,0,3.01315,7915.94,415739,11651.2,0,0,0,415739,0,0,4163.03,110.717,8366.32,7915.94,0,0
01:11:15:01:50:14,31.9861,47.1494,0,0.0680924,0,0,3.01315,7915.94,415739,11651.2,0,0,0,415739,0,0,4163.03,110.733,8366.32,7915.94,0,0
01:11:15:01:50:15,32.2722,46.8633,0,0.0667572,0,0,3.01315,7915.94,415739,11651.2,0,0,0,415739,0,0,4163.03,110.75,8366.32,7915.94,0,0
01:11:15:01:50:16,31.7,46.2911,0,0.0680924,0,0,3.01315,7915.94,415739,11651.2,0,0,0,415739,0,0,4163.03,110.767,8366.32,7915.94,0,0
01:11:15:01:50:17,31.9861,46.005,0,0.0667572,0,0,3.01315,7915.94,415739,11651.2,0,0,0,415739,0,0,4163.03,110.783,8366.32,7915.94,0,0
01:11:15:01:50:18,31.7,46.2911,0,0.0640869,0,0,3.01315,7915.94,415739,11651.2,0,0,0,415739,0,0,4163.03,110.8,8366.32,7915.94,0,0
01:11:15:01:50:19,31.7,46.8633,0,0.065424,0,0,3.01315,7915.94,415739,11651.2,0,0,0,415739,0,0,4163.03,110.817,8366.32,7915.94,0,0
01:11:15:01:50:20,31.4139,46.8633,0,0.065424,0,0,3.01315,7915.94,415739,11651.2,0,0,0,415739,0,0,4163.03,110.833,8366.32,7915.94,0,0
01:11:15:01:50:21,31.4139,46.5772,0,0.0667572,0,0,3.01315,7915.94,415739,11651.2,0,0,0,415739,0,0,4163.03,110.85,8366.32,7915.94,0,0
01:11:15:01:50:22,31.7,46.2911,0,0.0667572,0,0,3.01315,7915.94,415739,11651.2,0,0,0,415739,0,0,4163.03,110.867,8366.32,7915.94,0,0
01:11:15:01:50:23,31.4139,46.2911,0,0.0640869,0,0,3.01315,7915.94,415739,11651.2,0,0,0,415739,0,0,4163.03,110.883,8366.32,7915.94,0,0
01:11:15:01:50:24,31.7,46.2911,0,0.0627537,0,0,3.01315,7915.94,415739,11651.2,0,0,0,415739,0,0,4163.03,110.9,8366.32,7915.94,0,0
01:11:15:01:50:25,31.1278,46.5772,0,0.0680924,0,0,3.01315,7915.94,415739,11651.2,0,0,0,415739,0,0,4163.03,110.917,8366.32,7915.94,0,0
01:11:15:01:50:26,31.7,46.5772,0,0.065424,0,0,3.01315,7915.94,415739,11651.2,0,0,0,415739,0,0,4163.03,110.933,8366.32,7915.94,0,0
01:11:15:01:50:27,31.1278,46.5772,0,0.0667572,0,0,3.01315,7915.94,415739,11651.2,0,0,0,415739,0,0,4163.03,110.95,8366.32,7915.94,0,0
01:11:15:01:50:28,31.1278,46.5772,0,0.0640869,0,0,3.01315,7915.94,415739,11651.2,0,0,0,415739,0,0,4163.03,110.967,8366.32,7915.94,0,0
01:11:15:01:50:29,31.4139,46.005,0,0.065424,0,0,3.01315,7915.94,415739,11651.2,0,0,0,415739,0,0,4163.03,110.983,8366.32,7915.94,0,0
01:11:15:01:50:30,31.4139,46.005,0,0.065424,0,0,3.01315,7915.94,415739,11651.2,0,0,0,415739,0,0,4163.03,111,8366.32,7915.94,0,0
01:11:15:01:50:31,30.5556,46.005,0,0.0680924,0,0,3.01315,7915.94,415739,11651.2,0,0,0,415739,0,0,4163.03,111.017,8366.32,7915.94,0,0
01:11:15:01:50:32,31.4139,46.005,0,0.0640869,0,0,3.01315,7915.94,415739,11651.2,0,0,0,415739,0,0,4163.03,111.033,8366.32,7915.94,0,0
01:11:15:01:50:33,30.8417,46.005,0,0.0694294,0,0,3.01315,7915.94,415739,11651.2,0,0,0,415739,0,0,4163.03,111.05,8366.32,7915.94,0,0
01:11:15:01:50:34,31.4139,46.2911,0,0.0627537,0,0,3.01315,7915.94,415739,11651.2,0,0,0,415739,0,0,4163.03,111.067,8366.32,7915.94,0,0
01:11:15:01:50:35,31.1278,46.005,0,0.0640869,0,0,3.01315,7915.94,415739,11651.2,0,0,0,415739,0,0,4163.03,111.083,8366.32,7915.94,0,0
01:11:15:01:50:36,31.1278,46.2911,0,0.0640869,0,0,3.01315,7915.94,415739,11651.2,0,0,0,415739,0,0,4163.03,111.1,8366.32,7915.94,0,0
01:11:15:01:50:37,30.8417,46.5772,0,0.065424,0,0,3.01315,7915.94,415739,11651.2,0,0,0,415739,0,0,4163.03,111.117,8366.32,7915.94,0,0
01:11:15:01:50:38,31.4139,46.5772,0,0.0627537,0,0,3.01315,7915.94,415739,11651.2,0,0,0,415739,0,0,4163.03,111.133,8366.32,7915.94,0,0
01:11:15:01:50:39,30.8417,45.7189,0,0.0667572,0,0,3.01315,7915.94,415739,11651.2,0,0,0,415739,0,0,4163.03,111.15,8366.32,7915.94,0,0
01:11:15:01:50:40,31.1278,46.005,0,0.0640869,0,0,3.01315,7915.94,415739,11651.2,0,0,0,415739,0,0,4163.03,111.167,8366.32,7915.94,0,0
01:11:15:01:50:41,31.1278,46.005,0,0.0627537,0,0,3.01315,7915.94,415739,11651.2,0,0,0,415739,0,0,4163.03,111.183,8366.32,7915.94,0,0
01:11:15:01:50:42,30.8417,45.1467,0,0.0600815,0,0,3.01315,7915.94,415739,11651.2,0,0,0,415739,0,0,4163.03,111.2,8366.32,7915.94,0,0
01:11:15:01:50:43,30.5556,45.4328,0,0.0614185,0,0,3.01315,7915.94,415739,11651.2,0,0,0,415739,0,0,4163.03,111.217,8366.32,7915.94,0,0
01:11:15:01:50:44,30.2695,46.005,0,0.065424,0,0,3.01315,7915.94,415739,11651.2,0,0,0,415739,0,0,4163.03,111.233,8366.32,7915.94,0,0
01:11:15:01:50:45,31.1278,45.7189,0,0.0640869,0,0,3.01315,7915.94,415739,11651.2,0,0,0,415739,0,0,4163.03,111.25,8366.32,7915.94,0,0
01:11:15:01:50:46,30.5556,45.7189,0,0.0680924,0,0,3.01315,7915.94,415739,11651.2,0,0,0,415739,0,0,4163.03,111.267,8366.32,7915.94,0,0
01:11:15:01:50:47,30.5556,45.7189,0,0.0694294,0,0,3.01315,7915.94,415739,11651.2,0,0,0,415739,0,0,4163.03,111.283,8366.32,7915.94,0,0
01:11:15:01:50:48,29.9833,45.1467,0,0.0680924,0,0,3.01315,7915.94,415739,11651.2,0,0,0,415739,0,0,4163.03,111.3,8366.32,7915.94,0,0
01:11:15:01:50:49,30.8417,45.4328,0,0.0720997,0,0,3.01315,7915.94,415739,11651.2,0,0,0,415739,0,0,4163.03,111.317,8366.32,7915.94,0,0
01:11:15:01:50:50,30.5556,45.4328,0,0.0720997,0,0,3.01315,7915.94,415739,11651.2,0,0,0,415739,0,0,4163.03,111.333,8366.32,7915.94,0,0
01:11:15:01:50:51,30.8417,45.7189,0,0.0694294,0,0,3.01315,7915.94,415739,11651.2,0,0,0,415739,0,0,4163.03,111.35,8366.32,7915.94,0,0
01:11:15:01:50:52,29.9833,45.1467,0,0.0680924,0,0,3.01315,7915.94,415739,11651.2,0,0,0,415739,0,0,4163.03,111.367,8366.32,7915.94,0,0
01:11:15:01:50:53,30.5556,45.4328,0,0.0667572,0,0,3.01315,7915.94,415739,11651.2,0,0,0,415739,0,0,4163.03,111.383,8366.32,7915.94,0,0
01:11:15:01:50:54,29.9833,44.8606,0,0.0667572,0,0,3.01315,7915.94,415739,11651.2,0,0,0,415739,0,0,4163.03,111.4,8366.32,7915.94,0,0
01:11:15:01:50:55,30.5556,45.1467,0,0.0694294,0,0,3.01315,7915.94,415739,11651.2,0,0,0,415739,0,0,4163.03,111.417,8366.32,7915.94,0,0
01:11:15:01:50:56,30.5556,45.1467,0,0.0680924,0,0,3.01315,7915.94,415739,11651.2,0,0,0,415739,0,0,4163.03,111.433,8366.32,7915.94,0,0
01:11:15:01:50:57,30.5556,45.4328,0,0.0694294,0,0,3.01315,7915.94,415739,11651.2,0,0,0,415739,0,0,4163.03,111.45,8366.32,7915.94,0,0
01:11:15:01:50:58,30.2695,45.1467,0,0.0720997,0,0,3.01315,7915.94,415739,11651.2,0,0,0,415739,0,0,4163.03,111.467,8366.32,7915.94,0,0
01:11:15:01:50:59,30.8417,44.5745,0,0.065424,0,0,3.01315,7915.94,415739,11651.2,0,0,0,415739,0,0,4163.03,111.483,8366.32,7915.94,0,0
01:11:15:01:51:00,30.2695,44.8606,0,0.0667572,0,0,3.01315,7915.94,415739,11651.2,0,0,0,415739,0,0,4163.03,111.5,8366.32,7915.94,0,0
01:11:15:01:51:01,29.4111,44.8606,0,0.0667572,0,0,3.01315,7915.94,415739,11651.2,0,0,0,415739,0,0,4163.03,111.517,8366.32,7915.94,0,0
01:11:15:01:51:02,30.2695,45.1467,0,0.0640869,0,0,3.01315,7915.94,415739,11651.2,0,0,0,415739,0,0,4163.03,111.533,8366.32,7915.94,0,0
01:11:15:01:51:03,30.2695,45.1467,0,0.0680924,0,0,3.01315,7915.94,415739,11651.2,0,0,0,415739,0,0,4163.03,111.55,8366.32,7915.94,0,0
01:11:15:01:51:04,29.9833,45.4328,0,0.065424,0,0,3.01315,7915.94,415739,11651.2,0,0,0,415739,0,0,4163.03,111.567,8366.32,7915.94,0,0
01:11:15:01:51:05,29.9833,45.4328,0,0.0640869,0,0,3.01315,7915.94,415739,11651.2,0,0,0,415739,0,0,4163.03,111.583,8366.32,7915.94,0,0
01:11:15:01:51:06,30.2695,44.8606,0,0.065424,0,0,3.01315,7915.94,415739,11651.2,0,0,0,415739,0,0,4163.03,111.6,8366.32,7915.94,0,0
01:11:15:01:51:07,29.9833,44.5745,0,0.0680924,0,0,3.01315,7915.94,415739,11651.2,0,0,0,415739,0,0,4163.03,111.617,8366.32,7915.94,0,0
01:11:15:01:51:08,29.6972,44.8606,0,0.0640869,0,0,3.01315,7915.94,415739,11651.2,0,0,0,415739,0,0,4163.03,111.633,8366.32,7915.94,0,0
01:11:15:01:51:09,29.9833,44.8606,0,0.0667572,0,0,3.01315,7915.94,415739,11651.2,0,0,0,415739,0,0,4163.03,111.65,8366.32,7915.94,0,0
01:11:15:01:51:10,29.9833,44.8606,0,0.0640869,0,0,3.01315,7915.94,415739,11651.2,0,0,0,415739,0,0,4163.03,111.667,8366.32,7915.94,0,0
01:11:15:01:51:11,29.9833,44.0023,0,0.0667572,0,0,3.01315,7915.94,415739,11651.2,0,0,0,415739,0,0,4163.03,111.683,8366.32,7915.94,0,0
01:11:15:01:51:12,29.9833,44.5745,0,0.065424,0,0,3.01315,7915.94,415739,11651.2,0,0,0,415739,0,0,4163.03,111.7,8366.32,7915.94,0,0
01:11:15:01:51:13,29.9833,44.5745,0,0.0667572,0,0,3.01315,7915.94,415739,11651.2,0,0,0,415739,0,0,4163.03,111.717,8366.32,7915.94,0,0
01:11:15:01:51:14,29.125,44.5745,0,0.0667572,0,0,3.01315,7915.94,415739,11651.2,0,0,0,415739,0,0,4163.03,111.733,8366.32,7915.94,0,0
01:11:15:01:51:15,29.4111,44.2884,0,0.0640869,0,0,3.01315,7915.94,415739,11651.2,0,0,0,415739,0,0,4163.03,111.75,8366.32,7915.94,0,0
01:11:15:01:51:16,29.4111,44.5745,0,0.0640869,0,0,3.01315,7915.94,415739,11651.2,0,0,0,415739,0,0,4163.03,111.767,8366.32,7915.94,0,0
01:11:15:01:51:17,29.4111,44.0023,0,0.065424,0,0,3.01315,7915.94,415739,11651.2,0,0,0,415739,0,0,4163.03,111.783,8366.32,7915.94,0,0
01:11:15:01:51:18,29.125,44.5745,0,0.0667572,0,0,3.01315,7915.94,415739,11651.2,0,0,0,415739,0,0,4163.03,111.8,8366.32,7915.94,0,0
01:11:15:01:51:19,29.4111,44.8606,0,0.0640869,0,0,3.01315,7915.94,415739,11651.2,0,0,0,415739,0,0,4163.03,111.817,8366.32,7915.94,0,0
01:11:15:01:51:20,29.4111,44.2884,0,0.0667572,0,0,3.01315,7915.94,415739,11651.2,0,0,0,415739,0,0,4163.03,111.833,8366.32,7915.94,0,0
01:11:15:01:51:21,29.125,44.2884,0,0.0694294,0,0,3.01315,7915.94,415739,11651.2,0,0,0,415739,0,0,4163.03,111.85,8366.32,7915.94,0,0
01:11:15:01:51:22,28.8389,44.2884,0,0.0707626,0,0,3.01315,7915.94,415739,11651.2,0,0,0,415739,0,0,4163.03,111.867,8366.32,7915.94,0,0
01:11:15:01:51:23,29.4111,44.2884,0,0.0667572,0,0,3.01315,7915.94,415739,11651.2,0,0,0,415739,0,0,4163.03,111.883,8366.32,7915.94,0,0
01:11:15:01:51:24,29.125,44.5745,0,0.0640869,0,0,3.01315,7915.94,415739,11651.2,0,0,0,415739,0,0,4163.03,111.9,8366.32,7915.94,0,0
01:11:15:01:51:25,29.6972,43.7162,0,0.0627537,0,0,3.01315,7915.94,415739,11651.2,0,0,0,415739,0,0,4163.03,111.917,8366.32,7915.94,0,0
01:11:15:01:51:26,28.8389,44.0023,0,0.0680924,0,0,3.01315,7915.94,415739,11651.2,0,0,0,415739,0,0,4163.03,111.933,8366.32,7915.94,0,0
01:11:15:01:51:27,29.125,44.0023,0,0.065424,0,0,3.01315,7915.94,415739,11651.2,0,0,0,415739,0,0,4163.03,111.95,8366.32,7915.94,0,0
01:11:15:01:51:28,29.4111,44.0023,0,0.065424,0,0,3.01315,7915.94,415739,11651.2,0,0,0,415739,0,0,4163.03,111.967,8366.32,7915.94,0,0
01:11:15:01:51:29,28.5528,44.0023,0,0.065424,0,0,3.01315,7915.94,415739,11651.2,0,0,0,415739,0,0,4163.03,111.983,8366.32,7915.94,0,0
01:11:15:01:51:30,28.5528,44.2884,0,0.0640869,0,0,3.01315,7915.94,415739,11651.2,0,0,0,415739,0,0,4163.03,112,8366.32,7915.94,0,0
01:11:15:01:51:31,28.8389,43.7162,0,0.0667572,0,0,3.01315,7915.94,415739,11651.2,0,0,0,415739,0,0,4163.03,112.017,8366.32,7915.94,0,0
01:11:15:01:51:32,28.8389,44.0023,0,0.0667572,0,0,3.01315,7915.94,415739,11651.2,0,0,0,415739,0,0,4163.03,112.033,8366.32,7915.94,0,0
01:11:15:01:51:33,29.4111,44.2884,0,0.0667572,0,0,3.01315,7915.94,415739,11651.2,0,0,0,415739,0,0,4163.03,112.05,8366.32,7915.94,0,0
01:11:15:01:51:34,28.2667,44.2884,0,0.0707626,0,0,3.01315,7915.94,415739,11651.2,0,0,0,415739,0,0,4163.03,112.067,8366.32,7915.94,0,0
01:11:15:01:51:35,29.125,43.7162,0,0.0694294,0,0,3.01315,7915.94,415739,11651.2,0,0,0,415739,0,0,4163.03,112.083,8366.32,7915.94,0,0
01:11:15:01:51:36,29.125,43.144,0,0.0627537,0,0,3.01315,7915.94,415739,11651.2,0,0,0,415739,0,0,4163.03,112.1,8366.32,7915.94,0,0
01:11:15:01:51:37,28.5528,43.7162,0,0.0640869,0,0,3.01315,7915.94,415739,11651.2,0,0,0,415739,0,0,4163.03,112.117,8366.32,7915.94,0,0
01:11:15:01:51:38,28.5528,43.7162,0,0.0640869,0,0,3.01315,7915.94,415739,11651.2,0,0,0,415739,0,0,4163.03,112.133,8366.32,7915.94,0,0
01:11:15:01:51:39,28.8389,43.7162,0,0.0667572,0,0,3.01315,7915.94,415739,11651.2,0,0,0,415739,0,0,4163.03,112.15,8366.32,7915.94,0,0
01:11:15:01:51:40,28.5528,43.4301,0,0.0667572,0,0,3.01315,7915.94,415739,11651.2,0,0,0,415739,0,0,4163.03,112.167,8366.32,7915.94,0,0
01:11:15:01:51:41,28.8389,44.0023,0,0.0680924,0,0,3.01315,7915.94,415739,11651.2,0,0,0,415739,0,0,4163.03,112.183,8366.32,7915.94,0,0
01:11:15:01:51:42,29.125,43.4301,0,0.0640869,0,0,3.01315,7915.94,415739,11651.2,0,0,0,415739,0,0,4163.03,112.2,8366.32,7915.94,0,0
01:11:15:01:51:43,28.2667,43.4301,0,0.0667572,0,0,3.01315,7915.94,415739,11651.2,0,0,0,415739,0,0,4163.03,112.217,8366.32,7915.94,0,0
01:11:15:01:51:44,28.5528,44.0023,0,0.0667572,0,0,3.01315,7915.94,415739,11651.2,0,0,0,415739,0,0,4163.03,112.233,8366.32,7915.94,0,0
01:11:15:01:51:45,28.5528,43.4301,0,0.0640869,0,0,3.01315,7915.94,415739,11651.2,0,0,0,415739,0,0,4163.03,112.25,8366.32,7915.94,0,0
01:11:15:01:51:46,28.8389,43.4301,0,0.0640869,0,0,3.01315,7915.94,415739,11651.2,0,0,0,415739,0,0,4163.03,112.267,8366.32,7915.94,0,0
01:11:15:01:51:47,28.5528,43.7162,0,0.0600815,0,0,3.01315,7915.94,415739,11651.2,0,0,0,415739,0,0,4163.03,112.283,8366.32,7915.94,0,0
01:11:15:01:51:48,28.5528,42.8579,0,0.0627537,0,0,3.01315,7915.94,415739,11651.2,0,0,0,415739,0,0,4163.03,112.3,8366.32,7915.94,0,0
01:11:15:01:51:49,27.6945,43.4301,0,0.0640869,0,0,3.01315,7915.94,415739,11651.2,0,0,0,415739,0,0,4163.03,112.317,8366.32,7915.94,0,0
01:11:15:01:51:50,28.2667,43.144,0,0.0667572,0,0,3.01315,7915.94,415739,11651.2,0,0,0,415739,0,0,4163.03,112.333,8366.32,7915.94,0,0
01:11:15:01:51:51,27.9806,43.7162,0,0.0707626,0,0,3.01315,7915.94,415739,11651.2,0,0,0,415739,0,0,4163.03,112.35,8366.32,7915.94,0,0
01:11:15:01:51:52,27.4084,42.8579,0,0.0680924,0,0,3.01315,7915.94,415739,11651.2,0,0,0,415739,0,0,4163.03,112.367,8366.32,7915.94,0,0
01:11:15:01:51:53,27.9806,43.4301,0,0.0667572,0,0,3.01315,7915.94,415739,11651.2,0,0,0,415739,0,0,4163.03,112.383,8366.32,7915.94,0,0
01:11:15:01:51:54,27.4084,43.144,0,0.0694294,0,0,3.01315,7915.94,415739,11651.2,0,0,0,415739,0,0,4163.03,112.4,8366.32,7915.94,0,0
01:11:15:01:51:55,27.9806,42.8579,0,0.0680924,0,0,3.01315,7915.94,415739,11651.2,0,0,0,415739,0,0,4163.03,112.417,8366.32,7915.94,0,0
01:11:15:01:51:56,28.2667,43.4301,0,0.0627537,0,0,3.01315,7915.94,415739,11651.2,0,0,0,415739,0,0,4163.03,112.433,8366.32,7915.94,0,0
01:11:15:01:51:57,27.9806,43.4301,0,0.0680924,0,0,3.01315,7915.94,415739,11651.2,0,0,0,415739,0,0,4163.03,112.45,8366.32,7915.94,0,0
01:11:15:01:51:58,27.6945,42.8579,0,0.0614185,0,0,3.01315,7915.94,415739,11651.2,0,0,0,415739,0,0,4163.03,112.467,8366.32,7915.94,0,0
01:11:15:01:51:59,27.9806,42.8579,0,0.0614185,0,0,3.01315,7915.94,415739,11651.2,0,0,0,415739,0,0,4163.03,112.483,8366.32,7915.94,0,0
01:11:15:01:52:00,27.9806,42.5718,0,0.0640869,0,0,3.01315,7915.94,415739,11651.2,0,0,0,415739,0,0,4163.03,112.5,8366.32,7915.94,0,0
01:11:15:01:52:01,27.6945,42.8579,0,0.065424,0,0,3.01315,7915.94,415739,11651.2,0,0,0,415739,0,0,4163.03,112.517,8366.32,7915.94,0,0
01:11:15:01:52:02,27.6945,43.144,0,0.0667572,0,0,3.01315,7915.94,415739,11651.2,0,0,0,415739,0,0,4163.03,112.533,8366.32,7915.94,0,0
01:11:15:01:52:03,27.9806,42.8579,0,0.0694294,0,0,3.01315,7915.94,415739,11651.2,0,0,0,415739,0,0,4163.03,112.55,8366.32,7915.94,0,0
01:11:15:01:52:04,27.6945,42.5718,0,0.0680924,0,0,3.01315,7915.94,415739,11651.2,0,0,0,415739,0,0,4163.03,112.567,8366.32,7915.94,0,0
01:11:15:01:52:05,27.6945,42.5718,0,0.0680924,0,0,3.01315,7915.94,415739,11651.2,0,0,0,415739,0,0,4163.03,112.583,8366.32,7915.94,0,0
01:11:15:01:52:06,27.9806,42.5718,0,0.065424,0,0,3.01315,7915.94,415739,11651.2,0,0,0,415739,0,0,4163.03,112.6,8366.32,7915.94,0,0
01:11:15:01:52:07,27.4084,42.5718,0,0.0640869,0,0,3.01315,7915.94,415739,11651.2,0,0,0,415739,0,0,4163.03,112.617,8366.32,7915.94,0,0
01:11:15:01:52:08,27.4084,41.9996,0,0.0667572,0,0,3.01315,7915.94,415739,11651.2,0,0,0,415739,0,0,4163.03,112.633,8366.32,7915.94,0,0
01:11:15:01:52:09,27.1223,41.9996,0,0.0640869,0,0,3.01315,7915.94,415739,11651.2,0,0,0,415739,0,0,4163.03,112.65,8366.32,7915.94,0,0
01:11:15:01:52:10,27.4084,41.9996,0,0.0707626,0,0,3.01315,7915.94,415739,11651.2,0,0,0,415739,0,0,4163.03,112.667,8366.32,7915.94,0,0
01:11:15:01:52:11,26.8362,41.7135,0,0.0707626,0,0,3.01315,7915.94,415739,11651.2,0,0,0,415739,0,0,4163.03,112.683,8366.32,7915.94,0,0
01:11:15:01:52:12,27.4084,42.8579,0,0.0680924,0,0,3.01315,7915.94,415739,11651.2,0,0,0,415739,0,0,4163.03,112.7,8366.32,7915.94,0,0
01:11:15:01:52:13,27.4084,42.5718,0,0.0667572,0,0,3.01315,7915.94,415739,11651.2,0,0,0,415739,0,0,4163.03,112.717,8366.32,7915.94,0,0
01:11:15:01:52:14,27.4084,42.8579,0,0.0694294,0,0,3.01315,7915.94,415739,11651.2,0,0,0,415739,0,0,4163.03,112.733,8366.32,7915.94,0,0
01:11:15:01:52:15,27.1223,42.8579,0,0.0720997,0,0,3.01315,7915.94,415739,11651.2,0,0,0,415739,0,0,4163.03,112.75,8366.32,7915.94,0,0
01:11:15:01:52:16,27.4084,42.5718,0,0.0694294,0,0,3.01315,7915.94,415739,11651.2,0,0,0,415739,0,0,4163.03,112.767,8366.32,7915.94,0,0
01:11:15:01:52:17,26.5501,41.9996,0,0.0694294,0,0,3.01315,7915.94,415739,11651.2,0,0,0,415739,0,0,4163.03,112.783,8366.32,7915.94,0,0
01:11:15:01:52:18,26.8362,42.5718,0,0.0680924,0,0,3.01315,7915.94,415739,11651.2,0,0,0,415739,0,0,4163.03,112.8,8366.32,7915.94,0,0
01:11:15:01:52:19,26.5501,41.9996,0,0.0667572,0,0,3.01315,7915.94,415739,11651.2,0,0,0,415739,0,0,4163.03,112.817,8366.32,7915.94,0,0
01:11:15:01:52:20,27.1223,41.9996,0,0.0680924,0,0,3.01315,7915.94,415739,11651.2,0,0,0,415739,0,0,4163.03,112.833,8366.32,7915.94,0,0
01:11:15:01:52:21,27.1223,41.9996,0,0.0694294,0,0,3.01315,7915.94,415739,11651.2,0,0,0,415739,0,0,4163.03,112.85,8366.32,7915.94,0,0
01:11:15:01:52:22,26.8362,41.7135,0,0.0667572,0,0,3.01315,7915.94,415739,11651.2,0,0,0,415739,0,0,4163.03,112.867,8366.32,7915.94,0,0
01:11:15:01:52:23,26.8362,41.4274,0,0.0667572,0,0,3.01315,7915.94,415739,11651.2,0,0,0,415739,0,0,4163.03,112.883,8366.32,7915.94,0,0
01:11:15:01:52:24,26.8362,41.7135,0,0.0680924,0,0,3.01315,7915.94,415739,11651.2,0,0,0,415739,0,0,4163.03,112.9,8366.32,7915.94,0,0
01:11:15:01:52:25,27.1223,41.7135,0,0.065424,0,0,3.01315,7915.94,415739,11651.2,0,0,0,415739,0,0,4163.03,112.917,8366.32,7915.94,0,0
01:11:15:01:52:26,26.8362,41.7135,0,0.0640869,0,0,3.01315,7915.94,415739,11651.2,0,0,0,415739,0,0,4163.03,112.933,8366.32,7915.94,0,0
01:11:15:01:52:27,27.1223,41.7135,0,0.0680924,0,0,3.01315,7915.94,415739,11651.2,0,0,0,415739,0,0,4163.03,112.95,8366.32,7915.94,0,0
01:11:15:01:52:28,27.1223,41.7135,0,0.065424,0,0,3.01315,7915.94,415739,11651.2,0,0,0,415739,0,0,4163.03,112.967,8366.32,7915.94,0,0
01:11:15:01:52:29,26.8362,41.4274,0,0.0667572,0,0,3.01315,7915.94,415739,11651.2,0,0,0,415739,0,0,4163.03,112.983,8366.32,7915.94,0,0
01:11:15:01:52:30,26.8362,41.7135,0,0.0640869,0,0,3.01315,7915.94,415739,11651.2,0,0,0,415739,0,0,4163.03,113,8366.32,7915.94,0,0
01:11:15:01:52:31,26.5501,41.4274,0,0.0640869,0,0,3.01315,7915.94,415739,11651.2,0,0,0,415739,0,0,4163.03,113.017,8366.32,7915.94,0,0
01:11:15:01:52:32,26.8362,41.4274,0,0.065424,0,0,3.01315,7915.94,415739,11651.2,0,0,0,415739,0,0,4163.03,113.033,8366.32,7915.94,0,0
01:11:15:01:52:33,26.5501,41.7135,0,0.0667572,0,0,3.01315,7915.94,415739,11651.2,0,0,0,415739,0,0,4163.03,113.05,8366.32,7915.94,0,0
01:11:15:01:52:34,25.9779,41.4274,0,0.0640869,0,0,3.01315,7915.94,415739,11651.2,0,0,0,415739,0,0,4163.03,113.067,8366.32,7915.94,0,0
01:11:15:01:52:35,26.264,41.1413,0,0.0680924,0,0,3.01315,7915.94,415739,11651.2,0,0,0,415739,0,0,4163.03,113.083,8366.32,7915.94,0,0
01:11:15:01:52:36,25.6918,41.1413,0,0.0640869,0,0,3.01315,7915.94,415739,11651.2,0,0,0,415739,0,0,4163.03,113.1,8366.32,7915.94,0,0
01:11:15:01:52:37,26.264,41.7135,0,0.0640869,0,0,3.01315,7915.94,415739,11651.2,0,0,0,415739,0,0,4163.03,113.117,8366.32,7915.94,0,0
01:11:15:01:52:38,26.8362,41.1413,0,0.0627537,0,0,3.01315,7915.94,415739,11651.2,0,0,0,415739,0,0,4163.03,113.133,8366.32,7915.94,0,0
01:11:15:01:52:39,26.5501,40.8552,0,0.065424,0,0,3.01315,7915.94,415739,11651.2,0,0,0,415739,0,0,4163.03,113.15,8366.32,7915.94,0,0
01:11:15:01:52:40,26.264,41.4274,0,0.065424,0,0,3.01315,7915.94,415739,11651.2,0,0,0,415739,0,0,4163.03,113.167,8366.32,7915.94,0,0
01:11:15:01:52:41,25.9779,40.8552,0,0.0627537,0,0,3.01315,7915.94,415739,11651.2,0,0,0,415739,0,0,4163.03,113.183,8366.32,7915.94,0,0
01:11:15:01:52:42,26.5501,40.5691,0,0.0627537,0,0,3.01315,7915.94,415739,11651.2,0,0,0,415739,0,0,4163.03,113.2,8366.32,7915.94,0,0
01:11:15:01:52:43,26.5501,40.5691,0,0.0587482,0,0,3.01315,7915.94,415739,11651.2,0,0,0,415739,0,0,4163.03,113.217,8366.32,7915.94,0,0
01:11:15:01:52:44,26.5501,40.5691,0,0.065424,0,0,3.01315,7915.94,415739,11651.2,0,0,0,415739,0,0,4163.03,113.233,8366.32,7915.94,0,0
01:11:15:01:52:45,26.5501,40.5691,0,0.065424,0,0,3.01315,7915.94,415739,11651.2,0,0,0,415739,0,0,4163.03,113.25,8366.32,7915.94,0,0
01:11:15:01:52:46,26.5501,40.5691,0,0.065424,0,0,3.01315,7915.94,415739,11651.2,0,0,0,415739,0,0,4163.03,113.267,8366.32,7915.94,0,0
01:11:15:01:52:47,25.9779,41.1413,0,0.0640869,0,0,3.01315,7915.94,415739,11651.2,0,0,0,415739,0,0,4163.03,113.283,8366.32,7915.94,0,0
01:11:15:01:52:48,26.5501,40.8552,0,0.0667572,0,0,3.01315,7915.94,415739,11651.2,0,0,0,415739,0,0,4163.03,113.3,8366.32,7915.94,0,0
01:11:15:01:52:49,25.9779,40.5691,0,0.0627537,0,0,3.01315,7915.94,415739,11651.2,0,0,0,415739,0,0,4163.03,113.317,8366.32,7915.94,0,0
01:11:15:01:52:50,25.6918,40.283,0,0.0680924,0,0,3.01315,7915.94,415739,11651.2,0,0,0,415739,0,0,4163.03,113.333,8366.32,7915.94,0,0
01:11:15:01:52:51,25.9779,40.283,0,0.065424,0,0,3.01315,7915.94,415739,11651.2,0,0,0,415739,0,0,4163.03,113.35,8366.32,7915.94,0,0
01:11:15:01:52:52,26.5501,40.8552,0,0.0667572,0,0,3.01315,7915.94,415739,11651.2,0,0,0,415739,0,0,4163.03,113.367,8366.32,7915.94,0,0
01:11:15:01:52:53,25.6918,41.1413,0,0.0667572,0,0,3.01315,7915.94,415739,11651.2,0,0,0,415739,0,0,4163.03,113.383,8366.32,7915.94,0,0
01:11:15:01:52:54,25.4057,39.9969,0,0.065424,0,0,3.01315,7915.94,415739,11651.2,0,0,0,415739,0,0,4163.03,113.4,8366.32,7915.94,0,0
01:11:15:01:52:55,25.6918,40.5691,0,0.0640869,0,0,3.01315,7915.94,415739,11651.2,0,0,0,415739,0,0,4163.03,113.417,8366.32,7915.94,0,0
01:11:15:01:52:56,25.4057,40.5691,0,0.0627537,0,0,3.01315,7915.94,415739,11651.2,0,0,0,415739,0,0,4163.03,113.433,8366.32,7915.94,0,0
01:11:15:01:52:57,25.9779,40.8552,0,0.0640869,0,0,3.01315,7915.94,415739,11651.2,0,0,0,415739,0,0,4163.03,113.45,8366.32,7915.94,0,0
01:11:15:01:52:58,25.9779,40.283,0,0.0640869,0,0,3.01315,7915.94,415739,11651.2,0,0,0,415739,0,0,4163.03,113.467,8366.32,7915.94,0,0
01:11:15:01:52:59,25.1196,40.8552,0,0.0640869,0,0,3.01315,7915.94,415739,11651.2,0,0,0,415739,0,0,4163.03,113.483,8366.32,7915.94,0,0
01:11:15:01:53:00,25.6918,40.5691,0,0.0640869,0,0,3.01315,7915.94,415739,11651.2,0,0,0,415739,0,0,4163.03,113.5,8366.32,7915.94,0,0
01:11:15:01:53:01,25.4057,40.283,0,0.0680924,0,0,3.01315,7915.94,415739,11651.2,0,0,0,415739,0,0,4163.03,113.517,8366.32,7915.94,0,0
01:11:15:01:53:02,25.9779,40.8552,0,0.0614185,0,0,3.01315,7915.94,415739,11651.2,0,0,0,415739,0,0,4163.03,113.533,8366.32,7915.94,0,0
01:11:15:01:53:03,25.4057,39.9969,0,0.0667572,0,0,3.01315,7915.94,415739,11651.2,0,0,0,415739,0,0,4163.03,113.55,8366.32,7915.94,0,0
01:11:15:01:53:04,25.1196,40.5691,0,0.0640869,0,0,3.01315,7915.94,415739,11651.2,0,0,0,415739,0,0,4163.03,113.567,8366.32,7915.94,0,0
01:11:15:01:53:05,25.4057,40.5691,0,0.0667572,0,0,3.01315,7915.94,415739,11651.2,0,0,0,415739,0,0,4163.03,113.583,8366.32,7915.94,0,0
01:11:15:01:53:06,25.1196,40.283,0,0.065424,0,0,3.01315,7915.94,415739,11651.2,0,0,0,415739,0,0,4163.03,113.6,8366.32,7915.94,0,0
01:11:15:01:53:07,24.8335,39.4247,0,0.065424,0,0,3.01315,7915.94,415739,11651.2,0,0,0,415739,0,0,4163.03,113.617,8366.32,7915.94,0,0
01:11:15:01:53:08,25.6918,40.283,0,0.0640869,0,0,3.01315,7915.94,415739,11651.2,0,0,0,415739,0,0,4163.03,113.633,8366.32,7915.94,0,0
01:11:15:01:53:09,25.1196,39.9969,0,0.065424,0,0,3.01315,7915.94,415739,11651.2,0,0,0,415739,0,0,4163.03,113.65,8366.32,7915.94,0,0
01:11:15:01:53:10,24.8335,40.5691,0,0.0640869,0,0,3.01315,7915.94,415739,11651.2,0,0,0,415739,0,0,4163.03,113.667,8366.32,7915.94,0,0
01:11:15:01:53:11,25.4057,39.9969,0,0.065424,0,0,3.01315,7915.94,415739,11651.2,0,0,0,415739,0,0,4163.03,113.683,8366.32,7915.94,0,0
01:11:15:01:53:12,25.6918,39.7108,0,0.0640869,0,0,3.01315,7915.94,415739,11651.2,0,0,0,415739,0,0,4163.03,113.7,8366.32,7915.94,0,0
01:11:15:01:53:13,24.2613,39.1386,0,0.0667572,0,0,3.01315,7915.94,415739,11651.2,0,0,0,415739,0,0,4163.03,113.717,8366.32,7915.94,0,0
01:11:15:01:53:14,24.8335,39.7108,0,0.065424,0,0,3.01315,7915.94,415739,11651.2,0,0,0,415739,0,0,4163.03,113.733,8366.32,7915.94,0,0
01:11:15:01:53:15,25.1196,39.9969,0,0.065424,0,0,3.01315,7915.94,415739,11651.2,0,0,0,415739,0,0,4163.03,113.75,8366.32,7915.94,0,0
01:11:15:01:53:16,24.8335,39.4247,0,0.0614185,0,0,3.01315,7915.94,415739,11651.2,0,0,0,415739,0,0,4163.03,113.767,8366.32,7915.94,0,0
01:11:15:01:53:17,24.8335,39.1386,0,0.0600815,0,0,3.01315,7915.94,415739,11651.2,0,0,0,415739,0,0,4163.03,113.783,8366.32,7915.94,0,0
01:11:15:01:53:18,24.8335,39.4247,0,0.065424,0,0,3.01315,7915.94,415739,11651.2,0,0,0,415739,0,0,4163.03,113.8,8366.32,7915.94,0,0
01:11:15:01:53:19,24.8335,39.1386,0,0.065424,0,0,3.01315,7915.94,415739,11651.2,0,0,0,415739,0,0,4163.03,113.817,8366.32,7915.94,0,0
01:11:15:01:53:20,24.8335,39.4247,0,0.0640869,0,0,3.01315,7915.94,415739,11651.2,0,0,0,415739,0,0,4163.03,113.833,8366.32,7915.94,0,0
01:11:15:01:53:21,24.5474,39.7108,0,0.0627537,0,0,3.01315,7915.94,415739,11651.2,0,0,0,415739,0,0,4163.03,113.85,8366.32,7915.94,0,0
01:11:15:01:53:22,24.2613,39.1386,0,0.0614185,0,0,3.01315,7915.94,415739,11651.2,0,0,0,415739,0,0,4163.03,113.867,8366.32,7915.94,0,0
01:11:15:01:53:23,24.5474,39.7108,0,0.0600815,0,0,3.01315,7915.94,415739,11651.2,0,0,0,415739,0,0,4163.03,113.883,8366.32,7915.94,0,0
01:11:15:01:53:24,24.2613,39.7108,0,0.0627537,0,0,3.01315,7915.94,415739,11651.2,0,0,0,415739,0,0,4163.03,113.9,8366.32,7915.94,0,0
01:11:15:01:53:25,24.8335,38.8525,0,0.0614185,0,0,3.01315,7915.94,415739,11651.2,0,0,0,415739,0,0,4163.03,113.917,8366.32,7915.94,0,0
01:11:15:01:53:26,23.9752,39.4247,0,0.065424,0,0,3.01315,7915.94,415739,11651.2,0,0,0,415739,0,0,4163.03,113.933,8366.32,7915.94,0,0
01:11:15:01:53:27,23.9752,39.1386,0,0.0627537,0,0,3.01315,7915.94,415739,11651.2,0,0,0,415739,0,0,4163.03,113.95,8366.32,7915.94,0,0
01:11:15:01:53:28,24.2613,39.9969,0,0.0614185,0,0,3.01315,7915.94,415739,11651.2,0,0,0,415739,0,0,4163.03,113.967,8366.32,7915.94,0,0
01:11:15:01:53:29,23.9752,39.4247,0,0.0614185,0,0,3.01315,7915.94,415739,11651.2,0,0,0,415739,0,0,4163.03,113.983,8366.32,7915.94,0,0
01:11:15:01:53:30,24.2613,39.1386,0,0.065424,0,0,3.01315,7915.94,415739,11651.2,0,0,0,415739,0,0,4163.03,114,8366.32,7915.94,0,0
01:11:15:01:53:31,24.2613,39.1386,0,0.0640869,0,0,3.01315,7915.94,415739,11651.2,0,0,0,415739,0,0,4163.03,114.017,8366.32,7915.94,0,0
01:11:15:01:53:32,23.9752,39.4247,0,0.0694294,0,0,3.01315,7915.94,415739,11651.2,0,0,0,415739,0,0,4163.03,114.033,8366.32,7915.94,0,0
01:11:15:01:53:33,24.5474,39.1386,0,0.0667572,0,0,3.01315,7915.94,415739,11651.2,0,0,0,415739,0,0,4163.03,114.05,8366.32,7915.94,0,0
01:11:15:01:53:34,24.8335,39.4247,0,0.0667572,0,0,3.01315,7915.94,415739,11651.2,0,0,0,415739,0,0,4163.03,114.067,8366.32,7915.94,0,0
01:11:15:01:53:35,24.2613,39.4247,0,0.065424,0,0,3.01315,7915.94,415739,11651.2,0,0,0,415739,0,0,4163.03,114.083,8366.32,7915.94,0,0
01:11:15:01:53:36,23.9752,39.1386,0,0.065424,0,0,3.01315,7915.94,415739,11651.2,0,0,0,415739,0,0,4163.03,114.1,8366.32,7915.94,0,0
01:11:15:01:53:37,23.6891,39.1386,0,0.0667572,0,0,3.01315,7915.94,415739,11651.2,0,0,0,415739,0,0,4163.03,114.117,8366.32,7915.94,0,0
01:11:15:01:53:38,23.9752,38.8525,0,0.065424,0,0,3.01315,7915.94,415739,11651.2,0,0,0,415739,0,0,4163.03,114.133,8366.32,7915.94,0,0
01:11:15:01:53:39,23.9752,39.1386,0,0.0640869,0,0,3.01315,7915.94,415739,11651.2,0,0,0,415739,0,0,4163.03,114.15,8366.32,7915.94,0,0
01:11:15:01:53:40,23.9752,39.1386,0,0.065424,0,0,3.01315,7915.94,415739,11651.2,0,0,0,415739,0,0,4163.03,114.167,8366.32,7915.94,0,0
01:11:15:01:53:41,23.6891,38.5664,0,0.0667572,0,0,3.01315,7915.94,415739,11651.2,0,0,0,415739,0,0,4163.03,114.183,8366.32,7915.94,0,0
01:11:15:01:53:42,23.6891,38.8525,0,0.0627537,0,0,3.01315,7915.94,415739,11651.2,0,0,0,415739,0,0,4163.03,114.2,8366.32,7915.94,0,0
01:11:15:01:53:43,23.6891,38.5664,0,0.0614185,0,0,3.01315,7915.94,415739,11651.2,0,0,0,415739,0,0,4163.03,114.217,8366.32,7915.94,0,0
01:11:15:01:53:44,24.2613,39.1386,0,0.0627537,0,0,3.01315,7915.94,415739,11651.2,0,0,0,415739,0,0,4163.03,114.233,8366.32,7915.94,0,0
01:11:15:01:53:45,23.6891,38.8525,0,0.0640869,0,0,3.01315,7915.94,415739,11651.2,0,0,0,415739,0,0,4163.03,114.25,8366.32,7915.94,0,0
01:11:15:01:53:46,23.403,38.5664,0,0.0614185,0,0,3.01315,7915.94,415739,11651.2,0,0,0,415739,0,0,4163.03,114.267,8366.32,7915.94,0,0
01:11:15:01:53:47,23.9752,38.2803,0,0.0680924,0,0,3.01315,7915.94,415739,11651.2,0,0,0,415739,0,0,4163.03,114.283,8366.32,7915.94,0,0
01:11:15:01:53:48,23.403,37.9942,0,0.0640869,0,0,3.01315,7915.94,415739,11651.2,0,0,0,415739,0,0,4163.03,114.3,8366.32,7915.94,0,0
01:11:15:01:53:49,23.9752,38.5664,0,0.065424,0,0,3.01315,7915.94,415739,11651.2,0,0,0,415739,0,0,4163.03,114.317,8366.32,7915.94,0,0
01:11:15:01:53:50,23.6891,38.5664,0,0.0667572,0,0,3.01315,7915.94,415739,11651.2,0,0,0,415739,0,0,4163.03,114.333,8366.32,7915.94,0,0
01:11:15:01:53:51,23.403,38.5664,0,0.0694294,0,0,3.01315,7915.94,415739,11651.2,0,0,0,415739,0,0,4163.03,114.35,8366.32,7915.94,0,0
01:11:15:01:53:52,23.403,38.5664,0,0.0694294,0,0,3.01315,7915.94,415739,11651.2,0,0,0,415739,0,0,4163.03,114.367,8366.32,7915.94,0,0
01:11:15:01:53:53,23.6891,38.2803,0,0.0667572,0,0,3.01315,7915.94,415739,11651.2,0,0,0,415739,0,0,4163.03,114.383,8366.32,7915.94,0,0
01:11:15:01:53:54,23.1169,38.2803,0,0.0667572,0,0,3.01315,7915.94,415739,11651.2,0,0,0,415739,0,0,4163.03,114.4,8366.32,7915.94,0,0
01:11:15:01:53:55,23.1169,38.8525,0,0.0640869,0,0,3.01315,7915.94,415739,11651.2,0,0,0,415739,0,0,4163.03,114.417,8366.32,7915.94,0,0
01:11:15:01:53:56,23.403,37.9942,0,0.0640869,0,0,3.01315,7915.94,415739,11651.2,0,0,0,415739,0,0,4163.03,114.433,8366.32,7915.94,0,0
01:11:15:01:53:57,23.403,37.7081,0,0.0640869,0,0,3.01315,7915.94,415739,11651.2,0,0,0,415739,0,0,4163.03,114.45,8366.32,7915.94,0,0
01:11:15:01:53:58,23.1169,38.2803,0,0.0667572,0,0,3.01315,7915.94,415739,11651.2,0,0,0,415739,0,0,4163.03,114.467,8366.32,7915.94,0,0
01:11:15:01:53:59,23.403,38.2803,0,0.0640869,0,0,3.01315,7915.94,415739,11651.2,0,0,0,415739,0,0,4163.03,114.483,8366.32,7915.94,0,0
01:11:15:01:54:00,22.8308,37.9942,0,0.0614185,0,0,3.01315,7915.94,415739,11651.2,0,0,0,415739,0,0,4163.03,114.5,8366.32,7915.94,0,0
01:11:15:01:54:01,23.1169,38.2803,0,0.0627537,0,0,3.01315,7915.94,415739,11651.2,0,0,0,415739,0,0,4163.03,114.517,8366.32,7915.94,0,0
01:11:15:01:54:02,23.403,37.9942,0,0.0640869,0,0,3.01315,7915.94,415739,11651.2,0,0,0,415739,0,0,4163.03,114.533,8366.32,7915.94,0,0
01:11:15:01:54:03,23.1169,37.9942,0,0.0627537,0,0,3.01315,7915.94,415739,11651.2,0,0,0,415739,0,0,4163.03,114.55,8366.32,7915.94,0,0
01:11:15:01:54:04,22.8308,38.2803,0,0.065424,0,0,3.01315,7915.94,415739,11651.2,0,0,0,415739,0,0,4163.03,114.567,8366.32,7915.94,0,0
01:11:15:01:54:05,23.403,37.9942,0,0.0640869,0,0,3.01315,7915.94,415739,11651.2,0,0,0,415739,0,0,4163.03,114.583,8366.32,7915.94,0,0
01:11:15:01:54:06,22.8308,37.9942,0,0.0627537,0,0,3.01315,7915.94,415739,11651.2,0,0,0,415739,0,0,4163.03,114.6,8366.32,7915.94,0,0
01:11:15:01:54:07,22.8308,37.422,0,0.0627537,0,0,3.01315,7915.94,415739,11651.2,0,0,0,415739,0,0,4163.03,114.617,8366.32,7915.94,0,0
01:11:15:01:54:08,23.1169,38.2803,0,0.0640869,0,0,3.01315,7915.94,415739,11651.2,0,0,0,415739,0,0,4163.03,114.633,8366.32,7915.94,0,0
01:11:15:01:54:09,22.8308,37.9942,0,0.0627537,0,0,3.01315,7915.94,415739,11651.2,0,0,0,415739,0,0,4163.03,114.65,8366.32,7915.94,0,0
01:11:15:01:54:10,22.8308,37.9942,0,0.0667572,0,0,3.01315,7915.94,415739,11651.2,0,0,0,415739,0,0,4163.03,114.667,8366.32,7915.94,0,0
01:11:15:01:54:11,22.5447,37.7081,0,0.065424,0,0,3.01315,7915.94,415739,11651.2,0,0,0,415739,0,0,4163.03,114.683,8366.32,7915.94,0,0
01:11:15:01:54:12,22.2586,37.7081,0,0.0614185,0,0,3.01315,7915.94,415739,11651.2,0,0,0,415739,0,0,4163.03,114.7,8366.32,7915.94,0,0
01:11:15:01:54:13,22.8308,37.9942,0,0.0640869,0,0,3.01315,7915.94,415739,11651.2,0,0,0,415739,0,0,4163.03,114.717,8366.32,7915.94,0,0
01:11:15:01:54:14,22.8308,37.7081,0,0.065424,0,0,3.01315,7915.94,415739,11651.2,0,0,0,415739,0,0,4163.03,114.733,8366.32,7915.94,0,0
01:11:15:01:54:15,22.2586,37.7081,0,0.0667572,0,0,3.01315,7915.94,415739,11651.2,0,0,0,415739,0,0,4163.03,114.75,8366.32,7915.94,0,0
01:11:15:01:54:16,23.1169,37.9942,0,0.0667572,0,0,3.01315,7915.94,415739,11651.2,0,0,0,415739,0,0,4163.03,114.767,8366.32,7915.94,0,0
01:11:15:01:54:17,22.5447,37.1359,0,0.0667572,0,0,3.01315,7915.94,415739,11651.2,0,0,0,415739,0,0,4163.03,114.783,8366.32,7915.94,0,0
01:11:15:01:54:18,22.2586,37.9942,0,0.0680924,0,0,3.01315,7915.94,415739,11651.2,0,0,0,415739,0,0,4163.03,114.8,8366.32,7915.94,0,0
01:11:15:01:54:19,22.8308,37.7081,0,0.0667572,0,0,3.01315,7915.94,415739,11651.2,0,0,0,415739,0,0,4163.03,114.817,8366.32,7915.94,0,0
01:11:15:01:54:20,23.1169,37.1359,0,0.0640869,0,0,3.01315,7915.94,415739,11651.2,0,0,0,415739,0,0,4163.03,114.833,8366.32,7915.94,0,0
01:11:15:01:54:21,22.8308,37.1359,0,0.0694294,0,0,3.01315,7915.94,415739,11651.2,0,0,0,415739,0,0,4163.03,114.85,8366.32,7915.94,0,0
01:11:15:01:54:22,23.1169,37.422,0,0.0667572,0,0,3.01315,7915.94,415739,11651.2,0,0,0,415739,0,0,4163.03,114.867,8366.32,7915.94,0,0
01:11:15:01:54:23,22.2586,37.1359,0,0.0640869,0,0,3.01315,7915.94,415739,11651.2,0,0,0,415739,0,0,4163.03,114.883,8366.32,7915.94,0,0
01:11:15:01:54:24,22.5447,37.7081,0,0.065424,0,0,3.01315,7915.94,415739,11651.2,0,0,0,415739,0,0,4163.03,114.9,8366.32,7915.94,0,0
01:11:15:01:54:25,21.9725,37.1359,0,0.065424,0,0,3.01315,7915.94,415739,11651.2,0,0,0,415739,0,0,4163.03,114.917,8366.32,7915.94,0,0
01:11:15:01:54:26,22.5447,37.422,0,0.0640869,0,0,3.01315,7915.94,415739,11651.2,0,0,0,415739,0,0,4163.03,114.933,8366.32,7915.94,0,0
01:11:15:01:54:27,22.2586,37.422,0,0.0667572,0,0,3.01315,7915.94,415739,11651.2,0,0,0,415739,0,0,4163.03,114.95,8366.32,7915.94,0,0
01:11:15:01:54:28,22.5447,37.422,0,0.0614185,0,0,3.01315,7915.94,415739,11651.2,0,0,0,415739,0,0,4163.03,114.967,8366.32,7915.94,0,0
01:11:15:01:54:29,22.8308,37.1359,0,0.0640869,0,0,3.01315,7915.94,415739,11651.2,0,0,0,415739,0,0,4163.03,114.983,8366.32,7915.94,0,0
01:11:15:01:54:30,22.8308,36.8498,0,0.065424,0,0,3.01315,7915.94,415739,11651.2,0,0,0,415739,0,0,4163.03,115,8366.32,7915.94,0,0
01:11:15:01:54:31,22.2586,37.422,0,0.065424,0,0,3.01315,7915.94,415739,11651.2,0,0,0,415739,0,0,4163.03,115.017,8366.32,7915.94,0,0
01:11:15:01:54:32,21.9725,37.422,0,0.0640869,0,0,3.01315,7915.94,415739,11651.2,0,0,0,415739,0,0,4163.03,115.033,8366.32,7915.94,0,0
01:11:15:01:54:33,21.9725,37.1359,0,0.065424,0,0,3.01315,7915.94,415739,11651.2,0,0,0,415739,0,0,4163.03,115.05,8366.32,7915.94,0,0
01:11:15:01:54:34,21.6864,36.8498,0,0.065424,0,0,3.01315,7915.94,415739,11651.2,0,0,0,415739,0,0,4163.03,115.067,8366.32,7915.94,0,0
01:11:15:01:54:35,21.9725,36.8498,0,0.0640869,0,0,3.01315,7915.94,415739,11651.2,0,0,0,415739,0,0,4163.03,115.083,8366.32,7915.94,0,0
01:11:15:01:54:36,21.6864,37.1359,0,0.0600815,0,0,3.01315,7915.94,415739,11651.2,0,0,0,415739,0,0,4163.03,115.1,8366.32,7915.94,0,0
01:11:15:01:54:37,22.2586,37.422,0,0.0667572,0,0,3.01315,7915.94,415739,11651.2,0,0,0,415739,0,0,4163.03,115.117,8366.32,7915.94,0,0
01:11:15:01:54:38,21.9725,36.8498,0,0.0640869,0,0,3.01315,7915.94,415739,11651.2,0,0,0,415739,0,0,4163.03,115.133,8366.32,7915.94,0,0
01:11:15:01:54:39,21.9725,36.5637,0,0.0667572,0,0,3.01315,7915.94,415739,11651.2,0,0,0,415739,0,0,4163.03,115.15,8366.32,7915.94,0,0
01:11:15:01:54:40,21.6864,37.422,0,0.0627537,0,0,3.01315,7915.94,415739,11651.2,0,0,0,415739,0,0,4163.03,115.167,8366.32,7915.94,0,0
01:11:15:01:54:41,21.6864,36.2776,0,0.0640869,0,0,3.01315,7915.94,415739,11651.2,0,0,0,415739,0,0,4163.03,115.183,8366.32,7915.94,0,0
01:11:15:01:54:42,22.2586,36.5637,0,0.0640869,0,0,3.01315,7915.94,415739,11651.2,0,0,0,415739,0,0,4163.03,115.2,8366.32,7915.94,0,0
01:11:15:01:54:43,21.9725,36.5637,0,0.0600815,0,0,3.01315,7915.94,415739,11651.2,0,0,0,415739,0,0,4163.03,115.217,8366.32,7915.94,0,0
01:11:15:01:54:44,21.4003,36.2776,0,0.0600815,0,0,3.01315,7915.94,415739,11651.2,0,0,0,415739,0,0,4163.03,115.233,8366.32,7915.94,0,0
01:11:15:01:54:45,22.2586,36.8498,0,0.0614185,0,0,3.01315,7915.94,415739,11651.2,0,0,0,415739,0,0,4163.03,115.25,8366.32,7915.94,0,0
01:11:15:01:54:46,22.5447,36.5637,0,0.065424,0,0,3.01315,7915.94,415739,11651.2,0,0,0,415739,0,0,4163.03,115.267,8366.32,7915.94,0,0
01:11:15:01:54:47,21.6864,36.5637,0,0.0640869,0,0,3.01315,7915.94,415739,11651.2,0,0,0,415739,0,0,4163.03,115.283,8366.32,7915.94,0,0
01:11:15:01:54:48,22.2586,36.5637,0,0.0680924,0,0,3.01315,7915.94,415739,11651.2,0,0,0,415739,0,0,4163.03,115.3,8366.32,7915.94,0,0
01:11:15:01:54:49,21.6864,37.1359,0,0.0667572,0,0,3.01315,7915.94,415739,11651.2,0,0,0,415739,0,0,4163.03,115.317,8366.32,7915.94,0,0
01:11:15:01:54:50,21.6864,36.5637,0,0.0680924,0,0,3.01315,7915.94,415739,11651.2,0,0,0,415739,0,0,4163.03,115.333,8366.32,7915.94,0,0
01:11:15:01:54:51,21.6864,36.5637,0,0.065424,0,0,3.01315,7915.94,415739,11651.2,0,0,0,415739,0,0,4163.03,115.35,8366.32,7915.94,0,0
01:11:15:01:54:52,21.6864,36.5637,0,0.065424,0,0,3.01315,7915.94,415739,11651.2,0,0,0,415739,0,0,4163.03,115.367,8366.32,7915.94,0,0
01:11:15:01:54:53,21.4003,36.8498,0,0.065424,0,0,3.01315,7915.94,415739,11651.2,0,0,0,415739,0,0,4163.03,115.383,8366.32,7915.94,0,0
01:11:15:01:54:54,21.9725,36.2776,0,0.0600815,0,0,3.01315,7915.94,415739,11651.2,0,0,0,415739,0,0,4163.03,115.4,8366.32,7915.94,0,0
01:11:15:01:54:55,21.4003,36.2776,0,0.0600815,0,0,3.01315,7915.94,415739,11651.2,0,0,0,415739,0,0,4163.03,115.417,8366.32,7915.94,0,0
01:11:15:01:54:56,21.1142,36.8498,0,0.0587482,0,0,3.01315,7915.94,415739,11651.2,0,0,0,415739,0,0,4163.03,115.433,8366.32,7915.94,0,0
01:11:15:01:54:57,21.6864,36.5637,0,0.0640869,0,0,3.01315,7915.94,415739,11651.2,0,0,0,415739,0,0,4163.03,115.45,8366.32,7915.94,0,0
01:11:15:01:54:58,21.4003,36.5637,0,0.0587482,0,0,3.01315,7915.94,415739,11651.2,0,0,0,415739,0,0,4163.03,115.467,8366.32,7915.94,0,0
01:11:15:01:54:59,21.4003,36.5637,0,0.0614185,0,0,3.01315,7915.94,415739,11651.2,0,0,0,415739,0,0,4163.03,115.483,8366.32,7915.94,0,0
01:11:15:01:55:00,21.6864,36.2776,0,0.065424,0,0,3.01315,7915.94,415739,11651.2,0,0,0,415739,0,0,4163.03,115.5,8366.32,7915.94,0,0
01:11:15:01:55:01,21.9725,35.9915,0,0.065424,0,0,3.01315,7915.94,415739,11651.2,0,0,0,415739,0,0,4163.03,115.517,8366.32,7915.94,0,0
01:11:15:01:55:02,21.4003,35.9915,0,0.0667572,0,0,3.01315,7915.94,415739,11651.2,0,0,0,415739,0,0,4163.03,115.533,8366.32,7915.94,0,0
01:11:15:01:55:03,20.8281,35.7054,0,0.0667572,0,0,3.01315,7915.94,415739,11651.2,0,0,0,415739,0,0,4163.03,115.55,8366.32,7915.94,0,0
01:11:15:01:55:04,20.8281,35.9915,0,0.065424,0,0,3.01315,7915.94,415739,11651.2,0,0,0,415739,0,0,4163.03,115.567,8366.32,7915.94,0,0
01:11:15:01:55:05,21.6864,36.2776,0,0.0667572,0,0,3.01315,7915.94,415739,11651.2,0,0,0,415739,0,0,4163.03,115.583,8366.32,7915.94,0,0
01:11:15:01:55:06,21.1142,35.4193,0,0.0667572,0,0,3.01315,7915.94,415739,11651.2,0,0,0,415739,0,0,4163.03,115.6,8366.32,7915.94,0,0
01:11:15:01:55:07,20.8281,35.7054,0,0.0667572,0,0,3.01315,7915.94,415739,11651.2,0,0,0,415739,0,0,4163.03,115.617,8366.32,7915.94,0,0
01:11:15:01:55:08,20.542,35.4193,0,0.0627537,0,0,3.01315,7915.94,415739,11651.2,0,0,0,415739,0,0,4163.03,115.633,8366.32,7915.94,0,0
01:11:15:01:55:09,21.1142,35.7054,0,0.0600815,0,0,3.01315,7915.94,415739,11651.2,0,0,0,415739,0,0,4163.03,115.65,8366.32,7915.94,0,0
01:11:15:01:55:10,21.6864,35.4193,0,0.0640869,0,0,3.01315,7915.94,415739,11651.2,0,0,0,415739,0,0,4163.03,115.667,8366.32,7915.94,0,0
01:11:15:01:55:11,20.8281,35.9915,0,0.0640869,0,0,3.01315,7915.94,415739,11651.2,0,0,0,415739,0,0,4163.03,115.683,8366.32,7915.94,0,0
01:11:15:01:55:12,20.8281,35.7054,0,0.0667572,0,0,3.01315,7915.94,415739,11651.2,0,0,0,415739,0,0,4163.03,115.7,8366.32,7915.94,0,0
01:11:15:01:55:13,20.542,35.7054,0,0.0614185,0,0,3.01315,7915.94,415739,11651.2,0,0,0,415739,0,0,4163.03,115.717,8366.32,7915.94,0,0
01:11:15:01:55:14,21.1142,34.8471,0,0.065424,0,0,3.01315,7915.94,415739,11651.2,0,0,0,415739,0,0,4163.03,115.733,8366.32,7915.94,0,0
01:11:15:01:55:15,20.542,35.4193,0,0.0640869,0,0,3.01315,7915.94,415739,11651.2,0,0,0,415739,0,0,4163.03,115.75,8366.32,7915.94,0,0
01:11:15:01:55:16,21.1142,35.7054,0,0.0694294,0,0,3.01315,7915.94,415739,11651.2,0,0,0,415739,0,0,4163.03,115.767,8366.32,7915.94,0,0
01:11:15:01:55:17,20.542,35.4193,0,0.0694294,0,0,3.01315,7915.94,415739,11651.2,0,0,0,415739,0,0,4163.03,115.783,8366.32,7915.94,0,0
01:11:15:01:55:18,21.1142,35.4193,0,0.0680924,0,0,3.01315,7915.94,415739,11651.2,0,0,0,415739,0,0,4163.03,115.8,8366.32,7915.94,0,0
01:11:15:01:55:19,20.8281,35.1332,0,0.0694294,0,0,3.01315,7915.94,415739,11651.2,0,0,0,415739,0,0,4163.03,115.817,8366.32,7915.94,0,0
01:11:15:01:55:20,20.2559,35.1332,0,0.065424,0,0,3.01315,7915.94,415739,11651.2,0,0,0,415739,0,0,4163.03,115.833,8366.32,7915.94,0,0
01:11:15:01:55:21,20.542,35.4193,0,0.0680924,0,0,3.01315,7915.94,415739,11651.2,0,0,0,415739,0,0,4163.03,115.85,8366.32,7915.94,0,0
01:11:15:01:55:22,20.8281,35.1332,0,0.0640869,0,0,3.01315,7915.94,415739,11651.2,0,0,0,415739,0,0,4163.03,115.867,8366.32,7915.94,0,0
01:11:15:01:55:23,20.8281,35.4193,0,0.065424,0,0,3.01315,7915.94,415739,11651.2,0,0,0,415739,0,0,4163.03,115.883,8366.32,7915.94,0,0
01:11:15:01:55:24,20.2559,35.1332,0,0.0694294,0,0,3.01315,7915.94,415739,11651.2,0,0,0,415739,0,0,4163.03,115.9,8366.32,7915.94,0,0
01:11:15:01:55:25,20.542,35.7054,0,0.065424,0,0,3.01315,7915.94,415739,11651.2,0,0,0,415739,0,0,4163.03,115.917,8366.32,7915.94,0,0
01:11:15:01:55:26,19.9698,35.4193,0,0.065424,0,0,3.01315,7915.94,415739,11651.2,0,0,0,415739,0,0,4163.03,115.933,8366.32,7915.94,0,0
01:11:15:01:55:27,20.2559,34.8471,0,0.0627537,0,0,3.01315,7915.94,415739,11651.2,0,0,0,415739,0,0,4163.03,115.95,8366.32,7915.94,0,0
01:11:15:01:55:28,20.8281,34.561,0,0.0640869,0,0,3.01315,7915.94,415739,11651.2,0,0,0,415739,0,0,4163.03,115.967,8366.32,7915.94,0,0
01:11:15:01:55:29,20.542,34.8471,0,0.0614185,0,0,3.01315,7915.94,415739,11651.2,0,0,0,415739,0,0,4163.03,115.983,8366.32,7915.94,0,0
01:11:15:01:55:30,20.2559,35.4193,0,0.0640869,0,0,3.01315,7915.94,415739,11651.2,0,0,0,415739,0,0,4163.03,116,8366.32,7915.94,0,0
01:11:15:01:55:31,20.8281,35.1332,0,0.065424,0,0,3.01315,7915.94,415739,11651.2,0,0,0,415739,0,0,4163.03,116.017,8366.32,7915.94,0,0
01:11:15:01:55:32,20.2559,34.8471,0,0.0667572,0,0,3.01315,7915.94,415739,11651.2,0,0,0,415739,0,0,4163.03,116.033,8366.32,7915.94,0,0
01:11:15:01:55:33,19.9698,34.8471,0,0.065424,0,0,3.01315,7915.94,415739,11651.2,0,0,0,415739,0,0,4163.03,116.05,8366.32,7915.94,0,0
01:11:15:01:55:34,19.6837,34.8471,0,0.0707626,0,0,3.01315,7915.94,415739,11651.2,0,0,0,415739,0,0,4163.03,116.067,8366.32,7915.94,0,0
01:11:15:01:55:35,20.2559,34.561,0,0.0667572,0,0,3.01315,7915.94,415739,11651.2,0,0,0,415739,0,0,4163.03,116.083,8366.32,7915.94,0,0
01:11:15:01:55:36,20.542,34.8471,0,0.0667572,0,0,3.01315,7915.94,415739,11651.2,0,0,0,415739,0,0,4163.03,116.1,8366.32,7915.94,0,0
01:11:15:01:55:37,19.9698,34.561,0,0.065424,0,0,3.01315,7915.94,415739,11651.2,0,0,0,415739,0,0,4163.03,116.117,8366.32,7915.94,0,0
01:11:15:01:55:38,20.542,34.8471,0,0.065424,0,0,3.01315,7915.94,415739,11651.2,0,0,0,415739,0,0,4163.03,116.133,8366.32,7915.94,0,0
01:11:15:01:55:39,20.2559,34.561,0,0.0627537,0,0,3.01315,7915.94,415739,11651.2,0,0,0,415739,0,0,4163.03,116.15,8366.32,7915.94,0,0
01:11:15:01:55:40,19.9698,34.2749,0,0.065424,0,0,3.01315,7915.94,415739,11651.2,0,0,0,415739,0,0,4163.03,116.167,8366.32,7915.94,0,0
01:11:15:01:55:41,19.6837,34.8471,0,0.065424,0,0,3.01315,7915.94,415739,11651.2,0,0,0,415739,0,0,4163.03,116.183,8366.32,7915.94,0,0
01:11:15:01:55:42,19.9698,34.2749,0,0.0667572,0,0,3.01315,7915.94,415739,11651.2,0,0,0,415739,0,0,4163.03,116.2,8366.32,7915.94,0,0
01:11:15:01:55:43,20.8281,34.8471,0,0.0614185,0,0,3.01315,7915.94,415739,11651.2,0,0,0,415739,0,0,4163.03,116.217,8366.32,7915.94,0,0
01:11:15:01:55:44,19.6837,33.9888,0,0.0627537,0,0,3.01315,7915.94,415739,11651.2,0,0,0,415739,0,0,4163.03,116.233,8366.32,7915.94,0,0
01:11:15:01:55:45,19.6837,34.561,0,0.065424,0,0,3.01315,7915.94,415739,11651.2,0,0,0,415739,0,0,4163.03,116.25,8366.32,7915.94,0,0
01:11:15:01:55:46,19.6837,34.561,0,0.0667572,0,0,3.01315,7915.94,415739,11651.2,0,0,0,415739,0,0,4163.03,116.267,8366.32,7915.94,0,0
01:11:15:01:55:47,19.6837,34.2749,0,0.0640869,0,0,3.01315,7915.94,415739,11651.2,0,0,0,415739,0,0,4163.03,116.283,8366.32,7915.94,0,0
01:11:15:01:55:48,18.8254,33.9888,0,0.065424,0,0,3.01315,7915.94,415739,11651.2,0,0,0,415739,0,0,4163.03,116.3,8366.32,7915.94,0,0
01:11:15:01:55:49,19.9698,34.2749,0,0.0614185,0,0,3.01315,7915.94,415739,11651.2,0,0,0,415739,0,0,4163.03,116.317,8366.32,7915.94,0,0
01:11:15:01:55:50,19.6837,34.8471,0,0.0600815,0,0,3.01315,7915.94,415739,11651.2,0,0,0,415739,0,0,4163.03,116.333,8366.32,7915.94,0,0
01:11:15:01:55:51,19.3976,34.561,0,0.0627537,0,0,3.01315,7915.94,415739,11651.2,0,0,0,415739,0,0,4163.03,116.35,8366.32,7915.94,0,0
01:11:15:01:55:52,19.3976,34.2749,0,0.0614185,0,0,3.01315,7915.94,415739,11651.2,0,0,0,415739,0,0,4163.03,116.367,8366.32,7915.94,0,0
01:11:15:01:55:53,19.1115,34.2749,0,0.0614185,0,0,3.01315,7915.94,415739,11651.2,0,0,0,415739,0,0,4163.03,116.383,8366.32,7915.94,0,0
01:11:15:01:55:54,19.6837,33.9888,0,0.0627537,0,0,3.01315,7915.94,415739,11651.2,0,0,0,415739,0,0,4163.03,116.4,8366.32,7915.94,0,0
01:11:15:01:55:55,19.3976,33.9888,0,0.0667572,0,0,3.01315,7915.94,415739,11651.2,0,0,0,415739,0,0,4163.03,116.417,8366.32,7915.94,0,0
01:11:15:01:55:56,19.1115,33.9888,0,0.0614185,0,0,3.01315,7915.94,415739,11651.2,0,0,0,415739,0,0,4163.03,116.433,8366.32,7915.94,0,0
01:11:15:01:55:57,19.1115,33.9888,0,0.0627537,0,0,3.01315,7915.94,415739,11651.2,0,0,0,415739,0,0,4163.03,116.45,8366.32,7915.94,0,0
01:11:15:01:55:58,18.8254,33.9888,0,0.065424,0,0,3.01315,7915.94,415739,11651.2,0,0,0,415739,0,0,4163.03,116.467,8366.32,7915.94,0,0
01:11:15:01:55:59,18.8254,33.7027,0,0.0640869,0,0,3.01315,7915.94,415739,11651.2,0,0,0,415739,0,0,4163.03,116.483,8366.32,7915.94,0,0
01:11:15:01:56:00,19.3976,33.9888,0,0.0640869,0,0,3.01315,7915.94,415739,11651.2,0,0,0,415739,0,0,4163.03,116.5,8366.32,7915.94,0,0
01:11:15:01:56:01,19.3976,33.9888,0,0.0627537,0,0,3.01315,7915.94,415739,11651.2,0,0,0,415739,0,0,4163.03,116.517,8366.32,7915.94,0,0
01:11:15:01:56:02,18.8254,33.9888,0,0.0600815,0,0,3.01315,7915.94,415739,11651.2,0,0,0,415739,0,0,4163.03,116.533,8366.32,7915.94,0,0
01:11:15:01:56:03,19.3976,33.9888,0,0.0614185,0,0,3.01315,7915.94,415739,11651.2,0,0,0,415739,0,0,4163.03,116.55,8366.32,7915.94,0,0
01:11:15:01:56:04,18.5393,33.7027,0,0.065424,0,0,3.01315,7915.94,415739,11651.2,0,0,0,415739,0,0,4163.03,116.567,8366.32,7915.94,0,0
01:11:15:01:56:05,19.3976,34.2749,0,0.0667572,0,0,3.01315,7915.94,415739,11651.2,0,0,0,415739,0,0,4163.03,116.583,8366.32,7915.94,0,0
01:11:15:01:56:06,19.6837,33.1305,0,0.065424,0,0,3.01315,7915.94,415739,11651.2,0,0,0,415739,0,0,4163.03,116.6,8366.32,7915.94,0,0
01:11:15:01:56:07,18.8254,33.4166,0,0.0667572,0,0,3.01315,7915.94,415739,11651.2,0,0,0,415739,0,0,4163.03,116.617,8366.32,7915.94,0,0
01:11:15:01:56:08,18.8254,32.8444,0,0.065424,0,0,3.01315,7915.94,415739,11651.2,0,0,0,415739,0,0,4163.03,116.633,8366.32,7915.94,0,0
01:11:15:01:56:09,19.1115,33.4166,0,0.0667572,0,0,3.01315,7915.94,415739,11651.2,0,0,0,415739,0,0,4163.03,116.65,8366.32,7915.94,0,0
01:11:15:01:56:10,17.9671,33.4166,0,0.0640869,0,0,3.01315,7915.94,415739,11651.2,0,0,0,415739,0,0,4163.03,116.667,8366.32,7915.94,0,0
01:11:15:01:56:11,18.5393,33.7027,0,0.0627537,0,0,3.01315,7915.94,415739,11651.2,0,0,0,415739,0,0,4163.03,116.683,8366.32,7915.94,0,0
01:11:15:01:56:12,18.5393,33.4166,0,0.0667572,0,0,3.01315,7915.94,415739,11651.2,0,0,0,415739,0,0,4163.03,116.7,8366.32,7915.94,0,0
01:11:15:01:56:13,18.5393,33.4166,0,0.0640869,0,0,3.01315,7915.94,415739,11651.2,0,0,0,415739,0,0,4163.03,116.717,8366.32,7915.94,0,0
01:11:15:01:56:14,19.1115,33.4166,0,0.065424,0,0,3.01315,7915.94,415739,11651.2,0,0,0,415739,0,0,4163.03,116.733,8366.32,7915.94,0,0
01:11:15:01:56:15,19.1115,33.1305,0,0.065424,0,0,3.01315,7915.94,415739,11651.2,0,0,0,415739,0,0,4163.03,116.75,8366.32,7915.94,0,0
01:11:15:01:56:16,18.2532,33.4166,0,0.0667572,0,0,3.01315,7915.94,415739,11651.2,0,0,0,415739,0,0,4163.03,116.767,8366.32,7915.94,0,0
01:11:15:01:56:17,18.2532,33.4166,0,0.0667572,0,0,3.01315,7915.94,415739,11651.2,0,0,0,415739,0,0,4163.03,116.783,8366.32,7915.94,0,0
01:11:15:01:56:18,18.8254,33.1305,0,0.0707626,0,0,3.01315,7915.94,415739,11651.2,0,0,0,415739,0,0,4163.03,116.8,8366.32,7915.94,0,0
01:11:15:01:56:19,18.2532,33.1305,0,0.0680924,0,0,3.01315,7915.94,415739,11651.2,0,0,0,415739,0,0,4163.03,116.817,8366.32,7915.94,0,0
01:11:15:01:56:20,18.5393,33.4166,0,0.0694294,0,0,3.01315,7915.94,415739,11651.2,0,0,0,415739,0,0,4163.03,116.833,8366.32,7915.94,0,0
01:11:15:01:56:21,18.5393,33.1305,0,0.0694294,0,0,3.01315,7915.94,415739,11651.2,0,0,0,415739,0,0,4163.03,116.85,8366.32,7915.94,0,0
01:11:15:01:56:22,18.2532,33.1305,0,0.0720997,0,0,3.01315,7915.94,415739,11651.2,0,0,0,415739,0,0,4163.03,116.867,8366.32,7915.94,0,0
01:11:15:01:56:23,18.2532,32.5583,0,0.0707626,0,0,3.01315,7915.94,415739,11651.2,0,0,0,415739,0,0,4163.03,116.883,8366.32,7915.94,0,0
01:11:15:01:56:24,18.2532,32.5583,0,0.0694294,0,0,3.01315,7915.94,415739,11651.2,0,0,0,415739,0,0,4163.03,116.9,8366.32,7915.94,0,0
01:11:15:01:56:25,18.2532,32.8444,0,0.0667572,0,0,3.01315,7915.94,415739,11651.2,0,0,0,415739,0,0,4163.03,116.917,8366.32,7915.94,0,0
01:11:15:01:56:26,18.5393,32.8444,0,0.0694294,0,0,3.01315,7915.94,415739,11651.2,0,0,0,415739,0,0,4163.03,116.933,8366.32,7915.94,0,0
01:11:15:01:56:27,18.5393,32.8444,0,0.0680924,0,0,3.01315,7915.94,415739,11651.2,0,0,0,415739,0,0,4163.03,116.95,8366.32,7915.94,0,0
01:11:15:01:56:28,17.9671,32.5583,0,0.065424,0,0,3.01315,7915.94,415739,11651.2,0,0,0,415739,0,0,4163.03,116.967,8366.32,7915.94,0,0
01:11:15:01:56:29,17.681,32.8444,0,0.0694294,0,0,3.01315,7915.94,415739,11651.2,0,0,0,415739,0,0,4163.03,116.983,8366.32,7915.94,0,0
01:11:15:01:56:30,17.9671,32.5583,0,0.0707626,0,0,3.01315,7915.94,415739,11651.2,0,0,0,415739,0,0,4163.03,117,8366.32,7915.94,0,0
01:11:15:01:56:31,17.9671,32.8444,0,0.0680924,0,0,3.01315,7915.94,415739,11651.2,0,0,0,415739,0,0,4163.03,117.017,8366.32,7915.94,0,0
01:11:15:01:56:32,18.2532,32.5583,0,0.0694294,0,0,3.01315,7915.94,415739,11651.2,0,0,0,415739,0,0,4163.03,117.033,8366.32,7915.94,0,0
01:11:15:01:56:33,17.9671,32.8444,0,0.0694294,0,0,3.01315,7915.94,415739,11651.2,0,0,0,415739,0,0,4163.03,117.05,8366.32,7915.94,0,0
01:11:15:01:56:34,17.681,32.8444,0,0.065424,0,0,3.01315,7915.94,415739,11651.2,0,0,0,415739,0,0,4163.03,117.067,8366.32,7915.94,0,0
01:11:15:01:56:35,17.9671,32.5583,0,0.065424,0,0,3.01315,7915.94,415739,11651.2,0,0,0,415739,0,0,4163.03,117.083,8366.32,7915.94,0,0
01:11:15:01:56:36,17.681,32.2722,0,0.0640869,0,0,3.01315,7915.94,415739,11651.2,0,0,0,415739,0,0,4163.03,117.1,8366.32,7915.94,0,0
01:11:15:01:56:37,17.9671,32.5583,0,0.0680924,0,0,3.01315,7915.94,415739,11651.2,0,0,0,415739,0,0,4163.03,117.117,8366.32,7915.94,0,0
01:11:15:01:56:38,17.9671,32.2722,0,0.0627537,0,0,3.01315,7915.94,415739,11651.2,0,0,0,415739,0,0,4163.03,117.133,8366.32,7915.94,0,0
01:11:15:01:56:39,17.9671,32.5583,0,0.0614185,0,0,3.01315,7915.94,415739,11651.2,0,0,0,415739,0,0,4163.03,117.15,8366.32,7915.94,0,0
01:11:15:01:56:40,17.3949,32.2722,0,0.065424,0,0,3.01315,7915.94,415739,11651.2,0,0,0,415739,0,0,4163.03,117.167,8366.32,7915.94,0,0
01:11:15:01:56:41,17.3949,32.2722,0,0.0640869,0,0,3.01315,7915.94,415739,11651.2,0,0,0,415739,0,0,4163.03,117.183,8366.32,7915.94,0,0
01:11:15:01:56:42,17.9671,32.2722,0,0.0640869,0,0,3.01315,7915.94,415739,11651.2,0,0,0,415739,0,0,4163.03,117.2,8366.32,7915.94,0,0
01:11:15:01:56:43,17.681,32.2722,0,0.0627537,0,0,3.01315,7915.94,415739,11651.2,0,0,0,415739,0,0,4163.03,117.217,8366.32,7915.94,0,0
01:11:15:01:56:44,17.3949,31.7,0,0.065424,0,0,3.01315,7915.94,415739,11651.2,0,0,0,415739,0,0,4163.03,117.233,8366.32,7915.94,0,0
01:11:15:01:56:45,17.681,31.7,0,0.0640869,0,0,3.01315,7915.94,415739,11651.2,0,0,0,415739,0,0,4163.03,117.25,8366.32,7915.94,0,0
01:11:15:01:56:46,17.681,31.7,0,0.0680924,0,0,3.01315,7915.94,415739,11651.2,0,0,0,415739,0,0,4163.03,117.267,8366.32,7915.94,0,0
01:11:15:01:56:47,17.3949,31.9861,0,0.065424,0,0,3.01315,7915.94,415739,11651.2,0,0,0,415739,0,0,4163.03,117.283,8366.32,7915.94,0,0
01:11:15:01:56:48,17.681,32.2722,0,0.065424,0,0,3.01315,7915.94,415739,11651.2,0,0,0,415739,0,0,4163.03,117.3,8366.32,7915.94,0,0
01:11:15:01:56:49,17.1088,32.2722,0,0.065424,0,0,3.01315,7915.94,415739,11651.2,0,0,0,415739,0,0,4163.03,117.317,8366.32,7915.94,0,0
01:11:15:01:56:50,17.3949,32.2722,0,0.0680924,0,0,3.01315,7915.94,415739,11651.2,0,0,0,415739,0,0,4163.03,117.333,8366.32,7915.94,0,0
01:11:15:01:56:51,17.681,32.2722,0,0.0667572,0,0,3.01315,7915.94,415739,11651.2,0,0,0,415739,0,0,4163.03,117.35,8366.32,7915.94,0,0
01:11:15:01:56:52,17.681,31.4139,0,0.065424,0,0,3.01315,7915.94,415739,11651.2,0,0,0,415739,0,0,4163.03,117.367,8366.32,7915.94,0,0
01:11:15:01:56:53,17.3949,31.7,0,0.065424,0,0,3.01315,7915.94,415739,11651.2,0,0,0,415739,0,0,4163.03,117.383,8366.32,7915.94,0,0
01:11:15:01:56:54,17.9671,31.4139,0,0.0667572,0,0,3.01315,7915.94,415739,11651.2,0,0,0,415739,0,0,4163.03,117.4,8366.32,7915.94,0,0
01:11:15:01:56:55,17.3949,31.9861,0,0.065424,0,0,3.01315,7915.94,415739,11651.2,0,0,0,415739,0,0,4163.03,117.417,8366.32,7915.94,0,0
01:11:15:01:56:56,17.681,31.7,0,0.065424,0,0,3.01315,7915.94,415739,11651.2,0,0,0,415739,0,0,4163.03,117.433,8366.32,7915.94,0,0
01:11:15:01:56:57,17.681,31.4139,0,0.0640869,0,0,3.01315,7915.94,415739,11651.2,0,0,0,415739,0,0,4163.03,117.45,8366.32,7915.94,0,0
01:11:15:01:56:58,16.5366,31.9861,0,0.0640869,0,0,3.01315,7915.94,415739,11651.2,0,0,0,415739,0,0,4163.03,117.467,8366.32,7915.94,0,0
01:11:15:01:56:59,17.681,31.7,0,0.065424,0,0,3.01315,7915.94,415739,11651.2,0,0,0,415739,0,0,4163.03,117.483,8366.32,7915.94,0,0
01:11:15:01:57:00,16.5366,31.7,0,0.0640869,0,0,3.01315,7915.94,415739,11651.2,0,0,0,415739,0,0,4163.03,117.5,8366.32,7915.94,0,0
01:11:15:01:57:01,16.8227,31.4139,0,0.065424,0,0,3.01315,7915.94,415739,11651.2,0,0,0,415739,0,0,4163.03,117.517,8366.32,7915.94,0,0
01:11:15:01:57:02,16.5366,31.7,0,0.0614185,0,0,3.01315,7915.94,415739,11651.2,0,0,0,415739,0,0,4163.03,117.533,8366.32,7915.94,0,0
01:11:15:01:57:03,17.1088,31.1278,0,0.0614185,0,0,3.01315,7915.94,415739,11651.2,0,0,0,415739,0,0,4163.03,117.55,8366.32,7915.94,0,0
01:11:15:01:57:04,16.8227,31.4139,0,0.0627537,0,0,3.01315,7915.94,415739,11651.2,0,0,0,415739,0,0,4163.03,117.567,8366.32,7915.94,0,0
01:11:15:01:57:05,17.1088,31.9861,0,0.0627537,0,0,3.01315,7915.94,415739,11651.2,0,0,0,415739,0,0,4163.03,117.583,8366.32,7915.94,0,0
01:11:15:01:57:06,16.5366,32.2722,0,0.065424,0,0,3.01315,7915.94,415739,11651.2,0,0,0,415739,0,0,4163.03,117.6,8366.32,7915.94,0,0
01:11:15:01:57:07,16.5366,30.5556,0,0.0614185,0,0,3.01315,7915.94,415739,11651.2,0,0,0,415739,0,0,4163.03,117.617,8366.32,7915.94,0,0
01:11:15:01:57:08,16.8227,31.7,0,0.0667572,0,0,3.01315,7915.94,415739,11651.2,0,0,0,415739,0,0,4163.03,117.633,8366.32,7915.94,0,0
01:11:15:01:57:09,17.1088,31.1278,0,0.065424,0,0,3.01315,7915.94,415739,11651.2,0,0,0,415739,0,0,4163.03,117.65,8366.32,7915.94,0,0
01:11:15:01:57:10,16.5366,31.1278,0,0.0667572,0,0,3.01315,7915.94,415739,11651.2,0,0,0,415739,0,0,4163.03,117.667,8366.32,7915.94,0,0
01:11:15:01:57:11,17.1088,30.8417,0,0.065424,0,0,3.01315,7915.94,415739,11651.2,0,0,0,415739,0,0,4163.03,117.683,8366.32,7915.94,0,0
01:11:15:01:57:12,16.5366,31.4139,0,0.0640869,0,0,3.01315,7915.94,415739,11651.2,0,0,0,415739,0,0,4163.03,117.7,8366.32,7915.94,0,0
01:11:15:01:57:13,16.8227,31.4139,0,0.065424,0,0,3.01315,7915.94,415739,11651.2,0,0,0,415739,0,0,4163.03,117.717,8366.32,7915.94,0,0
01:11:15:01:57:14,16.2505,30.5556,0,0.0640869,0,0,3.01315,7915.94,415739,11651.2,0,0,0,415739,0,0,4163.03,117.733,8366.32,7915.94,0,0
01:11:15:01:57:15,15.9644,31.4139,0,0.065424,0,0,3.01315,7915.94,415739,11651.2,0,0,0,415739,0,0,4163.03,117.75,8366.32,7915.94,0,0
01:11:15:01:57:16,16.5366,31.1278,0,0.0627537,0,0,3.01315,7915.94,415739,11651.2,0,0,0,415739,0,0,4163.03,117.767,8366.32,7915.94,0,0
01:11:15:01:57:17,16.5366,31.1278,0,0.0680924,0,0,3.01315,7915.94,415739,11651.2,0,0,0,415739,0,0,4163.03,117.783,8366.32,7915.94,0,0
01:11:15:01:57:18,16.2505,31.4139,0,0.0667572,0,0,3.01315,7915.94,415739,11651.2,0,0,0,415739,0,0,4163.03,117.8,8366.32,7915.94,0,0
01:11:15:01:57:19,16.2505,31.1278,0,0.0614185,0,0,3.01315,7915.94,415739,11651.2,0,0,0,415739,0,0,4163.03,117.817,8366.32,7915.94,0,0
01:11:15:01:57:20,16.5366,31.4139,0,0.0667572,0,0,3.01315,7915.94,415739,11651.2,0,0,0,415739,0,0,4163.03,117.833,8366.32,7915.94,0,0
01:11:15:01:57:21,16.8227,30.8417,0,0.0614185,0,0,3.01315,7915.94,415739,11651.2,0,0,0,415739,0,0,4163.03,117.85,8366.32,7915.94,0,0
01:11:15:01:57:22,15.9644,30.5556,0,0.0640869,0,0,3.01315,7915.94,415739,11651.2,0,0,0,415739,0,0,4163.03,117.867,8366.32,7915.94,0,0
01:11:15:01:57:23,16.8227,31.1278,0,0.0600815,0,0,3.01315,7915.94,415739,11651.2,0,0,0,415739,0,0,4163.03,117.883,8366.32,7915.94,0,0
01:11:15:01:57:24,16.2505,30.8417,0,0.0614185,0,0,3.01315,7915.94,415739,11651.2,0,0,0,415739,0,0,4163.03,117.9,8366.32,7915.94,0,0
01:11:15:01:57:25,16.2505,30.8417,0,0.0614185,0,0,3.01315,7915.94,415739,11651.2,0,0,0,415739,0,0,4163.03,117.917,8366.32,7915.94,0,0
01:11:15:01:57:26,16.5366,30.5556,0,0.065424,0,0,3.01315,7915.94,415739,11651.2,0,0,0,415739,0,0,4163.03,117.933,8366.32,7915.94,0,0
01:11:15:01:57:27,16.2505,30.8417,0,0.0680924,0,0,3.01315,7915.94,415739,11651.2,0,0,0,415739,0,0,4163.03,117.95,8366.32,7915.94,0,0
01:11:15:01:57:28,16.2505,30.5556,0,0.0694294,0,0,3.01315,7915.94,415739,11651.2,0,0,0,415739,0,0,4163.03,117.967,8366.32,7915.94,0,0
01:11:15:01:57:29,16.2505,30.5556,0,0.065424,0,0,3.01315,7915.94,415739,11651.2,0,0,0,415739,0,0,4163.03,117.983,8366.32,7915.94,0,0
01:11:15:01:57:30,15.9644,30.2695,0,0.0627537,0,0,3.01315,7915.94,415739,11651.2,0,0,0,415739,0,0,4163.03,118,8366.32,7915.94,0,0
01:11:15:01:57:31,15.9644,29.9833,0,0.0680924,0,0,3.01315,7915.94,415739,11651.2,0,0,0,415739,0,0,4163.03,118.017,8366.32,7915.94,0,0
01:11:15:01:57:32,16.2505,30.8417,0,0.065424,0,0,3.01315,7915.94,415739,11651.2,0,0,0,415739,0,0,4163.03,118.033,8366.32,7915.94,0,0
01:11:15:01:57:33,15.9644,30.2695,0,0.0627537,0,0,3.01315,7915.94,415739,11651.2,0,0,0,415739,0,0,4163.03,118.05,8366.32,7915.94,0,0
01:11:15:01:57:34,16.2505,30.2695,0,0.0667572,0,0,3.01315,7915.94,415739,11651.2,0,0,0,415739,0,0,4163.03,118.067,8366.32,7915.94,0,0
01:11:15:01:57:35,16.5366,30.5556,0,0.0600815,0,0,3.01315,7915.94,415739,11651.2,0,0,0,415739,0,0,4163.03,118.083,8366.32,7915.94,0,0
01:11:15:01:57:36,15.6783,30.5556,0,0.0614185,0,0,3.01315,7915.94,415739,11651.2,0,0,0,415739,0,0,4163.03,118.1,8366.32,7915.94,0,0
01:11:15:01:57:37,15.1061,30.8417,0,0.0627537,0,0,3.01315,7915.94,415739,11651.2,0,0,0,415739,0,0,4163.03,118.117,8366.32,7915.94,0,0
01:11:15:01:57:38,15.6783,30.2695,0,0.0640869,0,0,3.01315,7915.94,415739,11651.2,0,0,0,415739,0,0,4163.03,118.133,8366.32,7915.94,0,0
01:11:15:01:57:39,16.2505,30.2695,0,0.0627537,0,0,3.01315,7915.94,415739,11651.2,0,0,0,415739,0,0,4163.03,118.15,8366.32,7915.94,0,0
01:11:15:01:57:40,16.2505,30.2695,0,0.0640869,0,0,3.01315,7915.94,415739,11651.2,0,0,0,415739,0,0,4163.03,118.167,8366.32,7915.94,0,0
01:11:15:01:57:41,15.9644,29.9833,0,0.0627537,0,0,3.01315,7915.94,415739,11651.2,0,0,0,415739,0,0,4163.03,118.183,8366.32,7915.94,0,0
01:11:15:01:57:42,15.6783,30.5556,0,0.0640869,0,0,3.01315,7915.94,415739,11651.2,0,0,0,415739,0,0,4163.03,118.2,8366.32,7915.94,0,0
01:11:15:01:57:43,15.3922,29.4111,0,0.065424,0,0,3.01315,7915.94,415739,11651.2,0,0,0,415739,0,0,4163.03,118.217,8366.32,7915.94,0,0
01:11:15:01:57:44,15.9644,29.6972,0,0.065424,0,0,3.01315,7915.94,415739,11651.2,0,0,0,415739,0,0,4163.03,118.233,8366.32,7915.94,0,0
01:11:15:01:57:45,16.2505,29.9833,0,0.0667572,0,0,3.01315,7915.94,415739,11651.2,0,0,0,415739,0,0,4163.03,118.25,8366.32,7915.94,0,0
01:11:15:01:57:46,15.6783,29.9833,0,0.0680924,0,0,3.01315,7915.94,415739,11651.2,0,0,0,415739,0,0,4163.03,118.267,8366.32,7915.94,0,0
01:11:15:01:57:47,15.1061,29.9833,0,0.0667572,0,0,3.01315,7915.94,415739,11651.2,0,0,0,415739,0,0,4163.03,118.283,8366.32,7915.94,0,0
01:11:15:01:57:48,15.3922,29.9833,0,0.065424,0,0,3.01315,7915.94,415739,11651.2,0,0,0,415739,0,0,4163.03,118.3,8366.32,7915.94,0,0
01:11:15:01:57:49,15.9644,30.2695,0,0.0640869,0,0,3.01315,7915.94,415739,11651.2,0,0,0,415739,0,0,4163.03,118.317,8366.32,7915.94,0,0
01:11:15:01:57:50,15.1061,29.6972,0,0.0680924,0,0,3.01315,7915.94,415739,11651.2,0,0,0,415739,0,0,4163.03,118.333,8366.32,7915.94,0,0
01:11:15:01:57:51,14.82,29.4111,0,0.0720997,0,0,3.01315,7915.94,415739,11651.2,0,0,0,415739,0,0,4163.03,118.35,8366.32,7915.94,0,0
01:11:15:01:57:52,15.3922,29.4111,0,0.065424,0,0,3.01315,7915.94,415739,11651.2,0,0,0,415739,0,0,4163.03,118.367,8366.32,7915.94,0,0
01:11:15:01:57:53,15.1061,29.6972,0,0.065424,0,0,3.01315,7915.94,415739,11651.2,0,0,0,415739,0,0,4163.03,118.383,8366.32,7915.94,0,0
01:11:15:01:57:54,14.82,30.2695,0,0.0640869,0,0,3.01315,7915.94,415739,11651.2,0,0,0,415739,0,0,4163.03,118.4,8366.32,7915.94,0,0
01:11:15:01:57:55,15.6783,29.6972,0,0.0614185,0,0,3.01315,7915.94,415739,11651.2,0,0,0,415739,0,0,4163.03,118.417,8366.32,7915.94,0,0
01:11:15:01:57:56,15.1061,29.4111,0,0.065424,0,0,3.01315,7915.94,415739,11651.2,0,0,0,415739,0,0,4163.03,118.433,8366.32,7915.94,0,0
01:11:15:01:57:57,14.82,29.6972,0,0.0667572,0,0,3.01315,7915.94,415739,11651.2,0,0,0,415739,0,0,4163.03,118.45,8366.32,7915.94,0,0
01:11:15:01:57:58,14.82,29.6972,0,0.0680924,0,0,3.01315,7915.94,415739,11651.2,0,0,0,415739,0,0,4163.03,118.467,8366.32,7915.94,0,0
01:11:15:01:57:59,14.82,29.4111,0,0.0667572,0,0,3.01315,7915.94,415739,11651.2,0,0,0,415739,0,0,4163.03,118.483,8366.32,7915.94,0,0
01:11:15:01:58:00,15.1061,29.6972,0,0.0667572,0,0,3.01315,7915.94,415739,11651.2,0,0,0,415739,0,0,4163.03,118.5,8366.32,7915.94,0,0
01:11:15:01:58:01,14.5339,29.125,0,0.0680924,0,0,3.01315,7915.94,415739,11651.2,0,0,0,415739,0,0,4163.03,118.517,8366.32,7915.94,0,0
01:11:15:01:58:02,15.1061,29.125,0,0.0694294,0,0,3.01315,7915.94,415739,11651.2,0,0,0,415739,0,0,4163.03,118.533,8366.32,7915.94,0,0
01:11:15:01:58:03,14.82,29.4111,0,0.0680924,0,0,3.01315,7915.94,415739,11651.2,0,0,0,415739,0,0,4163.03,118.55,8366.32,7915.94,0,0
01:11:15:01:58:04,14.5339,29.4111,0,0.0680924,0,0,3.01315,7915.94,415739,11651.2,0,0,0,415739,0,0,4163.03,118.567,8366.32,7915.94,0,0
01:11:15:01:58:05,14.82,29.125,0,0.0667572,0,0,3.01315,7915.94,415739,11651.2,0,0,0,415739,0,0,4163.03,118.583,8366.32,7915.94,0,0
01:11:15:01:58:06,15.1061,29.125,0,0.065424,0,0,3.01315,7915.94,415739,11651.2,0,0,0,415739,0,0,4163.03,118.6,8366.32,7915.94,0,0
01:11:15:01:58:07,15.1061,29.125,0,0.065424,0,0,3.01315,7915.94,415739,11651.2,0,0,0,415739,0,0,4163.03,118.617,8366.32,7915.94,0,0
01:11:15:01:58:08,15.1061,29.125,0,0.0694294,0,0,3.01315,7915.94,415739,11651.2,0,0,0,415739,0,0,4163.03,118.633,8366.32,7915.94,0,0
01:11:15:01:58:09,14.82,28.8389,0,0.0667572,0,0,3.01315,7915.94,415739,11651.2,0,0,0,415739,0,0,4163.03,118.65,8366.32,7915.94,0,0
01:11:15:01:58:10,14.82,28.5528,0,0.065424,0,0,3.01315,7915.94,415739,11651.2,0,0,0,415739,0,0,4163.03,118.667,8366.32,7915.94,0,0
01:11:15:01:58:11,15.1061,28.5528,0,0.0680924,0,0,3.01315,7915.94,415739,11651.2,0,0,0,415739,0,0,4163.03,118.683,8366.32,7915.94,0,0
01:11:15:01:58:12,14.82,28.5528,0,0.0680924,0,0,3.01315,7915.94,415739,11651.2,0,0,0,415739,0,0,4163.03,118.7,8366.32,7915.94,0,0
01:11:15:01:58:13,14.5339,29.125,0,0.0680924,0,0,3.01315,7915.94,415739,11651.2,0,0,0,415739,0,0,4163.03,118.717,8366.32,7915.94,0,0
01:11:15:01:58:14,14.2478,28.8389,0,0.0667572,0,0,3.01315,7915.94,415739,11651.2,0,0,0,415739,0,0,4163.03,118.733,8366.32,7915.94,0,0
01:11:15:01:58:15,14.2478,28.5528,0,0.0667572,0,0,3.01315,7915.94,415739,11651.2,0,0,0,415739,0,0,4163.03,118.75,8366.32,7915.94,0,0
01:11:15:01:58:16,14.5339,28.5528,0,0.0680924,0,0,3.01315,7915.94,415739,11651.2,0,0,0,415739,0,0,4163.03,118.767,8366.32,7915.94,0,0
01:11:15:01:58:17,14.5339,29.125,0,0.0680924,0,0,3.01315,7915.94,415739,11651.2,0,0,0,415739,0,0,4163.03,118.783,8366.32,7915.94,0,0
01:11:15:01:58:18,13.9617,29.125,0,0.0707626,0,0,3.01315,7915.94,415739,11651.2,0,0,0,415739,0,0,4163.03,118.8,8366.32,7915.94,0,0
01:11:15:01:58:19,13.9617,28.2667,0,0.0694294,0,0,3.01315,7915.94,415739,11651.2,0,0,0,415739,0,0,4163.03,118.817,8366.32,7915.94,0,0
01:11:15:01:58:20,14.2478,27.9806,0,0.0680924,0,0,3.01315,7915.94,415739,11651.2,0,0,0,415739,0,0,4163.03,118.833,8366.32,7915.94,0,0
01:11:15:01:58:21,13.9617,28.8389,0,0.065424,0,0,3.01315,7915.94,415739,11651.2,0,0,0,415739,0,0,4163.03,118.85,8366.32,7915.94,0,0
01:11:15:01:58:22,14.5339,28.5528,0,0.065424,0,0,3.01315,7915.94,415739,11651.2,0,0,0,415739,0,0,4163.03,118.867,8366.32,7915.94,0,0
01:11:15:01:58:23,13.9617,28.5528,0,0.065424,0,0,3.01315,7915.94,415739,11651.2,0,0,0,415739,0,0,4163.03,118.883,8366.32,7915.94,0,0
01:11:15:01:58:24,14.2478,28.5528,0,0.0614185,0,0,3.01315,7915.94,415739,11651.2,0,0,0,415739,0,0,4163.03,118.9,8366.32,7915.94,0,0
01:11:15:01:58:25,13.9617,27.9806,0,0.0640869,0,0,3.01315,7915.94,415739,11651.2,0,0,0,415739,0,0,4163.03,118.917,8366.32,7915.94,0,0
01:11:15:01:58:26,13.9617,28.5528,0,0.0667572,0,0,3.01315,7915.94,415739,11651.2,0,0,0,415739,0,0,4163.03,118.933,8366.32,7915.94,0,0
01:11:15:01:58:27,13.6756,28.8389,0,0.0694294,0,0,3.01315,7915.94,415739,11651.2,0,0,0,415739,0,0,4163.03,118.95,8366.32,7915.94,0,0
01:11:15:01:58:28,14.2478,28.2667,0,0.0680924,0,0,3.01315,7915.94,415739,11651.2,0,0,0,415739,0,0,4163.03,118.967,8366.32,7915.94,0,0
01:11:15:01:58:29,13.6756,27.9806,0,0.065424,0,0,3.01315,7915.94,415739,11651.2,0,0,0,415739,0,0,4163.03,118.983,8366.32,7915.94,0,0
01:11:15:01:58:30,13.9617,28.2667,0,0.065424,0,0,3.01315,7915.94,415739,11651.2,0,0,0,415739,0,0,4163.03,119,8366.32,7915.94,0,0
01:11:15:01:58:31,13.6756,27.6945,0,0.0680924,0,0,3.01315,7915.94,415739,11651.2,0,0,0,415739,0,0,4163.03,119.017,8366.32,7915.94,0,0
01:11:15:01:58:32,13.6756,28.2667,0,0.0667572,0,0,3.01315,7915.94,415739,11651.2,0,0,0,415739,0,0,4163.03,119.033,8366.32,7915.94,0,0
01:11:15:01:58:33,13.6756,28.5528,0,0.0680924,0,0,3.01315,7915.94,415739,11651.2,0,0,0,415739,0,0,4163.03,119.05,8366.32,7915.94,0,0
01:11:15:01:58:34,13.3895,28.2667,0,0.0694294,0,0,3.01315,7915.94,415739,11651.2,0,0,0,415739,0,0,4163.03,119.067,8366.32,7915.94,0,0
01:11:15:01:58:35,13.6756,27.9806,0,0.0680924,0,0,3.01315,7915.94,415739,11651.2,0,0,0,415739,0,0,4163.03,119.083,8366.32,7915.94,0,0
01:11:15:01:58:36,13.1034,27.9806,0,0.0680924,0,0,3.01315,7915.94,415739,11651.2,0,0,0,415739,0,0,4163.03,119.1,8366.32,7915.94,0,0
01:11:15:01:58:37,13.9617,28.2667,0,0.0694294,0,0,3.01315,7915.94,415739,11651.2,0,0,0,415739,0,0,4163.03,119.117,8366.32,7915.94,0,0
01:11:15:01:58:38,13.9617,27.6945,0,0.0694294,0,0,3.01315,7915.94,415739,11651.2,0,0,0,415739,0,0,4163.03,119.133,8366.32,7915.94,0,0
01:11:15:01:58:39,13.9617,28.2667,0,0.0667572,0,0,3.01315,7915.94,415739,11651.2,0,0,0,415739,0,0,4163.03,119.15,8366.32,7915.94,0,0
01:11:15:01:58:40,13.3895,27.6945,0,0.0707626,0,0,3.01315,7915.94,415739,11651.2,0,0,0,415739,0,0,4163.03,119.167,8366.32,7915.94,0,0
01:11:15:01:58:41,13.3895,28.2667,0,0.0627537,0,0,3.01315,7915.94,415739,11651.2,0,0,0,415739,0,0,4163.03,119.183,8366.32,7915.94,0,0
01:11:15:01:58:42,12.8173,27.9806,0,0.0627537,0,0,3.01315,7915.94,415739,11651.2,0,0,0,415739,0,0,4163.03,119.2,8366.32,7915.94,0,0
01:11:15:01:58:43,13.3895,27.9806,0,0.0640869,0,0,3.01315,7915.94,415739,11651.2,0,0,0,415739,0,0,4163.03,119.217,8366.32,7915.94,0,0
01:11:15:01:58:44,13.1034,27.1223,0,0.065424,0,0,3.01315,7915.94,415739,11651.2,0,0,0,415739,0,0,4163.03,119.233,8366.32,7915.94,0,0
01:11:15:01:58:45,13.6756,27.9806,0,0.0667572,0,0,3.01315,7915.94,415739,11651.2,0,0,0,415739,0,0,4163.03,119.25,8366.32,7915.94,0,0
01:11:15:01:58:46,13.3895,27.6945,0,0.0694294,0,0,3.01315,7915.94,415739,11651.2,0,0,0,415739,0,0,4163.03,119.267,8366.32,7915.94,0,0
01:11:15:01:58:47,13.3895,27.6945,0,0.0680924,0,0,3.01315,7915.94,415739,11651.2,0,0,0,415739,0,0,4163.03,119.283,8366.32,7915.94,0,0
01:11:15:01:58:48,13.1034,28.2667,0,0.0667572,0,0,3.01315,7915.94,415739,11651.2,0,0,0,415739,0,0,4163.03,119.3,8366.32,7915.94,0,0
01:11:15:01:58:49,13.1034,27.4084,0,0.0667572,0,0,3.01315,7915.94,415739,11651.2,0,0,0,415739,0,0,4163.03,119.317,8366.32,7915.94,0,0
01:11:15:01:58:50,13.1034,27.4084,0,0.0640869,0,0,3.01315,7915.94,415739,11651.2,0,0,0,415739,0,0,4163.03,119.333,8366.32,7915.94,0,0
01:11:15:01:58:51,12.8173,27.4084,0,0.065424,0,0,3.01315,7915.94,415739,11651.2,0,0,0,415739,0,0,4163.03,119.35,8366.32,7915.94,0,0
01:11:15:01:58:52,13.1034,27.4084,0,0.065424,0,0,3.01315,7915.94,415739,11651.2,0,0,0,415739,0,0,4163.03,119.367,8366.32,7915.94,0,0
01:11:15:01:58:53,13.1034,27.4084,0,0.0667572,0,0,3.01315,7915.94,415739,11651.2,0,0,0,415739,0,0,4163.03,119.383,8366.32,7915.94,0,0
01:11:15:01:58:54,12.8173,27.4084,0,0.0640869,0,0,3.01315,7915.94,415739,11651.2,0,0,0,415739,0,0,4163.03,119.4,8366.32,7915.94,0,0
01:11:15:01:58:55,13.1034,27.6945,0,0.0680924,0,0,3.01315,7915.94,415739,11651.2,0,0,0,415739,0,0,4163.03,119.417,8366.32,7915.94,0,0
01:11:15:01:58:56,12.5312,27.1223,0,0.0694294,0,0,3.01315,7915.94,415739,11651.2,0,0,0,415739,0,0,4163.03,119.433,8366.32,7915.94,0,0
01:11:15:01:58:57,12.2451,27.6945,0,0.0694294,0,0,3.01315,7915.94,415739,11651.2,0,0,0,415739,0,0,4163.03,119.45,8366.32,7915.94,0,0
01:11:15:01:58:58,13.1034,27.1223,0,0.0667572,0,0,3.01315,7915.94,415739,11651.2,0,0,0,415739,0,0,4163.03,119.467,8366.32,7915.94,0,0
01:11:15:01:58:59,12.2451,27.1223,0,0.0640869,0,0,3.01315,7915.94,415739,11651.2,0,0,0,415739,0,0,4163.03,119.483,8366.32,7915.94,0,0
01:11:15:01:59:00,12.2451,27.1223,0,0.0667572,0,0,3.01315,7915.94,415739,11651.2,0,0,0,415739,0,0,4163.03,119.5,8366.32,7915.94,0,0
01:11:15:01:59:01,12.8173,27.1223,0,0.0667572,0,0,3.01315,7915.94,415739,11651.2,0,0,0,415739,0,0,4163.03,119.517,8366.32,7915.94,0,0
01:11:15:01:59:02,12.5312,27.1223,0,0.0640869,0,0,3.01315,7915.94,415739,11651.2,0,0,0,415739,0,0,4163.03,119.533,8366.32,7915.94,0,0
01:11:15:01:59:03,12.8173,27.1223,0,0.0627537,0,0,3.01315,7915.94,415739,11651.2,0,0,0,415739,0,0,4163.03,119.55,8366.32,7915.94,0,0
01:11:15:01:59:04,12.2451,27.1223,0,0.0640869,0,0,3.01315,7915.94,415739,11651.2,0,0,0,415739,0,0,4163.03,119.567,8366.32,7915.94,0,0
01:11:15:01:59:05,12.5312,26.5501,0,0.0640869,0,0,3.01315,7915.94,415739,11651.2,0,0,0,415739,0,0,4163.03,119.583,8366.32,7915.94,0,0
01:11:15:01:59:06,12.5312,27.1223,0,0.065424,0,0,3.01315,7915.94,415739,11651.2,0,0,0,415739,0,0,4163.03,119.6,8366.32,7915.94,0,0
01:11:15:01:59:07,12.2451,26.8362,0,0.065424,0,0,3.01315,7915.94,415739,11651.2,0,0,0,415739,0,0,4163.03,119.617,8366.32,7915.94,0,0
01:11:15:01:59:08,12.2451,26.264,0,0.0667572,0,0,3.01315,7915.94,415739,11651.2,0,0,0,415739,0,0,4163.03,119.633,8366.32,7915.94,0,0
01:11:15:01:59:09,11.959,26.5501,0,0.0667572,0,0,3.01315,7915.94,415739,11651.2,0,0,0,415739,0,0,4163.03,119.65,8366.32,7915.94,0,0
01:11:15:01:59:10,12.2451,26.5501,0,0.065424,0,0,3.01315,7915.94,415739,11651.2,0,0,0,415739,0,0,4163.03,119.667,8366.32,7915.94,0,0
01:11:15:01:59:11,12.2451,26.5501,0,0.065424,0,0,3.01315,7915.94,415739,11651.2,0,0,0,415739,0,0,4163.03,119.683,8366.32,7915.94,0,0
01:11:15:01:59:12,12.8173,26.5501,0,0.0640869,0,0,3.01315,7915.94,415739,11651.2,0,0,0,415739,0,0,4163.03,119.7,8366.32,7915.94,0,0
01:11:15:01:59:13,12.5312,26.5501,0,0.065424,0,0,3.01315,7915.94,415739,11651.2,0,0,0,415739,0,0,4163.03,119.717,8366.32,7915.94,0,0
01:11:15:01:59:14,12.2451,27.1223,0,0.0627537,0,0,3.01315,7915.94,415739,11651.2,0,0,0,415739,0,0,4163.03,119.733,8366.32,7915.94,0,0
01:11:15:01:59:15,12.2451,26.5501,0,0.065424,0,0,3.01315,7915.94,415739,11651.2,0,0,0,415739,0,0,4163.03,119.75,8366.32,7915.94,0,0
01:11:15:01:59:16,12.5312,26.5501,0,0.0640869,0,0,3.01315,7915.94,415739,11651.2,0,0,0,415739,0,0,4163.03,119.767,8366.32,7915.94,0,0
01:11:15:01:59:17,12.2451,26.5501,0,0.065424,0,0,3.01315,7915.94,415739,11651.2,0,0,0,415739,0,0,4163.03,119.783,8366.32,7915.94,0,0
01:11:15:01:59:18,12.5312,26.5501,0,0.0667572,0,0,3.01315,7915.94,415739,11651.2,0,0,0,415739,0,0,4163.03,119.8,8366.32,7915.94,0,0
01:11:15:01:59:19,12.2451,26.5501,0,0.0667572,0,0,3.01315,7915.94,415739,11651.2,0,0,0,415739,0,0,4163.03,119.817,8366.32,7915.94,0,0
01:11:15:01:59:20,12.2451,26.264,0,0.0680924,0,0,3.01315,7915.94,415739,11651.2,0,0,0,415739,0,0,4163.03,119.833,8366.32,7915.94,0,0
01:11:15:01:59:21,11.959,26.5501,0,0.065424,0,0,3.01315,7915.94,415739,11651.2,0,0,0,415739,0,0,4163.03,119.85,8366.32,7915.94,0,0
01:11:15:01:59:22,11.3868,25.9779,0,0.0600815,0,0,3.01315,7915.94,415739,11651.2,0,0,0,415739,0,0,4163.03,119.867,8366.32,7915.94,0,0
01:11:15:01:59:23,12.2451,25.9779,0,0.0680924,0,0,3.01315,7915.94,415739,11651.2,0,0,0,415739,0,0,4163.03,119.883,8366.32,7915.94,0,0
01:11:15:01:59:24,11.959,25.9779,0,0.065424,0,0,3.01315,7915.94,415739,11651.2,0,0,0,415739,0,0,4163.03,119.9,8366.32,7915.94,0,0
01:11:15:01:59:25,11.6729,26.5501,0,0.0667572,0,0,3.01315,7915.94,415739,11651.2,0,0,0,415739,0,0,4163.03,119.917,8366.32,7915.94,0,0
01:11:15:01:59:26,11.959,26.264,0,0.065424,0,0,3.01315,7915.94,415739,11651.2,0,0,0,415739,0,0,4163.03,119.933,8366.32,7915.94,0,0
01:11:15:01:59:27,11.959,26.264,0,0.0680924,0,0,3.01315,7915.94,415739,11651.2,0,0,0,415739,0,0,4163.03,119.95,8366.32,7915.94,0,0
01:11:15:01:59:28,11.6729,25.6918,0,0.0640869,0,0,3.01315,7915.94,415739,11651.2,0,0,0,415739,0,0,4163.03,119.967,8366.32,7915.94,0,0
01:11:15:01:59:29,11.6729,26.5501,0,0.0640869,0,0,3.01315,7915.94,415739,11651.2,0,0,0,415739,0,0,4163.03,119.983,8366.32,7915.94,0,0
01:11:15:01:59:30,11.3868,25.9779,0,0.065424,0,0,3.01315,7915.94,415739,11651.2,0,0,0,415739,0,0,4163.03,120,8366.32,7915.94,0,0
01:11:15:01:59:31,11.959,26.264,0,0.0667572,0,0,3.01315,7915.94,415739,11651.2,0,0,0,415739,0,0,4163.03,120.017,8366.32,7915.94,0,0
01:11:15:01:59:32,11.1007,25.6918,0,0.0667572,0,0,3.01315,7915.94,415739,11651.2,0,0,0,415739,0,0,4163.03,120.033,8366.32,7915.94,0,0
01:11:15:01:59:33,11.6729,25.4057,0,0.0680924,0,0,3.01315,7915.94,415739,11651.2,0,0,0,415739,0,0,4163.03,120.05,8366.32,7915.94,0,0
01:11:15:01:59:34,11.6729,26.264,0,0.0694294,0,0,3.01315,7915.94,415739,11651.2,0,0,0,415739,0,0,4163.03,120.067,8366.32,7915.94,0,0
01:11:15:01:59:35,11.3868,25.9779,0,0.065424,0,0,3.01315,7915.94,415739,11651.2,0,0,0,415739,0,0,4163.03,120.083,8366.32,7915.94,0,0
01:11:15:01:59:36,10.8146,25.9779,0,0.0680924,0,0,3.01315,7915.94,415739,11651.2,0,0,0,415739,0,0,4163.03,120.1,8366.32,7915.94,0,0
01:11:15:01:59:37,11.6729,25.6918,0,0.0667572,0,0,3.01315,7915.94,415739,11651.2,0,0,0,415739,0,0,4163.03,120.117,8366.32,7915.94,0,0
01:11:15:01:59:38,11.3868,25.9779,0,0.065424,0,0,3.01315,7915.94,415739,11651.2,0,0,0,415739,0,0,4163.03,120.133,8366.32,7915.94,0,0
01:11:15:01:59:39,10.8146,25.6918,0,0.065424,0,0,3.01315,7915.94,415739,11651.2,0,0,0,415739,0,0,4163.03,120.15,8366.32,7915.94,0,0
01:11:15:01:59:40,11.3868,25.9779,0,0.0680924,0,0,3.01315,7915.94,415739,11651.2,0,0,0,415739,0,0,4163.03,120.167,8366.32,7915.94,0,0
01:11:15:01:59:41,11.1007,25.1196,0,0.0680924,0,0,3.01315,7915.94,415739,11651.2,0,0,0,415739,0,0,4163.03,120.183,8366.32,7915.94,0,0
01:11:15:01:59:42,11.1007,25.6918,0,0.0680924,0,0,3.01315,7915.94,415739,11651.2,0,0,0,415739,0,0,4163.03,120.2,8366.32,7915.94,0,0
01:11:15:01:59:43,11.6729,25.9779,0,0.0667572,0,0,3.01315,7915.94,415739,11651.2,0,0,0,415739,0,0,4163.03,120.217,8366.32,7915.94,0,0
01:11:15:01:59:44,11.1007,25.4057,0,0.0640869,0,0,3.01315,7915.94,415739,11651.2,0,0,0,415739,0,0,4163.03,120.233,8366.32,7915.94,0,0
01:11:15:01:59:45,11.1007,25.9779,0,0.065424,0,0,3.01315,7915.94,415739,11651.2,0,0,0,415739,0,0,4163.03,120.25,8366.32,7915.94,0,0
01:11:15:01:59:46,11.1007,25.1196,0,0.0694294,0,0,3.01315,7915.94,415739,11651.2,0,0,0,415739,0,0,4163.03,120.267,8366.32,7915.94,0,0
01:11:15:01:59:47,10.8146,25.9779,0,0.0667572,0,0,3.01315,7915.94,415739,11651.2,0,0,0,415739,0,0,4163.03,120.283,8366.32,7915.94,0,0
01:11:15:01:59:48,11.3868,25.1196,0,0.0680924,0,0,3.01315,7915.94,415739,11651.2,0,0,0,415739,0,0,4163.03,120.3,8366.32,7915.94,0,0
01:11:15:01:59:49,10.5285,25.9779,0,0.065424,0,0,3.01315,7915.94,415739,11651.2,0,0,0,415739,0,0,4163.03,120.317,8366.32,7915.94,0,0
01:11:15:01:59:50,11.1007,25.1196,0,0.065424,0,0,3.01315,7915.94,415739,11651.2,0,0,0,415739,0,0,4163.03,120.333,8366.32,7915.94,0,0
01:11:15:01:59:51,11.3868,25.4057,0,0.065424,0,0,3.01315,7915.94,415739,11651.2,0,0,0,415739,0,0,4163.03,120.35,8366.32,7915.94,0,0
01:11:15:01:59:52,11.1007,25.1196,0,0.0640869,0,0,3.01315,7915.94,415739,11651.2,0,0,0,415739,0,0,4163.03,120.367,8366.32,7915.94,0,0
01:11:15:01:59:53,11.1007,24.8335,0,0.065424,0,0,3.01315,7915.94,415739,11651.2,0,0,0,415739,0,0,4163.03,120.383,8366.32,7915.94,0,0
01:11:15:01:59:54,11.1007,25.1196,0,0.0640869,0,0,3.01315,7915.94,415739,11651.2,0,0,0,415739,0,0,4163.03,120.4,8366.32,7915.94,0,0
01:11:15:01:59:55,10.2424,24.8335,0,0.0640869,0,0,3.01315,7915.94,415739,11651.2,0,0,0,415739,0,0,4163.03,120.417,8366.32,7915.94,0,0
01:11:15:01:59:56,10.5285,25.1196,0,0.0640869,0,0,3.01315,7915.94,415739,11651.2,0,0,0,415739,0,0,4163.03,120.433,8366.32,7915.94,0,0
01:11:15:01:59:57,10.5285,24.8335,0,0.0667572,0,0,3.01315,7915.94,415739,11651.2,0,0,0,415739,0,0,4163.03,120.45,8366.32,7915.94,0,0
01:11:15:01:59:58,10.8146,25.1196,0,0.0640869,0,0,3.01315,7915.94,415739,11651.2,0,0,0,415739,0,0,4163.03,120.467,8366.32,7915.94,0,0
01:11:15:01:59:59,10.5285,25.1196,0,0.0614185,0,0,3.01315,7915.94,415739,11651.2,0,0,0,415739,0,0,4163.03,120.483,8366.32,7915.94,0,0
01:11:15:02:00:00,10.8146,25.4057,0,0.0694294,0,0,3.01315,7915.94,415739,11651.2,0,0,0,415739,0,0,4163.03,120.5,8366.32,7915.94,0,0
01:11:15:02:00:01,10.8146,24.8335,0,0.0640869,0,0,3.01315,7915.94,415739,11651.2,0,0,0,415739,0,0,4163.03,120.517,8366.32,7915.94,0,0
01:11:15:02:00:02,10.2424,25.1196,0,0.0667572,0,0,3.01315,7915.94,415739,11651.2,0,0,0,415739,0,0,4163.03,120.533,8366.32,7915.94,0,0
01:11:15:02:00:03,10.5285,25.1196,0,0.0640869,0,0,3.01315,7915.94,415739,11651.2,0,0,0,415739,0,0,4163.03,120.55,8366.32,7915.94,0,0
01:11:15:02:00:04,10.5285,24.5474,0,0.0680924,0,0,3.01315,7915.94,415739,11651.2,0,0,0,415739,0,0,4163.03,120.567,8366.32,7915.94,0,0
01:11:15:02:00:05,9.95626,24.5474,0,0.065424,0,0,3.01315,7915.94,415739,11651.2,0,0,0,415739,0,0,4163.03,120.583,8366.32,7915.94,0,0
01:11:15:02:00:06,10.2424,24.5474,0,0.0667572,0,0,3.01315,7915.94,415739,11651.2,0,0,0,415739,0,0,4163.03,120.6,8366.32,7915.94,0,0
01:11:15:02:00:07,10.2424,24.5474,0,0.0667572,0,0,3.01315,7915.94,415739,11651.2,0,0,0,415739,0,0,4163.03,120.617,8366.32,7915.94,0,0
01:11:15:02:00:08,10.2424,24.5474,0,0.0667572,0,0,3.01315,7915.94,415739,11651.2,0,0,0,415739,0,0,4163.03,120.633,8366.32,7915.94,0,0
01:11:15:02:00:09,10.5285,24.8335,0,0.0680924,0,0,3.01315,7915.94,415739,11651.2,0,0,0,415739,0,0,4163.03,120.65,8366.32,7915.94,0,0
01:11:15:02:00:10,10.2424,24.8335,0,0.0640869,0,0,3.01315,7915.94,415739,11651.2,0,0,0,415739,0,0,4163.03,120.667,8366.32,7915.94,0,0
01:11:15:02:00:11,10.2424,24.8335,0,0.065424,0,0,3.01315,7915.94,415739,11651.2,0,0,0,415739,0,0,4163.03,120.683,8366.32,7915.94,0,0
01:11:15:02:00:12,9.95626,23.9752,0,0.0640869,0,0,3.01315,7915.94,415739,11651.2,0,0,0,415739,0,0,4163.03,120.7,8366.32,7915.94,0,0
01:11:15:02:00:13,9.95626,23.9752,0,0.0667572,0,0,3.01315,7915.94,415739,11651.2,0,0,0,415739,0,0,4163.03,120.717,8366.32,7915.94,0,0
01:11:15:02:00:14,10.8146,24.5474,0,0.0667572,0,0,3.01315,7915.94,415739,11651.2,0,0,0,415739,0,0,4163.03,120.733,8366.32,7915.94,0,0
01:11:15:02:00:15,9.67016,24.5474,0,0.065424,0,0,3.01315,7915.94,415739,11651.2,0,0,0,415739,0,0,4163.03,120.75,8366.32,7915.94,0,0
01:11:15:02:00:16,9.67016,23.9752,0,0.0667572,0,0,3.01315,7915.94,415739,11651.2,0,0,0,415739,0,0,4163.03,120.767,8366.32,7915.94,0,0
01:11:15:02:00:17,9.67016,24.2613,0,0.0640869,0,0,3.01315,7915.94,415739,11651.2,0,0,0,415739,0,0,4163.03,120.783,8366.32,7915.94,0,0
01:11:15:02:00:18,9.95626,24.2613,0,0.0627537,0,0,3.01315,7915.94,415739,11651.2,0,0,0,415739,0,0,4163.03,120.8,8366.32,7915.94,0,0
01:11:15:02:00:19,9.67016,24.2613,0,0.065424,0,0,3.01315,7915.94,415739,11651.2,0,0,0,415739,0,0,4163.03,120.817,8366.32,7915.94,0,0
01:11:15:02:00:20,9.67016,24.8335,0,0.065424,0,0,3.01315,7915.94,415739,11651.2,0,0,0,415739,0,0,4163.03,120.833,8366.32,7915.94,0,0
01:11:15:02:00:21,9.38406,24.2613,0,0.0640869,0,0,3.01315,7915.94,415739,11651.2,0,0,0,415739,0,0,4163.03,120.85,8366.32,7915.94,0,0
01:11:15:02:00:22,9.67016,23.9752,0,0.065424,0,0,3.01315,7915.94,415739,11651.2,0,0,0,415739,0,0,4163.03,120.867,8366.32,7915.94,0,0
01:11:15:02:00:23,9.67016,23.9752,0,0.0640869,0,0,3.01315,7915.94,415739,11651.2,0,0,0,415739,0,0,4163.03,120.883,8366.32,7915.94,0,0
01:11:15:02:00:24,9.67016,23.9752,0,0.0627537,0,0,3.01315,7915.94,415739,11651.2,0,0,0,415739,0,0,4163.03,120.9,8366.32,7915.94,0,0
01:11:15:02:00:25,9.67016,24.2613,0,0.0667572,0,0,3.01315,7915.94,415739,11651.2,0,0,0,415739,0,0,4163.03,120.917,8366.32,7915.94,0,0
01:11:15:02:00:26,9.09796,23.6891,0,0.0640869,0,0,3.01315,7915.94,415739,11651.2,0,0,0,415739,0,0,4163.03,120.933,8366.32,7915.94,0,0
01:11:15:02:00:27,9.09796,23.9752,0,0.065424,0,0,3.01315,7915.94,415739,11651.2,0,0,0,415739,0,0,4163.03,120.95,8366.32,7915.94,0,0
01:11:15:02:00:28,9.67016,24.2613,0,0.065424,0,0,3.01315,7915.94,415739,11651.2,0,0,0,415739,0,0,4163.03,120.967,8366.32,7915.94,0,0
01:11:15:02:00:29,9.95626,23.9752,0,0.0640869,0,0,3.01315,7915.94,415739,11651.2,0,0,0,415739,0,0,4163.03,120.983,8366.32,7915.94,0,0
01:11:15:02:00:30,9.67016,23.9752,0,0.0680924,0,0,3.01315,7915.94,415739,11651.2,0,0,0,415739,0,0,4163.03,121,8366.32,7915.94,0,0
01:11:15:02:00:31,9.38406,23.6891,0,0.065424,0,0,3.01315,7915.94,415739,11651.2,0,0,0,415739,0,0,4163.03,121.017,8366.32,7915.94,0,0
01:11:15:02:00:32,9.38406,23.403,0,0.0640869,0,0,3.01315,7915.94,415739,11651.2,0,0,0,415739,0,0,4163.03,121.033,8366.32,7915.94,0,0
01:11:15:02:00:33,9.09796,23.6891,0,0.065424,0,0,3.01315,7915.94,415739,11651.2,0,0,0,415739,0,0,4163.03,121.05,8366.32,7915.94,0,0
01:11:15:02:00:34,9.67016,23.403,0,0.0627537,0,0,3.01315,7915.94,415739,11651.2,0,0,0,415739,0,0,4163.03,121.067,8366.32,7915.94,0,0
01:11:15:02:00:35,9.38406,23.403,0,0.0627537,0,0,3.01315,7915.94,415739,11651.2,0,0,0,415739,0,0,4163.03,121.083,8366.32,7915.94,0,0
01:11:15:02:00:36,9.67016,23.403,0,0.0640869,0,0,3.01315,7915.94,415739,11651.2,0,0,0,415739,0,0,4163.03,121.1,8366.32,7915.94,0,0
01:11:15:02:00:37,9.38406,23.1169,0,0.0667572,0,0,3.01315,7915.94,415739,11651.2,0,0,0,415739,0,0,4163.03,121.117,8366.32,7915.94,0,0
01:11:15:02:00:38,9.38406,23.9752,0,0.065424,0,0,3.01315,7915.94,415739,11651.2,0,0,0,415739,0,0,4163.03,121.133,8366.32,7915.94,0,0
01:11:15:02:00:39,9.09796,23.9752,0,0.0640869,0,0,3.01315,7915.94,415739,11651.2,0,0,0,415739,0,0,4163.03,121.15,8366.32,7915.94,0,0
01:11:15:02:00:40,8.81186,23.403,0,0.065424,0,0,3.01315,7915.94,415739,11651.2,0,0,0,415739,0,0,4163.03,121.167,8366.32,7915.94,0,0
01:11:15:02:00:41,9.09796,23.403,0,0.065424,0,0,3.01315,7915.94,415739,11651.2,0,0,0,415739,0,0,4163.03,121.183,8366.32,7915.94,0,0
01:11:15:02:00:42,9.09796,23.403,0,0.065424,0,0,3.01315,7915.94,415739,11651.2,0,0,0,415739,0,0,4163.03,121.2,8366.32,7915.94,0,0
01:11:15:02:00:43,8.81186,22.8308,0,0.065424,0,0,3.01315,7915.94,415739,11651.2,0,0,0,415739,0,0,4163.03,121.217,8366.32,7915.94,0,0
01:11:15:02:00:44,9.09796,23.6891,0,0.0640869,0,0,3.01315,7915.94,415739,11651.2,0,0,0,415739,0,0,4163.03,121.233,8366.32,7915.94,0,0
01:11:15:02:00:45,9.09796,22.5447,0,0.065424,0,0,3.01315,7915.94,415739,11651.2,0,0,0,415739,0,0,4163.03,121.25,8366.32,7915.94,0,0
01:11:15:02:00:46,8.23966,22.5447,0,0.0640869,0,0,3.01315,7915.94,415739,11651.2,0,0,0,415739,0,0,4163.03,121.267,8366.32,7915.94,0,0
01:11:15:02:00:47,8.23966,23.1169,0,0.0694294,0,0,3.01315,7915.94,415739,11651.2,0,0,0,415739,0,0,4163.03,121.283,8366.32,7915.94,0,0
01:11:15:02:00:48,8.52576,23.1169,0,0.0707626,0,0,3.01315,7915.94,415739,11651.2,0,0,0,415739,0,0,4163.03,121.3,8366.32,7915.94,0,0
01:11:15:02:00:49,9.09796,23.403,0,0.0680924,0,0,3.01315,7915.94,415739,11651.2,0,0,0,415739,0,0,4163.03,121.317,8366.32,7915.94,0,0
01:11:15:02:00:50,8.52576,22.8308,0,0.0680924,0,0,3.01315,7915.94,415739,11651.2,0,0,0,415739,0,0,4163.03,121.333,8366.32,7915.94,0,0
01:11:15:02:00:51,8.52576,23.1169,0,0.0694294,0,0,3.01315,7915.94,415739,11651.2,0,0,0,415739,0,0,4163.03,121.35,8366.32,7915.94,0,0
01:11:15:02:00:52,8.23966,22.8308,0,0.0680924,0,0,3.01315,7915.94,415739,11651.2,0,0,0,415739,0,0,4163.03,121.367,8366.32,7915.94,0,0
01:11:15:02:00:53,8.23966,23.403,0,0.0680924,0,0,3.01315,7915.94,415739,11651.2,0,0,0,415739,0,0,4163.03,121.383,8366.32,7915.94,0,0
01:11:15:02:00:54,8.81186,22.5447,0,0.065424,0,0,3.01315,7915.94,415739,11651.2,0,0,0,415739,0,0,4163.03,121.4,8366.32,7915.94,0,0
01:11:15:02:00:55,8.81186,22.8308,0,0.0680924,0,0,3.01315,7915.94,415739,11651.2,0,0,0,415739,0,0,4163.03,121.417,8366.32,7915.94,0,0
01:11:15:02:00:56,8.52576,23.1169,0,0.0694294,0,0,3.01315,7915.94,415739,11651.2,0,0,0,415739,0,0,4163.03,121.433,8366.32,7915.94,0,0
01:11:15:02:00:57,8.23966,22.2586,0,0.0680924,0,0,3.01315,7915.94,415739,11651.2,0,0,0,415739,0,0,4163.03,121.45,8366.32,7915.94,0,0
01:11:15:02:00:58,8.23966,21.9725,0,0.0627537,0,0,3.01315,7915.94,415739,11651.2,0,0,0,415739,0,0,4163.03,121.467,8366.32,7915.94,0,0
01:11:15:02:00:59,8.23966,23.1169,0,0.0680924,0,0,3.01315,7915.94,415739,11651.2,0,0,0,415739,0,0,4163.03,121.483,8366.32,7915.94,0,0
01:11:15:02:01:00,8.81186,22.2586,0,0.065424,0,0,3.01315,7915.94,415739,11651.2,0,0,0,415739,0,0,4163.03,121.5,8366.32,7915.94,0,0
01:11:15:02:01:01,8.52576,23.1169,0,0.065424,0,0,3.01315,7915.94,415739,11651.2,0,0,0,415739,0,0,4163.03,121.517,8366.32,7915.94,0,0
01:11:15:02:01:02,7.95356,22.8308,0,0.0667572,0,0,3.01315,7915.94,415739,11651.2,0,0,0,415739,0,0,4163.03,121.533,8366.32,7915.94,0,0
01:11:15:02:01:03,8.23966,22.2586,0,0.0694294,0,0,3.01315,7915.94,415739,11651.2,0,0,0,415739,0,0,4163.03,121.55,8366.32,7915.94,0,0
01:11:15:02:01:04,7.66745,22.5447,0,0.0680924,0,0,3.01315,7915.94,415739,11651.2,0,0,0,415739,0,0,4163.03,121.567,8366.32,7915.94,0,0
01:11:15:02:01:05,7.95356,22.2586,0,0.0694294,0,0,3.01315,7915.94,415739,11651.2,0,0,0,415739,0,0,4163.03,121.583,8366.32,7915.94,0,0
01:11:15:02:01:06,8.81186,22.2586,0,0.0667572,0,0,3.01315,7915.94,415739,11651.2,0,0,0,415739,0,0,4163.03,121.6,8366.32,7915.94,0,0
01:11:15:02:01:07,8.23966,22.5447,0,0.065424,0,0,3.01315,7915.94,415739,11651.2,0,0,0,415739,0,0,4163.03,121.617,8366.32,7915.94,0,0
01:11:15:02:01:08,8.23966,22.5447,0,0.065424,0,0,3.01315,7915.94,415739,11651.2,0,0,0,415739,0,0,4163.03,121.633,8366.32,7915.94,0,0
01:11:15:02:01:09,7.66745,22.2586,0,0.0667572,0,0,3.01315,7915.94,415739,11651.2,0,0,0,415739,0,0,4163.03,121.65,8366.32,7915.94,0,0
01:11:15:02:01:10,8.23966,21.6864,0,0.065424,0,0,3.01315,7915.94,415739,11651.2,0,0,0,415739,0,0,4163.03,121.667,8366.32,7915.94,0,0
01:11:15:02:01:11,7.66745,22.5447,0,0.0694294,0,0,3.01315,7915.94,415739,11651.2,0,0,0,415739,0,0,4163.03,121.683,8366.32,7915.94,0,0
01:11:15:02:01:12,7.38135,21.6864,0,0.0694294,0,0,3.01315,7915.94,415739,11651.2,0,0,0,415739,0,0,4163.03,121.7,8366.32,7915.94,0,0
01:11:15:02:01:13,7.66745,21.9725,0,0.065424,0,0,3.01315,7915.94,415739,11651.2,0,0,0,415739,0,0,4163.03,121.717,8366.32,7915.94,0,0
01:11:15:02:01:14,7.95356,22.2586,0,0.065424,0,0,3.01315,7915.94,415739,11651.2,0,0,0,415739,0,0,4163.03,121.733,8366.32,7915.94,0,0
01:11:15:02:01:15,8.52576,22.2586,0,0.065424,0,0,3.01315,7915.94,415739,11651.2,0,0,0,415739,0,0,4163.03,121.75,8366.32,7915.94,0,0
01:11:15:02:01:16,7.95356,21.6864,0,0.0640869,0,0,3.01315,7915.94,415739,11651.2,0,0,0,415739,0,0,4163.03,121.767,8366.32,7915.94,0,0
01:11:15:02:01:17,7.09525,21.6864,0,0.0640869,0,0,3.01315,7915.94,415739,11651.2,0,0,0,415739,0,0,4163.03,121.783,8366.32,7915.94,0,0
01:11:15:02:01:18,7.66745,21.1142,0,0.0667572,0,0,3.01315,7915.94,415739,11651.2,0,0,0,415739,0,0,4163.03,121.8,8366.32,7915.94,0,0
01:11:15:02:01:19,7.66745,21.6864,0,0.0640869,0,0,3.01315,7915.94,415739,11651.2,0,0,0,415739,0,0,4163.03,121.817,8366.32,7915.94,0,0
01:11:15:02:01:20,7.38135,21.4003,0,0.065424,0,0,3.01315,7915.94,415739,11651.2,0,0,0,415739,0,0,4163.03,121.833,8366.32,7915.94,0,0
01:11:15:02:01:21,7.38135,21.1142,0,0.0640869,0,0,3.01315,7915.94,415739,11651.2,0,0,0,415739,0,0,4163.03,121.85,8366.32,7915.94,0,0
01:11:15:02:01:22,7.66745,21.6864,0,0.0614185,0,0,3.01315,7915.94,415739,11651.2,0,0,0,415739,0,0,4163.03,121.867,8366.32,7915.94,0,0
01:11:15:02:01:23,7.66745,21.9725,0,0.065424,0,0,3.01315,7915.94,415739,11651.2,0,0,0,415739,0,0,4163.03,121.883,8366.32,7915.94,0,0
01:11:15:02:01:24,7.09525,21.9725,0,0.065424,0,0,3.01315,7915.94,415739,11651.2,0,0,0,415739,0,0,4163.03,121.9,8366.32,7915.94,0,0
01:11:15:02:01:25,7.95356,21.6864,0,0.065424,0,0,3.01315,7915.94,415739,11651.2,0,0,0,415739,0,0,4163.03,121.917,8366.32,7915.94,0,0
01:11:15:02:01:26,6.80915,21.6864,0,0.065424,0,0,3.01315,7915.94,415739,11651.2,0,0,0,415739,0,0,4163.03,121.933,8366.32,7915.94,0,0
01:11:15:02:01:27,7.66745,21.1142,0,0.0627537,0,0,3.01315,7915.94,415739,11651.2,0,0,0,415739,0,0,4163.03,121.95,8366.32,7915.94,0,0
01:11:15:02:01:28,7.09525,21.4003,0,0.0627537,0,0,3.01315,7915.94,415739,11651.2,0,0,0,415739,0,0,4163.03,121.967,8366.32,7915.94,0,0
01:11:15:02:01:29,7.09525,21.6864,0,0.0640869,0,0,3.01315,7915.94,415739,11651.2,0,0,0,415739,0,0,4163.03,121.983,8366.32,7915.94,0,0
01:11:15:02:01:30,7.66745,21.6864,0,0.0667572,0,0,3.01315,7915.94,415739,11651.2,0,0,0,415739,0,0,4163.03,122,8366.32,7915.94,0,0
01:11:15:02:01:31,6.80915,20.8281,0,0.0614185,0,0,3.01315,7915.94,415739,11651.2,0,0,0,415739,0,0,4163.03,122.017,8366.32,7915.94,0,0
01:11:15:02:01:32,7.09525,21.4003,0,0.0614185,0,0,3.01315,7915.94,415739,11651.2,0,0,0,415739,0,0,4163.03,122.033,8366.32,7915.94,0,0
01:11:15:02:01:33,7.09525,21.1142,0,0.0627537,0,0,3.01315,7915.94,415739,11651.2,0,0,0,415739,0,0,4163.03,122.05,8366.32,7915.94,0,0
01:11:15:02:01:34,7.09525,20.542,0,0.0640869,0,0,3.01315,7915.94,415739,11651.2,0,0,0,415739,0,0,4163.03,122.067,8366.32,7915.94,0,0
01:11:15:02:01:35,7.38135,20.8281,0,0.065424,0,0,3.01315,7915.94,415739,11651.2,0,0,0,415739,0,0,4163.03,122.083,8366.32,7915.94,0,0
01:11:15:02:01:36,7.09525,21.1142,0,0.0680924,0,0,3.01315,7915.94,415739,11651.2,0,0,0,415739,0,0,4163.03,122.1,8366.32,7915.94,0,0
01:11:15:02:01:37,6.23695,21.1142,0,0.0680924,0,0,3.01315,7915.94,415739,11651.2,0,0,0,415739,0,0,4163.03,122.117,8366.32,7915.94,0,0
01:11:15:02:01:38,7.09525,21.1142,0,0.0667572,0,0,3.01315,7915.94,415739,11651.2,0,0,0,415739,0,0,4163.03,122.133,8366.32,7915.94,0,0
01:11:15:02:01:39,6.52305,20.542,0,0.0667572,0,0,3.01315,7915.94,415739,11651.2,0,0,0,415739,0,0,4163.03,122.15,8366.32,7915.94,0,0
01:11:15:02:01:40,6.80915,21.1142,0,0.0627537,0,0,3.01315,7915.94,415739,11651.2,0,0,0,415739,0,0,4163.03,122.167,8366.32,7915.94,0,0
01:11:15:02:01:41,6.80915,21.1142,0,0.0667572,0,0,3.01315,7915.94,415739,11651.2,0,0,0,415739,0,0,4163.03,122.183,8366.32,7915.94,0,0
01:11:15:02:01:42,6.23695,21.1142,0,0.0694294,0,0,3.01315,7915.94,415739,11651.2,0,0,0,415739,0,0,4163.03,122.2,8366.32,7915.94,0,0
01:11:15:02:01:43,6.80915,20.542,0,0.0640869,0,0,3.01315,7915.94,415739,11651.2,0,0,0,415739,0,0,4163.03,122.217,8366.32,7915.94,0,0
01:11:15:02:01:44,6.80915,20.8281,0,0.0680924,0,0,3.01315,7915.94,415739,11651.2,0,0,0,415739,0,0,4163.03,122.233,8366.32,7915.94,0,0
01:11:15:02:01:45,6.80915,20.542,0,0.0614185,0,0,3.01315,7915.94,415739,11651.2,0,0,0,415739,0,0,4163.03,122.25,8366.32,7915.94,0,0
01:11:15:02:01:46,6.80915,20.542,0,0.0667572,0,0,3.01315,7915.94,415739,11651.2,0,0,0,415739,0,0,4163.03,122.267,8366.32,7915.94,0,0
01:11:15:02:01:47,6.52305,20.542,0,0.0640869,0,0,3.01315,7915.94,415739,11651.2,0,0,0,415739,0,0,4163.03,122.283,8366.32,7915.94,0,0
01:11:15:02:01:48,6.52305,20.542,0,0.065424,0,0,3.01315,7915.94,415739,11651.2,0,0,0,415739,0,0,4163.03,122.3,8366.32,7915.94,0,0
01:11:15:02:01:49,6.80915,20.2559,0,0.0667572,0,0,3.01315,7915.94,415739,11651.2,0,0,0,415739,0,0,4163.03,122.317,8366.32,7915.94,0,0
01:11:15:02:01:50,6.80915,20.542,0,0.065424,0,0,3.01315,7915.94,415739,11651.2,0,0,0,415739,0,0,4163.03,122.333,8366.32,7915.94,0,0
01:11:15:02:01:51,6.23695,20.8281,0,0.065424,0,0,3.01315,7915.94,415739,11651.2,0,0,0,415739,0,0,4163.03,122.35,8366.32,7915.94,0,0
01:11:15:02:01:52,6.80915,20.542,0,0.065424,0,0,3.01315,7915.94,415739,11651.2,0,0,0,415739,0,0,4163.03,122.367,8366.32,7915.94,0,0
01:11:15:02:01:53,6.52305,20.542,0,0.0667572,0,0,3.01315,7915.94,415739,11651.2,0,0,0,415739,0,0,4163.03,122.383,8366.32,7915.94,0,0
01:11:15:02:01:54,6.52305,20.542,0,0.0680924,0,0,3.01315,7915.94,415739,11651.2,0,0,0,415739,0,0,4163.03,122.4,8366.32,7915.94,0,0
01:11:15:02:01:55,7.09525,20.542,0,0.0640869,0,0,3.01315,7915.94,415739,11651.2,0,0,0,415739,0,0,4163.03,122.417,8366.32,7915.94,0,0
01:11:15:02:01:56,6.52305,20.542,0,0.0640869,0,0,3.01315,7915.94,415739,11651.2,0,0,0,415739,0,0,4163.03,122.433,8366.32,7915.94,0,0
01:11:15:02:01:57,6.23695,20.8281,0,0.0680924,0,0,3.01315,7915.94,415739,11651.2,0,0,0,415739,0,0,4163.03,122.45,8366.32,7915.94,0,0
01:11:15:02:01:58,6.52305,20.2559,0,0.065424,0,0,3.01315,7915.94,415739,11651.2,0,0,0,415739,0,0,4163.03,122.467,8366.32,7915.94,0,0
01:11:15:02:01:59,6.52305,20.2559,0,0.0667572,0,0,3.01315,7915.94,415739,11651.2,0,0,0,415739,0,0,4163.03,122.483,8366.32,7915.94,0,0
01:11:15:02:02:00,6.23695,20.8281,0,0.065424,0,0,3.01315,7915.94,415739,11651.2,0,0,0,415739,0,0,4163.03,122.5,8366.32,7915.94,0,0
01:11:15:02:02:01,6.52305,20.2559,0,0.0640869,0,0,3.01315,7915.94,415739,11651.2,0,0,0,415739,0,0,4163.03,122.517,8366.32,7915.94,0,0
01:11:15:02:02:02,6.52305,20.542,0,0.065424,0,0,3.01315,7915.94,415739,11651.2,0,0,0,415739,0,0,4163.03,122.533,8366.32,7915.94,0,0
01:11:15:02:02:03,6.52305,20.2559,0,0.065424,0,0,3.01315,7915.94,415739,11651.2,0,0,0,415739,0,0,4163.03,122.55,8366.32,7915.94,0,0
01:11:15:02:02:04,6.52305,20.2559,0,0.0667572,0,0,3.01315,7915.94,415739,11651.2,0,0,0,415739,0,0,4163.03,122.567,8366.32,7915.94,0,0
01:11:15:02:02:05,6.23695,19.9698,0,0.065424,0,0,3.01315,7915.94,415739,11651.2,0,0,0,415739,0,0,4163.03,122.583,8366.32,7915.94,0,0
01:11:15:02:02:06,5.95085,20.2559,0,0.0640869,0,0,3.01315,7915.94,415739,11651.2,0,0,0,415739,0,0,4163.03,122.6,8366.32,7915.94,0,0
01:11:15:02:02:07,5.95085,20.2559,0,0.0627537,0,0,3.01315,7915.94,415739,11651.2,0,0,0,415739,0,0,4163.03,122.617,8366.32,7915.94,0,0
01:11:15:02:02:08,6.52305,19.9698,0,0.0694294,0,0,3.01315,7915.94,415739,11651.2,0,0,0,415739,0,0,4163.03,122.633,8366.32,7915.94,0,0
01:11:15:02:02:09,5.95085,19.9698,0,0.0680924,0,0,3.01315,7915.94,415739,11651.2,0,0,0,415739,0,0,4163.03,122.65,8366.32,7915.94,0,0
01:11:15:02:02:10,5.37864,19.9698,0,0.0694294,0,0,3.01315,7915.94,415739,11651.2,0,0,0,415739,0,0,4163.03,122.667,8366.32,7915.94,0,0
01:11:15:02:02:11,6.23695,19.9698,0,0.0680924,0,0,3.01315,7915.94,415739,11651.2,0,0,0,415739,0,0,4163.03,122.683,8366.32,7915.94,0,0
01:11:15:02:02:12,5.95085,19.9698,0,0.065424,0,0,3.01315,7915.94,415739,11651.2,0,0,0,415739,0,0,4163.03,122.7,8366.32,7915.94,0,0
01:11:15:02:02:13,5.37864,19.6837,0,0.0694294,0,0,3.01315,7915.94,415739,11651.2,0,0,0,415739,0,0,4163.03,122.717,8366.32,7915.94,0,0
01:11:15:02:02:14,5.95085,19.6837,0,0.0694294,0,0,3.01315,7915.94,415739,11651.2,0,0,0,415739,0,0,4163.03,122.733,8366.32,7915.94,0,0
01:11:15:02:02:15,5.09254,19.9698,0,0.0640869,0,0,3.01315,7915.94,415739,11651.2,0,0,0,415739,0,0,4163.03,122.75,8366.32,7915.94,0,0
01:11:15:02:02:16,5.37864,19.6837,0,0.065424,0,0,3.01315,7915.94,415739,11651.2,0,0,0,415739,0,0,4163.03,122.767,8366.32,7915.94,0,0
01:11:15:02:02:17,6.52305,19.9698,0,0.065424,0,0,3.01315,7915.94,415739,11651.2,0,0,0,415739,0,0,4163.03,122.783,8366.32,7915.94,0,0
01:11:15:02:02:18,5.37864,19.3976,0,0.0667572,0,0,3.01315,7915.94,415739,11651.2,0,0,0,415739,0,0,4163.03,122.8,8366.32,7915.94,0,0
01:11:15:02:02:19,5.66475,19.6837,0,0.0627537,0,0,3.01315,7915.94,415739,11651.2,0,0,0,415739,0,0,4163.03,122.817,8366.32,7915.94,0,0
01:11:15:02:02:20,5.37864,19.6837,0,0.065424,0,0,3.01315,7915.94,415739,11651.2,0,0,0,415739,0,0,4163.03,122.833,8366.32,7915.94,0,0
01:11:15:02:02:21,5.37864,19.9698,0,0.065424,0,0,3.01315,7915.94,415739,11651.2,0,0,0,415739,0,0,4163.03,122.85,8366.32,7915.94,0,0
01:11:15:02:02:22,5.66475,18.8254,0,0.065424,0,0,3.01315,7915.94,415739,11651.2,0,0,0,415739,0,0,4163.03,122.867,8366.32,7915.94,0,0
01:11:15:02:02:23,5.95085,19.1115,0,0.0667572,0,0,3.01315,7915.94,415739,11651.2,0,0,0,415739,0,0,4163.03,122.883,8366.32,7915.94,0,0
01:11:15:02:02:24,5.37864,19.6837,0,0.0667572,0,0,3.01315,7915.94,415739,11651.2,0,0,0,415739,0,0,4163.03,122.9,8366.32,7915.94,0,0
01:11:15:02:02:25,5.09254,19.3976,0,0.0627537,0,0,3.01315,7915.94,415739,11651.2,0,0,0,415739,0,0,4163.03,122.917,8366.32,7915.94,0,0
01:11:15:02:02:26,5.37864,19.1115,0,0.0614185,0,0,3.01315,7915.94,415739,11651.2,0,0,0,415739,0,0,4163.03,122.933,8366.32,7915.94,0,0
01:11:15:02:02:27,5.09254,19.3976,0,0.0614185,0,0,3.01315,7915.94,415739,11651.2,0,0,0,415739,0,0,4163.03,122.95,8366.32,7915.94,0,0
01:11:15:02:02:28,5.09254,19.1115,0,0.0680924,0,0,3.01315,7915.94,415739,11651.2,0,0,0,415739,0,0,4163.03,122.967,8366.32,7915.94,0,0
01:11:15:02:02:29,4.52034,19.3976,0,0.0627537,0,0,3.01315,7915.94,415739,11651.2,0,0,0,415739,0,0,4163.03,122.983,8366.32,7915.94,0,0
01:11:15:02:02:30,4.80644,18.5393,0,0.0667572,0,0,3.01315,7915.94,415739,11651.2,0,0,0,415739,0,0,4163.03,123,8366.32,7915.94,0,0
01:11:15:02:02:31,5.09254,18.8254,0,0.0640869,0,0,3.01315,7915.94,415739,11651.2,0,0,0,415739,0,0,4163.03,123.017,8366.32,7915.94,0,0
01:11:15:02:02:32,5.09254,18.8254,0,0.065424,0,0,3.01315,7915.94,415739,11651.2,0,0,0,415739,0,0,4163.03,123.033,8366.32,7915.94,0,0
01:11:15:02:02:33,5.37864,18.8254,0,0.0627537,0,0,3.01315,7915.94,415739,11651.2,0,0,0,415739,0,0,4163.03,123.05,8366.32,7915.94,0,0
01:11:15:02:02:34,5.09254,18.8254,0,0.0640869,0,0,3.01315,7915.94,415739,11651.2,0,0,0,415739,0,0,4163.03,123.067,8366.32,7915.94,0,0
01:11:15:02:02:35,5.37864,18.8254,0,0.0627537,0,0,3.01315,7915.94,415739,11651.2,0,0,0,415739,0,0,4163.03,123.083,8366.32,7915.94,0,0
01:11:15:02:02:36,4.80644,18.5393,0,0.0627537,0,0,3.01315,7915.94,415739,11651.2,0,0,0,415739,0,0,4163.03,123.1,8366.32,7915.94,0,0
01:11:15:02:02:37,4.52034,19.1115,0,0.0640869,0,0,3.01315,7915.94,415739,11651.2,0,0,0,415739,0,0,4163.03,123.117,8366.32,7915.94,0,0
01:11:15:02:02:38,4.52034,18.5393,0,0.0640869,0,0,3.01315,7915.94,415739,11651.2,0,0,0,415739,0,0,4163.03,123.133,8366.32,7915.94,0,0
01:11:15:02:02:39,4.52034,18.8254,0,0.0667572,0,0,3.01315,7915.94,415739,11651.2,0,0,0,415739,0,0,4163.03,123.15,8366.32,7915.94,0,0
01:11:15:02:02:40,4.80644,18.5393,0,0.0680924,0,0,3.01315,7915.94,415739,11651.2,0,0,0,415739,0,0,4163.03,123.167,8366.32,7915.94,0,0
01:11:15:02:02:41,4.52034,18.5393,0,0.0680924,0,0,3.01315,7915.94,415739,11651.2,0,0,0,415739,0,0,4163.03,123.183,8366.32,7915.94,0,0
01:11:15:02:02:42,5.09254,18.8254,0,0.0667572,0,0,3.01315,7915.94,415739,11651.2,0,0,0,415739,0,0,4163.03,123.2,8366.32,7915.94,0,0
01:11:15:02:02:43,4.23424,18.2532,0,0.0667572,0,0,3.01315,7915.94,415739,11651.2,0,0,0,415739,0,0,4163.03,123.217,8366.32,7915.94,0,0
01:11:15:02:02:44,4.52034,18.8254,0,0.0680924,0,0,3.01315,7915.94,415739,11651.2,0,0,0,415739,0,0,4163.03,123.233,8366.32,7915.94,0,0
01:11:15:02:02:45,4.52034,18.5393,0,0.0640869,0,0,3.01315,7915.94,415739,11651.2,0,0,0,415739,0,0,4163.03,123.25,8366.32,7915.94,0,0
01:11:15:02:02:46,4.52034,17.9671,0,0.065424,0,0,3.01315,7915.94,415739,11651.2,0,0,0,415739,0,0,4163.03,123.267,8366.32,7915.94,0,0
01:11:15:02:02:47,3.94814,18.8254,0,0.065424,0,0,3.01315,7915.94,415739,11651.2,0,0,0,415739,0,0,4163.03,123.283,8366.32,7915.94,0,0
01:11:15:02:02:48,4.80644,18.2532,0,0.0667572,0,0,3.01315,7915.94,415739,11651.2,0,0,0,415739,0,0,4163.03,123.3,8366.32,7915.94,0,0
01:11:15:02:02:49,4.23424,18.2532,0,0.0627537,0,0,3.01315,7915.94,415739,11651.2,0,0,0,415739,0,0,4163.03,123.317,8366.32,7915.94,0,0
01:11:15:02:02:50,4.23424,18.2532,0,0.0640869,0,0,3.01315,7915.94,415739,11651.2,0,0,0,415739,0,0,4163.03,123.333,8366.32,7915.94,0,0
01:11:15:02:02:51,4.23424,18.5393,0,0.0627537,0,0,3.01315,7915.94,415739,11651.2,0,0,0,415739,0,0,4163.03,123.35,8366.32,7915.94,0,0
01:11:15:02:02:52,3.66204,18.2532,0,0.0667572,0,0,3.01315,7915.94,415739,11651.2,0,0,0,415739,0,0,4163.03,123.367,8366.32,7915.94,0,0
01:11:15:02:02:53,4.52034,17.9671,0,0.065424,0,0,3.01315,7915.94,415739,11651.2,0,0,0,415739,0,0,4163.03,123.383,8366.32,7915.94,0,0
01:11:15:02:02:54,3.94814,17.681,0,0.065424,0,0,3.01315,7915.94,415739,11651.2,0,0,0,415739,0,0,4163.03,123.4,8366.32,7915.94,0,0
01:11:15:02:02:55,4.23424,18.2532,0,0.0640869,0,0,3.01315,7915.94,415739,11651.2,0,0,0,415739,0,0,4163.03,123.417,8366.32,7915.94,0,0
01:11:15:02:02:56,4.52034,17.9671,0,0.0640869,0,0,3.01315,7915.94,415739,11651.2,0,0,0,415739,0,0,4163.03,123.433,8366.32,7915.94,0,0
01:11:15:02:02:57,3.94814,17.681,0,0.0627537,0,0,3.01315,7915.94,415739,11651.2,0,0,0,415739,0,0,4163.03,123.45,8366.32,7915.94,0,0
01:11:15:02:02:58,4.23424,17.9671,0,0.0627537,0,0,3.01315,7915.94,415739,11651.2,0,0,0,415739,0,0,4163.03,123.467,8366.32,7915.94,0,0
01:11:15:02:02:59,3.37594,18.2532,0,0.0627537,0,0,3.01315,7915.94,415739,11651.2,0,0,0,415739,0,0,4163.03,123.483,8366.32,7915.94,0,0
01:11:15:02:03:00,3.94814,17.9671,0,0.0600815,0,0,3.01315,7915.94,415739,11651.2,0,0,0,415739,0,0,4163.03,123.5,8366.32,7915.94,0,0
01:11:15:02:03:01,3.66204,17.681,0,0.0667572,0,0,3.01315,7915.94,415739,11651.2,0,0,0,415739,0,0,4163.03,123.517,8366.32,7915.94,0,0
01:11:15:02:03:02,4.23424,17.3949,0,0.0627537,0,0,3.01315,7915.94,415739,11651.2,0,0,0,415739,0,0,4163.03,123.533,8366.32,7915.94,0,0
01:11:15:02:03:03,3.37594,17.681,0,0.0640869,0,0,3.01315,7915.94,415739,11651.2,0,0,0,415739,0,0,4163.03,123.55,8366.32,7915.94,0,0
01:11:15:02:03:04,3.37594,17.681,0,0.065424,0,0,3.01315,7915.94,415739,11651.2,0,0,0,415739,0,0,4163.03,123.567,8366.32,7915.94,0,0
01:11:15:02:03:05,3.94814,17.3949,0,0.0640869,0,0,3.01315,7915.94,415739,11651.2,0,0,0,415739,0,0,4163.03,123.583,8366.32,7915.94,0,0
01:11:15:02:03:06,3.66204,17.681,0,0.0627537,0,0,3.01315,7915.94,415739,11651.2,0,0,0,415739,0,0,4163.03,123.6,8366.32,7915.94,0,0
01:11:15:02:03:07,3.37594,17.1088,0,0.0640869,0,0,3.01315,7915.94,415739,11651.2,0,0,0,415739,0,0,4163.03,123.617,8366.32,7915.94,0,0
01:11:15:02:03:08,3.37594,17.3949,0,0.0667572,0,0,3.01315,7915.94,415739,11651.2,0,0,0,415739,0,0,4163.03,123.633,8366.32,7915.94,0,0
01:11:15:02:03:09,3.37594,17.1088,0,0.0640869,0,0,3.01315,7915.94,415739,11651.2,0,0,0,415739,0,0,4163.03,123.65,8366.32,7915.94,0,0
01:11:15:02:03:10,3.66204,17.9671,0,0.065424,0,0,3.01315,7915.94,415739,11651.2,0,0,0,415739,0,0,4163.03,123.667,8366.32,7915.94,0,0
01:11:15:02:03:11,3.08984,17.681,0,0.065424,0,0,3.01315,7915.94,415739,11651.2,0,0,0,415739,0,0,4163.03,123.683,8366.32,7915.94,0,0
01:11:15:02:03:12,3.66204,17.9671,0,0.065424,0,0,3.01315,7915.94,415739,11651.2,0,0,0,415739,0,0,4163.03,123.7,8366.32,7915.94,0,0
01:11:15:02:03:13,3.66204,17.681,0,0.065424,0,0,3.01315,7915.94,415739,11651.2,0,0,0,415739,0,0,4163.03,123.717,8366.32,7915.94,0,0
01:11:15:02:03:14,3.37594,17.3949,0,0.0640869,0,0,3.01315,7915.94,415739,11651.2,0,0,0,415739,0,0,4163.03,123.733,8366.32,7915.94,0,0
01:11:15:02:03:15,3.94814,17.3949,0,0.0640869,0,0,3.01315,7915.94,415739,11651.2,0,0,0,415739,0,0,4163.03,123.75,8366.32,7915.94,0,0
01:11:15:02:03:16,3.37594,17.3949,0,0.065424,0,0,3.01315,7915.94,415739,11651.2,0,0,0,415739,0,0,4163.03,123.767,8366.32,7915.94,0,0
01:11:15:02:03:17,3.37594,17.3949,0,0.0667572,0,0,3.01315,7915.94,415739,11651.2,0,0,0,415739,0,0,4163.03,123.783,8366.32,7915.94,0,0
01:11:15:02:03:18,3.37594,16.5366,0,0.0667572,0,0,3.01315,7915.94,415739,11651.2,0,0,0,415739,0,0,4163.03,123.8,8366.32,7915.94,0,0
01:11:15:02:03:19,2.80373,16.8227,0,0.065424,0,0,3.01315,7915.94,415739,11651.2,0,0,0,415739,0,0,4163.03,123.817,8366.32,7915.94,0,0
01:11:15:02:03:20,3.37594,16.8227,0,0.0667572,0,0,3.01315,7915.94,415739,11651.2,0,0,0,415739,0,0,4163.03,123.833,8366.32,7915.94,0,0
01:11:15:02:03:21,3.37594,16.8227,0,0.0680924,0,0,3.01315,7915.94,415739,11651.2,0,0,0,415739,0,0,4163.03,123.85,8366.32,7915.94,0,0
01:11:15:02:03:22,2.80373,16.8227,0,0.065424,0,0,3.01315,7915.94,415739,11651.2,0,0,0,415739,0,0,4163.03,123.867,8366.32,7915.94,0,0
01:11:15:02:03:23,3.08984,17.1088,0,0.0680924,0,0,3.01315,7915.94,415739,11651.2,0,0,0,415739,0,0,4163.03,123.883,8366.32,7915.94,0,0
01:11:15:02:03:24,3.08984,17.1088,0,0.0640869,0,0,3.01315,7915.94,415739,11651.2,0,0,0,415739,0,0,4163.03,123.9,8366.32,7915.94,0,0
01:11:15:02:03:25,3.08984,17.1088,0,0.0640869,0,0,3.01315,7915.94,415739,11651.2,0,0,0,415739,0,0,4163.03,123.917,8366.32,7915.94,0,0
01:11:15:02:03:26,2.80373,17.1088,0,0.0680924,0,0,3.01315,7915.94,415739,11651.2,0,0,0,415739,0,0,4163.03,123.933,8366.32,7915.94,0,0
01:11:15:02:03:27,2.51763,16.8227,0,0.065424,0,0,3.01315,7915.94,415739,11651.2,0,0,0,415739,0,0,4163.03,123.95,8366.32,7915.94,0,0
01:11:15:02:03:28,3.08984,16.2505,0,0.0680924,0,0,3.01315,7915.94,415739,11651.2,0,0,0,415739,0,0,4163.03,123.967,8366.32,7915.94,0,0
01:11:15:02:03:29,2.51763,17.1088,0,0.0694294,0,0,3.01315,7915.94,415739,11651.2,0,0,0,415739,0,0,4163.03,123.983,8366.32,7915.94,0,0
01:11:15:02:03:30,2.80373,16.5366,0,0.065424,0,0,3.01315,7915.94,415739,11651.2,0,0,0,415739,0,0,4163.03,124,8366.32,7915.94,0,0
01:11:15:02:03:31,2.51763,16.5366,0,0.065424,0,0,3.01315,7915.94,415739,11651.2,0,0,0,415739,0,0,4163.03,124.017,8366.32,7915.94,0,0
01:11:15:02:03:32,2.80373,16.8227,0,0.0640869,0,0,3.01315,7915.94,415739,11651.2,0,0,0,415739,0,0,4163.03,124.033,8366.32,7915.94,0,0
01:11:15:02:03:33,2.51763,16.5366,0,0.065424,0,0,3.01315,7915.94,415739,11651.2,0,0,0,415739,0,0,4163.03,124.05,8366.32,7915.94,0,0
01:11:15:02:03:34,2.80373,16.2505,0,0.065424,0,0,3.01315,7915.94,415739,11651.2,0,0,0,415739,0,0,4163.03,124.067,8366.32,7915.94,0,0
01:11:15:02:03:35,2.80373,16.2505,0,0.065424,0,0,3.01315,7915.94,415739,11651.2,0,0,0,415739,0,0,4163.03,124.083,8366.32,7915.94,0,0
01:11:15:02:03:36,2.80373,16.2505,0,0.0667572,0,0,3.01315,7915.94,415739,11651.2,0,0,0,415739,0,0,4163.03,124.1,8366.32,7915.94,0,0
01:11:15:02:03:37,2.23153,15.6783,0,0.0627537,0,0,3.01315,7915.94,415739,11651.2,0,0,0,415739,0,0,4163.03,124.117,8366.32,7915.94,0,0
01:11:15:02:03:38,1.94543,16.5366,0,0.0627537,0,0,3.01315,7915.94,415739,11651.2,0,0,0,415739,0,0,4163.03,124.133,8366.32,7915.94,0,0
01:11:15:02:03:39,2.23153,16.2505,0,0.0600815,0,0,3.01315,7915.94,415739,11651.2,0,0,0,415739,0,0,4163.03,124.15,8366.32,7915.94,0,0
01:11:15:02:03:40,2.23153,15.6783,0,0.065424,0,0,3.01315,7915.94,415739,11651.2,0,0,0,415739,0,0,4163.03,124.167,8366.32,7915.94,0,0
01:11:15:02:03:41,2.23153,16.2505,0,0.0614185,0,0,3.01315,7915.94,415739,11651.2,0,0,0,415739,0,0,4163.03,124.183,8366.32,7915.94,0,0
01:11:15:02:03:42,2.23153,15.9644,0,0.0600815,0,0,3.01315,7915.94,415739,11651.2,0,0,0,415739,0,0,4163.03,124.2,8366.32,7915.94,0,0
01:11:15:02:03:43,2.23153,15.6783,0,0.0587482,0,0,3.01315,7915.94,415739,11651.2,0,0,0,415739,0,0,4163.03,124.217,8366.32,7915.94,0,0
01:11:15:02:03:44,1.94543,15.6783,0,0.0600815,0,0,3.01315,7915.94,415739,11651.2,0,0,0,415739,0,0,4163.03,124.233,8366.32,7915.94,0,0
01:11:15:02:03:45,1.65933,15.6783,0,0.065424,0,0,3.01315,7915.94,415739,11651.2,0,0,0,415739,0,0,4163.03,124.25,8366.32,7915.94,0,0
01:11:15:02:03:46,2.23153,15.9644,0,0.0680924,0,0,3.01315,7915.94,415739,11651.2,0,0,0,415739,0,0,4163.03,124.267,8366.32,7915.94,0,0
01:11:15:02:03:47,1.94543,16.2505,0,0.065424,0,0,3.01315,7915.94,415739,11651.2,0,0,0,415739,0,0,4163.03,124.283,8366.32,7915.94,0,0
01:11:15:02:03:48,1.94543,15.6783,0,0.065424,0,0,3.01315,7915.94,415739,11651.2,0,0,0,415739,0,0,4163.03,124.3,8366.32,7915.94,0,0
01:11:15:02:03:49,1.94543,15.1061,0,0.0680924,0,0,3.01315,7915.94,415739,11651.2,0,0,0,415739,0,0,4163.03,124.317,8366.32,7915.94,0,0
01:11:15:02:03:50,1.94543,15.9644,0,0.0680924,0,0,3.01315,7915.94,415739,11651.2,0,0,0,415739,0,0,4163.03,124.333,8366.32,7915.94,0,0
01:11:15:02:03:51,1.94543,15.3922,0,0.0680924,0,0,3.01315,7915.94,415739,11651.2,0,0,0,415739,0,0,4163.03,124.35,8366.32,7915.94,0,0
01:11:15:02:03:52,1.37323,15.3922,0,0.065424,0,0,3.01315,7915.94,415739,11651.2,0,0,0,415739,0,0,4163.03,124.367,8366.32,7915.94,0,0
01:11:15:02:03:53,1.65933,15.3922,0,0.065424,0,0,3.01315,7915.94,415739,11651.2,0,0,0,415739,0,0,4163.03,124.383,8366.32,7915.94,0,0
01:11:15:02:03:54,1.94543,15.3922,0,0.0680924,0,0,3.01315,7915.94,415739,11651.2,0,0,0,415739,0,0,4163.03,124.4,8366.32,7915.94,0,0
01:11:15:02:03:55,1.65933,14.82,0,0.0667572,0,0,3.01315,7915.94,415739,11651.2,0,0,0,415739,0,0,4163.03,124.417,8366.32,7915.94,0,0
01:11:15:02:03:56,1.37323,15.6783,0,0.0640869,0,0,3.01315,7915.94,415739,11651.2,0,0,0,415739,0,0,4163.03,124.433,8366.32,7915.94,0,0
01:11:15:02:03:57,1.37323,15.1061,0,0.065424,0,0,3.01315,7915.94,415739,11651.2,0,0,0,415739,0,0,4163.03,124.45,8366.32,7915.94,0,0
01:11:15:02:03:58,1.65933,15.3922,0,0.0640869,0,0,3.01315,7915.94,415739,11651.2,0,0,0,415739,0,0,4163.03,124.467,8366.32,7915.94,0,0
01:11:15:02:03:59,1.37323,15.6783,0,0.0600815,0,0,3.01315,7915.94,415739,11651.2,0,0,0,415739,0,0,4163.03,124.483,8366.32,7915.94,0,0
01:11:15:02:04:00,1.65933,15.1061,0,0.0640869,0,0,3.01315,7915.94,415739,11651.2,0,0,0,415739,0,0,4163.03,124.5,8366.32,7915.94,0,0
01:11:15:02:04:01,1.08713,15.3922,0,0.0614185,0,0,3.01315,7915.94,415739,11651.2,0,0,0,415739,0,0,4163.03,124.517,8366.32,7915.94,0,0
01:11:15:02:04:02,1.65933,15.1061,0,0.0627537,0,0,3.01315,7915.94,415739,11651.2,0,0,0,415739,0,0,4163.03,124.533,8366.32,7915.94,0,0
01:11:15:02:04:03,1.37323,15.3922,0,0.0614185,0,0,3.01315,7915.94,415739,11651.2,0,0,0,415739,0,0,4163.03,124.55,8366.32,7915.94,0,0
01:11:15:02:04:04,1.94543,14.82,0,0.0614185,0,0,3.01315,7915.94,415739,11651.2,0,0,0,415739,0,0,4163.03,124.567,8366.32,7915.94,0,0
01:11:15:02:04:05,0.801025,14.82,0,0.0614185,0,0,3.01315,7915.94,415739,11651.2,0,0,0,415739,0,0,4163.03,124.583,8366.32,7915.94,0,0
01:11:15:02:04:06,0.801025,15.1061,0,0.0640869,0,0,3.01315,7915.94,415739,11651.2,0,0,0,415739,0,0,4163.03,124.6,8366.32,7915.94,0,0
01:11:15:02:04:07,0.801025,14.82,0,0.0640869,0,0,3.01315,7915.94,415739,11651.2,0,0,0,415739,0,0,4163.03,124.617,8366.32,7915.94,0,0
01:11:15:02:04:08,1.37323,14.82,0,0.0627537,0,0,3.01315,7915.94,415739,11651.2,0,0,0,415739,0,0,4163.03,124.633,8366.32,7915.94,0,0
01:11:15:02:04:09,0.801025,14.2478,0,0.0614185,0,0,3.01315,7915.94,415739,11651.2,0,0,0,415739,0,0,4163.03,124.65,8366.32,7915.94,0,0
01:11:15:02:04:10,0.228823,14.5339,0,0.0667572,0,0,3.01315,7915.94,415739,11651.2,0,0,0,415739,0,0,4163.03,124.667,8366.32,7915.94,0,0
01:11:15:02:04:11,0.801025,14.2478,0,0.0640869,0,0,3.01315,7915.94,415739,11651.2,0,0,0,415739,0,0,4163.03,124.683,8366.32,7915.94,0,0
01:11:15:02:04:12,1.08713,14.82,0,0.0600815,0,0,3.01315,7915.94,415739,11651.2,0,0,0,415739,0,0,4163.03,124.7,8366.32,7915.94,0,0
01:11:15:02:04:13,0.514924,14.5339,0,0.0614185,0,0,3.01315,7915.94,415739,11651.2,0,0,0,415739,0,0,4163.03,124.717,8366.32,7915.94,0,0
01:11:15:02:04:14,1.08713,14.5339,0,0.0680924,0,0,3.01315,7915.94,415739,11651.2,0,0,0,415739,0,0,4163.03,124.733,8366.32,7915.94,0,0
01:11:15:02:04:15,1.08713,14.2478,0,0.0627537,0,0,3.01315,7915.94,415739,11651.2,0,0,0,415739,0,0,4163.03,124.75,8366.32,7915.94,0,0
01:11:15:02:04:16,0.801025,14.2478,0,0.0627537,0,0,3.01315,7915.94,415739,11651.2,0,0,0,415739,0,0,4163.03,124.767,8366.32,7915.94,0,0
01:11:15:02:04:17,0.514924,14.2478,0,0.065424,0,0,3.01315,7915.94,415739,11651.2,0,0,0,415739,0,0,4163.03,124.783,8366.32,7915.94,0,0
01:11:15:02:04:18,0.801025,14.5339,0,0.0640869,0,0,3.01315,7915.94,415739,11651.2,0,0,0,415739,0,0,4163.03,124.8,8366.32,7915.94,0,0
01:11:15:02:04:19,0.228823,14.2478,0,0.0667572,0,0,3.01315,7915.94,415739,11651.2,0,0,0,415739,0,0,4163.03,124.817,8366.32,7915.94,0,0
01:11:15:02:04:20,0.514924,14.2478,0,0.0614185,0,0,3.01315,7915.94,415739,11651.2,0,0,0,415739,0,0,4163.03,124.833,8366.32,7915.94,0,0
01:11:15:02:04:21,0.514924,13.9617,0,0.0627537,0,0,3.01315,7915.94,415739,11651.2,0,0,0,415739,0,0,4163.03,124.85,8366.32,7915.94,0,0
01:11:15:02:04:22,0.514924,13.6756,0,0.0667572,0,0,3.01315,7915.94,415739,11651.2,0,0,0,415739,0,0,4163.03,124.867,8366.32,7915.94,0,0
01:11:15:02:04:23,0.514924,13.9617,0,0.0640869,0,0,3.01315,7915.94,415739,11651.2,0,0,0,415739,0,0,4163.03,124.883,8366.32,7915.94,0,0
01:11:15:02:04:24,0.514924,13.6756,0,0.0667572,0,0,3.01315,7915.94,415739,11651.2,0,0,0,415739,0,0,4163.03,124.9,8366.32,7915.94,0,0
01:11:15:02:04:25,0.514924,13.6756,0,0.0680924,0,0,3.01315,7915.94,415739,11651.2,0,0,0,415739,0,0,4163.03,124.917,8366.32,7915.94,0,0
01:11:15:02:04:26,0.228823,13.9617,0,0.0667572,0,0,3.01315,7915.94,415739,11651.2,0,0,0,415739,0,0,4163.03,124.933,8366.32,7915.94,0,0
01:11:15:02:04:27,0.228823,13.9617,0,0.0667572,0,0,3.01315,7915.94,415739,11651.2,0,0,0,415739,0,0,4163.03,124.95,8366.32,7915.94,0,0
01:11:15:02:04:28,0.228823,13.6756,0,0.0667572,0,0,3.01315,7915.94,415739,11651.2,0,0,0,415739,0,0,4163.03,124.967,8366.32,7915.94,0,0
01:11:15:02:04:29,-0.343379,13.9617,0,0.0667572,0,0,3.01315,7915.94,415739,11651.2,0,0,0,415739,0,0,4163.03,124.983,8366.32,7915.94,0,0
01:11:15:02:04:30,-0.0572783,13.6756,0,0.065424,0,0,3.01315,7915.94,415739,11651.2,0,0,0,415739,0,0,4163.03,125,8366.32,7915.94,0,0
01:11:15:02:04:31,0.228823,13.9617,0,0.0640869,0,0,3.01315,7915.94,415739,11651.2,0,0,0,415739,0,0,4163.03,125.017,8366.32,7915.94,0,0
01:11:15:02:04:32,-0.0572783,13.3895,0,0.065424,0,0,3.01315,7915.94,415739,11651.2,0,0,0,415739,0,0,4163.03,125.033,8366.32,7915.94,0,0
01:11:15:02:04:33,-0.343379,13.3895,0,0.065424,0,0,3.01315,7915.94,415739,11651.2,0,0,0,415739,0,0,4163.03,125.05,8366.32,7915.94,0,0
01:11:15:02:04:34,0.514924,13.9617,0,0.0614185,0,0,3.01315,7915.94,415739,11651.2,0,0,0,415739,0,0,4163.03,125.067,8366.32,7915.94,0,0
01:11:15:02:04:35,-0.343379,13.6756,0,0.0614185,0,0,3.01315,7915.94,415739,11651.2,0,0,0,415739,0,0,4163.03,125.083,8366.32,7915.94,0,0
01:11:15:02:04:36,-0.0572783,13.9617,0,0.0614185,0,0,3.01315,7915.94,415739,11651.2,0,0,0,415739,0,0,4163.03,125.1,8366.32,7915.94,0,0
01:11:15:02:04:37,0.228823,13.3895,0,0.065424,0,0,3.01315,7915.94,415739,11651.2,0,0,0,415739,0,0,4163.03,125.117,8366.32,7915.94,0,0
01:11:15:02:04:38,-0.629481,13.6756,0,0.0680924,0,0,3.01315,7915.94,415739,11651.2,0,0,0,415739,0,0,4163.03,125.133,8366.32,7915.94,0,0
01:11:15:02:04:39,-0.629481,13.1034,0,0.0640869,0,0,3.01315,7915.94,415739,11651.2,0,0,0,415739,0,0,4163.03,125.15,8366.32,7915.94,0,0
01:11:15:02:04:40,-0.915582,13.3895,0,0.0627537,0,0,3.01315,7915.94,415739,11651.2,0,0,0,415739,0,0,4163.03,125.167,8366.32,7915.94,0,0
01:11:15:02:04:41,-0.0572783,13.6756,0,0.0667572,0,0,3.01315,7915.94,415739,11651.2,0,0,0,415739,0,0,4163.03,125.183,8366.32,7915.94,0,0
01:11:15:02:04:42,-0.629481,13.1034,0,0.0667572,0,0,3.01315,7915.94,415739,11651.2,0,0,0,415739,0,0,4163.03,125.2,8366.32,7915.94,0,0
01:11:15:02:04:43,-0.343379,12.5312,0,0.0667572,0,0,3.01315,7915.94,415739,11651.2,0,0,0,415739,0,0,4163.03,125.217,8366.32,7915.94,0,0
01:11:15:02:04:44,-0.343379,12.8173,0,0.065424,0,0,3.01315,7915.94,415739,11651.2,0,0,0,415739,0,0,4163.03,125.233,8366.32,7915.94,0,0
01:11:15:02:04:45,-0.343379,12.5312,0,0.0640869,0,0,3.01315,7915.94,415739,11651.2,0,0,0,415739,0,0,4163.03,125.25,8366.32,7915.94,0,0
01:11:15:02:04:46,-1.20168,12.5312,0,0.0667572,0,0,3.01315,7915.94,415739,11651.2,0,0,0,415739,0,0,4163.03,125.267,8366.32,7915.94,0,0
01:11:15:02:04:47,-0.343379,12.8173,0,0.0680924,0,0,3.01315,7915.94,415739,11651.2,0,0,0,415739,0,0,4163.03,125.283,8366.32,7915.94,0,0
01:11:15:02:04:48,-0.915582,12.2451,0,0.065424,0,0,3.01315,7915.94,415739,11651.2,0,0,0,415739,0,0,4163.03,125.3,8366.32,7915.94,0,0
01:11:15:02:04:49,-0.343379,13.1034,0,0.065424,0,0,3.01315,7915.94,415739,11651.2,0,0,0,415739,0,0,4163.03,125.317,8366.32,7915.94,0,0
01:11:15:02:04:50,-0.629481,12.8173,0,0.0640869,0,0,3.01315,7915.94,415739,11651.2,0,0,0,415739,0,0,4163.03,125.333,8366.32,7915.94,0,0
01:11:15:02:04:51,-0.915582,12.2451,0,0.0667572,0,0,3.01315,7915.94,415739,11651.2,0,0,0,415739,0,0,4163.03,125.35,8366.32,7915.94,0,0
01:11:15:02:04:52,-0.915582,12.5312,0,0.0640869,0,0,3.01315,7915.94,415739,11651.2,0,0,0,415739,0,0,4163.03,125.367,8366.32,7915.94,0,0
01:11:15:02:04:53,-1.20168,12.8173,0,0.065424,0,0,3.01315,7915.94,415739,11651.2,0,0,0,415739,0,0,4163.03,125.383,8366.32,7915.94,0,0
01:11:15:02:04:54,-0.629481,12.8173,0,0.0640869,0,0,3.01315,7915.94,415739,11651.2,0,0,0,415739,0,0,4163.03,125.4,8366.32,7915.94,0,0
01:11:15:02:04:55,-1.20168,12.2451,0,0.0587482,0,0,3.01315,7915.94,415739,11651.2,0,0,0,415739,0,0,4163.03,125.417,8366.32,7915.94,0,0
01:11:15:02:04:56,-1.20168,11.959,0,0.0627537,0,0,3.01315,7915.94,415739,11651.2,0,0,0,415739,0,0,4163.03,125.433,8366.32,7915.94,0,0
01:11:15:02:04:57,-1.20168,12.5312,0,0.0627537,0,0,3.01315,7915.94,415739,11651.2,0,0,0,415739,0,0,4163.03,125.45,8366.32,7915.94,0,0
01:11:15:02:04:58,-0.629481,12.5312,0,0.0627537,0,0,3.01315,7915.94,415739,11651.2,0,0,0,415739,0,0,4163.03,125.467,8366.32,7915.94,0,0
01:11:15:02:04:59,-1.20168,11.3868,0,0.0600815,0,0,3.01315,7915.94,415739,11651.2,0,0,0,415739,0,0,4163.03,125.483,8366.32,7915.94,0,0
01:11:15:02:05:00,-1.48778,12.2451,0,0.0640869,0,0,3.01315,7915.94,415739,11651.2,0,0,0,415739,0,0,4163.03,125.5,8366.32,7915.94,0,0
01:11:15:02:05:01,-1.20168,11.959,0,0.0627537,0,0,3.01315,7915.94,415739,11651.2,0,0,0,415739,0,0,4163.03,125.517,8366.32,7915.94,0,0
01:11:15:02:05:02,-1.48778,13.1034,0,0.065424,0,0,3.01315,7915.94,415739,11651.2,0,0,0,415739,0,0,4163.03,125.533,8366.32,7915.94,0,0
01:11:15:02:05:03,-1.77389,12.5312,0,0.065424,0,0,3.01315,7915.94,415739,11651.2,0,0,0,415739,0,0,4163.03,125.55,8366.32,7915.94,0,0
01:11:15:02:05:04,-1.77389,11.959,0,0.0640869,0,0,3.01315,7915.94,415739,11651.2,0,0,0,415739,0,0,4163.03,125.567,8366.32,7915.94,0,0
01:11:15:02:05:05,-2.34609,12.2451,0,0.0667572,0,0,3.01315,7915.94,415739,11651.2,0,0,0,415739,0,0,4163.03,125.583,8366.32,7915.94,0,0
01:11:15:02:05:06,-1.77389,12.2451,0,0.065424,0,0,3.01315,7915.94,415739,11651.2,0,0,0,415739,0,0,4163.03,125.6,8366.32,7915.94,0,0
01:11:15:02:05:07,-2.05999,12.2451,0,0.0640869,0,0,3.01315,7915.94,415739,11651.2,0,0,0,415739,0,0,4163.03,125.617,8366.32,7915.94,0,0
01:11:15:02:05:08,-2.34609,11.959,0,0.0667572,0,0,3.01315,7915.94,415739,11651.2,0,0,0,415739,0,0,4163.03,125.633,8366.32,7915.94,0,0
01:11:15:02:05:09,-2.05999,11.959,0,0.0667572,0,0,3.01315,7915.94,415739,11651.2,0,0,0,415739,0,0,4163.03,125.65,8366.32,7915.94,0,0
01:11:15:02:05:10,-2.05999,11.6729,0,0.0667572,0,0,3.01315,7915.94,415739,11651.2,0,0,0,415739,0,0,4163.03,125.667,8366.32,7915.94,0,0
01:11:15:02:05:11,-2.63219,11.959,0,0.0640869,0,0,3.01315,7915.94,415739,11651.2,0,0,0,415739,0,0,4163.03,125.683,8366.32,7915.94,0,0
01:11:15:02:05:12,-2.05999,11.3868,0,0.0694294,0,0,3.01315,7915.94,415739,11651.2,0,0,0,415739,0,0,4163.03,125.7,8366.32,7915.94,0,0
01:11:15:02:05:13,-2.34609,12.5312,0,0.065424,0,0,3.01315,7915.94,415739,11651.2,0,0,0,415739,0,0,4163.03,125.717,8366.32,7915.94,0,0
01:11:15:02:05:14,-2.05999,11.6729,0,0.0667572,0,0,3.01315,7915.94,415739,11651.2,0,0,0,415739,0,0,4163.03,125.733,8366.32,7915.94,0,0
01:11:15:02:05:15,-2.34609,11.3868,0,0.0694294,0,0,3.01315,7915.94,415739,11651.2,0,0,0,415739,0,0,4163.03,125.75,8366.32,7915.94,0,0
01:11:15:02:05:16,-2.34609,11.959,0,0.0680924,0,0,3.01315,7915.94,415739,11651.2,0,0,0,415739,0,0,4163.03,125.767,8366.32,7915.94,0,0
01:11:15:02:05:17,-1.77389,11.3868,0,0.065424,0,0,3.01315,7915.94,415739,11651.2,0,0,0,415739,0,0,4163.03,125.783,8366.32,7915.94,0,0
01:11:15:02:05:18,-2.91829,10.8146,0,0.0707626,0,0,3.01315,7915.94,415739,11651.2,0,0,0,415739,0,0,4163.03,125.8,8366.32,7915.94,0,0
01:11:15:02:05:19,-2.63219,11.6729,0,0.0640869,0,0,3.01315,7915.94,415739,11651.2,0,0,0,415739,0,0,4163.03,125.817,8366.32,7915.94,0,0
01:11:15:02:05:20,-2.91829,11.3868,0,0.0680924,0,0,3.01315,7915.94,415739,11651.2,0,0,0,415739,0,0,4163.03,125.833,8366.32,7915.94,0,0
01:11:15:02:05:21,-3.20439,11.1007,0,0.065424,0,0,3.01315,7915.94,415739,11651.2,0,0,0,415739,0,0,4163.03,125.85,8366.32,7915.94,0,0
01:11:15:02:05:22,-2.63219,11.3868,0,0.0614185,0,0,3.01315,7915.94,415739,11651.2,0,0,0,415739,0,0,4163.03,125.867,8366.32,7915.94,0,0
01:11:15:02:05:23,-2.63219,11.1007,0,0.0614185,0,0,3.01315,7915.94,415739,11651.2,0,0,0,415739,0,0,4163.03,125.883,8366.32,7915.94,0,0
01:11:15:02:05:24,-2.91829,11.1007,0,0.0600815,0,0,3.01315,7915.94,415739,11651.2,0,0,0,415739,0,0,4163.03,125.9,8366.32,7915.94,0,0
01:11:15:02:05:25,-3.20439,11.3868,0,0.0627537,0,0,3.01315,7915.94,415739,11651.2,0,0,0,415739,0,0,4163.03,125.917,8366.32,7915.94,0,0
01:11:15:02:05:26,-2.63219,11.1007,0,0.0627537,0,0,3.01315,7915.94,415739,11651.2,0,0,0,415739,0,0,4163.03,125.933,8366.32,7915.94,0,0
01:11:15:02:05:27,-2.63219,10.5285,0,0.065424,0,0,3.01315,7915.94,415739,11651.2,0,0,0,415739,0,0,4163.03,125.95,8366.32,7915.94,0,0
01:11:15:02:05:28,-3.20439,11.1007,0,0.0640869,0,0,3.01315,7915.94,415739,11651.2,0,0,0,415739,0,0,4163.03,125.967,8366.32,7915.94,0,0
01:11:15:02:05:29,-2.34609,10.5285,0,0.0640869,0,0,3.01315,7915.94,415739,11651.2,0,0,0,415739,0,0,4163.03,125.983,8366.32,7915.94,0,0
01:11:15:02:05:30,-3.20439,10.8146,0,0.0627537,0,0,3.01315,7915.94,415739,11651.2,0,0,0,415739,0,0,4163.03,126,8366.32,7915.94,0,0
01:11:15:02:05:31,-3.49049,10.5285,0,0.0640869,0,0,3.01315,7915.94,415739,11651.2,0,0,0,415739,0,0,4163.03,126.017,8366.32,7915.94,0,0
01:11:15:02:05:32,-3.20439,10.5285,0,0.065424,0,0,3.01315,7915.94,415739,11651.2,0,0,0,415739,0,0,4163.03,126.033,8366.32,7915.94,0,0
01:11:15:02:05:33,-3.77659,10.2424,0,0.0667572,0,0,3.01315,7915.94,415739,11651.2,0,0,0,415739,0,0,4163.03,126.05,8366.32,7915.94,0,0
01:11:15:02:05:34,-3.20439,9.67016,0,0.0680924,0,0,3.01315,7915.94,415739,11651.2,0,0,0,415739,0,0,4163.03,126.067,8366.32,7915.94,0,0
01:11:15:02:05:35,-3.20439,10.2424,0,0.0614185,0,0,3.01315,7915.94,415739,11651.2,0,0,0,415739,0,0,4163.03,126.083,8366.32,7915.94,0,0
01:11:15:02:05:36,-4.0627,9.38406,0,0.0600815,0,0,3.01315,7915.94,415739,11651.2,0,0,0,415739,0,0,4163.03,126.1,8366.32,7915.94,0,0
01:11:15:02:05:37,-3.77659,10.2424,0,0.0627537,0,0,3.01315,7915.94,415739,11651.2,0,0,0,415739,0,0,4163.03,126.117,8366.32,7915.94,0,0
01:11:15:02:05:38,-3.49049,10.2424,0,0.0587482,0,0,3.01315,7915.94,415739,11651.2,0,0,0,415739,0,0,4163.03,126.133,8366.32,7915.94,0,0
01:11:15:02:05:39,-3.20439,9.95626,0,0.0614185,0,0,3.01315,7915.94,415739,11651.2,0,0,0,415739,0,0,4163.03,126.15,8366.32,7915.94,0,0
01:11:15:02:05:40,-3.49049,9.67016,0,0.0640869,0,0,3.01315,7915.94,415739,11651.2,0,0,0,415739,0,0,4163.03,126.167,8366.32,7915.94,0,0
01:11:15:02:05:41,-3.49049,9.38406,0,0.0614185,0,0,3.01315,7915.94,415739,11651.2,0,0,0,415739,0,0,4163.03,126.183,8366.32,7915.94,0,0
01:11:15:02:05:42,-3.77659,9.95626,0,0.0587482,0,0,3.01315,7915.94,415739,11651.2,0,0,0,415739,0,0,4163.03,126.2,8366.32,7915.94,0,0
01:11:15:02:05:43,-3.20439,9.67016,0,0.0627537,0,0,3.01315,7915.94,415739,11651.2,0,0,0,415739,0,0,4163.03,126.217,8366.32,7915.94,0,0
01:11:15:02:05:44,-4.0627,9.38406,0,0.0627537,0,0,3.01315,7915.94,415739,11651.2,0,0,0,415739,0,0,4163.03,126.233,8366.32,7915.94,0,0
01:11:15:02:05:45,-4.3488,9.38406,0,0.0600815,0,0,3.01315,7915.94,415739,11651.2,0,0,0,415739,0,0,4163.03,126.25,8366.32,7915.94,0,0
01:11:15:02:05:46,-3.77659,9.38406,0,0.0627537,0,0,3.01315,7915.94,415739,11651.2,0,0,0,415739,0,0,4163.03,126.267,8366.32,7915.94,0,0
01:11:15:02:05:47,-4.0627,9.38406,0,0.0600815,0,0,3.01315,7915.94,415739,11651.2,0,0,0,415739,0,0,4163.03,126.283,8366.32,7915.94,0,0
01:11:15:02:05:48,-3.77659,9.09796,0,0.0627537,0,0,3.01315,7915.94,415739,11651.2,0,0,0,415739,0,0,4163.03,126.3,8366.32,7915.94,0,0
01:11:15:02:05:49,-4.6349,9.95626,0,0.065424,0,0,3.01315,7915.94,415739,11651.2,0,0,0,415739,0,0,4163.03,126.317,8366.32,7915.94,0,0
01:11:15:02:05:50,-4.0627,9.95626,0,0.065424,0,0,3.01315,7915.94,415739,11651.2,0,0,0,415739,0,0,4163.03,126.333,8366.32,7915.94,0,0
01:11:15:02:05:51,-4.0627,9.09796,0,0.065424,0,0,3.01315,7915.94,415739,11651.2,0,0,0,415739,0,0,4163.03,126.35,8366.32,7915.94,0,0
01:11:15:02:05:52,-3.77659,9.38406,0,0.0640869,0,0,3.01315,7915.94,415739,11651.2,0,0,0,415739,0,0,4163.03,126.367,8366.32,7915.94,0,0
01:11:15:02:05:53,-4.0627,9.38406,0,0.0667572,0,0,3.01315,7915.94,415739,11651.2,0,0,0,415739,0,0,4163.03,126.383,8366.32,7915.94,0,0
01:11:15:02:05:54,-4.3488,9.38406,0,0.0694294,0,0,3.01315,7915.94,415739,11651.2,0,0,0,415739,0,0,4163.03,126.4,8366.32,7915.94,0,0
01:11:15:02:05:55,-4.3488,9.38406,0,0.0694294,0,0,3.01315,7915.94,415739,11651.2,0,0,0,415739,0,0,4163.03,126.417,8366.32,7915.94,0,0
01:11:15:02:05:56,-4.6349,9.38406,0,0.0680924,0,0,3.01315,7915.94,415739,11651.2,0,0,0,415739,0,0,4163.03,126.433,8366.32,7915.94,0,0
01:11:15:02:05:57,-5.2071,9.09796,0,0.065424,0,0,3.01315,7915.94,415739,11651.2,0,0,0,415739,0,0,4163.03,126.45,8366.32,7915.94,0,0
01:11:15:02:05:58,-4.0627,8.52576,0,0.0667572,0,0,3.01315,7915.94,415739,11651.2,0,0,0,415739,0,0,4163.03,126.467,8366.32,7915.94,0,0
01:11:15:02:05:59,-4.6349,9.09796,0,0.0614185,0,0,3.01315,7915.94,415739,11651.2,0,0,0,415739,0,0,4163.03,126.483,8366.32,7915.94,0,0
01:11:15:02:06:00,-4.3488,8.81186,0,0.0640869,0,0,3.01315,7915.94,415739,11651.2,0,0,0,415739,0,0,4163.03,126.5,8366.32,7915.94,0,0
01:11:15:02:06:01,-4.6349,8.52576,0,0.0640869,0,0,3.01315,7915.94,415739,11651.2,0,0,0,415739,0,0,4163.03,126.517,8366.32,7915.94,0,0
01:11:15:02:06:02,-4.6349,9.09796,0,0.0627537,0,0,3.01315,7915.94,415739,11651.2,0,0,0,415739,0,0,4163.03,126.533,8366.32,7915.94,0,0
01:11:15:02:06:03,-4.921,8.52576,0,0.065424,0,0,3.01315,7915.94,415739,11651.2,0,0,0,415739,0,0,4163.03,126.55,8366.32,7915.94,0,0
01:11:15:02:06:04,-4.6349,9.09796,0,0.0667572,0,0,3.01315,7915.94,415739,11651.2,0,0,0,415739,0,0,4163.03,126.567,8366.32,7915.94,0,0
01:11:15:02:06:05,-4.921,8.52576,0,0.065424,0,0,3.01315,7915.94,415739,11651.2,0,0,0,415739,0,0,4163.03,126.583,8366.32,7915.94,0,0
01:11:15:02:06:06,-5.2071,8.52576,0,0.0640869,0,0,3.01315,7915.94,415739,11651.2,0,0,0,415739,0,0,4163.03,126.6,8366.32,7915.94,0,0
01:11:15:02:06:07,-5.2071,8.23966,0,0.0640869,0,0,3.01315,7915.94,415739,11651.2,0,0,0,415739,0,0,4163.03,126.617,8366.32,7915.94,0,0
01:11:15:02:06:08,-5.7793,8.52576,0,0.065424,0,0,3.01315,7915.94,415739,11651.2,0,0,0,415739,0,0,4163.03,126.633,8366.32,7915.94,0,0
01:11:15:02:06:09,-4.921,8.52576,0,0.0640869,0,0,3.01315,7915.94,415739,11651.2,0,0,0,415739,0,0,4163.03,126.65,8366.32,7915.94,0,0
01:11:15:02:06:10,-5.4932,8.23966,0,0.065424,0,0,3.01315,7915.94,415739,11651.2,0,0,0,415739,0,0,4163.03,126.667,8366.32,7915.94,0,0
01:11:15:02:06:11,-5.4932,8.23966,0,0.0667572,0,0,3.01315,7915.94,415739,11651.2,0,0,0,415739,0,0,4163.03,126.683,8366.32,7915.94,0,0
01:11:15:02:06:12,-5.4932,7.95356,0,0.0640869,0,0,3.01315,7915.94,415739,11651.2,0,0,0,415739,0,0,4163.03,126.7,8366.32,7915.94,0,0
01:11:15:02:06:13,-5.4932,8.23966,0,0.0627537,0,0,3.01315,7915.94,415739,11651.2,0,0,0,415739,0,0,4163.03,126.717,8366.32,7915.94,0,0
01:11:15:02:06:14,-5.7793,7.95356,0,0.065424,0,0,3.01315,7915.94,415739,11651.2,0,0,0,415739,0,0,4163.03,126.733,8366.32,7915.94,0,0
01:11:15:02:06:15,-5.7793,8.23966,0,0.0627537,0,0,3.01315,7915.94,415739,11651.2,0,0,0,415739,0,0,4163.03,126.75,8366.32,7915.94,0,0
01:11:15:02:06:16,-5.7793,7.38135,0,0.0614185,0,0,3.01315,7915.94,415739,11651.2,0,0,0,415739,0,0,4163.03,126.767,8366.32,7915.94,0,0
01:11:15:02:06:17,-5.7793,7.66745,0,0.065424,0,0,3.01315,7915.94,415739,11651.2,0,0,0,415739,0,0,4163.03,126.783,8366.32,7915.94,0,0
01:11:15:02:06:18,-6.0654,7.95356,0,0.0627537,0,0,3.01315,7915.94,415739,11651.2,0,0,0,415739,0,0,4163.03,126.8,8366.32,7915.94,0,0
01:11:15:02:06:19,-6.35151,7.95356,0,0.0600815,0,0,3.01315,7915.94,415739,11651.2,0,0,0,415739,0,0,4163.03,126.817,8366.32,7915.94,0,0
01:11:15:02:06:20,-5.2071,7.38135,0,0.0614185,0,0,3.01315,7915.94,415739,11651.2,0,0,0,415739,0,0,4163.03,126.833,8366.32,7915.94,0,0
01:11:15:02:06:21,-6.0654,7.66745,0,0.0574112,0,0,3.01315,7915.94,415739,11651.2,0,0,0,415739,0,0,4163.03,126.85,8366.32,7915.94,0,0
01:11:15:02:06:22,-6.0654,7.38135,0,0.0614185,0,0,3.01315,7915.94,415739,11651.2,0,0,0,415739,0,0,4163.03,126.867,8366.32,7915.94,0,0
01:11:15:02:06:23,-5.7793,7.66745,0,0.0600815,0,0,3.01315,7915.94,415739,11651.2,0,0,0,415739,0,0,4163.03,126.883,8366.32,7915.94,0,0
01:11:15:02:06:24,-5.7793,7.38135,0,0.0600815,0,0,3.01315,7915.94,415739,11651.2,0,0,0,415739,0,0,4163.03,126.9,8366.32,7915.94,0,0
01:11:15:02:06:25,-6.0654,7.38135,0,0.0627537,0,0,3.01315,7915.94,415739,11651.2,0,0,0,415739,0,0,4163.03,126.917,8366.32,7915.94,0,0
01:11:15:02:06:26,-6.35151,7.09525,0,0.0640869,0,0,3.01315,7915.94,415739,11651.2,0,0,0,415739,0,0,4163.03,126.933,8366.32,7915.94,0,0
01:11:15:02:06:27,-5.7793,7.38135,0,0.0627537,0,0,3.01315,7915.94,415739,11651.2,0,0,0,415739,0,0,4163.03,126.95,8366.32,7915.94,0,0
01:11:15:02:06:28,-6.35151,7.66745,0,0.0640869,0,0,3.01315,7915.94,415739,11651.2,0,0,0,415739,0,0,4163.03,126.967,8366.32,7915.94,0,0
01:11:15:02:06:29,-6.35151,7.09525,0,0.0627537,0,0,3.01315,7915.94,415739,11651.2,0,0,0,415739,0,0,4163.03,126.983,8366.32,7915.94,0,0
01:11:15:02:06:30,-6.63761,6.52305,0,0.0640869,0,0,3.01315,7915.94,415739,11651.2,0,0,0,415739,0,0,4163.03,127,8366.32,7915.94,0,0
01:11:15:02:06:31,-6.63761,7.09525,0,0.065424,0,0,3.01315,7915.94,415739,11651.2,0,0,0,415739,0,0,4163.03,127.017,8366.32,7915.94,0,0
01:11:15:02:06:32,-6.35151,6.80915,0,0.065424,0,0,3.01315,7915.94,415739,11651.2,0,0,0,415739,0,0,4163.03,127.033,8366.32,7915.94,0,0
01:11:15:02:06:33,-6.35151,6.52305,0,0.0667572,0,0,3.01315,7915.94,415739,11651.2,0,0,0,415739,0,0,4163.03,127.05,8366.32,7915.94,0,0
01:11:15:02:06:34,-6.92371,6.52305,0,0.065424,0,0,3.01315,7915.94,415739,11651.2,0,0,0,415739,0,0,4163.03,127.067,8366.32,7915.94,0,0
01:11:15:02:06:35,-6.92371,6.52305,0,0.0667572,0,0,3.01315,7915.94,415739,11651.2,0,0,0,415739,0,0,4163.03,127.083,8366.32,7915.94,0,0
01:11:15:02:06:36,-7.20981,6.23695,0,0.0680924,0,0,3.01315,7915.94,415739,11651.2,0,0,0,415739,0,0,4163.03,127.1,8366.32,7915.94,0,0
01:11:15:02:06:37,-6.92371,6.52305,0,0.0627537,0,0,3.01315,7915.94,415739,11651.2,0,0,0,415739,0,0,4163.03,127.117,8366.32,7915.94,0,0
01:11:15:02:06:38,-7.49591,6.80915,0,0.065424,0,0,3.01315,7915.94,415739,11651.2,0,0,0,415739,0,0,4163.03,127.133,8366.32,7915.94,0,0
01:11:15:02:06:39,-7.49591,6.23695,0,0.065424,0,0,3.01315,7915.94,415739,11651.2,0,0,0,415739,0,0,4163.03,127.15,8366.32,7915.94,0,0
01:11:15:02:06:40,-6.92371,6.23695,0,0.0627537,0,0,3.01315,7915.94,415739,11651.2,0,0,0,415739,0,0,4163.03,127.167,8366.32,7915.94,0,0
01:11:15:02:06:41,-6.92371,5.95085,0,0.0627537,0,0,3.01315,7915.94,415739,11651.2,0,0,0,415739,0,0,4163.03,127.183,8366.32,7915.94,0,0
01:11:15:02:06:42,-7.20981,6.23695,0,0.0627537,0,0,3.01315,7915.94,415739,11651.2,0,0,0,415739,0,0,4163.03,127.2,8366.32,7915.94,0,0
01:11:15:02:06:43,-7.78201,5.95085,0,0.065424,0,0,3.01315,7915.94,415739,11651.2,0,0,0,415739,0,0,4163.03,127.217,8366.32,7915.94,0,0
01:11:15:02:06:44,-7.20981,6.52305,0,0.065424,0,0,3.01315,7915.94,415739,11651.2,0,0,0,415739,0,0,4163.03,127.233,8366.32,7915.94,0,0
01:11:15:02:06:45,-7.78201,6.52305,0,0.0627537,0,0,3.01315,7915.94,415739,11651.2,0,0,0,415739,0,0,4163.03,127.25,8366.32,7915.94,0,0
01:11:15:02:06:46,-7.20981,6.23695,0,0.0627537,0,0,3.01315,7915.94,415739,11651.2,0,0,0,415739,0,0,4163.03,127.267,8366.32,7915.94,0,0
01:11:15:02:06:47,-7.49591,6.23695,0,0.0627537,0,0,3.01315,7915.94,415739,11651.2,0,0,0,415739,0,0,4163.03,127.283,8366.32,7915.94,0,0
01:11:15:02:06:48,-7.49591,6.23695,0,0.0600815,0,0,3.01315,7915.94,415739,11651.2,0,0,0,415739,0,0,4163.03,127.3,8366.32,7915.94,0,0
01:11:15:02:06:49,-7.78201,5.95085,0,0.0627537,0,0,3.01315,7915.94,415739,11651.2,0,0,0,415739,0,0,4163.03,127.317,8366.32,7915.94,0,0
01:11:15:02:06:50,-7.49591,6.23695,0,0.0627537,0,0,3.01315,7915.94,415739,11651.2,0,0,0,415739,0,0,4163.03,127.333,8366.32,7915.94,0,0
01:11:15:02:06:51,-7.78201,5.66475,0,0.0627537,0,0,3.01315,7915.94,415739,11651.2,0,0,0,415739,0,0,4163.03,127.35,8366.32,7915.94,0,0
01:11:15:02:06:52,-7.78201,6.23695,0,0.0587482,0,0,3.01315,7915.94,415739,11651.2,0,0,0,415739,0,0,4163.03,127.367,8366.32,7915.94,0,0
01:11:15:02:06:53,-8.06811,6.23695,0,0.0627537,0,0,3.01315,7915.94,415739,11651.2,0,0,0,415739,0,0,4163.03,127.383,8366.32,7915.94,0,0
01:11:15:02:06:54,-7.49591,6.23695,0,0.0600815,0,0,3.01315,7915.94,415739,11651.2,0,0,0,415739,0,0,4163.03,127.4,8366.32,7915.94,0,0
01:11:15:02:06:55,-7.49591,5.37864,0,0.0600815,0,0,3.01315,7915.94,415739,11651.2,0,0,0,415739,0,0,4163.03,127.417,8366.32,7915.94,0,0
01:11:15:02:06:56,-8.06811,5.09254,0,0.0614185,0,0,3.01315,7915.94,415739,11651.2,0,0,0,415739,0,0,4163.03,127.433,8366.32,7915.94,0,0
01:11:15:02:06:57,-7.49591,5.95085,0,0.0640869,0,0,3.01315,7915.94,415739,11651.2,0,0,0,415739,0,0,4163.03,127.45,8366.32,7915.94,0,0
01:11:15:02:06:58,-8.35421,5.37864,0,0.0600815,0,0,3.01315,7915.94,415739,11651.2,0,0,0,415739,0,0,4163.03,127.467,8366.32,7915.94,0,0
01:11:15:02:06:59,-7.78201,5.09254,0,0.0600815,0,0,3.01315,7915.94,415739,11651.2,0,0,0,415739,0,0,4163.03,127.483,8366.32,7915.94,0,0
01:11:15:02:07:00,-8.64032,5.09254,0,0.065424,0,0,3.01315,7915.94,415739,11651.2,0,0,0,415739,0,0,4163.03,127.5,8366.32,7915.94,0,0
01:11:15:02:07:01,-8.35421,4.52034,0,0.0600815,0,0,3.01315,7915.94,415739,11651.2,0,0,0,415739,0,0,4163.03,127.517,8366.32,7915.94,0,0
01:11:15:02:07:02,-8.64032,5.95085,0,0.0640869,0,0,3.01315,7915.94,415739,11651.2,0,0,0,415739,0,0,4163.03,127.533,8366.32,7915.94,0,0
01:11:15:02:07:03,-8.06811,4.80644,0,0.0600815,0,0,3.01315,7915.94,415739,11651.2,0,0,0,415739,0,0,4163.03,127.55,8366.32,7915.94,0,0
01:11:15:02:07:04,-8.06811,5.37864,0,0.0640869,0,0,3.01315,7915.94,415739,11651.2,0,0,0,415739,0,0,4163.03,127.567,8366.32,7915.94,0,0
01:11:15:02:07:05,-8.06811,5.09254,0,0.065424,0,0,3.01315,7915.94,415739,11651.2,0,0,0,415739,0,0,4163.03,127.583,8366.32,7915.94,0,0
01:11:15:02:07:06,-8.35421,5.09254,0,0.065424,0,0,3.01315,7915.94,415739,11651.2,0,0,0,415739,0,0,4163.03,127.6,8366.32,7915.94,0,0
01:11:15:02:07:07,-8.64032,4.80644,0,0.0640869,0,0,3.01315,7915.94,415739,11651.2,0,0,0,415739,0,0,4163.03,127.617,8366.32,7915.94,0,0
01:11:15:02:07:08,-9.21252,4.80644,0,0.0614185,0,0,3.01315,7915.94,415739,11651.2,0,0,0,415739,0,0,4163.03,127.633,8366.32,7915.94,0,0
01:11:15:02:07:09,-8.64032,4.52034,0,0.0640869,0,0,3.01315,7915.94,415739,11651.2,0,0,0,415739,0,0,4163.03,127.65,8366.32,7915.94,0,0
01:11:15:02:07:10,-9.21252,4.52034,0,0.0640869,0,0,3.01315,7915.94,415739,11651.2,0,0,0,415739,0,0,4163.03,127.667,8366.32,7915.94,0,0
01:11:15:02:07:11,-8.92642,5.37864,0,0.065424,0,0,3.01315,7915.94,415739,11651.2,0,0,0,415739,0,0,4163.03,127.683,8366.32,7915.94,0,0
01:11:15:02:07:12,-9.21252,3.94814,0,0.0600815,0,0,3.01315,7915.94,415739,11651.2,0,0,0,415739,0,0,4163.03,127.7,8366.32,7915.94,0,0
01:11:15:02:07:13,-9.49862,3.94814,0,0.0614185,0,0,3.01315,7915.94,415739,11651.2,0,0,0,415739,0,0,4163.03,127.717,8366.32,7915.94,0,0
01:11:15:02:07:14,-9.49862,4.80644,0,0.065424,0,0,3.01315,7915.94,415739,11651.2,0,0,0,415739,0,0,4163.03,127.733,8366.32,7915.94,0,0
01:11:15:02:07:15,-9.49862,4.52034,0,0.0680924,0,0,3.01315,7915.94,415739,11651.2,0,0,0,415739,0,0,4163.03,127.75,8366.32,7915.94,0,0
01:11:15:02:07:16,-9.78472,4.23424,0,0.0627537,0,0,3.01315,7915.94,415739,11651.2,0,0,0,415739,0,0,4163.03,127.767,8366.32,7915.94,0,0
01:11:15:02:07:17,-9.49862,3.94814,0,0.065424,0,0,3.01315,7915.94,415739,11651.2,0,0,0,415739,0,0,4163.03,127.783,8366.32,7915.94,0,0
01:11:15:02:07:18,-9.49862,3.66204,0,0.0640869,0,0,3.01315,7915.94,415739,11651.2,0,0,0,415739,0,0,4163.03,127.8,8366.32,7915.94,0,0
01:11:15:02:07:19,-10.0708,4.23424,0,0.0640869,0,0,3.01315,7915.94,415739,11651.2,0,0,0,415739,0,0,4163.03,127.817,8366.32,7915.94,0,0
01:11:15:02:07:20,-9.78472,3.66204,0,0.065424,0,0,3.01315,7915.94,415739,11651.2,0,0,0,415739,0,0,4163.03,127.833,8366.32,7915.94,0,0
01:11:15:02:07:21,-9.49862,3.37594,0,0.0680924,0,0,3.01315,7915.94,415739,11651.2,0,0,0,415739,0,0,4163.03,127.85,8366.32,7915.94,0,0
01:11:15:02:07:22,-9.49862,3.66204,0,0.0627537,0,0,3.01315,7915.94,415739,11651.2,0,0,0,415739,0,0,4163.03,127.867,8366.32,7915.94,0,0
01:11:15:02:07:23,-9.49862,3.66204,0,0.0680924,0,0,3.01315,7915.94,415739,11651.2,0,0,0,415739,0,0,4163.03,127.883,8366.32,7915.94,0,0
01:11:15:02:07:24,-9.78472,3.08984,0,0.0680924,0,0,3.01315,7915.94,415739,11651.2,0,0,0,415739,0,0,4163.03,127.9,8366.32,7915.94,0,0
01:11:15:02:07:25,-9.78472,3.08984,0,0.065424,0,0,3.01315,7915.94,415739,11651.2,0,0,0,415739,0,0,4163.03,127.917,8366.32,7915.94,0,0
01:11:15:02:07:26,-10.643,3.37594,0,0.065424,0,0,3.01315,7915.94,415739,11651.2,0,0,0,415739,0,0,4163.03,127.933,8366.32,7915.94,0,0
01:11:15:02:07:27,-9.78472,3.08984,0,0.065424,0,0,3.01315,7915.94,415739,11651.2,0,0,0,415739,0,0,4163.03,127.95,8366.32,7915.94,0,0
01:11:15:02:07:28,-9.78472,2.80373,0,0.0600815,0,0,3.01315,7915.94,415739,11651.2,0,0,0,415739,0,0,4163.03,127.967,8366.32,7915.94,0,0
01:11:15:02:07:29,-10.0708,3.08984,0,0.0627537,0,0,3.01315,7915.94,415739,11651.2,0,0,0,415739,0,0,4163.03,127.983,8366.32,7915.94,0,0
01:11:15:02:07:30,-10.643,3.37594,0,0.0614185,0,0,3.01315,7915.94,415739,11651.2,0,0,0,415739,0,0,4163.03,128,8366.32,7915.94,0,0
01:11:15:02:07:31,-10.9291,3.08984,0,0.0627537,0,0,3.01315,7915.94,415739,11651.2,0,0,0,415739,0,0,4163.03,128.017,8366.32,7915.94,0,0
01:11:15:02:07:32,-10.643,2.80373,0,0.0627537,0,0,3.01315,7915.94,415739,11651.2,0,0,0,415739,0,0,4163.03,128.033,8366.32,7915.94,0,0
01:11:15:02:07:33,-10.3569,2.51763,0,0.0640869,0,0,3.01315,7915.94,415739,11651.2,0,0,0,415739,0,0,4163.03,128.05,8366.32,7915.94,0,0
01:11:15:02:07:34,-10.9291,3.08984,0,0.065424,0,0,3.01315,7915.94,415739,11651.2,0,0,0,415739,0,0,4163.03,128.067,8366.32,7915.94,0,0
01:11:15:02:07:35,-10.9291,3.08984,0,0.065424,0,0,3.01315,7915.94,415739,11651.2,0,0,0,415739,0,0,4163.03,128.083,8366.32,7915.94,0,0
01:11:15:02:07:36,-10.9291,3.08984,0,0.065424,0,0,3.01315,7915.94,415739,11651.2,0,0,0,415739,0,0,4163.03,128.1,8366.32,7915.94,0,0
01:11:15:02:07:37,-10.9291,2.51763,0,0.0667572,0,0,3.01315,7915.94,415739,11651.2,0,0,0,415739,0,0,4163.03,128.117,8366.32,7915.94,0,0
01:11:15:02:07:38,-10.9291,2.23153,0,0.0640869,0,0,3.01315,7915.94,415739,11651.2,0,0,0,415739,0,0,4163.03,128.133,8366.32,7915.94,0,0
01:11:15:02:07:39,-11.2152,2.51763,0,0.065424,0,0,3.01315,7915.94,415739,11651.2,0,0,0,415739,0,0,4163.03,128.15,8366.32,7915.94,0,0
01:11:15:02:07:40,-10.3569,1.94543,0,0.0640869,0,0,3.01315,7915.94,415739,11651.2,0,0,0,415739,0,0,4163.03,128.167,8366.32,7915.94,0,0
01:11:15:02:07:41,-11.2152,1.65933,0,0.0640869,0,0,3.01315,7915.94,415739,11651.2,0,0,0,415739,0,0,4163.03,128.183,8366.32,7915.94,0,0
01:11:15:02:07:42,-10.9291,1.94543,0,0.0667572,0,0,3.01315,7915.94,415739,11651.2,0,0,0,415739,0,0,4163.03,128.2,8366.32,7915.94,0,0
01:11:15:02:07:43,-11.2152,1.65933,0,0.065424,0,0,3.01315,7915.94,415739,11651.2,0,0,0,415739,0,0,4163.03,128.217,8366.32,7915.94,0,0
01:11:15:02:07:44,-11.5013,1.94543,0,0.0640869,0,0,3.01315,7915.94,415739,11651.2,0,0,0,415739,0,0,4163.03,128.233,8366.32,7915.94,0,0
01:11:15:02:07:45,-11.7874,1.65933,0,0.0640869,0,0,3.01315,7915.94,415739,11651.2,0,0,0,415739,0,0,4163.03,128.25,8366.32,7915.94,0,0
01:11:15:02:07:46,-11.5013,1.94543,0,0.0640869,0,0,3.01315,7915.94,415739,11651.2,0,0,0,415739,0,0,4163.03,128.267,8366.32,7915.94,0,0
01:11:15:02:07:47,-11.5013,1.94543,0,0.0694294,0,0,3.01315,7915.94,415739,11651.2,0,0,0,415739,0,0,4163.03,128.283,8366.32,7915.94,0,0
01:11:15:02:07:48,-11.5013,2.23153,0,0.0707626,0,0,3.01315,7915.94,415739,11651.2,0,0,0,415739,0,0,4163.03,128.3,8366.32,7915.94,0,0
01:11:15:02:07:49,-11.2152,1.65933,0,0.0680924,0,0,3.01315,7915.94,415739,11651.2,0,0,0,415739,0,0,4163.03,128.317,8366.32,7915.94,0,0
01:11:15:02:07:50,-11.5013,1.65933,0,0.0680924,0,0,3.01315,7915.94,415739,11651.2,0,0,0,415739,0,0,4163.03,128.333,8366.32,7915.94,0,0
01:11:15:02:07:51,-12.0735,1.65933,0,0.0667572,0,0,3.01315,7915.94,415739,11651.2,0,0,0,415739,0,0,4163.03,128.35,8366.32,7915.94,0,0
01:11:15:02:07:52,-11.7874,1.37323,0,0.0707626,0,0,3.01315,7915.94,415739,11651.2,0,0,0,415739,0,0,4163.03,128.367,8366.32,7915.94,0,0
01:11:15:02:07:53,-12.3596,1.37323,0,0.0680924,0,0,3.01315,7915.94,415739,11651.2,0,0,0,415739,0,0,4163.03,128.383,8366.32,7915.94,0,0
01:11:15:02:07:54,-12.3596,1.37323,0,0.0680924,0,0,3.01315,7915.94,415739,11651.2,0,0,0,415739,0,0,4163.03,128.4,8366.32,7915.94,0,0
01:11:15:02:07:55,-12.3596,1.08713,0,0.0694294,0,0,3.01315,7915.94,415739,11651.2,0,0,0,415739,0,0,4163.03,128.417,8366.32,7915.94,0,0
01:11:15:02:07:56,-12.6457,1.65933,0,0.0667572,0,0,3.01315,7915.94,415739,11651.2,0,0,0,415739,0,0,4163.03,128.433,8366.32,7915.94,0,0
01:11:15:02:07:57,-12.6457,0.801025,0,0.0680924,0,0,3.01315,7915.94,415739,11651.2,0,0,0,415739,0,0,4163.03,128.45,8366.32,7915.94,0,0
01:11:15:02:07:58,-12.3596,0.801025,0,0.0600815,0,0,3.01315,7915.94,415739,11651.2,0,0,0,415739,0,0,4163.03,128.467,8366.32,7915.94,0,0
01:11:15:02:07:59,-12.3596,0.801025,0,0.0587482,0,0,3.01315,7915.94,415739,11651.2,0,0,0,415739,0,0,4163.03,128.483,8366.32,7915.94,0,0
01:11:15:02:08:00,-12.0735,0.801025,0,0.0600815,0,0,3.01315,7915.94,415739,11651.2,0,0,0,415739,0,0,4163.03,128.5,8366.32,7915.94,0,0
01:11:15:02:08:01,-12.3596,0.801025,0,0.0614185,0,0,3.01315,7915.94,415739,11651.2,0,0,0,415739,0,0,4163.03,128.517,8366.32,7915.94,0,0
01:11:15:02:08:02,-12.9318,0.801025,0,0.0600815,0,0,3.01315,7915.94,415739,11651.2,0,0,0,415739,0,0,4163.03,128.533,8366.32,7915.94,0,0
01:11:15:02:08:03,-12.0735,0.801025,0,0.0574112,0,0,3.01315,7915.94,415739,11651.2,0,0,0,415739,0,0,4163.03,128.55,8366.32,7915.94,0,0
01:11:15:02:08:04,-13.2179,1.08713,0,0.0600815,0,0,3.01315,7915.94,415739,11651.2,0,0,0,415739,0,0,4163.03,128.567,8366.32,7915.94,0,0
01:11:15:02:08:05,-12.6457,0.514924,0,0.0627537,0,0,3.01315,7915.94,415739,11651.2,0,0,0,415739,0,0,4163.03,128.583,8366.32,7915.94,0,0
01:11:15:02:08:06,-13.2179,0.514924,0,0.0667572,0,0,3.01315,7915.94,415739,11651.2,0,0,0,415739,0,0,4163.03,128.6,8366.32,7915.94,0,0
01:11:15:02:08:07,-12.9318,0.228823,0,0.0614185,0,0,3.01315,7915.94,415739,11651.2,0,0,0,415739,0,0,4163.03,128.617,8366.32,7915.94,0,0
01:11:15:02:08:08,-13.504,0.228823,0,0.0600815,0,0,3.01315,7915.94,415739,11651.2,0,0,0,415739,0,0,4163.03,128.633,8366.32,7915.94,0,0
01:11:15:02:08:09,-13.2179,0.228823,0,0.065424,0,0,3.01315,7915.94,415739,11651.2,0,0,0,415739,0,0,4163.03,128.65,8366.32,7915.94,0,0
01:11:15:02:08:10,-13.504,-0.343379,0,0.065424,0,0,3.01315,7915.94,415739,11651.2,0,0,0,415739,0,0,4163.03,128.667,8366.32,7915.94,0,0
01:11:15:02:08:11,-13.2179,-0.0572783,0,0.0640869,0,0,3.01315,7915.94,415739,11651.2,0,0,0,415739,0,0,4163.03,128.683,8366.32,7915.94,0,0
01:11:15:02:08:12,-12.9318,-0.0572783,0,0.0627537,0,0,3.01315,7915.94,415739,11651.2,0,0,0,415739,0,0,4163.03,128.7,8366.32,7915.94,0,0
01:11:15:02:08:13,-13.7901,-0.629481,0,0.0600815,0,0,3.01315,7915.94,415739,11651.2,0,0,0,415739,0,0,4163.03,128.717,8366.32,7915.94,0,0
01:11:15:02:08:14,-13.504,0.228823,0,0.0600815,0,0,3.01315,7915.94,415739,11651.2,0,0,0,415739,0,0,4163.03,128.733,8366.32,7915.94,0,0
01:11:15:02:08:15,-13.504,0.228823,0,0.0600815,0,0,3.01315,7915.94,415739,11651.2,0,0,0,415739,0,0,4163.03,128.75,8366.32,7915.94,0,0
01:11:15:02:08:16,-13.504,0.228823,0,0.0614185,0,0,3.01315,7915.94,415739,11651.2,0,0,0,415739,0,0,4163.03,128.767,8366.32,7915.94,0,0
01:11:15:02:08:17,-13.7901,-0.0572783,0,0.0614185,0,0,3.01315,7915.94,415739,11651.2,0,0,0,415739,0,0,4163.03,128.783,8366.32,7915.94,0,0
01:11:15:02:08:18,-13.504,-0.343379,0,0.0614185,0,0,3.01315,7915.94,415739,11651.2,0,0,0,415739,0,0,4163.03,128.8,8366.32,7915.94,0,0
01:11:15:02:08:19,-14.0762,-0.343379,0,0.0600815,0,0,3.01315,7915.94,415739,11651.2,0,0,0,415739,0,0,4163.03,128.817,8366.32,7915.94,0,0
01:11:15:02:08:20,-14.3623,-0.0572783,0,0.0627537,0,0,3.01315,7915.94,415739,11651.2,0,0,0,415739,0,0,4163.03,128.833,8366.32,7915.94,0,0
01:11:15:02:08:21,-14.3623,-0.915582,0,0.0627537,0,0,3.01315,7915.94,415739,11651.2,0,0,0,415739,0,0,4163.03,128.85,8366.32,7915.94,0,0
01:11:15:02:08:22,-13.7901,-0.629481,0,0.0614185,0,0,3.01315,7915.94,415739,11651.2,0,0,0,415739,0,0,4163.03,128.867,8366.32,7915.94,0,0
01:11:15:02:08:23,-14.3623,-0.629481,0,0.0627537,0,0,3.01315,7915.94,415739,11651.2,0,0,0,415739,0,0,4163.03,128.883,8366.32,7915.94,0,0
01:11:15:02:08:24,-14.9345,-0.915582,0,0.0627537,0,0,3.01315,7915.94,415739,11651.2,0,0,0,415739,0,0,4163.03,128.9,8366.32,7915.94,0,0
01:11:15:02:08:25,-14.6484,-0.629481,0,0.0627537,0,0,3.01315,7915.94,415739,11651.2,0,0,0,415739,0,0,4163.03,128.917,8366.32,7915.94,0,0
01:11:15:02:08:26,-14.6484,-0.915582,0,0.0627537,0,0,3.01315,7915.94,415739,11651.2,0,0,0,415739,0,0,4163.03,128.933,8366.32,7915.94,0,0
01:11:15:02:08:27,-14.9345,-0.915582,0,0.0600815,0,0,3.01315,7915.94,415739,11651.2,0,0,0,415739,0,0,4163.03,128.95,8366.32,7915.94,0,0
01:11:15:02:08:28,-14.9345,-0.915582,0,0.0667572,0,0,3.01315,7915.94,415739,11651.2,0,0,0,415739,0,0,4163.03,128.967,8366.32,7915.94,0,0
01:11:15:02:08:29,-14.3623,-1.48778,0,0.065424,0,0,3.01315,7915.94,415739,11651.2,0,0,0,415739,0,0,4163.03,128.983,8366.32,7915.94,0,0
01:11:15:02:08:30,-14.9345,-1.20168,0,0.065424,0,0,3.01315,7915.94,415739,11651.2,0,0,0,415739,0,0,4163.03,129,8366.32,7915.94,0,0
01:11:15:02:08:31,-14.6484,-1.48778,0,0.0640869,0,0,3.01315,7915.94,415739,11651.2,0,0,0,415739,0,0,4163.03,129.017,8366.32,7915.94,0,0
01:11:15:02:08:32,-14.9345,-1.20168,0,0.0640869,0,0,3.01315,7915.94,415739,11651.2,0,0,0,415739,0,0,4163.03,129.033,8366.32,7915.94,0,0
01:11:15:02:08:33,-14.6484,-1.77389,0,0.065424,0,0,3.01315,7915.94,415739,11651.2,0,0,0,415739,0,0,4163.03,129.05,8366.32,7915.94,0,0
01:11:15:02:08:34,-15.2206,-1.48778,0,0.0680924,0,0,3.01315,7915.94,415739,11651.2,0,0,0,415739,0,0,4163.03,129.067,8366.32,7915.94,0,0
01:11:15:02:08:35,-15.2206,-1.77389,0,0.0667572,0,0,3.01315,7915.94,415739,11651.2,0,0,0,415739,0,0,4163.03,129.083,8366.32,7915.94,0,0
01:11:15:02:08:36,-15.2206,-1.48778,0,0.0680924,0,0,3.01315,7915.94,415739,11651.2,0,0,0,415739,0,0,4163.03,129.1,8366.32,7915.94,0,0
01:11:15:02:08:37,-15.2206,-2.05999,0,0.0667572,0,0,3.01315,7915.94,415739,11651.2,0,0,0,415739,0,0,4163.03,129.117,8366.32,7915.94,0,0
01:11:15:02:08:38,-15.2206,-1.77389,0,0.065424,0,0,3.01315,7915.94,415739,11651.2,0,0,0,415739,0,0,4163.03,129.133,8366.32,7915.94,0,0
01:11:15:02:08:39,-14.9345,-2.05999,0,0.0640869,0,0,3.01315,7915.94,415739,11651.2,0,0,0,415739,0,0,4163.03,129.15,8366.32,7915.94,0,0
01:11:15:02:08:40,-15.5067,-2.05999,0,0.0640869,0,0,3.01315,7915.94,415739,11651.2,0,0,0,415739,0,0,4163.03,129.167,8366.32,7915.94,0,0
01:11:15:02:08:41,-14.9345,-2.05999,0,0.0640869,0,0,3.01315,7915.94,415739,11651.2,0,0,0,415739,0,0,4163.03,129.183,8366.32,7915.94,0,0
01:11:15:02:08:42,-15.2206,-1.77389,0,0.065424,0,0,3.01315,7915.94,415739,11651.2,0,0,0,415739,0,0,4163.03,129.2,8366.32,7915.94,0,0
01:11:15:02:08:43,-15.7928,-2.63219,0,0.065424,0,0,3.01315,7915.94,415739,11651.2,0,0,0,415739,0,0,4163.03,129.217,8366.32,7915.94,0,0
01:11:15:02:08:44,-15.5067,-2.91829,0,0.065424,0,0,3.01315,7915.94,415739,11651.2,0,0,0,415739,0,0,4163.03,129.233,8366.32,7915.94,0,0
01:11:15:02:08:45,-16.365,-2.91829,0,0.0680924,0,0,3.01315,7915.94,415739,11651.2,0,0,0,415739,0,0,4163.03,129.25,8366.32,7915.94,0,0
01:11:15:02:08:46,-16.6511,-3.20439,0,0.0707626,0,0,3.01315,7915.94,415739,11651.2,0,0,0,415739,0,0,4163.03,129.267,8366.32,7915.94,0,0
01:11:15:02:08:47,-16.365,-2.91829,0,0.0694294,0,0,3.01315,7915.94,415739,11651.2,0,0,0,415739,0,0,4163.03,129.283,8366.32,7915.94,0,0
01:11:15:02:08:48,-16.365,-3.49049,0,0.0680924,0,0,3.01315,7915.94,415739,11651.2,0,0,0,415739,0,0,4163.03,129.3,8366.32,7915.94,0,0
01:11:15:02:08:49,-16.365,-2.91829,0,0.065424,0,0,3.01315,7915.94,415739,11651.2,0,0,0,415739,0,0,4163.03,129.317,8366.32,7915.94,0,0
01:11:15:02:08:50,-16.0789,-3.20439,0,0.0667572,0,0,3.01315,7915.94,415739,11651.2,0,0,0,415739,0,0,4163.03,129.333,8366.32,7915.94,0,0
01:11:15:02:08:51,-16.0789,-3.49049,0,0.0694294,0,0,3.01315,7915.94,415739,11651.2,0,0,0,415739,0,0,4163.03,129.35,8366.32,7915.94,0,0
01:11:15:02:08:52,-16.6511,-3.49049,0,0.0680924,0,0,3.01315,7915.94,415739,11651.2,0,0,0,415739,0,0,4163.03,129.367,8366.32,7915.94,0,0
01:11:15:02:08:53,-16.6511,-3.77659,0,0.0614185,0,0,3.01315,7915.94,415739,11651.2,0,0,0,415739,0,0,4163.03,129.383,8366.32,7915.94,0,0
01:11:15:02:08:54,-16.9373,-3.49049,0,0.0640869,0,0,3.01315,7915.94,415739,11651.2,0,0,0,415739,0,0,4163.03,129.4,8366.32,7915.94,0,0
01:11:15:02:08:55,-16.9373,-3.49049,0,0.065424,0,0,3.01315,7915.94,415739,11651.2,0,0,0,415739,0,0,4163.03,129.417,8366.32,7915.94,0,0
01:11:15:02:08:56,-16.6511,-4.0627,0,0.065424,0,0,3.01315,7915.94,415739,11651.2,0,0,0,415739,0,0,4163.03,129.433,8366.32,7915.94,0,0
01:11:15:02:08:57,-17.2234,-4.6349,0,0.065424,0,0,3.01315,7915.94,415739,11651.2,0,0,0,415739,0,0,4163.03,129.45,8366.32,7915.94,0,0
01:11:15:02:08:58,-16.9373,-4.6349,0,0.0640869,0,0,3.01315,7915.94,415739,11651.2,0,0,0,415739,0,0,4163.03,129.467,8366.32,7915.94,0,0
01:11:15:02:08:59,-17.2234,-3.77659,0,0.0667572,0,0,3.01315,7915.94,415739,11651.2,0,0,0,415739,0,0,4163.03,129.483,8366.32,7915.94,0,0
01:11:15:02:09:00,-17.5095,-4.3488,0,0.0614185,0,0,3.01315,7915.94,415739,11651.2,0,0,0,415739,0,0,4163.03,129.5,8366.32,7915.94,0,0
01:11:15:02:09:01,-17.5095,-4.6349,0,0.0614185,0,0,3.01315,7915.94,415739,11651.2,0,0,0,415739,0,0,4163.03,129.517,8366.32,7915.94,0,0
01:11:15:02:09:02,-17.2234,-4.6349,0,0.0640869,0,0,3.01315,7915.94,415739,11651.2,0,0,0,415739,0,0,4163.03,129.533,8366.32,7915.94,0,0
01:11:15:02:09:03,-18.0817,-4.921,0,0.0627537,0,0,3.01315,7915.94,415739,11651.2,0,0,0,415739,0,0,4163.03,129.55,8366.32,7915.94,0,0
01:11:15:02:09:04,-18.0817,-4.6349,0,0.0667572,0,0,3.01315,7915.94,415739,11651.2,0,0,0,415739,0,0,4163.03,129.567,8366.32,7915.94,0,0
01:11:15:02:09:05,-18.3678,-4.921,0,0.0627537,0,0,3.01315,7915.94,415739,11651.2,0,0,0,415739,0,0,4163.03,129.583,8366.32,7915.94,0,0
01:11:15:02:09:06,-18.3678,-4.3488,0,0.065424,0,0,3.01315,7915.94,415739,11651.2,0,0,0,415739,0,0,4163.03,129.6,8366.32,7915.94,0,0
01:11:15:02:09:07,-18.6539,-4.6349,0,0.065424,0,0,3.01315,7915.94,415739,11651.2,0,0,0,415739,0,0,4163.03,129.617,8366.32,7915.94,0,0
01:11:15:02:09:08,-18.3678,-5.2071,0,0.065424,0,0,3.01315,7915.94,415739,11651.2,0,0,0,415739,0,0,4163.03,129.633,8366.32,7915.94,0,0
01:11:15:02:09:09,-18.3678,-5.2071,0,0.0680924,0,0,3.01315,7915.94,415739,11651.2,0,0,0,415739,0,0,4163.03,129.65,8366.32,7915.94,0,0
01:11:15:02:09:10,-18.94,-5.4932,0,0.0680924,0,0,3.01315,7915.94,415739,11651.2,0,0,0,415739,0,0,4163.03,129.667,8366.32,7915.94,0,0
01:11:15:02:09:11,-18.6539,-5.2071,0,0.0680924,0,0,3.01315,7915.94,415739,11651.2,0,0,0,415739,0,0,4163.03,129.683,8366.32,7915.94,0,0
01:11:15:02:09:12,-18.6539,-5.7793,0,0.0667572,0,0,3.01315,7915.94,415739,11651.2,0,0,0,415739,0,0,4163.03,129.7,8366.32,7915.94,0,0
01:11:15:02:09:13,-18.94,-6.0654,0,0.0667572,0,0,3.01315,7915.94,415739,11651.2,0,0,0,415739,0,0,4163.03,129.717,8366.32,7915.94,0,0
01:11:15:02:09:14,-19.5122,-5.7793,0,0.0694294,0,0,3.01315,7915.94,415739,11651.2,0,0,0,415739,0,0,4163.03,129.733,8366.32,7915.94,0,0
01:11:15:02:09:15,-19.5122,-6.0654,0,0.0627537,0,0,3.01315,7915.94,415739,11651.2,0,0,0,415739,0,0,4163.03,129.75,8366.32,7915.94,0,0
01:11:15:02:09:16,-19.7983,-6.0654,0,0.065424,0,0,3.01315,7915.94,415739,11651.2,0,0,0,415739,0,0,4163.03,129.767,8366.32,7915.94,0,0
01:11:15:02:09:17,-20.0844,-6.35151,0,0.0667572,0,0,3.01315,7915.94,415739,11651.2,0,0,0,415739,0,0,4163.03,129.783,8366.32,7915.94,0,0
01:11:15:02:09:18,-20.0844,-6.63761,0,0.0667572,0,0,3.01315,7915.94,415739,11651.2,0,0,0,415739,0,0,4163.03,129.8,8366.32,7915.94,0,0
01:11:15:02:09:19,-20.0844,-6.0654,0,0.0614185,0,0,3.01315,7915.94,415739,11651.2,0,0,0,415739,0,0,4163.03,129.817,8366.32,7915.94,0,0
01:11:15:02:09:20,-19.7983,-7.20981,0,0.0614185,0,0,3.01315,7915.94,415739,11651.2,0,0,0,415739,0,0,4163.03,129.833,8366.32,7915.94,0,0
01:11:15:02:09:21,-20.0844,-6.92371,0,0.0614185,0,0,3.01315,7915.94,415739,11651.2,0,0,0,415739,0,0,4163.03,129.85,8366.32,7915.94,0,0
01:11:15:02:09:22,-20.6566,-6.63761,0,0.0667572,0,0,3.01315,7915.94,415739,11651.2,0,0,0,415739,0,0,4163.03,129.867,8366.32,7915.94,0,0
01:11:15:02:09:23,-20.3705,-6.92371,0,0.0627537,0,0,3.01315,7915.94,415739,11651.2,0,0,0,415739,0,0,4163.03,129.883,8366.32,7915.94,0,0
01:11:15:02:09:24,-20.0844,-7.20981,0,0.0640869,0,0,3.01315,7915.94,415739,11651.2,0,0,0,415739,0,0,4163.03,129.9,8366.32,7915.94,0,0
01:11:15:02:09:25,-20.6566,-7.20981,0,0.0640869,0,0,3.01315,7915.94,415739,11651.2,0,0,0,415739,0,0,4163.03,129.917,8366.32,7915.94,0,0
01:11:15:02:09:26,-20.6566,-7.20981,0,0.0667572,0,0,3.01315,7915.94,415739,11651.2,0,0,0,415739,0,0,4163.03,129.933,8366.32,7915.94,0,0
01:11:15:02:09:27,-21.2288,-7.20981,0,0.0640869,0,0,3.01315,7915.94,415739,11651.2,0,0,0,415739,0,0,4163.03,129.95,8366.32,7915.94,0,0
01:11:15:02:09:28,-20.9427,-7.78201,0,0.065424,0,0,3.01315,7915.94,415739,11651.2,0,0,0,415739,0,0,4163.03,129.967,8366.32,7915.94,0,0
01:11:15:02:09:29,-21.5149,-7.78201,0,0.065424,0,0,3.01315,7915.94,415739,11651.2,0,0,0,415739,0,0,4163.03,129.983,8366.32,7915.94,0,0
01:11:15:02:09:30,-21.5149,-8.06811,0,0.0627537,0,0,3.01315,7915.94,415739,11651.2,0,0,0,415739,0,0,4163.03,130,8366.32,7915.94,0,0
01:11:15:02:09:31,-21.2288,-8.06811,0,0.0600815,0,0,3.01315,7915.94,415739,11651.2,0,0,0,415739,0,0,4163.03,130.017,8366.32,7915.94,0,0
01:11:15:02:09:32,-21.2288,-7.78201,0,0.0614185,0,0,3.01315,7915.94,415739,11651.2,0,0,0,415739,0,0,4163.03,130.033,8366.32,7915.94,0,0
01:11:15:02:09:33,-21.801,-8.64032,0,0.0614185,0,0,3.01315,7915.94,415739,11651.2,0,0,0,415739,0,0,4163.03,130.05,8366.32,7915.94,0,0
01:11:15:02:09:34,-21.801,-8.64032,0,0.0640869,0,0,3.01315,7915.94,415739,11651.2,0,0,0,415739,0,0,4163.03,130.067,8366.32,7915.94,0,0
01:11:15:02:09:35,-22.3732,-8.64032,0,0.0667572,0,0,3.01315,7915.94,415739,11651.2,0,0,0,415739,0,0,4163.03,130.083,8366.32,7915.94,0,0
01:11:15:02:09:36,-21.801,-8.64032,0,0.0680924,0,0,3.01315,7915.94,415739,11651.2,0,0,0,415739,0,0,4163.03,130.1,8366.32,7915.94,0,0
01:11:15:02:09:37,-22.3732,-8.92642,0,0.0640869,0,0,3.01315,7915.94,415739,11651.2,0,0,0,415739,0,0,4163.03,130.117,8366.32,7915.94,0,0
01:11:15:02:09:38,-22.3732,-8.92642,0,0.0614185,0,0,3.01315,7915.94,415739,11651.2,0,0,0,415739,0,0,4163.03,130.133,8366.32,7915.94,0,0
01:11:15:02:09:39,-22.6593,-9.49862,0,0.0640869,0,0,3.01315,7915.94,415739,11651.2,0,0,0,415739,0,0,4163.03,130.15,8366.32,7915.94,0,0
01:11:15:02:09:40,-22.3732,-9.49862,0,0.065424,0,0,3.01315,7915.94,415739,11651.2,0,0,0,415739,0,0,4163.03,130.167,8366.32,7915.94,0,0
01:11:15:02:09:41,-22.9454,-8.92642,0,0.065424,0,0,3.01315,7915.94,415739,11651.2,0,0,0,415739,0,0,4163.03,130.183,8366.32,7915.94,0,0
01:11:15:02:09:42,-22.9454,-8.92642,0,0.0640869,0,0,3.01315,7915.94,415739,11651.2,0,0,0,415739,0,0,4163.03,130.2,8366.32,7915.94,0,0
01:11:15:02:09:43,-22.6593,-9.49862,0,0.0640869,0,0,3.01315,7915.94,415739,11651.2,0,0,0,415739,0,0,4163.03,130.217,8366.32,7915.94,0,0
01:11:15:02:09:44,-22.3732,-9.78472,0,0.065424,0,0,3.01315,7915.94,415739,11651.2,0,0,0,415739,0,0,4163.03,130.233,8366.32,7915.94,0,0
01:11:15:02:09:45,-22.9454,-9.78472,0,0.0667572,0,0,3.01315,7915.94,415739,11651.2,0,0,0,415739,0,0,4163.03,130.25,8366.32,7915.94,0,0
01:11:15:02:09:46,-22.6593,-9.49862,0,0.065424,0,0,3.01315,7915.94,415739,11651.2,0,0,0,415739,0,0,4163.03,130.267,8366.32,7915.94,0,0
01:11:15:02:09:47,-23.2315,-10.3569,0,0.0640869,0,0,3.01315,7915.94,415739,11651.2,0,0,0,415739,0,0,4163.03,130.283,8366.32,7915.94,0,0
01:11:15:02:09:48,-23.5176,-9.49862,0,0.0640869,0,0,3.01315,7915.94,415739,11651.2,0,0,0,415739,0,0,4163.03,130.3,8366.32,7915.94,0,0
01:11:15:02:09:49,-23.2315,-10.0708,0,0.0680924,0,0,3.01315,7915.94,415739,11651.2,0,0,0,415739,0,0,4163.03,130.317,8366.32,7915.94,0,0
01:11:15:02:09:50,-23.5176,-9.49862,0,0.0680924,0,0,3.01315,7915.94,415739,11651.2,0,0,0,415739,0,0,4163.03,130.333,8366.32,7915.94,0,0
01:11:15:02:09:51,-22.9454,-9.49862,0,0.065424,0,0,3.01315,7915.94,415739,11651.2,0,0,0,415739,0,0,4163.03,130.35,8366.32,7915.94,0,0
01:11:15:02:09:52,-23.2315,-9.78472,0,0.0680924,0,0,3.01315,7915.94,415739,11651.2,0,0,0,415739,0,0,4163.03,130.367,8366.32,7915.94,0,0
01:11:15:02:09:53,-23.2315,-9.78472,0,0.0667572,0,0,3.01315,7915.94,415739,11651.2,0,0,0,415739,0,0,4163.03,130.383,8366.32,7915.94,0,0
01:11:15:02:09:54,-22.9454,-10.3569,0,0.0694294,0,0,3.01315,7915.94,415739,11651.2,0,0,0,415739,0,0,4163.03,130.4,8366.32,7915.94,0,0
01:11:15:02:09:55,-23.5176,-10.0708,0,0.0680924,0,0,3.01315,7915.94,415739,11651.2,0,0,0,415739,0,0,4163.03,130.417,8366.32,7915.94,0,0
01:11:15:02:09:56,-23.2315,-10.0708,0,0.065424,0,0,3.01315,7915.94,415739,11651.2,0,0,0,415739,0,0,4163.03,130.433,8366.32,7915.94,0,0
01:11:15:02:09:57,-23.5176,-9.78472,0,0.0640869,0,0,3.01315,7915.94,415739,11651.2,0,0,0,415739,0,0,4163.03,130.45,8366.32,7915.94,0,0
01:11:15:02:09:58,-23.2315,-10.0708,0,0.065424,0,0,3.01315,7915.94,415739,11651.2,0,0,0,415739,0,0,4163.03,130.467,8366.32,7915.94,0,0
01:11:15:02:09:59,-22.9454,-10.0708,0,0.0627537,0,0,3.01315,7915.94,415739,11651.2,0,0,0,415739,0,0,4163.03,130.483,8366.32,7915.94,0,0
01:11:15:02:10:00,-23.8037,-10.643,0,0.065424,0,0,3.01315,7915.94,415739,11651.2,0,0,0,415739,0,0,4163.03,130.5,8366.32,7915.94,0,0
01:11:15:02:10:01,-23.8037,-10.3569,0,0.0680924,0,0,3.01315,7915.94,415739,11651.2,0,0,0,415739,0,0,4163.03,130.517,8366.32,7915.94,0,0
01:11:15:02:10:02,-23.8037,-10.0708,0,0.0640869,0,0,3.01315,7915.94,415739,11651.2,0,0,0,415739,0,0,4163.03,130.533,8366.32,7915.94,0,0
01:11:15:02:10:03,-23.2315,-10.3569,0,0.0640869,0,0,3.01315,7915.94,415739,11651.2,0,0,0,415739,0,0,4163.03,130.55,8366.32,7915.94,0,0
01:11:15:02:10:04,-23.5176,-9.49862,0,0.0640869,0,0,3.01315,7915.94,415739,11651.2,0,0,0,415739,0,0,4163.03,130.567,8366.32,7915.94,0,0
01:11:15:02:10:05,-23.5176,-10.3569,0,0.0614185,0,0,3.01315,7915.94,415739,11651.2,0,0,0,415739,0,0,4163.03,130.583,8366.32,7915.94,0,0
01:11:15:02:10:06,-23.8037,-9.78472,0,0.0614185,0,0,3.01315,7915.94,415739,11651.2,0,0,0,415739,0,0,4163.03,130.6,8366.32,7915.94,0,0
01:11:15:02:10:07,-23.5176,-10.0708,0,0.0667572,0,0,3.01315,7915.94,415739,11651.2,0,0,0,415739,0,0,4163.03,130.617,8366.32,7915.94,0,0
01:11:15:02:10:08,-23.8037,-10.3569,0,0.0627537,0,0,3.01315,7915.94,415739,11651.2,0,0,0,415739,0,0,4163.03,130.633,8366.32,7915.94,0,0
01:11:15:02:10:09,-23.5176,-10.0708,0,0.065424,0,0,3.01315,7915.94,415739,11651.2,0,0,0,415739,0,0,4163.03,130.65,8366.32,7915.94,0,0
01:11:15:02:10:10,-23.2315,-9.78472,0,0.0667572,0,0,3.01315,7915.94,415739,11651.2,0,0,0,415739,0,0,4163.03,130.667,8366.32,7915.94,0,0
01:11:15:02:10:11,-22.9454,-10.0708,0,0.0680924,0,0,3.01315,7915.94,415739,11651.2,0,0,0,415739,0,0,4163.03,130.683,8366.32,7915.94,0,0
01:11:15:02:10:12,-23.2315,-10.0708,0,0.0667572,0,0,3.01315,7915.94,415739,11651.2,0,0,0,415739,0,0,4163.03,130.7,8366.32,7915.94,0,0
01:11:15:02:10:13,-23.5176,-10.0708,0,0.0680924,0,0,3.01315,7915.94,415739,11651.2,0,0,0,415739,0,0,4163.03,130.717,8366.32,7915.94,0,0
01:11:15:02:10:14,-22.6593,-10.643,0,0.0680924,0,0,3.01315,7915.94,415739,11651.2,0,0,0,415739,0,0,4163.03,130.733,8366.32,7915.94,0,0
01:11:15:02:10:15,-23.8037,-9.78472,0,0.065424,0,0,3.01315,7915.94,415739,11651.2,0,0,0,415739,0,0,4163.03,130.75,8366.32,7915.94,0,0
01:11:15:02:10:16,-23.5176,-9.78472,0,0.0680924,0,0,3.01315,7915.94,415739,11651.2,0,0,0,415739,0,0,4163.03,130.767,8366.32,7915.94,0,0
01:11:15:02:10:17,-23.5176,-9.78472,0,0.065424,0,0,3.01315,7915.94,415739,11651.2,0,0,0,415739,0,0,4163.03,130.783,8366.32,7915.94,0,0
01:11:15:02:10:18,-23.2315,-10.643,0,0.0627537,0,0,3.01315,7915.94,415739,11651.2,0,0,0,415739,0,0,4163.03,130.8,8366.32,7915.94,0,0
01:11:15:02:10:19,-22.9454,-10.0708,0,0.0614185,0,0,3.01315,7915.94,415739,11651.2,0,0,0,415739,0,0,4163.03,130.817,8366.32,7915.94,0,0
01:11:15:02:10:20,-23.2315,-10.0708,0,0.0614185,0,0,3.01315,7915.94,415739,11651.2,0,0,0,415739,0,0,4163.03,130.833,8366.32,7915.94,0,0
01:11:15:02:10:21,-23.5176,-10.643,0,0.0640869,0,0,3.01315,7915.94,415739,11651.2,0,0,0,415739,0,0,4163.03,130.85,8366.32,7915.94,0,0
01:11:15:02:10:22,-23.8037,-10.3569,0,0.0680924,0,0,3.01315,7915.94,415739,11651.2,0,0,0,415739,0,0,4163.03,130.867,8366.32,7915.94,0,0
01:11:15:02:10:23,-23.2315,-10.0708,0,0.065424,0,0,3.01315,7915.94,415739,11651.2,0,0,0,415739,0,0,4163.03,130.883,8366.32,7915.94,0,0
01:11:15:02:10:24,-23.8037,-10.0708,0,0.0680924,0,0,3.01315,7915.94,415739,11651.2,0,0,0,415739,0,0,4163.03,130.9,8366.32,7915.94,0,0
01:11:15:02:10:25,-23.5176,-9.49862,0,0.0640869,0,0,3.01315,7915.94,415739,11651.2,0,0,0,415739,0,0,4163.03,130.917,8366.32,7915.94,0,0
01:11:15:02:10:26,-23.8037,-9.78472,0,0.0640869,0,0,3.01315,7915.94,415739,11651.2,0,0,0,415739,0,0,4163.03,130.933,8366.32,7915.94,0,0
01:11:15:02:10:27,-23.5176,-9.78472,0,0.0627537,0,0,3.01315,7915.94,415739,11651.2,0,0,0,415739,0,0,4163.03,130.95,8366.32,7915.94,0,0
01:11:15:02:10:28,-23.5176,-10.0708,0,0.0627537,0,0,3.01315,7915.94,415739,11651.2,0,0,0,415739,0,0,4163.03,130.967,8366.32,7915.94,0,0
01:11:15:02:10:29,-23.8037,-10.643,0,0.0627537,0,0,3.01315,7915.94,415739,11651.2,0,0,0,415739,0,0,4163.03,130.983,8366.32,7915.94,0,0
01:11:15:02:10:30,-23.5176,-10.0708,0,0.0600815,0,0,3.01315,7915.94,415739,11651.2,0,0,0,415739,0,0,4163.03,131,8366.32,7915.94,0,0
01:11:15:02:10:31,-23.2315,-10.3569,0,0.0640869,0,0,3.01315,7915.94,415739,11651.2,0,0,0,415739,0,0,4163.03,131.017,8366.32,7915.94,0,0
01:11:15:02:10:32,-23.8037,-10.0708,0,0.0614185,0,0,3.01315,7915.94,415739,11651.2,0,0,0,415739,0,0,4163.03,131.033,8366.32,7915.94,0,0
01:11:15:02:10:33,-23.2315,-9.78472,0,0.0574112,0,0,3.01315,7915.94,415739,11651.2,0,0,0,415739,0,0,4163.03,131.05,8366.32,7915.94,0,0
01:11:15:02:10:34,-22.9454,-10.0708,0,0.0614185,0,0,3.01315,7915.94,415739,11651.2,0,0,0,415739,0,0,4163.03,131.067,8366.32,7915.94,0,0
01:11:15:02:10:35,-23.5176,-10.0708,0,0.0627537,0,0,3.01315,7915.94,415739,11651.2,0,0,0,415739,0,0,4163.03,131.083,8366.32,7915.94,0,0
01:11:15:02:10:36,-22.9454,-10.3569,0,0.0627537,0,0,3.01315,7915.94,415739,11651.2,0,0,0,415739,0,0,4163.03,131.1,8366.32,7915.94,0,0
01:11:15:02:10:37,-22.9454,-10.0708,0,0.0627537,0,0,3.01315,7915.94,415739,11651.2,0,0,0,415739,0,0,4163.03,131.117,8366.32,7915.94,0,0
01:11:15:02:10:38,-23.8037,-9.78472,0,0.0627537,0,0,3.01315,7915.94,415739,11651.2,0,0,0,415739,0,0,4163.03,131.133,8366.32,7915.94,0,0
01:11:15:02:10:39,-23.2315,-10.643,0,0.0627537,0,0,3.01315,7915.94,415739,11651.2,0,0,0,415739,0,0,4163.03,131.15,8366.32,7915.94,0,0
01:11:15:02:10:40,-23.2315,-10.3569,0,0.065424,0,0,3.01315,7915.94,415739,11651.2,0,0,0,415739,0,0,4163.03,131.167,8366.32,7915.94,0,0
01:11:15:02:10:41,-23.5176,-10.643,0,0.065424,0,0,3.01315,7915.94,415739,11651.2,0,0,0,415739,0,0,4163.03,131.183,8366.32,7915.94,0,0
01:11:15:02:10:42,-23.2315,-10.0708,0,0.065424,0,0,3.01315,7915.94,415739,11651.2,0,0,0,415739,0,0,4163.03,131.2,8366.32,7915.94,0,0
01:11:15:02:10:43,-23.2315,-10.643,0,0.0600815,0,0,3.01315,7915.94,415739,11651.2,0,0,0,415739,0,0,4163.03,131.217,8366.32,7915.94,0,0
01:11:15:02:10:44,-23.2315,-10.643,0,0.0614185,0,0,3.01315,7915.94,415739,11651.2,0,0,0,415739,0,0,4163.03,131.233,8366.32,7915.94,0,0
01:11:15:02:10:45,-23.8037,-10.643,0,0.0667572,0,0,3.01315,7915.94,415739,11651.2,0,0,0,415739,0,0,4163.03,131.25,8366.32,7915.94,0,0
01:11:15:02:10:46,-22.9454,-10.0708,0,0.065424,0,0,3.01315,7915.94,415739,11651.2,0,0,0,415739,0,0,4163.03,131.267,8366.32,7915.94,0,0
01:11:15:02:10:47,-23.8037,-10.9291,0,0.0640869,0,0,3.01315,7915.94,415739,11651.2,0,0,0,415739,0,0,4163.03,131.283,8366.32,7915.94,0,0
01:11:15:02:10:48,-23.5176,-11.2152,0,0.0640869,0,0,3.01315,7915.94,415739,11651.2,0,0,0,415739,0,0,4163.03,131.3,8366.32,7915.94,0,0
01:11:15:02:10:49,-24.0898,-10.3569,0,0.0600815,0,0,3.01315,7915.94,415739,11651.2,0,0,0,415739,0,0,4163.03,131.317,8366.32,7915.94,0,0
01:11:15:02:10:50,-23.8037,-10.0708,0,0.0614185,0,0,3.01315,7915.94,415739,11651.2,0,0,0,415739,0,0,4163.03,131.333,8366.32,7915.94,0,0
01:11:15:02:10:51,-23.2315,-10.0708,0,0.065424,0,0,3.01315,7915.94,415739,11651.2,0,0,0,415739,0,0,4163.03,131.35,8366.32,7915.94,0,0
01:11:15:02:10:52,-23.2315,-10.643,0,0.0627537,0,0,3.01315,7915.94,415739,11651.2,0,0,0,415739,0,0,4163.03,131.367,8366.32,7915.94,0,0
01:11:15:02:10:53,-24.0898,-10.0708,0,0.0627537,0,0,3.01315,7915.94,415739,11651.2,0,0,0,415739,0,0,4163.03,131.383,8366.32,7915.94,0,0
01:11:15:02:10:54,-22.9454,-10.0708,0,0.0680924,0,0,3.01315,7915.94,415739,11651.2,0,0,0,415739,0,0,4163.03,131.4,8366.32,7915.94,0,0
01:11:15:02:10:55,-23.5176,-10.0708,0,0.065424,0,0,3.01315,7915.94,415739,11651.2,0,0,0,415739,0,0,4163.03,131.417,8366.32,7915.94,0,0
01:11:15:02:10:56,-22.9454,-10.3569,0,0.0667572,0,0,3.01315,7915.94,415739,11651.2,0,0,0,415739,0,0,4163.03,131.433,8366.32,7915.94,0,0
01:11:15:02:10:57,-22.9454,-9.78472,0,0.0667572,0,0,3.01315,7915.94,415739,11651.2,0,0,0,415739,0,0,4163.03,131.45,8366.32,7915.94,0,0
01:11:15:02:10:58,-23.5176,-10.0708,0,0.065424,0,0,3.01315,7915.94,415739,11651.2,0,0,0,415739,0,0,4163.03,131.467,8366.32,7915.94,0,0
01:11:15:02:10:59,-23.2315,-9.78472,0,0.0694294,0,0,3.01315,7915.94,415739,11651.2,0,0,0,415739,0,0,4163.03,131.483,8366.32,7915.94,0,0
01:11:15:02:11:00,-23.5176,-10.643,0,0.065424,0,0,3.01315,7915.94,415739,11651.2,0,0,0,415739,0,0,4163.03,131.5,8366.32,7915.94,0,0
01:11:15:02:11:01,-23.8037,-9.78472,0,0.065424,0,0,3.01315,7915.94,415739,11651.2,0,0,0,415739,0,0,4163.03,131.517,8366.32,7915.94,0,0
01:11:15:02:11:02,-23.5176,-10.643,0,0.0667572,0,0,3.01315,7915.94,415739,11651.2,0,0,0,415739,0,0,4163.03,131.533,8366.32,7915.94,0,0
01:11:15:02:11:03,-23.2315,-10.643,0,0.0694294,0,0,3.01315,7915.94,415739,11651.2,0,0,0,415739,0,0,4163.03,131.55,8366.32,7915.94,0,0
01:11:15:02:11:04,-23.5176,-10.0708,0,0.0640869,0,0,3.01315,7915.94,415739,11651.2,0,0,0,415739,0,0,4163.03,131.567,8366.32,7915.94,0,0
01:11:15:02:11:05,-23.8037,-9.49862,0,0.0680924,0,0,3.01315,7915.94,415739,11651.2,0,0,0,415739,0,0,4163.03,131.583,8366.32,7915.94,0,0
01:11:15:02:11:06,-24.0898,-10.0708,0,0.0640869,0,0,3.01315,7915.94,415739,11651.2,0,0,0,415739,0,0,4163.03,131.6,8366.32,7915.94,0,0
01:11:15:02:11:07,-22.9454,-9.49862,0,0.065424,0,0,3.01315,7915.94,415739,11651.2,0,0,0,415739,0,0,4163.03,131.617,8366.32,7915.94,0,0
01:11:15:02:11:08,-23.5176,-10.0708,0,0.065424,0,0,3.01315,7915.94,415739,11651.2,0,0,0,415739,0,0,4163.03,131.633,8366.32,7915.94,0,0
01:11:15:02:11:09,-23.8037,-10.0708,0,0.0640869,0,0,3.01315,7915.94,415739,11651.2,0,0,0,415739,0,0,4163.03,131.65,8366.32,7915.94,0,0
01:11:15:02:11:10,-24.0898,-10.3569,0,0.065424,0,0,3.01315,7915.94,415739,11651.2,0,0,0,415739,0,0,4163.03,131.667,8366.32,7915.94,0,0
01:11:15:02:11:11,-23.5176,-10.0708,0,0.0667572,0,0,3.01315,7915.94,415739,11651.2,0,0,0,415739,0,0,4163.03,131.683,8366.32,7915.94,0,0
01:11:15:02:11:12,-23.8037,-10.643,0,0.0640869,0,0,3.01315,7915.94,415739,11651.2,0,0,0,415739,0,0,4163.03,131.7,8366.32,7915.94,0,0
01:11:15:02:11:13,-23.2315,-10.3569,0,0.0627537,0,0,3.01315,7915.94,415739,11651.2,0,0,0,415739,0,0,4163.03,131.717,8366.32,7915.94,0,0
01:11:15:02:11:14,-23.5176,-10.0708,0,0.0614185,0,0,3.01315,7915.94,415739,11651.2,0,0,0,415739,0,0,4163.03,131.733,8366.32,7915.94,0,0
01:11:15:02:11:15,-23.2315,-10.643,0,0.0667572,0,0,3.01315,7915.94,415739,11651.2,0,0,0,415739,0,0,4163.03,131.75,8366.32,7915.94,0,0
01:11:15:02:11:16,-23.2315,-10.3569,0,0.065424,0,0,3.01315,7915.94,415739,11651.2,0,0,0,415739,0,0,4163.03,131.767,8366.32,7915.94,0,0
01:11:15:02:11:17,-23.5176,-10.0708,0,0.0680924,0,0,3.01315,7915.94,415739,11651.2,0,0,0,415739,0,0,4163.03,131.783,8366.32,7915.94,0,0
01:11:15:02:11:18,-23.2315,-10.3569,0,0.0667572,0,0,3.01315,7915.94,415739,11651.2,0,0,0,415739,0,0,4163.03,131.8,8366.32,7915.94,0,0
01:11:15:02:11:19,-23.2315,-10.3569,0,0.065424,0,0,3.01315,7915.94,415739,11651.2,0,0,0,415739,0,0,4163.03,131.817,8366.32,7915.94,0,0
01:11:15:02:11:20,-22.9454,-10.3569,0,0.0694294,0,0,3.01315,7915.94,415739,11651.2,0,0,0,415739,0,0,4163.03,131.833,8366.32,7915.94,0,0
01:11:15:02:11:21,-23.5176,-10.3569,0,0.0627537,0,0,3.01315,7915.94,415739,11651.2,0,0,0,415739,0,0,4163.03,131.85,8366.32,7915.94,0,0
01:11:15:02:11:22,-23.2315,-9.78472,0,0.0667572,0,0,3.01315,7915.94,415739,11651.2,0,0,0,415739,0,0,4163.03,131.867,8366.32,7915.94,0,0
01:11:15:02:11:23,-23.5176,-10.3569,0,0.0667572,0,0,3.01315,7915.94,415739,11651.2,0,0,0,415739,0,0,4163.03,131.883,8366.32,7915.94,0,0
01:11:15:02:11:24,-23.2315,-10.643,0,0.0667572,0,0,3.01315,7915.94,415739,11651.2,0,0,0,415739,0,0,4163.03,131.9,8366.32,7915.94,0,0
01:11:15:02:11:25,-23.5176,-10.3569,0,0.0667572,0,0,3.01315,7915.94,415739,11651.2,0,0,0,415739,0,0,4163.03,131.917,8366.32,7915.94,0,0
01:11:15:02:11:26,-23.5176,-10.0708,0,0.0667572,0,0,3.01315,7915.94,415739,11651.2,0,0,0,415739,0,0,4163.03,131.933,8366.32,7915.94,0,0
01:11:15:02:11:27,-23.2315,-10.643,0,0.0640869,0,0,3.01315,7915.94,415739,11651.2,0,0,0,415739,0,0,4163.03,131.95,8366.32,7915.94,0,0
01:11:15:02:11:28,-23.2315,-10.3569,0,0.0680924,0,0,3.01315,7915.94,415739,11651.2,0,0,0,415739,0,0,4163.03,131.967,8366.32,7915.94,0,0
01:11:15:02:11:29,-23.2315,-9.78472,0,0.0694294,0,0,3.01315,7915.94,415739,11651.2,0,0,0,415739,0,0,4163.03,131.983,8366.32,7915.94,0,0
01:11:15:02:11:30,-23.2315,-10.0708,0,0.0694294,0,0,3.01315,7915.94,415739,11651.2,0,0,0,415739,0,0,4163.03,132,8366.32,7915.94,0,0
01:11:15:02:11:31,-23.5176,-10.0708,0,0.0694294,0,0,3.01315,7915.94,415739,11651.2,0,0,0,415739,0,0,4163.03,132.017,8366.32,7915.94,0,0
01:11:15:02:11:32,-23.2315,-10.3569,0,0.0667572,0,0,3.01315,7915.94,415739,11651.2,0,0,0,415739,0,0,4163.03,132.033,8366.32,7915.94,0,0
01:11:15:02:11:33,-23.8037,-9.78472,0,0.0667572,0,0,3.01315,7915.94,415739,11651.2,0,0,0,415739,0,0,4163.03,132.05,8366.32,7915.94,0,0
01:11:15:02:11:34,-23.8037,-10.0708,0,0.0640869,0,0,3.01315,7915.94,415739,11651.2,0,0,0,415739,0,0,4163.03,132.067,8366.32,7915.94,0,0
01:11:15:02:11:35,-23.5176,-10.643,0,0.0667572,0,0,3.01315,7915.94,415739,11651.2,0,0,0,415739,0,0,4163.03,132.083,8366.32,7915.94,0,0
01:11:15:02:11:36,-23.2315,-9.78472,0,0.065424,0,0,3.01315,7915.94,415739,11651.2,0,0,0,415739,0,0,4163.03,132.1,8366.32,7915.94,0,0
01:11:15:02:11:37,-23.2315,-10.0708,0,0.0667572,0,0,3.01315,7915.94,415739,11651.2,0,0,0,415739,0,0,4163.03,132.117,8366.32,7915.94,0,0
01:11:15:02:11:38,-23.8037,-10.3569,0,0.0640869,0,0,3.01315,7915.94,415739,11651.2,0,0,0,415739,0,0,4163.03,132.133,8366.32,7915.94,0,0
01:11:15:02:11:39,-24.0898,-10.0708,0,0.0640869,0,0,3.01315,7915.94,415739,11651.2,0,0,0,415739,0,0,4163.03,132.15,8366.32,7915.94,0,0
01:11:15:02:11:40,-23.8037,-10.3569,0,0.065424,0,0,3.01315,7915.94,415739,11651.2,0,0,0,415739,0,0,4163.03,132.167,8366.32,7915.94,0,0
01:11:15:02:11:41,-23.8037,-10.0708,0,0.0680924,0,0,3.01315,7915.94,415739,11651.2,0,0,0,415739,0,0,4163.03,132.183,8366.32,7915.94,0,0
01:11:15:02:11:42,-23.5176,-10.0708,0,0.0614185,0,0,3.01315,7915.94,415739,11651.2,0,0,0,415739,0,0,4163.03,132.2,8366.32,7915.94,0,0
01:11:15:02:11:43,-22.9454,-9.78472,0,0.0614185,0,0,3.01315,7915.94,415739,11651.2,0,0,0,415739,0,0,4163.03,132.217,8366.32,7915.94,0,0
01:11:15:02:11:44,-24.0898,-10.0708,0,0.0627537,0,0,3.01315,7915.94,415739,11651.2,0,0,0,415739,0,0,4163.03,132.233,8366.32,7915.94,0,0
01:11:15:02:11:45,-23.8037,-10.643,0,0.0600815,0,0,3.01315,7915.94,415739,11651.2,0,0,0,415739,0,0,4163.03,132.25,8366.32,7915.94,0,0
01:11:15:02:11:46,-23.2315,-10.3569,0,0.0600815,0,0,3.01315,7915.94,415739,11651.2,0,0,0,415739,0,0,4163.03,132.267,8366.32,7915.94,0,0
01:11:15:02:11:47,-23.2315,-10.3569,0,0.0587482,0,0,3.01315,7915.94,415739,11651.2,0,0,0,415739,0,0,4163.03,132.283,8366.32,7915.94,0,0
01:11:15:02:11:48,-23.8037,-10.3569,0,0.0614185,0,0,3.01315,7915.94,415739,11651.2,0,0,0,415739,0,0,4163.03,132.3,8366.32,7915.94,0,0
01:11:15:02:11:49,-24.3759,-10.3569,0,0.0627537,0,0,3.01315,7915.94,415739,11651.2,0,0,0,415739,0,0,4163.03,132.317,8366.32,7915.94,0,0
01:11:15:02:11:50,-23.5176,-10.9291,0,0.0627537,0,0,3.01315,7915.94,415739,11651.2,0,0,0,415739,0,0,4163.03,132.333,8366.32,7915.94,0,0
01:11:15:02:11:51,-23.5176,-10.3569,0,0.0667572,0,0,3.01315,7915.94,415739,11651.2,0,0,0,415739,0,0,4163.03,132.35,8366.32,7915.94,0,0
01:11:15:02:11:52,-23.5176,-10.0708,0,0.0640869,0,0,3.01315,7915.94,415739,11651.2,0,0,0,415739,0,0,4163.03,132.367,8366.32,7915.94,0,0
01:11:15:02:11:53,-23.2315,-10.0708,0,0.0600815,0,0,3.01315,7915.94,415739,11651.2,0,0,0,415739,0,0,4163.03,132.383,8366.32,7915.94,0,0
01:11:15:02:11:54,-23.2315,-10.9291,0,0.0627537,0,0,3.01315,7915.94,415739,11651.2,0,0,0,415739,0,0,4163.03,132.4,8366.32,7915.94,0,0
01:11:15:02:11:55,-23.5176,-10.643,0,0.0627537,0,0,3.01315,7915.94,415739,11651.2,0,0,0,415739,0,0,4163.03,132.417,8366.32,7915.94,0,0
01:11:15:02:11:56,-23.2315,-10.0708,0,0.0640869,0,0,3.01315,7915.94,415739,11651.2,0,0,0,415739,0,0,4163.03,132.433,8366.32,7915.94,0,0
01:11:15:02:11:57,-23.5176,-9.78472,0,0.0600815,0,0,3.01315,7915.94,415739,11651.2,0,0,0,415739,0,0,4163.03,132.45,8366.32,7915.94,0,0
01:11:15:02:11:58,-23.2315,-10.3569,0,0.065424,0,0,3.01315,7915.94,415739,11651.2,0,0,0,415739,0,0,4163.03,132.467,8366.32,7915.94,0,0
01:11:15:02:11:59,-24.0898,-10.643,0,0.0627537,0,0,3.01315,7915.94,415739,11651.2,0,0,0,415739,0,0,4163.03,132.483,8366.32,7915.94,0,0
01:11:15:02:12:00,-23.2315,-10.643,0,0.0640869,0,0,3.01315,7915.94,415739,11651.2,0,0,0,415739,0,0,4163.03,132.5,8366.32,7915.94,0,0
01:11:15:02:12:01,-23.8037,-9.78472,0,0.065424,0,0,3.01315,7915.94,415739,11651.2,0,0,0,415739,0,0,4163.03,132.517,8366.32,7915.94,0,0
01:11:15:02:12:02,-24.0898,-10.3569,0,0.065424,0,0,3.01315,7915.94,415739,11651.2,0,0,0,415739,0,0,4163.03,132.533,8366.32,7915.94,0,0
01:11:15:02:12:03,-23.5176,-10.643,0,0.0614185,0,0,3.01315,7915.94,415739,11651.2,0,0,0,415739,0,0,4163.03,132.55,8366.32,7915.94,0,0
01:11:15:02:12:04,-23.5176,-9.78472,0,0.0600815,0,0,3.01315,7915.94,415739,11651.2,0,0,0,415739,0,0,4163.03,132.567,8366.32,7915.94,0,0
01:11:15:02:12:05,-23.5176,-10.3569,0,0.065424,0,0,3.01315,7915.94,415739,11651.2,0,0,0,415739,0,0,4163.03,132.583,8366.32,7915.94,0,0
01:11:15:02:12:06,-23.8037,-10.0708,0,0.0667572,0,0,3.01315,7915.94,415739,11651.2,0,0,0,415739,0,0,4163.03,132.6,8366.32,7915.94,0,0
01:11:15:02:12:07,-23.5176,-10.643,0,0.065424,0,0,3.01315,7915.94,415739,11651.2,0,0,0,415739,0,0,4163.03,132.617,8366.32,7915.94,0,0
01:11:15:02:12:08,-23.2315,-10.0708,0,0.0667572,0,0,3.01315,7915.94,415739,11651.2,0,0,0,415739,0,0,4163.03,132.633,8366.32,7915.94,0,0
01:11:15:02:12:09,-23.8037,-10.3569,0,0.0694294,0,0,3.01315,7915.94,415739,11651.2,0,0,0,415739,0,0,4163.03,132.65,8366.32,7915.94,0,0
01:11:15:02:12:10,-23.5176,-10.643,0,0.0667572,0,0,3.01315,7915.94,415739,11651.2,0,0,0,415739,0,0,4163.03,132.667,8366.32,7915.94,0,0
01:11:15:02:12:11,-23.2315,-10.9291,0,0.0680924,0,0,3.01315,7915.94,415739,11651.2,0,0,0,415739,0,0,4163.03,132.683,8366.32,7915.94,0,0
01:11:15:02:12:12,-24.0898,-10.643,0,0.0667572,0,0,3.01315,7915.94,415739,11651.2,0,0,0,415739,0,0,4163.03,132.7,8366.32,7915.94,0,0
01:11:15:02:12:13,-23.8037,-10.3569,0,0.0694294,0,0,3.01315,7915.94,415739,11651.2,0,0,0,415739,0,0,4163.03,132.717,8366.32,7915.94,0,0
01:11:15:02:12:14,-23.8037,-10.3569,0,0.0707626,0,0,3.01315,7915.94,415739,11651.2,0,0,0,415739,0,0,4163.03,132.733,8366.32,7915.94,0,0
01:11:15:02:12:15,-23.2315,-10.0708,0,0.0694294,0,0,3.01315,7915.94,415739,11651.2,0,0,0,415739,0,0,4163.03,132.75,8366.32,7915.94,0,0
01:11:15:02:12:16,-23.2315,-10.3569,0,0.0694294,0,0,3.01315,7915.94,415739,11651.2,0,0,0,415739,0,0,4163.03,132.767,8366.32,7915.94,0,0
01:11:15:02:12:17,-23.8037,-10.9291,0,0.0667572,0,0,3.01315,7915.94,415739,11651.2,0,0,0,415739,0,0,4163.03,132.783,8366.32,7915.94,0,0
01:11:15:02:12:18,-23.2315,-10.643,0,0.0694294,0,0,3.01315,7915.94,415739,11651.2,0,0,0,415739,0,0,4163.03,132.8,8366.32,7915.94,0,0
01:11:15:02:12:19,-22.6593,-10.643,0,0.0680924,0,0,3.01315,7915.94,415739,11651.2,0,0,0,415739,0,0,4163.03,132.817,8366.32,7915.94,0,0
01:11:15:02:12:20,-23.8037,-10.643,0,0.0640869,0,0,3.01315,7915.94,415739,11651.2,0,0,0,415739,0,0,4163.03,132.833,8366.32,7915.94,0,0
01:11:15:02:12:21,-24.0898,-9.78472,0,0.0627537,0,0,3.01315,7915.94,415739,11651.2,0,0,0,415739,0,0,4163.03,132.85,8366.32,7915.94,0,0
01:11:15:02:12:22,-23.8037,-10.3569,0,0.0667572,0,0,3.01315,7915.94,415739,11651.2,0,0,0,415739,0,0,4163.03,132.867,8366.32,7915.94,0,0
01:11:15:02:12:23,-23.5176,-10.3569,0,0.0680924,0,0,3.01315,7915.94,415739,11651.2,0,0,0,415739,0,0,4163.03,132.883,8366.32,7915.94,0,0
01:11:15:02:12:24,-23.5176,-10.643,0,0.0667572,0,0,3.01315,7915.94,415739,11651.2,0,0,0,415739,0,0,4163.03,132.9,8366.32,7915.94,0,0
01:11:15:02:12:25,-23.5176,-10.0708,0,0.065424,0,0,3.01315,7915.94,415739,11651.2,0,0,0,415739,0,0,4163.03,132.917,8366.32,7915.94,0,0
01:11:15:02:12:26,-22.9454,-10.3569,0,0.0680924,0,0,3.01315,7915.94,415739,11651.2,0,0,0,415739,0,0,4163.03,132.933,8366.32,7915.94,0,0
01:11:15:02:12:27,-23.5176,-10.3569,0,0.0694294,0,0,3.01315,7915.94,415739,11651.2,0,0,0,415739,0,0,4163.03,132.95,8366.32,7915.94,0,0
01:11:15:02:12:28,-22.9454,-9.78472,0,0.0694294,0,0,3.01315,7915.94,415739,11651.2,0,0,0,415739,0,0,4163.03,132.967,8366.32,7915.94,0,0
01:11:15:02:12:29,-22.9454,-10.643,0,0.0694294,0,0,3.01315,7915.94,415739,11651.2,0,0,0,415739,0,0,4163.03,132.983,8366.32,7915.94,0,0
01:11:15:02:12:30,-23.2315,-10.3569,0,0.0667572,0,0,3.01315,7915.94,415739,11651.2,0,0,0,415739,0,0,4163.03,133,8366.32,7915.94,0,0
01:11:15:02:12:31,-23.5176,-10.643,0,0.0694294,0,0,3.01315,7915.94,415739,11651.2,0,0,0,415739,0,0,4163.03,133.017,8366.32,7915.94,0,0
01:11:15:02:12:32,-23.5176,-10.9291,0,0.065424,0,0,3.01315,7915.94,415739,11651.2,0,0,0,415739,0,0,4163.03,133.033,8366.32,7915.94,0,0
01:11:15:02:12:33,-24.3759,-10.643,0,0.0680924,0,0,3.01315,7915.94,415739,11651.2,0,0,0,415739,0,0,4163.03,133.05,8366.32,7915.94,0,0
01:11:15:02:12:34,-23.8037,-10.643,0,0.0707626,0,0,3.01315,7915.94,415739,11651.2,0,0,0,415739,0,0,4163.03,133.067,8366.32,7915.94,0,0
01:11:15:02:12:35,-23.5176,-10.3569,0,0.0694294,0,0,3.01315,7915.94,415739,11651.2,0,0,0,415739,0,0,4163.03,133.083,8366.32,7915.94,0,0
01:11:15:02:12:36,-23.8037,-10.3569,0,0.065424,0,0,3.01315,7915.94,415739,11651.2,0,0,0,415739,0,0,4163.03,133.1,8366.32,7915.94,0,0
01:11:15:02:12:37,-23.2315,-10.0708,0,0.065424,0,0,3.01315,7915.94,415739,11651.2,0,0,0,415739,0,0,4163.03,133.117,8366.32,7915.94,0,0
01:11:15:02:12:38,-22.6593,-10.3569,0,0.065424,0,0,3.01315,7915.94,415739,11651.2,0,0,0,415739,0,0,4163.03,133.133,8366.32,7915.94,0,0
01:11:15:02:12:39,-23.5176,-10.3569,0,0.065424,0,0,3.01315,7915.94,415739,11651.2,0,0,0,415739,0,0,4163.03,133.15,8366.32,7915.94,0,0
01:11:15:02:12:40,-24.0898,-10.3569,0,0.0680924,0,0,3.01315,7915.94,415739,11651.2,0,0,0,415739,0,0,4163.03,133.167,8366.32,7915.94,0,0
01:11:15:02:12:41,-23.5176,-10.3569,0,0.0694294,0,0,3.01315,7915.94,415739,11651.2,0,0,0,415739,0,0,4163.03,133.183,8366.32,7915.94,0,0
01:11:15:02:12:42,-24.0898,-9.49862,0,0.0667572,0,0,3.01315,7915.94,415739,11651.2,0,0,0,415739,0,0,4163.03,133.2,8366.32,7915.94,0,0
01:11:15:02:12:43,-23.8037,-10.3569,0,0.0640869,0,0,3.01315,7915.94,415739,11651.2,0,0,0,415739,0,0,4163.03,133.217,8366.32,7915.94,0,0
01:11:15:02:12:44,-23.5176,-10.643,0,0.0667572,0,0,3.01315,7915.94,415739,11651.2,0,0,0,415739,0,0,4163.03,133.233,8366.32,7915.94,0,0
01:11:15:02:12:45,-23.5176,-10.0708,0,0.065424,0,0,3.01315,7915.94,415739,11651.2,0,0,0,415739,0,0,4163.03,133.25,8366.32,7915.94,0,0
01:11:15:02:12:46,-23.8037,-10.643,0,0.065424,0,0,3.01315,7915.94,415739,11651.2,0,0,0,415739,0,0,4163.03,133.267,8366.32,7915.94,0,0
01:11:15:02:12:47,-22.9454,-9.78472,0,0.0667572,0,0,3.01315,7915.94,415739,11651.2,0,0,0,415739,0,0,4163.03,133.283,8366.32,7915.94,0,0
01:11:15:02:12:48,-24.0898,-10.0708,0,0.0667572,0,0,3.01315,7915.94,415739,11651.2,0,0,0,415739,0,0,4163.03,133.3,8366.32,7915.94,0,0
01:11:15:02:12:49,-23.5176,-10.643,0,0.0667572,0,0,3.01315,7915.94,415739,11651.2,0,0,0,415739,0,0,4163.03,133.317,8366.32,7915.94,0,0
01:11:15:02:12:50,-23.8037,-10.643,0,0.0694294,0,0,3.01315,7915.94,415739,11651.2,0,0,0,415739,0,0,4163.03,133.333,8366.32,7915.94,0,0
01:11:15:02:12:51,-23.2315,-10.0708,0,0.0667572,0,0,3.01315,7915.94,415739,11651.2,0,0,0,415739,0,0,4163.03,133.35,8366.32,7915.94,0,0
01:11:15:02:12:52,-23.5176,-10.3569,0,0.0680924,0,0,3.01315,7915.94,415739,11651.2,0,0,0,415739,0,0,4163.03,133.367,8366.32,7915.94,0,0
01:11:15:02:12:53,-23.2315,-10.643,0,0.0694294,0,0,3.01315,7915.94,415739,11651.2,0,0,0,415739,0,0,4163.03,133.383,8366.32,7915.94,0,0
01:11:15:02:12:54,-23.2315,-10.3569,0,0.065424,0,0,3.01315,7915.94,415739,11651.2,0,0,0,415739,0,0,4163.03,133.4,8366.32,7915.94,0,0
01:11:15:02:12:55,-23.5176,-10.3569,0,0.0667572,0,0,3.01315,7915.94,415739,11651.2,0,0,0,415739,0,0,4163.03,133.417,8366.32,7915.94,0,0
01:11:15:02:12:56,-23.8037,-10.0708,0,0.0694294,0,0,3.01315,7915.94,415739,11651.2,0,0,0,415739,0,0,4163.03,133.433,8366.32,7915.94,0,0
01:11:15:02:12:57,-23.2315,-10.643,0,0.0720997,0,0,3.01315,7915.94,415739,11651.2,0,0,0,415739,0,0,4163.03,133.45,8366.32,7915.94,0,0
01:11:15:02:12:58,-23.2315,-10.643,0,0.0694294,0,0,3.01315,7915.94,415739,11651.2,0,0,0,415739,0,0,4163.03,133.467,8366.32,7915.94,0,0
01:11:15:02:12:59,-23.5176,-10.0708,0,0.0707626,0,0,3.01315,7915.94,415739,11651.2,0,0,0,415739,0,0,4163.03,133.483,8366.32,7915.94,0,0
01:11:15:02:13:00,-23.5176,-10.3569,0,0.0694294,0,0,3.01315,7915.94,415739,11651.2,0,0,0,415739,0,0,4163.03,133.5,8366.32,7915.94,0,0
01:11:15:02:13:01,-23.2315,-10.3569,0,0.0694294,0,0,3.01315,7915.94,415739,11651.2,0,0,0,415739,0,0,4163.03,133.517,8366.32,7915.94,0,0
01:11:15:02:13:02,-23.2315,-10.9291,0,0.065424,0,0,3.01315,7915.94,415739,11651.2,0,0,0,415739,0,0,4163.03,133.533,8366.32,7915.94,0,0
01:11:15:02:13:03,-24.0898,-10.643,0,0.0667572,0,0,3.01315,7915.94,415739,11651.2,0,0,0,415739,0,0,4163.03,133.55,8366.32,7915.94,0,0
01:11:15:02:13:04,-23.5176,-9.78472,0,0.0694294,0,0,3.01315,7915.94,415739,11651.2,0,0,0,415739,0,0,4163.03,133.567,8366.32,7915.94,0,0
01:11:15:02:13:05,-23.8037,-10.3569,0,0.0680924,0,0,3.01315,7915.94,415739,11651.2,0,0,0,415739,0,0,4163.03,133.583,8366.32,7915.94,0,0
01:11:15:02:13:06,-23.8037,-10.643,0,0.0640869,0,0,3.01315,7915.94,415739,11651.2,0,0,0,415739,0,0,4163.03,133.6,8366.32,7915.94,0,0
01:11:15:02:13:07,-23.8037,-10.9291,0,0.0640869,0,0,3.01315,7915.94,415739,11651.2,0,0,0,415739,0,0,4163.03,133.617,8366.32,7915.94,0,0
01:11:15:02:13:08,-23.5176,-10.3569,0,0.0560761,0,0,3.01315,7915.94,415739,11651.2,0,0,0,415739,0,0,4163.03,133.633,8366.32,7915.94,0,0
01:11:15:02:13:09,-23.5176,-10.9291,0,0.065424,0,0,3.01315,7915.94,415739,11651.2,0,0,0,415739,0,0,4163.03,133.65,8366.32,7915.94,0,0
01:11:15:02:13:10,-23.5176,-10.3569,0,0.0680924,0,0,3.01315,7915.94,415739,11651.2,0,0,0,415739,0,0,4163.03,133.667,8366.32,7915.94,0,0
01:11:15:02:13:11,-23.2315,-10.3569,0,0.065424,0,0,3.01315,7915.94,415739,11651.2,0,0,0,415739,0,0,4163.03,133.683,8366.32,7915.94,0,0
01:11:15:02:13:12,-23.8037,-10.3569,0,0.0667572,0,0,3.01315,7915.94,415739,11651.2,0,0,0,415739,0,0,4163.03,133.7,8366.32,7915.94,0,0
01:11:15:02:13:13,-24.3759,-10.9291,0,0.065424,0,0,3.01315,7915.94,415739,11651.2,0,0,0,415739,0,0,4163.03,133.717,8366.32,7915.94,0,0
01:11:15:02:13:14,-23.5176,-11.2152,0,0.0640869,0,0,3.01315,7915.94,415739,11651.2,0,0,0,415739,0,0,4163.03,133.733,8366.32,7915.94,0,0
01:11:15:02:13:15,-23.2315,-10.3569,0,0.0640869,0,0,3.01315,7915.94,415739,11651.2,0,0,0,415739,0,0,4163.03,133.75,8366.32,7915.94,0,0
01:11:15:02:13:16,-23.5176,-10.3569,0,0.0640869,0,0,3.01315,7915.94,415739,11651.2,0,0,0,415739,0,0,4163.03,133.767,8366.32,7915.94,0,0
01:11:15:02:13:17,-23.2315,-10.643,0,0.0640869,0,0,3.01315,7915.94,415739,11651.2,0,0,0,415739,0,0,4163.03,133.783,8366.32,7915.94,0,0
01:11:15:02:13:18,-23.2315,-10.3569,0,0.065424,0,0,3.01315,7915.94,415739,11651.2,0,0,0,415739,0,0,4163.03,133.8,8366.32,7915.94,0,0
01:11:15:02:13:19,-23.8037,-10.0708,0,0.0667572,0,0,3.01315,7915.94,415739,11651.2,0,0,0,415739,0,0,4163.03,133.817,8366.32,7915.94,0,0
01:11:15:02:13:20,-23.2315,-10.9291,0,0.065424,0,0,3.01315,7915.94,415739,11651.2,0,0,0,415739,0,0,4163.03,133.833,8366.32,7915.94,0,0
01:11:15:02:13:21,-23.5176,-10.0708,0,0.0627537,0,0,3.01315,7915.94,415739,11651.2,0,0,0,415739,0,0,4163.03,133.85,8366.32,7915.94,0,0
01:11:15:02:13:22,-23.8037,-10.643,0,0.0667572,0,0,3.01315,7915.94,415739,11651.2,0,0,0,415739,0,0,4163.03,133.867,8366.32,7915.94,0,0
01:11:15:02:13:23,-23.5176,-9.78472,0,0.0640869,0,0,3.01315,7915.94,415739,11651.2,0,0,0,415739,0,0,4163.03,133.883,8366.32,7915.94,0,0
01:11:15:02:13:24,-23.5176,-9.78472,0,0.0627537,0,0,3.01315,7915.94,415739,11651.2,0,0,0,415739,0,0,4163.03,133.9,8366.32,7915.94,0,0
01:11:15:02:13:25,-23.5176,-10.643,0,0.0667572,0,0,3.01315,7915.94,415739,11651.2,0,0,0,415739,0,0,4163.03,133.917,8366.32,7915.94,0,0
01:11:15:02:13:26,-23.2315,-10.0708,0,0.0680924,0,0,3.01315,7915.94,415739,11651.2,0,0,0,415739,0,0,4163.03,133.933,8366.32,7915.94,0,0
01:11:15:02:13:27,-23.2315,-10.643,0,0.0667572,0,0,3.01315,7915.94,415739,11651.2,0,0,0,415739,0,0,4163.03,133.95,8366.32,7915.94,0,0
01:11:15:02:13:28,-23.8037,-10.3569,0,0.0694294,0,0,3.01315,7915.94,415739,11651.2,0,0,0,415739,0,0,4163.03,133.967,8366.32,7915.94,0,0
01:11:15:02:13:29,-24.0898,-10.3569,0,0.0667572,0,0,3.01315,7915.94,415739,11651.2,0,0,0,415739,0,0,4163.03,133.983,8366.32,7915.94,0,0
01:11:15:02:13:30,-23.5176,-10.3569,0,0.0667572,0,0,3.01315,7915.94,415739,11651.2,0,0,0,415739,0,0,4163.03,134,8366.32,7915.94,0,0
01:11:15:02:13:31,-23.8037,-10.3569,0,0.0694294,0,0,3.01315,7915.94,415739,11651.2,0,0,0,415739,0,0,4163.03,134.017,8366.32,7915.94,0,0
01:11:15:02:13:32,-23.5176,-10.9291,0,0.0680924,0,0,3.01315,7915.94,415739,11651.2,0,0,0,415739,0,0,4163.03,134.033,8366.32,7915.94,0,0
01:11:15:02:13:33,-23.8037,-10.9291,0,0.0680924,0,0,3.01315,7915.94,415739,11651.2,0,0,0,415739,0,0,4163.03,134.05,8366.32,7915.94,0,0
01:11:15:02:13:34,-23.2315,-10.3569,0,0.065424,0,0,3.01315,7915.94,415739,11651.2,0,0,0,415739,0,0,4163.03,134.067,8366.32,7915.94,0,0
01:11:15:02:13:35,-23.2315,-10.3569,0,0.065424,0,0,3.01315,7915.94,415739,11651.2,0,0,0,415739,0,0,4163.03,134.083,8366.32,7915.94,0,0
01:11:15:02:13:36,-24.3759,-10.9291,0,0.0640869,0,0,3.01315,7915.94,415739,11651.2,0,0,0,415739,0,0,4163.03,134.1,8366.32,7915.94,0,0
01:11:15:02:13:37,-23.8037,-10.9291,0,0.065424,0,0,3.01315,7915.94,415739,11651.2,0,0,0,415739,0,0,4163.03,134.117,8366.32,7915.94,0,0
01:11:15:02:13:38,-23.2315,-10.3569,0,0.0667572,0,0,3.01315,7915.94,415739,11651.2,0,0,0,415739,0,0,4163.03,134.133,8366.32,7915.94,0,0
01:11:15:02:13:39,-23.5176,-10.643,0,0.0720997,0,0,3.01315,7915.94,415739,11651.2,0,0,0,415739,0,0,4163.03,134.15,8366.32,7915.94,0,0
01:11:15:02:13:40,-23.5176,-10.0708,0,0.0694294,0,0,3.01315,7915.94,415739,11651.2,0,0,0,415739,0,0,4163.03,134.167,8366.32,7915.94,0,0
01:11:15:02:13:41,-24.0898,-10.3569,0,0.065424,0,0,3.01315,7915.94,415739,11651.2,0,0,0,415739,0,0,4163.03,134.183,8366.32,7915.94,0,0
01:11:15:02:13:42,-23.5176,-10.643,0,0.0667572,0,0,3.01315,7915.94,415739,11651.2,0,0,0,415739,0,0,4163.03,134.2,8366.32,7915.94,0,0
01:11:15:02:13:43,-23.5176,-10.3569,0,0.0694294,0,0,3.01315,7915.94,415739,11651.2,0,0,0,415739,0,0,4163.03,134.217,8366.32,7915.94,0,0
01:11:15:02:13:44,-24.0898,-10.3569,0,0.0694294,0,0,3.01315,7915.94,415739,11651.2,0,0,0,415739,0,0,4163.03,134.233,8366.32,7915.94,0,0
01:11:15:02:13:45,-23.5176,-10.3569,0,0.0614185,0,0,3.01315,7915.94,415739,11651.2,0,0,0,415739,0,0,4163.03,134.25,8366.32,7915.94,0,0
01:11:15:02:13:46,-23.5176,-10.643,0,0.0694294,0,0,3.01315,7915.94,415739,11651.2,0,0,0,415739,0,0,4163.03,134.267,8366.32,7915.94,0,0
01:11:15:02:13:47,-23.8037,-10.0708,0,0.0694294,0,0,3.01315,7915.94,415739,11651.2,0,0,0,415739,0,0,4163.03,134.283,8366.32,7915.94,0,0
01:11:15:02:13:48,-24.0898,-10.3569,0,0.0680924,0,0,3.01315,7915.94,415739,11651.2,0,0,0,415739,0,0,4163.03,134.3,8366.32,7915.94,0,0
01:11:15:02:13:49,-23.8037,-10.643,0,0.0667572,0,0,3.01315,7915.94,415739,11651.2,0,0,0,415739,0,0,4163.03,134.317,8366.32,7915.94,0,0
01:11:15:02:13:50,-23.2315,-9.78472,0,0.0680924,0,0,3.01315,7915.94,415739,11651.2,0,0,0,415739,0,0,4163.03,134.333,8366.32,7915.94,0,0
01:11:15:02:13:51,-23.8037,-10.3569,0,0.0680924,0,0,3.01315,7915.94,415739,11651.2,0,0,0,415739,0,0,4163.03,134.35,8366.32,7915.94,0,0
01:11:15:02:13:52,-24.0898,-10.643,0,0.0707626,0,0,3.01315,7915.94,415739,11651.2,0,0,0,415739,0,0,4163.03,134.367,8366.32,7915.94,0,0
01:11:15:02:13:53,-23.5176,-10.643,0,0.0694294,0,0,3.01315,7915.94,415739,11651.2,0,0,0,415739,0,0,4163.03,134.383,8366.32,7915.94,0,0
01:11:15:02:13:54,-23.8037,-10.3569,0,0.0707626,0,0,3.01315,7915.94,415739,11651.2,0,0,0,415739,0,0,4163.03,134.4,8366.32,7915.94,0,0
01:11:15:02:13:55,-23.2315,-10.3569,0,0.0707626,0,0,3.01315,7915.94,415739,11651.2,0,0,0,415739,0,0,4163.03,134.417,8366.32,7915.94,0,0
01:11:15:02:13:56,-24.0898,-10.643,0,0.0694294,0,0,3.01315,7915.94,415739,11651.2,0,0,0,415739,0,0,4163.03,134.433,8366.32,7915.94,0,0
01:11:15:02:13:57,-23.5176,-10.9291,0,0.0720997,0,0,3.01315,7915.94,415739,11651.2,0,0,0,415739,0,0,4163.03,134.45,8366.32,7915.94,0,0
01:11:15:02:13:58,-23.2315,-10.643,0,0.0694294,0,0,3.01315,7915.94,415739,11651.2,0,0,0,415739,0,0,4163.03,134.467,8366.32,7915.94,0,0
01:11:15:02:13:59,-23.2315,-10.0708,0,0.0694294,0,0,3.01315,7915.94,415739,11651.2,0,0,0,415739,0,0,4163.03,134.483,8366.32,7915.94,0,0
01:11:15:02:14:00,-23.5176,-10.643,0,0.0680924,0,0,3.01315,7915.94,415739,11651.2,0,0,0,415739,0,0,4163.03,134.5,8366.32,7915.94,0,0
01:11:15:02:14:01,-24.3759,-10.643,0,0.0640869,0,0,3.01315,7915.94,415739,11651.2,0,0,0,415739,0,0,4163.03,134.517,8366.32,7915.94,0,0
01:11:15:02:14:02,-23.2315,-10.643,0,0.065424,0,0,3.01315,7915.94,415739,11651.2,0,0,0,415739,0,0,4163.03,134.533,8366.32,7915.94,0,0
01:11:15:02:14:03,-23.2315,-10.643,0,0.0667572,0,0,3.01315,7915.94,415739,11651.2,0,0,0,415739,0,0,4163.03,134.55,8366.32,7915.94,0,0
01:11:15:02:14:04,-23.5176,-10.9291,0,0.0640869,0,0,3.01315,7915.94,415739,11651.2,0,0,0,415739,0,0,4163.03,134.567,8366.32,7915.94,0,0
01:11:15:02:14:05,-23.8037,-10.3569,0,0.0680924,0,0,3.01315,7915.94,415739,11651.2,0,0,0,415739,0,0,4163.03,134.583,8366.32,7915.94,0,0
01:11:15:02:14:06,-23.5176,-10.643,0,0.0694294,0,0,3.01315,7915.94,415739,11651.2,0,0,0,415739,0,0,4163.03,134.6,8366.32,7915.94,0,0
01:11:15:02:14:07,-23.2315,-10.643,0,0.0667572,0,0,3.01315,7915.94,415739,11651.2,0,0,0,415739,0,0,4163.03,134.617,8366.32,7915.94,0,0
01:11:15:02:14:08,-23.2315,-10.643,0,0.0680924,0,0,3.01315,7915.94,415739,11651.2,0,0,0,415739,0,0,4163.03,134.633,8366.32,7915.94,0,0
01:11:15:02:14:09,-23.5176,-10.643,0,0.0720997,0,0,3.01315,7915.94,415739,11651.2,0,0,0,415739,0,0,4163.03,134.65,8366.32,7915.94,0,0
01:11:15:02:14:10,-23.5176,-11.2152,0,0.0707626,0,0,3.01315,7915.94,415739,11651.2,0,0,0,415739,0,0,4163.03,134.667,8366.32,7915.94,0,0
01:11:15:02:14:11,-23.5176,-10.3569,0,0.0720997,0,0,3.01315,7915.94,415739,11651.2,0,0,0,415739,0,0,4163.03,134.683,8366.32,7915.94,0,0
01:11:15:02:14:12,-23.2315,-10.3569,0,0.0667572,0,0,3.01315,7915.94,415739,11651.2,0,0,0,415739,0,0,4163.03,134.7,8366.32,7915.94,0,0
01:11:15:02:14:13,-23.5176,-10.3569,0,0.0720997,0,0,3.01315,7915.94,415739,11651.2,0,0,0,415739,0,0,4163.03,134.717,8366.32,7915.94,0,0
01:11:15:02:14:14,-23.5176,-10.643,0,0.0734348,0,0,3.01315,7915.94,415739,11651.2,0,0,0,415739,0,0,4163.03,134.733,8366.32,7915.94,0,0
01:11:15:02:14:15,-23.5176,-10.643,0,0.0667572,0,0,3.01315,7915.94,415739,11651.2,0,0,0,415739,0,0,4163.03,134.75,8366.32,7915.94,0,0
01:11:15:02:14:16,-23.5176,-10.9291,0,0.0680924,0,0,3.01315,7915.94,415739,11651.2,0,0,0,415739,0,0,4163.03,134.767,8366.32,7915.94,0,0
01:11:15:02:14:17,-23.2315,-10.643,0,0.0707626,0,0,3.01315,7915.94,415739,11651.2,0,0,0,415739,0,0,4163.03,134.783,8366.32,7915.94,0,0
01:11:15:02:14:18,-23.2315,-10.643,0,0.0694294,0,0,3.01315,7915.94,415739,11651.2,0,0,0,415739,0,0,4163.03,134.8,8366.32,7915.94,0,0
01:11:15:02:14:19,-23.5176,-10.3569,0,0.0720997,0,0,3.01315,7915.94,415739,11651.2,0,0,0,415739,0,0,4163.03,134.817,8366.32,7915.94,0,0
01:11:15:02:14:20,-23.5176,-10.3569,0,0.0720997,0,0,3.01315,7915.94,415739,11651.2,0,0,0,415739,0,0,4163.03,134.833,8366.32,7915.94,0,0
01:11:15:02:14:21,-23.2315,-10.3569,0,0.0720997,0,0,3.01315,7915.94,415739,11651.2,0,0,0,415739,0,0,4163.03,134.85,8366.32,7915.94,0,0
01:11:15:02:14:22,-23.8037,-10.643,0,0.0694294,0,0,3.01315,7915.94,415739,11651.2,0,0,0,415739,0,0,4163.03,134.867,8366.32,7915.94,0,0
01:11:15:02:14:23,-24.0898,-10.643,0,0.0694294,0,0,3.01315,7915.94,415739,11651.2,0,0,0,415739,0,0,4163.03,134.883,8366.32,7915.94,0,0
01:11:15:02:14:24,-23.8037,-10.0708,0,0.0707626,0,0,3.01315,7915.94,415739,11651.2,0,0,0,415739,0,0,4163.03,134.9,8366.32,7915.94,0,0
01:11:15:02:14:25,-23.8037,-10.3569,0,0.0680924,0,0,3.01315,7915.94,415739,11651.2,0,0,0,415739,0,0,4163.03,134.917,8366.32,7915.94,0,0
01:11:15:02:14:26,-23.2315,-10.3569,0,0.0680924,0,0,3.01315,7915.94,415739,11651.2,0,0,0,415739,0,0,4163.03,134.933,8366.32,7915.94,0,0
01:11:15:02:14:27,-23.5176,-10.3569,0,0.0720997,0,0,3.01315,7915.94,415739,11651.2,0,0,0,415739,0,0,4163.03,134.95,8366.32,7915.94,0,0
01:11:15:02:14:28,-23.8037,-10.9291,0,0.0734348,0,0,3.01315,7915.94,415739,11651.2,0,0,0,415739,0,0,4163.03,134.967,8366.32,7915.94,0,0
01:11:15:02:14:29,-23.5176,-10.643,0,0.0720997,0,0,3.01315,7915.94,415739,11651.2,0,0,0,415739,0,0,4163.03,134.983,8366.32,7915.94,0,0
01:11:15:02:14:30,-23.5176,-10.3569,0,0.0694294,0,0,3.01315,7915.94,415739,11651.2,0,0,0,415739,0,0,4163.03,135,8366.32,7915.94,0,0
01:11:15:02:14:31,-22.9454,-10.0708,0,0.0680924,0,0,3.01315,7915.94,415739,11651.2,0,0,0,415739,0,0,4163.03,135.017,8366.32,7915.94,0,0
01:11:15:02:14:32,-23.2315,-10.0708,0,0.0694294,0,0,3.01315,7915.94,415739,11651.2,0,0,0,415739,0,0,4163.03,135.033,8366.32,7915.94,0,0
01:11:15:02:14:33,-23.8037,-10.3569,0,0.0720997,0,0,3.01315,7915.94,415739,11651.2,0,0,0,415739,0,0,4163.03,135.05,8366.32,7915.94,0,0
01:11:15:02:14:34,-23.5176,-10.3569,0,0.0694294,0,0,3.01315,7915.94,415739,11651.2,0,0,0,415739,0,0,4163.03,135.067,8366.32,7915.94,0,0
01:11:15:02:14:35,-23.2315,-10.643,0,0.0707626,0,0,3.01315,7915.94,415739,11651.2,0,0,0,415739,0,0,4163.03,135.083,8366.32,7915.94,0,0
01:11:15:02:14:36,-23.5176,-10.3569,0,0.0680924,0,0,3.01315,7915.94,415739,11651.2,0,0,0,415739,0,0,4163.03,135.1,8366.32,7915.94,0,0
01:11:15:02:14:37,-23.2315,-10.0708,0,0.0667572,0,0,3.01315,7915.94,415739,11651.2,0,0,0,415739,0,0,4163.03,135.117,8366.32,7915.94,0,0
01:11:15:02:14:38,-23.5176,-10.9291,0,0.0694294,0,0,3.01315,7915.94,415739,11651.2,0,0,0,415739,0,0,4163.03,135.133,8366.32,7915.94,0,0
01:11:15:02:14:39,-23.5176,-11.2152,0,0.0680924,0,0,3.01315,7915.94,415739,11651.2,0,0,0,415739,0,0,4163.03,135.15,8366.32,7915.94,0,0
01:11:15:02:14:40,-23.2315,-10.3569,0,0.0694294,0,0,3.01315,7915.94,415739,11651.2,0,0,0,415739,0,0,4163.03,135.167,8366.32,7915.94,0,0
01:11:15:02:14:41,-23.5176,-10.9291,0,0.0694294,0,0,3.01315,7915.94,415739,11651.2,0,0,0,415739,0,0,4163.03,135.183,8366.32,7915.94,0,0
01:11:15:02:14:42,-23.5176,-10.3569,0,0.0707626,0,0,3.01315,7915.94,415739,11651.2,0,0,0,415739,0,0,4163.03,135.2,8366.32,7915.94,0,0
01:11:15:02:14:43,-23.8037,-10.3569,0,0.0707626,0,0,3.01315,7915.94,415739,11651.2,0,0,0,415739,0,0,4163.03,135.217,8366.32,7915.94,0,0
01:11:15:02:14:44,-23.5176,-11.2152,0,0.0694294,0,0,3.01315,7915.94,415739,11651.2,0,0,0,415739,0,0,4163.03,135.233,8366.32,7915.94,0,0
01:11:15:02:14:45,-23.5176,-11.5013,0,0.0694294,0,0,3.01315,7915.94,415739,11651.2,0,0,0,415739,0,0,4163.03,135.25,8366.32,7915.94,0,0
01:11:15:02:14:46,-23.5176,-10.9291,0,0.0694294,0,0,3.01315,7915.94,415739,11651.2,0,0,0,415739,0,0,4163.03,135.267,8366.32,7915.94,0,0
01:11:15:02:14:47,-23.5176,-11.2152,0,0.0707626,0,0,3.01315,7915.94,415739,11651.2,0,0,0,415739,0,0,4163.03,135.283,8366.32,7915.94,0,0
01:11:15:02:14:48,-23.5176,-11.2152,0,0.0720997,0,0,3.01315,7915.94,415739,11651.2,0,0,0,415739,0,0,4163.03,135.3,8366.32,7915.94,0,0
01:11:15:02:14:49,-23.5176,-11.2152,0,0.0667572,0,0,3.01315,7915.94,415739,11651.2,0,0,0,415739,0,0,4163.03,135.317,8366.32,7915.94,0,0
01:11:15:02:14:50,-23.2315,-10.9291,0,0.0680924,0,0,3.01315,7915.94,415739,11651.2,0,0,0,415739,0,0,4163.03,135.333,8366.32,7915.94,0,0
01:11:15:02:14:51,-23.2315,-10.643,0,0.0694294,0,0,3.01315,7915.94,415739,11651.2,0,0,0,415739,0,0,4163.03,135.35,8366.32,7915.94,0,0
01:11:15:02:14:52,-23.8037,-10.9291,0,0.0694294,0,0,3.01315,7915.94,415739,11651.2,0,0,0,415739,0,0,4163.03,135.367,8366.32,7915.94,0,0
01:11:15:02:14:53,-23.5176,-10.9291,0,0.0680924,0,0,3.01315,7915.94,415739,11651.2,0,0,0,415739,0,0,4163.03,135.383,8366.32,7915.94,0,0
01:11:15:02:14:54,-23.2315,-11.2152,0,0.0680924,0,0,3.01315,7915.94,415739,11651.2,0,0,0,415739,0,0,4163.03,135.4,8366.32,7915.94,0,0
01:11:15:02:14:55,-23.2315,-10.9291,0,0.0680924,0,0,3.01315,7915.94,415739,11651.2,0,0,0,415739,0,0,4163.03,135.417,8366.32,7915.94,0,0
01:11:15:02:14:56,-23.5176,-10.9291,0,0.0694294,0,0,3.01315,7915.94,415739,11651.2,0,0,0,415739,0,0,4163.03,135.433,8366.32,7915.94,0,0
01:11:15:02:14:57,-23.5176,-10.3569,0,0.0694294,0,0,3.01315,7915.94,415739,11651.2,0,0,0,415739,0,0,4163.03,135.45,8366.32,7915.94,0,0
01:11:15:02:14:58,-23.2315,-10.9291,0,0.0694294,0,0,3.01315,7915.94,415739,11651.2,0,0,0,415739,0,0,4163.03,135.467,8366.32,7915.94,0,0
01:11:15:02:14:59,-23.5176,-10.3569,0,0.0720997,0,0,3.01315,7915.94,415739,11651.2,0,0,0,415739,0,0,4163.03,135.483,8366.32,7915.94,0,0
01:11:15:02:15:00,-23.5176,-10.0708,0,0.0680924,0,0,3.01315,7915.94,415739,11651.2,0,0,0,415739,0,0,4163.03,135.5,8366.32,7915.94,0,0
01:11:15:02:15:01,-23.2315,-10.3569,0,0.0680924,0,0,3.01315,7915.94,415739,11651.2,0,0,0,415739,0,0,4163.03,135.517,8366.32,7915.94,0,0
01:11:15:02:15:02,-23.5176,-10.643,0,0.0667572,0,0,3.01315,7915.94,415739,11651.2,0,0,0,415739,0,0,4163.03,135.533,8366.32,7915.94,0,0
01:11:15:02:15:03,-24.0898,-10.643,0,0.0680924,0,0,3.01315,7915.94,415739,11651.2,0,0,0,415739,0,0,4163.03,135.55,8366.32,7915.94,0,0
01:11:15:02:15:04,-24.3759,-10.3569,0,0.0694294,0,0,3.01315,7915.94,415739,11651.2,0,0,0,415739,0,0,4163.03,135.567,8366.32,7915.94,0,0
01:11:15:02:15:05,-23.5176,-10.643,0,0.0734348,0,0,3.01315,7915.94,415739,11651.2,0,0,0,415739,0,0,4163.03,135.583,8366.32,7915.94,0,0
01:11:15:02:15:06,-23.2315,-10.643,0,0.0734348,0,0,3.01315,7915.94,415739,11651.2,0,0,0,415739,0,0,4163.03,135.6,8366.32,7915.94,0,0
01:11:15:02:15:07,-23.5176,-10.9291,0,0.0667572,0,0,3.01315,7915.94,415739,11651.2,0,0,0,415739,0,0,4163.03,135.617,8366.32,7915.94,0,0
01:11:15:02:15:08,-23.8037,-10.9291,0,0.0707626,0,0,3.01315,7915.94,415739,11651.2,0,0,0,415739,0,0,4163.03,135.633,8366.32,7915.94,0,0
01:11:15:02:15:09,-23.2315,-10.643,0,0.0694294,0,0,3.01315,7915.94,415739,11651.2,0,0,0,415739,0,0,4163.03,135.65,8366.32,7915.94,0,0
01:11:15:02:15:10,-23.5176,-10.643,0,0.0680924,0,0,3.01315,7915.94,415739,11651.2,0,0,0,415739,0,0,4163.03,135.667,8366.32,7915.94,0,0
01:11:15:02:15:11,-23.5176,-10.9291,0,0.0680924,0,0,3.01315,7915.94,415739,11651.2,0,0,0,415739,0,0,4163.03,135.683,8366.32,7915.94,0,0
01:11:15:02:15:12,-23.8037,-10.3569,0,0.0707626,0,0,3.01315,7915.94,415739,11651.2,0,0,0,415739,0,0,4163.03,135.7,8366.32,7915.94,0,0
01:11:15:02:15:13,-23.2315,-10.643,0,0.0680924,0,0,3.01315,7915.94,415739,11651.2,0,0,0,415739,0,0,4163.03,135.717,8366.32,7915.94,0,0
01:11:15:02:15:14,-23.8037,-10.3569,0,0.0694294,0,0,3.01315,7915.94,415739,11651.2,0,0,0,415739,0,0,4163.03,135.733,8366.32,7915.94,0,0
01:11:15:02:15:15,-23.2315,-10.0708,0,0.0694294,0,0,3.01315,7915.94,415739,11651.2,0,0,0,415739,0,0,4163.03,135.75,8366.32,7915.94,0,0
01:11:15:02:15:16,-23.2315,-10.3569,0,0.0667572,0,0,3.01315,7915.94,415739,11651.2,0,0,0,415739,0,0,4163.03,135.767,8366.32,7915.94,0,0
01:11:15:02:15:17,-23.5176,-10.643,0,0.0707626,0,0,3.01315,7915.94,415739,11651.2,0,0,0,415739,0,0,4163.03,135.783,8366.32,7915.94,0,0
01:11:15:02:15:18,-23.8037,-10.3569,0,0.0694294,0,0,3.01315,7915.94,415739,11651.2,0,0,0,415739,0,0,4163.03,135.8,8366.32,7915.94,0,0
01:11:15:02:15:19,-23.8037,-10.3569,0,0.0734348,0,0,3.01315,7915.94,415739,11651.2,0,0,0,415739,0,0,4163.03,135.817,8366.32,7915.94,0,0
01:11:15:02:15:20,-23.5176,-11.2152,0,0.0720997,0,0,3.01315,7915.94,415739,11651.2,0,0,0,415739,0,0,4163.03,135.833,8366.32,7915.94,0,0
01:11:15:02:15:21,-23.8037,-11.2152,0,0.0680924,0,0,3.01315,7915.94,415739,11651.2,0,0,0,415739,0,0,4163.03,135.85,8366.32,7915.94,0,0
01:11:15:02:15:22,-23.2315,-10.3569,0,0.0707626,0,0,3.01315,7915.94,415739,11651.2,0,0,0,415739,0,0,4163.03,135.867,8366.32,7915.94,0,0
01:11:15:02:15:23,-24.3759,-10.643,0,0.0707626,0,0,3.01315,7915.94,415739,11651.2,0,0,0,415739,0,0,4163.03,135.883,8366.32,7915.94,0,0
01:11:15:02:15:24,-23.5176,-10.9291,0,0.0720997,0,0,3.01315,7915.94,415739,11651.2,0,0,0,415739,0,0,4163.03,135.9,8366.32,7915.94,0,0
01:11:15:02:15:25,-23.8037,-10.643,0,0.0720997,0,0,3.01315,7915.94,415739,11651.2,0,0,0,415739,0,0,4163.03,135.917,8366.32,7915.94,0,0
01:11:15:02:15:26,-23.2315,-10.3569,0,0.0707626,0,0,3.01315,7915.94,415739,11651.2,0,0,0,415739,0,0,4163.03,135.933,8366.32,7915.94,0,0
01:11:15:02:15:27,-23.8037,-10.3569,0,0.0694294,0,0,3.01315,7915.94,415739,11651.2,0,0,0,415739,0,0,4163.03,135.95,8366.32,7915.94,0,0
01:11:15:02:15:28,-23.2315,-10.3569,0,0.065424,0,0,3.01315,7915.94,415739,11651.2,0,0,0,415739,0,0,4163.03,135.967,8366.32,7915.94,0,0
01:11:15:02:15:29,-23.8037,-10.9291,0,0.0707626,0,0,3.01315,7915.94,415739,11651.2,0,0,0,415739,0,0,4163.03,135.983,8366.32,7915.94,0,0
01:11:15:02:15:30,-23.2315,-10.9291,0,0.0720997,0,0,3.01315,7915.94,415739,11651.2,0,0,0,415739,0,0,4163.03,136,8366.32,7915.94,0,0
01:11:15:02:15:31,-22.9454,-9.78472,0,0.0707626,0,0,3.01315,7915.94,415739,11651.2,0,0,0,415739,0,0,4163.03,136.017,8366.32,7915.94,0,0
01:11:15:02:15:32,-23.8037,-10.643,0,0.0680924,0,0,3.01315,7915.94,415739,11651.2,0,0,0,415739,0,0,4163.03,136.033,8366.32,7915.94,0,0
01:11:15:02:15:33,-23.2315,-10.9291,0,0.0707626,0,0,3.01315,7915.94,415739,11651.2,0,0,0,415739,0,0,4163.03,136.05,8366.32,7915.94,0,0
01:11:15:02:15:34,-24.0898,-11.2152,0,0.0734348,0,0,3.01315,7915.94,415739,11651.2,0,0,0,415739,0,0,4163.03,136.067,8366.32,7915.94,0,0
01:11:15:02:15:35,-22.9454,-10.9291,0,0.0720997,0,0,3.01315,7915.94,415739,11651.2,0,0,0,415739,0,0,4163.03,136.083,8366.32,7915.94,0,0
01:11:15:02:15:36,-23.8037,-10.643,0,0.0720997,0,0,3.01315,7915.94,415739,11651.2,0,0,0,415739,0,0,4163.03,136.1,8366.32,7915.94,0,0
01:11:15:02:15:37,-24.0898,-10.3569,0,0.0747681,0,0,3.01315,7915.94,415739,11651.2,0,0,0,415739,0,0,4163.03,136.117,8366.32,7915.94,0,0
01:11:15:02:15:38,-23.5176,-10.643,0,0.0720997,0,0,3.01315,7915.94,415739,11651.2,0,0,0,415739,0,0,4163.03,136.133,8366.32,7915.94,0,0
01:11:15:02:15:39,-23.8037,-10.9291,0,0.0720997,0,0,3.01315,7915.94,415739,11651.2,0,0,0,415739,0,0,4163.03,136.15,8366.32,7915.94,0,0
01:11:15:02:15:40,-23.5176,-10.643,0,0.0720997,0,0,3.01315,7915.94,415739,11651.2,0,0,0,415739,0,0,4163.03,136.167,8366.32,7915.94,0,0
01:11:15:02:15:41,-23.2315,-10.643,0,0.0707626,0,0,3.01315,7915.94,415739,11651.2,0,0,0,415739,0,0,4163.03,136.183,8366.32,7915.94,0,0
01:11:15:02:15:42,-23.2315,-10.0708,0,0.0667572,0,0,3.01315,7915.94,415739,11651.2,0,0,0,415739,0,0,4163.03,136.2,8366.32,7915.94,0,0
01:11:15:02:15:43,-23.5176,-10.9291,0,0.0667572,0,0,3.01315,7915.94,415739,11651.2,0,0,0,415739,0,0,4163.03,136.217,8366.32,7915.94,0,0
01:11:15:02:15:44,-23.5176,-10.643,0,0.0680924,0,0,3.01315,7915.94,415739,11651.2,0,0,0,415739,0,0,4163.03,136.233,8366.32,7915.94,0,0
01:11:15:02:15:45,-23.5176,-10.3569,0,0.0667572,0,0,3.01315,7915.94,415739,11651.2,0,0,0,415739,0,0,4163.03,136.25,8366.32,7915.94,0,0
01:11:15:02:15:46,-24.0898,-10.643,0,0.0680924,0,0,3.01315,7915.94,415739,11651.2,0,0,0,415739,0,0,4163.03,136.267,8366.32,7915.94,0,0
01:11:15:02:15:47,-23.8037,-10.643,0,0.0694294,0,0,3.01315,7915.94,415739,11651.2,0,0,0,415739,0,0,4163.03,136.283,8366.32,7915.94,0,0
01:11:15:02:15:48,-23.5176,-10.9291,0,0.0680924,0,0,3.01315,7915.94,415739,11651.2,0,0,0,415739,0,0,4163.03,136.3,8366.32,7915.94,0,0
01:11:15:02:15:49,-23.8037,-11.2152,0,0.0694294,0,0,3.01315,7915.94,415739,11651.2,0,0,0,415739,0,0,4163.03,136.317,8366.32,7915.94,0,0
01:11:15:02:15:50,-23.2315,-11.2152,0,0.0694294,0,0,3.01315,7915.94,415739,11651.2,0,0,0,415739,0,0,4163.03,136.333,8366.32,7915.94,0,0
01:11:15:02:15:51,-23.5176,-11.5013,0,0.0680924,0,0,3.01315,7915.94,415739,11651.2,0,0,0,415739,0,0,4163.03,136.35,8366.32,7915.94,0,0
01:11:15:02:15:52,-23.8037,-11.2152,0,0.0680924,0,0,3.01315,7915.94,415739,11651.2,0,0,0,415739,0,0,4163.03,136.367,8366.32,7915.94,0,0
01:11:15:02:15:53,-24.0898,-10.3569,0,0.0667572,0,0,3.01315,7915.94,415739,11651.2,0,0,0,415739,0,0,4163.03,136.383,8366.32,7915.94,0,0
01:11:15:02:15:54,-23.5176,-11.2152,0,0.065424,0,0,3.01315,7915.94,415739,11651.2,0,0,0,415739,0,0,4163.03,136.4,8366.32,7915.94,0,0
01:11:15:02:15:55,-23.2315,-10.9291,0,0.0627537,0,0,3.01315,7915.94,415739,11651.2,0,0,0,415739,0,0,4163.03,136.417,8366.32,7915.94,0,0
01:11:15:02:15:56,-22.9454,-10.9291,0,0.0694294,0,0,3.01315,7915.94,415739,11651.2,0,0,0,415739,0,0,4163.03,136.433,8366.32,7915.94,0,0
01:11:15:02:15:57,-23.2315,-10.643,0,0.0694294,0,0,3.01315,7915.94,415739,11651.2,0,0,0,415739,0,0,4163.03,136.45,8366.32,7915.94,0,0
01:11:15:02:15:58,-23.2315,-10.9291,0,0.0680924,0,0,3.01315,7915.94,415739,11651.2,0,0,0,415739,0,0,4163.03,136.467,8366.32,7915.94,0,0
01:11:15:02:15:59,-23.8037,-10.9291,0,0.0667572,0,0,3.01315,7915.94,415739,11651.2,0,0,0,415739,0,0,4163.03,136.483,8366.32,7915.94,0,0
01:11:15:02:16:00,-23.8037,-10.9291,0,0.0694294,0,0,3.01315,7915.94,415739,11651.2,0,0,0,415739,0,0,4163.03,136.5,8366.32,7915.94,0,0
01:11:15:02:16:01,-24.0898,-10.3569,0,0.0680924,0,0,3.01315,7915.94,415739,11651.2,0,0,0,415739,0,0,4163.03,136.517,8366.32,7915.94,0,0
01:11:15:02:16:02,-24.3759,-10.9291,0,0.0667572,0,0,3.01315,7915.94,415739,11651.2,0,0,0,415739,0,0,4163.03,136.533,8366.32,7915.94,0,0
01:11:15:02:16:03,-23.8037,-11.2152,0,0.0667572,0,0,3.01315,7915.94,415739,11651.2,0,0,0,415739,0,0,4163.03,136.55,8366.32,7915.94,0,0
01:11:15:02:16:04,-23.5176,-10.643,0,0.0667572,0,0,3.01315,7915.94,415739,11651.2,0,0,0,415739,0,0,4163.03,136.567,8366.32,7915.94,0,0
01:11:15:02:16:05,-23.2315,-10.643,0,0.0694294,0,0,3.01315,7915.94,415739,11651.2,0,0,0,415739,0,0,4163.03,136.583,8366.32,7915.94,0,0
01:11:15:02:16:06,-23.2315,-10.643,0,0.0734348,0,0,3.01315,7915.94,415739,11651.2,0,0,0,415739,0,0,4163.03,136.6,8366.32,7915.94,0,0
01:11:15:02:16:07,-23.5176,-10.9291,0,0.0720997,0,0,3.01315,7915.94,415739,11651.2,0,0,0,415739,0,0,4163.03,136.617,8366.32,7915.94,0,0
01:11:15:02:16:08,-23.5176,-10.643,0,0.0694294,0,0,3.01315,7915.94,415739,11651.2,0,0,0,415739,0,0,4163.03,136.633,8366.32,7915.94,0,0
01:11:15:02:16:09,-23.5176,-10.643,0,0.0734348,0,0,3.01315,7915.94,415739,11651.2,0,0,0,415739,0,0,4163.03,136.65,8366.32,7915.94,0,0
01:11:15:02:16:10,-23.5176,-10.643,0,0.0694294,0,0,3.01315,7915.94,415739,11651.2,0,0,0,415739,0,0,4163.03,136.667,8366.32,7915.94,0,0
01:11:15:02:16:11,-23.5176,-10.3569,0,0.0720997,0,0,3.01315,7915.94,415739,11651.2,0,0,0,415739,0,0,4163.03,136.683,8366.32,7915.94,0,0
01:11:15:02:16:12,-23.5176,-11.2152,0,0.0707626,0,0,3.01315,7915.94,415739,11651.2,0,0,0,415739,0,0,4163.03,136.7,8366.32,7915.94,0,0
01:11:15:02:16:13,-23.8037,-10.9291,0,0.0707626,0,0,3.01315,7915.94,415739,11651.2,0,0,0,415739,0,0,4163.03,136.717,8366.32,7915.94,0,0
01:11:15:02:16:14,-23.5176,-10.9291,0,0.0667572,0,0,3.01315,7915.94,415739,11651.2,0,0,0,415739,0,0,4163.03,136.733,8366.32,7915.94,0,0
01:11:15:02:16:15,-24.0898,-10.643,0,0.0680924,0,0,3.01315,7915.94,415739,11651.2,0,0,0,415739,0,0,4163.03,136.75,8366.32,7915.94,0,0
01:11:15:02:16:16,-23.2315,-11.2152,0,0.0667572,0,0,3.01315,7915.94,415739,11651.2,0,0,0,415739,0,0,4163.03,136.767,8366.32,7915.94,0,0
01:11:15:02:16:17,-23.5176,-10.9291,0,0.0667572,0,0,3.01315,7915.94,415739,11651.2,0,0,0,415739,0,0,4163.03,136.783,8366.32,7915.94,0,0
01:11:15:02:16:18,-23.5176,-11.2152,0,0.0640869,0,0,3.01315,7915.94,415739,11651.2,0,0,0,415739,0,0,4163.03,136.8,8366.32,7915.94,0,0
01:11:15:02:16:19,-23.5176,-10.9291,0,0.0640869,0,0,3.01315,7915.94,415739,11651.2,0,0,0,415739,0,0,4163.03,136.817,8366.32,7915.94,0,0
01:11:15:02:16:20,-23.2315,-11.2152,0,0.0640869,0,0,3.01315,7915.94,415739,11651.2,0,0,0,415739,0,0,4163.03,136.833,8366.32,7915.94,0,0
01:11:15:02:16:21,-23.8037,-10.643,0,0.0627537,0,0,3.01315,7915.94,415739,11651.2,0,0,0,415739,0,0,4163.03,136.85,8366.32,7915.94,0,0
01:11:15:02:16:22,-23.5176,-10.9291,0,0.0680924,0,0,3.01315,7915.94,415739,11651.2,0,0,0,415739,0,0,4163.03,136.867,8366.32,7915.94,0,0
01:11:15:02:16:23,-22.9454,-10.643,0,0.0680924,0,0,3.01315,7915.94,415739,11651.2,0,0,0,415739,0,0,4163.03,136.883,8366.32,7915.94,0,0
01:11:15:02:16:24,-22.6593,-10.9291,0,0.0694294,0,0,3.01315,7915.94,415739,11651.2,0,0,0,415739,0,0,4163.03,136.9,8366.32,7915.94,0,0
01:11:15:02:16:25,-23.5176,-10.643,0,0.0694294,0,0,3.01315,7915.94,415739,11651.2,0,0,0,415739,0,0,4163.03,136.917,8366.32,7915.94,0,0
01:11:15:02:16:26,-23.8037,-10.643,0,0.0667572,0,0,3.01315,7915.94,415739,11651.2,0,0,0,415739,0,0,4163.03,136.933,8366.32,7915.94,0,0
01:11:15:02:16:27,-23.8037,-10.643,0,0.065424,0,0,3.01315,7915.94,415739,11651.2,0,0,0,415739,0,0,4163.03,136.95,8366.32,7915.94,0,0
01:11:15:02:16:28,-23.2315,-10.643,0,0.065424,0,0,3.01315,7915.94,415739,11651.2,0,0,0,415739,0,0,4163.03,136.967,8366.32,7915.94,0,0
01:11:15:02:16:29,-23.8037,-10.9291,0,0.0680924,0,0,3.01315,7915.94,415739,11651.2,0,0,0,415739,0,0,4163.03,136.983,8366.32,7915.94,0,0
01:11:15:02:16:30,-23.2315,-10.9291,0,0.0694294,0,0,3.01315,7915.94,415739,11651.2,0,0,0,415739,0,0,4163.03,137,8366.32,7915.94,0,0
01:11:15:02:16:31,-23.5176,-11.2152,0,0.0680924,0,0,3.01315,7915.94,415739,11651.2,0,0,0,415739,0,0,4163.03,137.017,8366.32,7915.94,0,0
01:11:15:02:16:32,-22.9454,-10.643,0,0.0667572,0,0,3.01315,7915.94,415739,11651.2,0,0,0,415739,0,0,4163.03,137.033,8366.32,7915.94,0,0
01:11:15:02:16:33,-23.2315,-10.9291,0,0.0694294,0,0,3.01315,7915.94,415739,11651.2,0,0,0,415739,0,0,4163.03,137.05,8366.32,7915.94,0,0
01:11:15:02:16:34,-23.2315,-11.5013,0,0.0680924,0,0,3.01315,7915.94,415739,11651.2,0,0,0,415739,0,0,4163.03,137.067,8366.32,7915.94,0,0
01:11:15:02:16:35,-23.2315,-10.643,0,0.065424,0,0,3.01315,7915.94,415739,11651.2,0,0,0,415739,0,0,4163.03,137.083,8366.32,7915.94,0,0
01:11:15:02:16:36,-23.2315,-10.0708,0,0.0667572,0,0,3.01315,7915.94,415739,11651.2,0,0,0,415739,0,0,4163.03,137.1,8366.32,7915.94,0,0
01:11:15:02:16:37,-23.2315,-10.643,0,0.0694294,0,0,3.01315,7915.94,415739,11651.2,0,0,0,415739,0,0,4163.03,137.117,8366.32,7915.94,0,0
01:11:15:02:16:38,-23.8037,-10.3569,0,0.0680924,0,0,3.01315,7915.94,415739,11651.2,0,0,0,415739,0,0,4163.03,137.133,8366.32,7915.94,0,0
01:11:15:02:16:39,-23.2315,-10.643,0,0.0667572,0,0,3.01315,7915.94,415739,11651.2,0,0,0,415739,0,0,4163.03,137.15,8366.32,7915.94,0,0
01:11:15:02:16:40,-23.8037,-10.9291,0,0.0680924,0,0,3.01315,7915.94,415739,11651.2,0,0,0,415739,0,0,4163.03,137.167,8366.32,7915.94,0,0
01:11:15:02:16:41,-22.9454,-10.9291,0,0.065424,0,0,3.01315,7915.94,415739,11651.2,0,0,0,415739,0,0,4163.03,137.183,8366.32,7915.94,0,0
01:11:15:02:16:42,-23.2315,-10.9291,0,0.065424,0,0,3.01315,7915.94,415739,11651.2,0,0,0,415739,0,0,4163.03,137.2,8366.32,7915.94,0,0
01:11:15:02:16:43,-23.2315,-10.643,0,0.0667572,0,0,3.01315,7915.94,415739,11651.2,0,0,0,415739,0,0,4163.03,137.217,8366.32,7915.94,0,0
01:11:15:02:16:44,-23.2315,-10.643,0,0.0694294,0,0,3.01315,7915.94,415739,11651.2,0,0,0,415739,0,0,4163.03,137.233,8366.32,7915.94,0,0
01:11:15:02:16:45,-23.8037,-10.643,0,0.0680924,0,0,3.01315,7915.94,415739,11651.2,0,0,0,415739,0,0,4163.03,137.25,8366.32,7915.94,0,0
01:11:15:02:16:46,-23.2315,-10.643,0,0.0707626,0,0,3.01315,7915.94,415739,11651.2,0,0,0,415739,0,0,4163.03,137.267,8366.32,7915.94,0,0
01:11:15:02:16:47,-22.9454,-10.643,0,0.0680924,0,0,3.01315,7915.94,415739,11651.2,0,0,0,415739,0,0,4163.03,137.283,8366.32,7915.94,0,0
01:11:15:02:16:48,-23.5176,-10.3569,0,0.0667572,0,0,3.01315,7915.94,415739,11651.2,0,0,0,415739,0,0,4163.03,137.3,8366.32,7915.94,0,0
01:11:15:02:16:49,-24.0898,-10.643,0,0.0707626,0,0,3.01315,7915.94,415739,11651.2,0,0,0,415739,0,0,4163.03,137.317,8366.32,7915.94,0,0
01:11:15:02:16:50,-24.0898,-10.643,0,0.0667572,0,0,3.01315,7915.94,415739,11651.2,0,0,0,415739,0,0,4163.03,137.333,8366.32,7915.94,0,0
01:11:15:02:16:51,-23.2315,-10.3569,0,0.0694294,0,0,3.01315,7915.94,415739,11651.2,0,0,0,415739,0,0,4163.03,137.35,8366.32,7915.94,0,0
01:11:15:02:16:52,-23.2315,-10.643,0,0.0694294,0,0,3.01315,7915.94,415739,11651.2,0,0,0,415739,0,0,4163.03,137.367,8366.32,7915.94,0,0
01:11:15:02:16:53,-23.8037,-10.643,0,0.0707626,0,0,3.01315,7915.94,415739,11651.2,0,0,0,415739,0,0,4163.03,137.383,8366.32,7915.94,0,0
01:11:15:02:16:54,-22.9454,-10.9291,0,0.0720997,0,0,3.01315,7915.94,415739,11651.2,0,0,0,415739,0,0,4163.03,137.4,8366.32,7915.94,0,0
01:11:15:02:16:55,-22.9454,-10.643,0,0.0694294,0,0,3.01315,7915.94,415739,11651.2,0,0,0,415739,0,0,4163.03,137.417,8366.32,7915.94,0,0
01:11:15:02:16:56,-23.2315,-11.2152,0,0.0667572,0,0,3.01315,7915.94,415739,11651.2,0,0,0,415739,0,0,4163.03,137.433,8366.32,7915.94,0,0
01:11:15:02:16:57,-23.2315,-10.9291,0,0.0667572,0,0,3.01315,7915.94,415739,11651.2,0,0,0,415739,0,0,4163.03,137.45,8366.32,7915.94,0,0
01:11:15:02:16:58,-22.9454,-10.9291,0,0.0707626,0,0,3.01315,7915.94,415739,11651.2,0,0,0,415739,0,0,4163.03,137.467,8366.32,7915.94,0,0
01:11:15:02:16:59,-22.9454,-10.643,0,0.0720997,0,0,3.01315,7915.94,415739,11651.2,0,0,0,415739,0,0,4163.03,137.483,8366.32,7915.94,0,0
01:11:15:02:17:00,-23.5176,-10.3569,0,0.0707626,0,0,3.01315,7915.94,415739,11651.2,0,0,0,415739,0,0,4163.03,137.5,8366.32,7915.94,0,0
01:11:15:02:17:01,-23.2315,-10.643,0,0.0747681,0,0,3.01315,7915.94,415739,11651.2,0,0,0,415739,0,0,4163.03,137.517,8366.32,7915.94,0,0
01:11:15:02:17:02,-22.6593,-10.643,0,0.0707626,0,0,3.01315,7915.94,415739,11651.2,0,0,0,415739,0,0,4163.03,137.533,8366.32,7915.94,0,0
01:11:15:02:17:03,-23.2315,-11.5013,0,0.0694294,0,0,3.01315,7915.94,415739,11651.2,0,0,0,415739,0,0,4163.03,137.55,8366.32,7915.94,0,0
01:11:15:02:17:04,-23.2315,-10.3569,0,0.0707626,0,0,3.01315,7915.94,415739,11651.2,0,0,0,415739,0,0,4163.03,137.567,8366.32,7915.94,0,0
01:11:15:02:17:05,-23.5176,-10.643,0,0.0694294,0,0,3.01315,7915.94,415739,11651.2,0,0,0,415739,0,0,4163.03,137.583,8366.32,7915.94,0,0
01:11:15:02:17:06,-23.2315,-10.643,0,0.0680924,0,0,3.01315,7915.94,415739,11651.2,0,0,0,415739,0,0,4163.03,137.6,8366.32,7915.94,0,0
01:11:15:02:17:07,-23.5176,-10.3569,0,0.0680924,0,0,3.01315,7915.94,415739,11651.2,0,0,0,415739,0,0,4163.03,137.617,8366.32,7915.94,0,0
01:11:15:02:17:08,-23.2315,-10.0708,0,0.0680924,0,0,3.01315,7915.94,415739,11651.2,0,0,0,415739,0,0,4163.03,137.633,8366.32,7915.94,0,0
01:11:15:02:17:09,-23.2315,-10.0708,0,0.0667572,0,0,3.01315,7915.94,415739,11651.2,0,0,0,415739,0,0,4163.03,137.65,8366.32,7915.94,0,0
01:11:15:02:17:10,-22.9454,-10.643,0,0.0680924,0,0,3.01315,7915.94,415739,11651.2,0,0,0,415739,0,0,4163.03,137.667,8366.32,7915.94,0,0
01:11:15:02:17:11,-23.2315,-10.9291,0,0.0694294,0,0,3.01315,7915.94,415739,11651.2,0,0,0,415739,0,0,4163.03,137.683,8366.32,7915.94,0,0
01:11:15:02:17:12,-22.9454,-10.9291,0,0.0694294,0,0,3.01315,7915.94,415739,11651.2,0,0,0,415739,0,0,4163.03,137.7,8366.32,7915.94,0,0
01:11:15:02:17:13,-23.5176,-10.643,0,0.065424,0,0,3.01315,7915.94,415739,11651.2,0,0,0,415739,0,0,4163.03,137.717,8366.32,7915.94,0,0
01:11:15:02:17:14,-23.2315,-10.643,0,0.065424,0,0,3.01315,7915.94,415739,11651.2,0,0,0,415739,0,0,4163.03,137.733,8366.32,7915.94,0,0
01:11:15:02:17:15,-23.2315,-10.643,0,0.0667572,0,0,3.01315,7915.94,415739,11651.2,0,0,0,415739,0,0,4163.03,137.75,8366.32,7915.94,0,0
01:11:15:02:17:16,-23.5176,-10.643,0,0.0680924,0,0,3.01315,7915.94,415739,11651.2,0,0,0,415739,0,0,4163.03,137.767,8366.32,7915.94,0,0
01:11:15:02:17:17,-23.2315,-10.643,0,0.0694294,0,0,3.01315,7915.94,415739,11651.2,0,0,0,415739,0,0,4163.03,137.783,8366.32,7915.94,0,0
01:11:15:02:17:18,-22.9454,-11.2152,0,0.0694294,0,0,3.01315,7915.94,415739,11651.2,0,0,0,415739,0,0,4163.03,137.8,8366.32,7915.94,0,0
01:11:15:02:17:19,-23.2315,-10.643,0,0.0667572,0,0,3.01315,7915.94,415739,11651.2,0,0,0,415739,0,0,4163.03,137.817,8366.32,7915.94,0,0
01:11:15:02:17:20,-23.5176,-10.643,0,0.0707626,0,0,3.01315,7915.94,415739,11651.2,0,0,0,415739,0,0,4163.03,137.833,8366.32,7915.94,0,0
01:11:15:02:17:21,-23.2315,-10.9291,0,0.0707626,0,0,3.01315,7915.94,415739,11651.2,0,0,0,415739,0,0,4163.03,137.85,8366.32,7915.94,0,0
01:11:15:02:17:22,-22.9454,-10.9291,0,0.0640869,0,0,3.01315,7915.94,415739,11651.2,0,0,0,415739,0,0,4163.03,137.867,8366.32,7915.94,0,0
01:11:15:02:17:23,-23.2315,-10.643,0,0.0694294,0,0,3.01315,7915.94,415739,11651.2,0,0,0,415739,0,0,4163.03,137.883,8366.32,7915.94,0,0
01:11:15:02:17:24,-22.9454,-10.9291,0,0.0694294,0,0,3.01315,7915.94,415739,11651.2,0,0,0,415739,0,0,4163.03,137.9,8366.32,7915.94,0,0
01:11:15:02:17:25,-22.9454,-10.643,0,0.0680924,0,0,3.01315,7915.94,415739,11651.2,0,0,0,415739,0,0,4163.03,137.917,8366.32,7915.94,0,0
01:11:15:02:17:26,-22.9454,-10.9291,0,0.0680924,0,0,3.01315,7915.94,415739,11651.2,0,0,0,415739,0,0,4163.03,137.933,8366.32,7915.94,0,0
01:11:15:02:17:27,-22.9454,-9.78472,0,0.0707626,0,0,3.01315,7915.94,415739,11651.2,0,0,0,415739,0,0,4163.03,137.95,8366.32,7915.94,0,0
01:11:15:02:17:28,-23.2315,-10.9291,0,0.0680924,0,0,3.01315,7915.94,415739,11651.2,0,0,0,415739,0,0,4163.03,137.967,8366.32,7915.94,0,0
01:11:15:02:17:29,-23.5176,-10.643,0,0.0680924,0,0,3.01315,7915.94,415739,11651.2,0,0,0,415739,0,0,4163.03,137.983,8366.32,7915.94,0,0
01:11:15:02:17:30,-22.9454,-10.643,0,0.0680924,0,0,3.01315,7915.94,415739,11651.2,0,0,0,415739,0,0,4163.03,138,8366.32,7915.94,0,0
01:11:15:02:17:31,-23.5176,-10.9291,0,0.0667572,0,0,3.01315,7915.94,415739,11651.2,0,0,0,415739,0,0,4163.03,138.017,8366.32,7915.94,0,0
01:11:15:02:17:32,-23.5176,-10.9291,0,0.0680924,0,0,3.01315,7915.94,415739,11651.2,0,0,0,415739,0,0,4163.03,138.033,8366.32,7915.94,0,0
01:11:15:02:17:33,-23.5176,-10.9291,0,0.0720997,0,0,3.01315,7915.94,415739,11651.2,0,0,0,415739,0,0,4163.03,138.05,8366.32,7915.94,0,0
01:11:15:02:17:34,-23.5176,-10.9291,0,0.0707626,0,0,3.01315,7915.94,415739,11651.2,0,0,0,415739,0,0,4163.03,138.067,8366.32,7915.94,0,0
01:11:15:02:17:35,-23.5176,-10.643,0,0.0707626,0,0,3.01315,7915.94,415739,11651.2,0,0,0,415739,0,0,4163.03,138.083,8366.32,7915.94,0,0
01:11:15:02:17:36,-23.5176,-10.643,0,0.0734348,0,0,3.01315,7915.94,415739,11651.2,0,0,0,415739,0,0,4163.03,138.1,8366.32,7915.94,0,0
01:11:15:02:17:37,-23.5176,-10.9291,0,0.0707626,0,0,3.01315,7915.94,415739,11651.2,0,0,0,415739,0,0,4163.03,138.117,8366.32,7915.94,0,0
01:11:15:02:17:38,-23.2315,-10.9291,0,0.0720997,0,0,3.01315,7915.94,415739,11651.2,0,0,0,415739,0,0,4163.03,138.133,8366.32,7915.94,0,0
01:11:15:02:17:39,-23.2315,-10.643,0,0.0694294,0,0,3.01315,7915.94,415739,11651.2,0,0,0,415739,0,0,4163.03,138.15,8366.32,7915.94,0,0
01:11:15:02:17:40,-23.5176,-10.9291,0,0.0694294,0,0,3.01315,7915.94,415739,11651.2,0,0,0,415739,0,0,4163.03,138.167,8366.32,7915.94,0,0
01:11:15:02:17:41,-23.2315,-10.0708,0,0.0680924,0,0,3.01315,7915.94,415739,11651.2,0,0,0,415739,0,0,4163.03,138.183,8366.32,7915.94,0,0
01:11:15:02:17:42,-23.5176,-10.9291,0,0.065424,0,0,3.01315,7915.94,415739,11651.2,0,0,0,415739,0,0,4163.03,138.2,8366.32,7915.94,0,0
01:11:15:02:17:43,-22.6593,-10.9291,0,0.0694294,0,0,3.01315,7915.94,415739,11651.2,0,0,0,415739,0,0,4163.03,138.217,8366.32,7915.94,0,0
01:11:15:02:17:44,-23.8037,-10.3569,0,0.065424,0,0,3.01315,7915.94,415739,11651.2,0,0,0,415739,0,0,4163.03,138.233,8366.32,7915.94,0,0
01:11:15:02:17:45,-23.2315,-10.9291,0,0.0694294,0,0,3.01315,7915.94,415739,11651.2,0,0,0,415739,0,0,4163.03,138.25,8366.32,7915.94,0,0
01:11:15:02:17:46,-22.6593,-10.9291,0,0.0707626,0,0,3.01315,7915.94,415739,11651.2,0,0,0,415739,0,0,4163.03,138.267,8366.32,7915.94,0,0
01:11:15:02:17:47,-23.5176,-10.643,0,0.0667572,0,0,3.01315,7915.94,415739,11651.2,0,0,0,415739,0,0,4163.03,138.283,8366.32,7915.94,0,0
01:11:15:02:17:48,-22.9454,-10.643,0,0.0694294,0,0,3.01315,7915.94,415739,11651.2,0,0,0,415739,0,0,4163.03,138.3,8366.32,7915.94,0,0
01:11:15:02:17:49,-23.2315,-10.9291,0,0.0694294,0,0,3.01315,7915.94,415739,11651.2,0,0,0,415739,0,0,4163.03,138.317,8366.32,7915.94,0,0
01:11:15:02:17:50,-22.9454,-10.643,0,0.0694294,0,0,3.01315,7915.94,415739,11651.2,0,0,0,415739,0,0,4163.03,138.333,8366.32,7915.94,0,0
01:11:15:02:17:51,-22.9454,-11.5013,0,0.065424,0,0,3.01315,7915.94,415739,11651.2,0,0,0,415739,0,0,4163.03,138.35,8366.32,7915.94,0,0
01:11:15:02:17:52,-23.2315,-11.2152,0,0.0707626,0,0,3.01315,7915.94,415739,11651.2,0,0,0,415739,0,0,4163.03,138.367,8366.32,7915.94,0,0
01:11:15:02:17:53,-23.2315,-10.9291,0,0.0707626,0,0,3.01315,7915.94,415739,11651.2,0,0,0,415739,0,0,4163.03,138.383,8366.32,7915.94,0,0
01:11:15:02:17:54,-22.9454,-11.2152,0,0.0720997,0,0,3.01315,7915.94,415739,11651.2,0,0,0,415739,0,0,4163.03,138.4,8366.32,7915.94,0,0
01:11:15:02:17:55,-23.2315,-10.9291,0,0.0667572,0,0,3.01315,7915.94,415739,11651.2,0,0,0,415739,0,0,4163.03,138.417,8366.32,7915.94,0,0
01:11:15:02:17:56,-23.2315,-10.643,0,0.0707626,0,0,3.01315,7915.94,415739,11651.2,0,0,0,415739,0,0,4163.03,138.433,8366.32,7915.94,0,0
01:11:15:02:17:57,-24.0898,-10.643,0,0.0694294,0,0,3.01315,7915.94,415739,11651.2,0,0,0,415739,0,0,4163.03,138.45,8366.32,7915.94,0,0
01:11:15:02:17:58,-23.5176,-10.9291,0,0.0707626,0,0,3.01315,7915.94,415739,11651.2,0,0,0,415739,0,0,4163.03,138.467,8366.32,7915.94,0,0
01:11:15:02:17:59,-22.9454,-10.9291,0,0.0734348,0,0,3.01315,7915.94,415739,11651.2,0,0,0,415739,0,0,4163.03,138.483,8366.32,7915.94,0,0
01:11:15:02:18:00,-23.2315,-11.2152,0,0.0707626,0,0,3.01315,7915.94,415739,11651.2,0,0,0,415739,0,0,4163.03,138.5,8366.32,7915.94,0,0
01:11:15:02:18:01,-23.2315,-10.9291,0,0.0734348,0,0,3.01315,7915.94,415739,11651.2,0,0,0,415739,0,0,4163.03,138.517,8366.32,7915.94,0,0
01:11:15:02:18:02,-23.5176,-10.9291,0,0.0707626,0,0,3.01315,7915.94,415739,11651.2,0,0,0,415739,0,0,4163.03,138.533,8366.32,7915.94,0,0
01:11:15:02:18:03,-23.5176,-10.9291,0,0.0720997,0,0,3.01315,7915.94,415739,11651.2,0,0,0,415739,0,0,4163.03,138.55,8366.32,7915.94,0,0
01:11:15:02:18:04,-22.9454,-10.9291,0,0.0734348,0,0,3.01315,7915.94,415739,11651.2,0,0,0,415739,0,0,4163.03,138.567,8366.32,7915.94,0,0
01:11:15:02:18:05,-22.6593,-11.2152,0,0.0707626,0,0,3.01315,7915.94,415739,11651.2,0,0,0,415739,0,0,4163.03,138.583,8366.32,7915.94,0,0
01:11:15:02:18:06,-23.2315,-10.643,0,0.0694294,0,0,3.01315,7915.94,415739,11651.2,0,0,0,415739,0,0,4163.03,138.6,8366.32,7915.94,0,0
01:11:15:02:18:07,-23.2315,-10.9291,0,0.0707626,0,0,3.01315,7915.94,415739,11651.2,0,0,0,415739,0,0,4163.03,138.617,8366.32,7915.94,0,0
01:11:15:02:18:08,-23.2315,-10.643,0,0.0707626,0,0,3.01315,7915.94,415739,11651.2,0,0,0,415739,0,0,4163.03,138.633,8366.32,7915.94,0,0
01:11:15:02:18:09,-22.9454,-10.9291,0,0.0734348,0,0,3.01315,7915.94,415739,11651.2,0,0,0,415739,0,0,4163.03,138.65,8366.32,7915.94,0,0
01:11:15:02:18:10,-23.2315,-11.2152,0,0.0680924,0,0,3.01315,7915.94,415739,11651.2,0,0,0,415739,0,0,4163.03,138.667,8366.32,7915.94,0,0
01:11:15:02:18:11,-23.2315,-10.9291,0,0.0680924,0,0,3.01315,7915.94,415739,11651.2,0,0,0,415739,0,0,4163.03,138.683,8366.32,7915.94,0,0
01:11:15:02:18:12,-22.9454,-10.643,0,0.0734348,0,0,3.01315,7915.94,415739,11651.2,0,0,0,415739,0,0,4163.03,138.7,8366.32,7915.94,0,0
01:11:15:02:18:13,-23.5176,-10.9291,0,0.0707626,0,0,3.01315,7915.94,415739,11651.2,0,0,0,415739,0,0,4163.03,138.717,8366.32,7915.94,0,0
01:11:15:02:18:14,-23.2315,-10.9291,0,0.0694294,0,0,3.01315,7915.94,415739,11651.2,0,0,0,415739,0,0,4163.03,138.733,8366.32,7915.94,0,0
01:11:15:02:18:15,-23.2315,-10.9291,0,0.0707626,0,0,3.01315,7915.94,415739,11651.2,0,0,0,415739,0,0,4163.03,138.75,8366.32,7915.94,0,0
01:11:15:02:18:16,-23.2315,-11.5013,0,0.0667572,0,0,3.01315,7915.94,415739,11651.2,0,0,0,415739,0,0,4163.03,138.767,8366.32,7915.94,0,0
01:11:15:02:18:17,-23.2315,-11.5013,0,0.0694294,0,0,3.01315,7915.94,415739,11651.2,0,0,0,415739,0,0,4163.03,138.783,8366.32,7915.94,0,0
01:11:15:02:18:18,-23.2315,-10.643,0,0.0694294,0,0,3.01315,7915.94,415739,11651.2,0,0,0,415739,0,0,4163.03,138.8,8366.32,7915.94,0,0
01:11:15:02:18:19,-23.2315,-10.643,0,0.0694294,0,0,3.01315,7915.94,415739,11651.2,0,0,0,415739,0,0,4163.03,138.817,8366.32,7915.94,0,0
01:11:15:02:18:20,-23.2315,-10.9291,0,0.0680924,0,0,3.01315,7915.94,415739,11651.2,0,0,0,415739,0,0,4163.03,138.833,8366.32,7915.94,0,0
01:11:15:02:18:21,-23.8037,-11.5013,0,0.065424,0,0,3.01315,7915.94,415739,11651.2,0,0,0,415739,0,0,4163.03,138.85,8366.32,7915.94,0,0
01:11:15:02:18:22,-23.5176,-11.2152,0,0.0680924,0,0,3.01315,7915.94,415739,11651.2,0,0,0,415739,0,0,4163.03,138.867,8366.32,7915.94,0,0
01:11:15:02:18:23,-22.6593,-10.9291,0,0.0680924,0,0,3.01315,7915.94,415739,11651.2,0,0,0,415739,0,0,4163.03,138.883,8366.32,7915.94,0,0
01:11:15:02:18:24,-23.2315,-10.9291,0,0.0707626,0,0,3.01315,7915.94,415739,11651.2,0,0,0,415739,0,0,4163.03,138.9,8366.32,7915.94,0,0
01:11:15:02:18:25,-23.5176,-11.5013,0,0.0720997,0,0,3.01315,7915.94,415739,11651.2,0,0,0,415739,0,0,4163.03,138.917,8366.32,7915.94,0,0
01:11:15:02:18:26,-23.5176,-11.2152,0,0.0707626,0,0,3.01315,7915.94,415739,11651.2,0,0,0,415739,0,0,4163.03,138.933,8366.32,7915.94,0,0
01:11:15:02:18:27,-23.2315,-11.2152,0,0.0734348,0,0,3.01315,7915.94,415739,11651.2,0,0,0,415739,0,0,4163.03,138.95,8366.32,7915.94,0,0
01:11:15:02:18:28,-23.5176,-10.9291,0,0.0680924,0,0,3.01315,7915.94,415739,11651.2,0,0,0,415739,0,0,4163.03,138.967,8366.32,7915.94,0,0
01:11:15:02:18:29,-23.5176,-10.643,0,0.0680924,0,0,3.01315,7915.94,415739,11651.2,0,0,0,415739,0,0,4163.03,138.983,8366.32,7915.94,0,0
01:11:15:02:18:30,-23.8037,-10.9291,0,0.0667572,0,0,3.01315,7915.94,415739,11651.2,0,0,0,415739,0,0,4163.03,139,8366.32,7915.94,0,0
01:11:15:02:18:31,-22.9454,-10.9291,0,0.0707626,0,0,3.01315,7915.94,415739,11651.2,0,0,0,415739,0,0,4163.03,139.017,8366.32,7915.94,0,0
01:11:15:02:18:32,-23.2315,-11.2152,0,0.0694294,0,0,3.01315,7915.94,415739,11651.2,0,0,0,415739,0,0,4163.03,139.033,8366.32,7915.94,0,0
01:11:15:02:18:33,-23.8037,-11.5013,0,0.0680924,0,0,3.01315,7915.94,415739,11651.2,0,0,0,415739,0,0,4163.03,139.05,8366.32,7915.94,0,0
01:11:15:02:18:34,-22.9454,-11.5013,0,0.0694294,0,0,3.01315,7915.94,415739,11651.2,0,0,0,415739,0,0,4163.03,139.067,8366.32,7915.94,0,0
01:11:15:02:18:35,-22.6593,-11.2152,0,0.0707626,0,0,3.01315,7915.94,415739,11651.2,0,0,0,415739,0,0,4163.03,139.083,8366.32,7915.94,0,0
01:11:15:02:18:36,-22.9454,-10.643,0,0.0680924,0,0,3.01315,7915.94,415739,11651.2,0,0,0,415739,0,0,4163.03,139.1,8366.32,7915.94,0,0
01:11:15:02:18:37,-23.2315,-11.5013,0,0.0694294,0,0,3.01315,7915.94,415739,11651.2,0,0,0,415739,0,0,4163.03,139.117,8366.32,7915.94,0,0
01:11:15:02:18:38,-23.2315,-10.9291,0,0.0680924,0,0,3.01315,7915.94,415739,11651.2,0,0,0,415739,0,0,4163.03,139.133,8366.32,7915.94,0,0
01:11:15:02:18:39,-23.2315,-11.2152,0,0.0707626,0,0,3.01315,7915.94,415739,11651.2,0,0,0,415739,0,0,4163.03,139.15,8366.32,7915.94,0,0
01:11:15:02:18:40,-22.9454,-11.2152,0,0.0694294,0,0,3.01315,7915.94,415739,11651.2,0,0,0,415739,0,0,4163.03,139.167,8366.32,7915.94,0,0
01:11:15:02:18:41,-23.2315,-11.5013,0,0.0667572,0,0,3.01315,7915.94,415739,11651.2,0,0,0,415739,0,0,4163.03,139.183,8366.32,7915.94,0,0
01:11:15:02:18:42,-22.6593,-10.643,0,0.0667572,0,0,3.01315,7915.94,415739,11651.2,0,0,0,415739,0,0,4163.03,139.2,8366.32,7915.94,0,0
01:11:15:02:18:43,-23.2315,-11.5013,0,0.0667572,0,0,3.01315,7915.94,415739,11651.2,0,0,0,415739,0,0,4163.03,139.217,8366.32,7915.94,0,0
01:11:15:02:18:44,-22.9454,-10.9291,0,0.065424,0,0,3.01315,7915.94,415739,11651.2,0,0,0,415739,0,0,4163.03,139.233,8366.32,7915.94,0,0
01:11:15:02:18:45,-23.2315,-10.9291,0,0.065424,0,0,3.01315,7915.94,415739,11651.2,0,0,0,415739,0,0,4163.03,139.25,8366.32,7915.94,0,0
01:11:15:02:18:46,-23.8037,-11.2152,0,0.065424,0,0,3.01315,7915.94,415739,11651.2,0,0,0,415739,0,0,4163.03,139.267,8366.32,7915.94,0,0
01:11:15:02:18:47,-23.5176,-11.5013,0,0.0667572,0,0,3.01315,7915.94,415739,11651.2,0,0,0,415739,0,0,4163.03,139.283,8366.32,7915.94,0,0
01:11:15:02:18:48,-23.8037,-11.5013,0,0.0640869,0,0,3.01315,7915.94,415739,11651.2,0,0,0,415739,0,0,4163.03,139.3,8366.32,7915.94,0,0
01:11:15:02:18:49,-23.5176,-10.9291,0,0.0667572,0,0,3.01315,7915.94,415739,11651.2,0,0,0,415739,0,0,4163.03,139.317,8366.32,7915.94,0,0
01:11:15:02:18:50,-23.5176,-10.643,0,0.0667572,0,0,3.01315,7915.94,415739,11651.2,0,0,0,415739,0,0,4163.03,139.333,8366.32,7915.94,0,0
01:11:15:02:18:51,-23.5176,-11.7874,0,0.0667572,0,0,3.01315,7915.94,415739,11651.2,0,0,0,415739,0,0,4163.03,139.35,8366.32,7915.94,0,0
01:11:15:02:18:52,-23.8037,-11.5013,0,0.0680924,0,0,3.01315,7915.94,415739,11651.2,0,0,0,415739,0,0,4163.03,139.367,8366.32,7915.94,0,0
01:11:15:02:18:53,-23.5176,-11.2152,0,0.0747681,0,0,3.01315,7915.94,415739,11651.2,0,0,0,415739,0,0,4163.03,139.383,8366.32,7915.94,0,0
01:11:15:02:18:54,-24.0898,-11.2152,0,0.0667572,0,0,3.01315,7915.94,415739,11651.2,0,0,0,415739,0,0,4163.03,139.4,8366.32,7915.94,0,0
01:11:15:02:18:55,-23.8037,-10.9291,0,0.0694294,0,0,3.01315,7915.94,415739,11651.2,0,0,0,415739,0,0,4163.03,139.417,8366.32,7915.94,0,0
01:11:15:02:18:56,-23.8037,-11.2152,0,0.0667572,0,0,3.01315,7915.94,415739,11651.2,0,0,0,415739,0,0,4163.03,139.433,8366.32,7915.94,0,0
01:11:15:02:18:57,-23.2315,-10.9291,0,0.0680924,0,0,3.01315,7915.94,415739,11651.2,0,0,0,415739,0,0,4163.03,139.45,8366.32,7915.94,0,0
01:11:15:02:18:58,-23.5176,-10.9291,0,0.0707626,0,0,3.01315,7915.94,415739,11651.2,0,0,0,415739,0,0,4163.03,139.467,8366.32,7915.94,0,0
01:11:15:02:18:59,-23.5176,-11.2152,0,0.0680924,0,0,3.01315,7915.94,415739,11651.2,0,0,0,415739,0,0,4163.03,139.483,8366.32,7915.94,0,0
01:11:15:02:19:00,-23.8037,-11.2152,0,0.0680924,0,0,3.01315,7915.94,415739,11651.2,0,0,0,415739,0,0,4163.03,139.5,8366.32,7915.94,0,0
01:11:15:02:19:01,-23.2315,-11.2152,0,0.0694294,0,0,3.01315,7915.94,415739,11651.2,0,0,0,415739,0,0,4163.03,139.517,8366.32,7915.94,0,0
01:11:15:02:19:02,-23.8037,-10.643,0,0.0707626,0,0,3.01315,7915.94,415739,11651.2,0,0,0,415739,0,0,4163.03,139.533,8366.32,7915.94,0,0
01:11:15:02:19:03,-23.2315,-10.643,0,0.0694294,0,0,3.01315,7915.94,415739,11651.2,0,0,0,415739,0,0,4163.03,139.55,8366.32,7915.94,0,0
01:11:15:02:19:04,-23.5176,-11.2152,0,0.0694294,0,0,3.01315,7915.94,415739,11651.2,0,0,0,415739,0,0,4163.03,139.567,8366.32,7915.94,0,0
01:11:15:02:19:05,-23.2315,-11.2152,0,0.0640869,0,0,3.01315,7915.94,415739,11651.2,0,0,0,415739,0,0,4163.03,139.583,8366.32,7915.94,0,0
01:11:15:02:19:06,-23.2315,-10.643,0,0.0680924,0,0,3.01315,7915.94,415739,11651.2,0,0,0,415739,0,0,4163.03,139.6,8366.32,7915.94,0,0
01:11:15:02:19:07,-23.2315,-11.2152,0,0.065424,0,0,3.01315,7915.94,415739,11651.2,0,0,0,415739,0,0,4163.03,139.617,8366.32,7915.94,0,0
01:11:15:02:19:08,-23.8037,-10.9291,0,0.0680924,0,0,3.01315,7915.94,415739,11651.2,0,0,0,415739,0,0,4163.03,139.633,8366.32,7915.94,0,0
01:11:15:02:19:09,-22.6593,-10.643,0,0.0680924,0,0,3.01315,7915.94,415739,11651.2,0,0,0,415739,0,0,4163.03,139.65,8366.32,7915.94,0,0
01:11:15:02:19:10,-22.3732,-11.2152,0,0.0694294,0,0,3.01315,7915.94,415739,11651.2,0,0,0,415739,0,0,4163.03,139.667,8366.32,7915.94,0,0
01:11:15:02:19:11,-23.5176,-10.9291,0,0.0680924,0,0,3.01315,7915.94,415739,11651.2,0,0,0,415739,0,0,4163.03,139.683,8366.32,7915.94,0,0
01:11:15:02:19:12,-23.2315,-10.9291,0,0.0680924,0,0,3.01315,7915.94,415739,11651.2,0,0,0,415739,0,0,4163.03,139.7,8366.32,7915.94,0,0
01:11:15:02:19:13,-23.2315,-10.9291,0,0.065424,0,0,3.01315,7915.94,415739,11651.2,0,0,0,415739,0,0,4163.03,139.717,8366.32,7915.94,0,0
01:11:15:02:19:14,-22.9454,-11.5013,0,0.065424,0,0,3.01315,7915.94,415739,11651.2,0,0,0,415739,0,0,4163.03,139.733,8366.32,7915.94,0,0
01:11:15:02:19:15,-23.2315,-11.2152,0,0.065424,0,0,3.01315,7915.94,415739,11651.2,0,0,0,415739,0,0,4163.03,139.75,8366.32,7915.94,0,0
01:11:15:02:19:16,-23.2315,-10.3569,0,0.065424,0,0,3.01315,7915.94,415739,11651.2,0,0,0,415739,0,0,4163.03,139.767,8366.32,7915.94,0,0
01:11:15:02:19:17,-23.2315,-11.2152,0,0.0680924,0,0,3.01315,7915.94,415739,11651.2,0,0,0,415739,0,0,4163.03,139.783,8366.32,7915.94,0,0
01:11:15:02:19:18,-22.9454,-10.9291,0,0.065424,0,0,3.01315,7915.94,415739,11651.2,0,0,0,415739,0,0,4163.03,139.8,8366.32,7915.94,0,0
01:11:15:02:19:19,-23.5176,-11.2152,0,0.0667572,0,0,3.01315,7915.94,415739,11651.2,0,0,0,415739,0,0,4163.03,139.817,8366.32,7915.94,0,0
01:11:15:02:19:20,-23.2315,-11.2152,0,0.065424,0,0,3.01315,7915.94,415739,11651.2,0,0,0,415739,0,0,4163.03,139.833,8366.32,7915.94,0,0
01:11:15:02:19:21,-23.2315,-11.5013,0,0.0680924,0,0,3.01315,7915.94,415739,11651.2,0,0,0,415739,0,0,4163.03,139.85,8366.32,7915.94,0,0
01:11:15:02:19:22,-23.5176,-10.9291,0,0.0707626,0,0,3.01315,7915.94,415739,11651.2,0,0,0,415739,0,0,4163.03,139.867,8366.32,7915.94,0,0
01:11:15:02:19:23,-23.5176,-10.9291,0,0.0694294,0,0,3.01315,7915.94,415739,11651.2,0,0,0,415739,0,0,4163.03,139.883,8366.32,7915.94,0,0
01:11:15:02:19:24,-23.5176,-11.2152,0,0.0667572,0,0,3.01315,7915.94,415739,11651.2,0,0,0,415739,0,0,4163.03,139.9,8366.32,7915.94,0,0
01:11:15:02:19:25,-23.2315,-10.9291,0,0.0680924,0,0,3.01315,7915.94,415739,11651.2,0,0,0,415739,0,0,4163.03,139.917,8366.32,7915.94,0,0
01:11:15:02:19:26,-23.2315,-11.5013,0,0.0707626,0,0,3.01315,7915.94,415739,11651.2,0,0,0,415739,0,0,4163.03,139.933,8366.32,7915.94,0,0
01:11:15:02:19:27,-23.2315,-10.643,0,0.0667572,0,0,3.01315,7915.94,415739,11651.2,0,0,0,415739,0,0,4163.03,139.95,8366.32,7915.94,0,0
01:11:15:02:19:28,-23.5176,-10.9291,0,0.0680924,0,0,3.01315,7915.94,415739,11651.2,0,0,0,415739,0,0,4163.03,139.967,8366.32,7915.94,0,0
01:11:15:02:19:29,-23.5176,-10.9291,0,0.0694294,0,0,3.01315,7915.94,415739,11651.2,0,0,0,415739,0,0,4163.03,139.983,8366.32,7915.94,0,0
01:11:15:02:19:30,-23.2315,-10.9291,0,0.0694294,0,0,3.01315,7915.94,415739,11651.2,0,0,0,415739,0,0,4163.03,140,8366.32,7915.94,0,0
01:11:15:02:19:31,-23.2315,-11.2152,0,0.0694294,0,0,3.01315,7915.94,415739,11651.2,0,0,0,415739,0,0,4163.03,140.017,8366.32,7915.94,0,0
01:11:15:02:19:32,-23.2315,-11.2152,0,0.0707626,0,0,3.01315,7915.94,415739,11651.2,0,0,0,415739,0,0,4163.03,140.033,8366.32,7915.94,0,0
01:11:15:02:19:33,-22.9454,-10.9291,0,0.0694294,0,0,3.01315,7915.94,415739,11651.2,0,0,0,415739,0,0,4163.03,140.05,8366.32,7915.94,0,0
01:11:15:02:19:34,-22.9454,-10.9291,0,0.0720997,0,0,3.01315,7915.94,415739,11651.2,0,0,0,415739,0,0,4163.03,140.067,8366.32,7915.94,0,0
01:11:15:02:19:35,-22.9454,-11.5013,0,0.0680924,0,0,3.01315,7915.94,415739,11651.2,0,0,0,415739,0,0,4163.03,140.083,8366.32,7915.94,0,0
01:11:15:02:19:36,-23.5176,-10.3569,0,0.0694294,0,0,3.01315,7915.94,415739,11651.2,0,0,0,415739,0,0,4163.03,140.1,8366.32,7915.94,0,0
01:11:15:02:19:37,-22.9454,-10.9291,0,0.0680924,0,0,3.01315,7915.94,415739,11651.2,0,0,0,415739,0,0,4163.03,140.117,8366.32,7915.94,0,0
01:11:15:02:19:38,-23.5176,-11.2152,0,0.0720997,0,0,3.01315,7915.94,415739,11651.2,0,0,0,415739,0,0,4163.03,140.133,8366.32,7915.94,0,0
01:11:15:02:19:39,-23.2315,-10.9291,0,0.0720997,0,0,3.01315,7915.94,415739,11651.2,0,0,0,415739,0,0,4163.03,140.15,8366.32,7915.94,0,0
01:11:15:02:19:40,-22.9454,-10.643,0,0.0707626,0,0,3.01315,7915.94,415739,11651.2,0,0,0,415739,0,0,4163.03,140.167,8366.32,7915.94,0,0
01:11:15:02:19:41,-23.5176,-10.643,0,0.0734348,0,0,3.01315,7915.94,415739,11651.2,0,0,0,415739,0,0,4163.03,140.183,8366.32,7915.94,0,0
01:11:15:02:19:42,-23.2315,-10.643,0,0.0707626,0,0,3.01315,7915.94,415739,11651.2,0,0,0,415739,0,0,4163.03,140.2,8366.32,7915.94,0,0
01:11:15:02:19:43,-23.5176,-11.7874,0,0.0667572,0,0,3.01315,7915.94,415739,11651.2,0,0,0,415739,0,0,4163.03,140.217,8366.32,7915.94,0,0
01:11:15:02:19:44,-23.5176,-11.2152,0,0.0734348,0,0,3.01315,7915.94,415739,11651.2,0,0,0,415739,0,0,4163.03,140.233,8366.32,7915.94,0,0
01:11:15:02:19:45,-22.9454,-10.643,0,0.0694294,0,0,3.01315,7915.94,415739,11651.2,0,0,0,415739,0,0,4163.03,140.25,8366.32,7915.94,0,0
01:11:15:02:19:46,-23.5176,-10.9291,0,0.0694294,0,0,3.01315,7915.94,415739,11651.2,0,0,0,415739,0,0,4163.03,140.267,8366.32,7915.94,0,0
01:11:15:02:19:47,-22.9454,-11.2152,0,0.0720997,0,0,3.01315,7915.94,415739,11651.2,0,0,0,415739,0,0,4163.03,140.283,8366.32,7915.94,0,0
01:11:15:02:19:48,-23.2315,-11.5013,0,0.0667572,0,0,3.01315,7915.94,415739,11651.2,0,0,0,415739,0,0,4163.03,140.3,8366.32,7915.94,0,0
01:11:15:02:19:49,-23.5176,-10.9291,0,0.0680924,0,0,3.01315,7915.94,415739,11651.2,0,0,0,415739,0,0,4163.03,140.317,8366.32,7915.94,0,0
01:11:15:02:19:50,-23.2315,-11.2152,0,0.0707626,0,0,3.01315,7915.94,415739,11651.2,0,0,0,415739,0,0,4163.03,140.333,8366.32,7915.94,0,0
01:11:15:02:19:51,-23.5176,-11.2152,0,0.0734348,0,0,3.01315,7915.94,415739,11651.2,0,0,0,415739,0,0,4163.03,140.35,8366.32,7915.94,0,0
01:11:15:02:19:52,-23.5176,-11.2152,0,0.0707626,0,0,3.01315,7915.94,415739,11651.2,0,0,0,415739,0,0,4163.03,140.367,8366.32,7915.94,0,0
01:11:15:02:19:53,-23.2315,-11.5013,0,0.0694294,0,0,3.01315,7915.94,415739,11651.2,0,0,0,415739,0,0,4163.03,140.383,8366.32,7915.94,0,0
01:11:15:02:19:54,-23.2315,-10.9291,0,0.0667572,0,0,3.01315,7915.94,415739,11651.2,0,0,0,415739,0,0,4163.03,140.4,8366.32,7915.94,0,0
01:11:15:02:19:55,-23.2315,-11.5013,0,0.065424,0,0,3.01315,7915.94,415739,11651.2,0,0,0,415739,0,0,4163.03,140.417,8366.32,7915.94,0,0
01:11:15:02:19:56,-22.9454,-11.2152,0,0.0694294,0,0,3.01315,7915.94,415739,11651.2,0,0,0,415739,0,0,4163.03,140.433,8366.32,7915.94,0,0
01:11:15:02:19:57,-24.0898,-11.5013,0,0.0694294,0,0,3.01315,7915.94,415739,11651.2,0,0,0,415739,0,0,4163.03,140.45,8366.32,7915.94,0,0
01:11:15:02:19:58,-23.5176,-11.2152,0,0.0680924,0,0,3.01315,7915.94,415739,11651.2,0,0,0,415739,0,0,4163.03,140.467,8366.32,7915.94,0,0
01:11:15:02:19:59,-23.2315,-11.2152,0,0.0694294,0,0,3.01315,7915.94,415739,11651.2,0,0,0,415739,0,0,4163.03,140.483,8366.32,7915.94,0,0
01:11:15:02:20:00,-22.9454,-10.9291,0,0.0747681,0,0,3.01315,7915.94,415739,11651.2,0,0,0,415739,0,0,4163.03,140.5,8366.32,7915.94,0,0
01:11:15:02:20:01,-23.2315,-11.5013,0,0.0694294,0,0,3.01315,7915.94,415739,11651.2,0,0,0,415739,0,0,4163.03,140.517,8366.32,7915.94,0,0
01:11:15:02:20:02,-22.9454,-11.2152,0,0.0707626,0,0,3.01315,7915.94,415739,11651.2,0,0,0,415739,0,0,4163.03,140.533,8366.32,7915.94,0,0
01:11:15:02:20:03,-23.2315,-11.5013,0,0.0734348,0,0,3.01315,7915.94,415739,11651.2,0,0,0,415739,0,0,4163.03,140.55,8366.32,7915.94,0,0
01:11:15:02:20:04,-23.2315,-10.643,0,0.0694294,0,0,3.01315,7915.94,415739,11651.2,0,0,0,415739,0,0,4163.03,140.567,8366.32,7915.94,0,0
01:11:15:02:20:05,-23.2315,-10.9291,0,0.0680924,0,0,3.01315,7915.94,415739,11651.2,0,0,0,415739,0,0,4163.03,140.583,8366.32,7915.94,0,0
01:11:15:02:20:06,-23.2315,-11.2152,0,0.0627537,0,0,3.01315,7915.94,415739,11651.2,0,0,0,415739,0,0,4163.03,140.6,8366.32,7915.94,0,0
01:11:15:02:20:07,-23.2315,-10.9291,0,0.0694294,0,0,3.01315,7915.94,415739,11651.2,0,0,0,415739,0,0,4163.03,140.617,8366.32,7915.94,0,0
01:11:15:02:20:08,-22.9454,-11.2152,0,0.0694294,0,0,3.01315,7915.94,415739,11651.2,0,0,0,415739,0,0,4163.03,140.633,8366.32,7915.94,0,0
01:11:15:02:20:09,-23.2315,-10.9291,0,0.0694294,0,0,3.01315,7915.94,415739,11651.2,0,0,0,415739,0,0,4163.03,140.65,8366.32,7915.94,0,0
01:11:15:02:20:10,-23.2315,-10.9291,0,0.0694294,0,0,3.01315,7915.94,415739,11651.2,0,0,0,415739,0,0,4163.03,140.667,8366.32,7915.94,0,0
01:11:15:02:20:11,-22.9454,-11.5013,0,0.0734348,0,0,3.01315,7915.94,415739,11651.2,0,0,0,415739,0,0,4163.03,140.683,8366.32,7915.94,0,0
01:11:15:02:20:12,-22.6593,-11.2152,0,0.0720997,0,0,3.01315,7915.94,415739,11651.2,0,0,0,415739,0,0,4163.03,140.7,8366.32,7915.94,0,0
01:11:15:02:20:13,-22.9454,-11.2152,0,0.0707626,0,0,3.01315,7915.94,415739,11651.2,0,0,0,415739,0,0,4163.03,140.717,8366.32,7915.94,0,0
01:11:15:02:20:14,-22.6593,-11.2152,0,0.0707626,0,0,3.01315,7915.94,415739,11651.2,0,0,0,415739,0,0,4163.03,140.733,8366.32,7915.94,0,0
01:11:15:02:20:15,-23.2315,-10.9291,0,0.0720997,0,0,3.01315,7915.94,415739,11651.2,0,0,0,415739,0,0,4163.03,140.75,8366.32,7915.94,0,0
01:11:15:02:20:16,-23.2315,-10.9291,0,0.0694294,0,0,3.01315,7915.94,415739,11651.2,0,0,0,415739,0,0,4163.03,140.767,8366.32,7915.94,0,0
01:11:15:02:20:17,-23.2315,-11.2152,0,0.0694294,0,0,3.01315,7915.94,415739,11651.2,0,0,0,415739,0,0,4163.03,140.783,8366.32,7915.94,0,0
01:11:15:02:20:18,-23.5176,-11.2152,0,0.0667572,0,0,3.01315,7915.94,415739,11651.2,0,0,0,415739,0,0,4163.03,140.8,8366.32,7915.94,0,0
01:11:15:02:20:19,-23.2315,-10.643,0,0.0680924,0,0,3.01315,7915.94,415739,11651.2,0,0,0,415739,0,0,4163.03,140.817,8366.32,7915.94,0,0
01:11:15:02:20:20,-22.9454,-11.2152,0,0.0707626,0,0,3.01315,7915.94,415739,11651.2,0,0,0,415739,0,0,4163.03,140.833,8366.32,7915.94,0,0
01:11:15:02:20:21,-22.6593,-10.9291,0,0.0694294,0,0,3.01315,7915.94,415739,11651.2,0,0,0,415739,0,0,4163.03,140.85,8366.32,7915.94,0,0
01:11:15:02:20:22,-23.2315,-11.5013,0,0.0667572,0,0,3.01315,7915.94,415739,11651.2,0,0,0,415739,0,0,4163.03,140.867,8366.32,7915.94,0,0
01:11:15:02:20:23,-22.6593,-11.2152,0,0.065424,0,0,3.01315,7915.94,415739,11651.2,0,0,0,415739,0,0,4163.03,140.883,8366.32,7915.94,0,0
01:11:15:02:20:24,-22.9454,-11.2152,0,0.0680924,0,0,3.01315,7915.94,415739,11651.2,0,0,0,415739,0,0,4163.03,140.9,8366.32,7915.94,0,0
01:11:15:02:20:25,-23.5176,-10.9291,0,0.0667572,0,0,3.01315,7915.94,415739,11651.2,0,0,0,415739,0,0,4163.03,140.917,8366.32,7915.94,0,0
01:11:15:02:20:26,-22.9454,-11.2152,0,0.0734348,0,0,3.01315,7915.94,415739,11651.2,0,0,0,415739,0,0,4163.03,140.933,8366.32,7915.94,0,0
01:11:15:02:20:27,-23.2315,-11.2152,0,0.0694294,0,0,3.01315,7915.94,415739,11651.2,0,0,0,415739,0,0,4163.03,140.95,8366.32,7915.94,0,0
01:11:15:02:20:28,-22.9454,-11.2152,0,0.0694294,0,0,3.01315,7915.94,415739,11651.2,0,0,0,415739,0,0,4163.03,140.967,8366.32,7915.94,0,0
01:11:15:02:20:29,-23.2315,-11.2152,0,0.0761051,0,0,3.01315,7915.94,415739,11651.2,0,0,0,415739,0,0,4163.03,140.983,8366.32,7915.94,0,0
01:11:15:02:20:30,-22.6593,-11.2152,0,0.0720997,0,0,3.01315,7915.94,415739,11651.2,0,0,0,415739,0,0,4163.03,141,8366.32,7915.94,0,0
01:11:15:02:20:31,-22.9454,-10.9291,0,0.0720997,0,0,3.01315,7915.94,415739,11651.2,0,0,0,415739,0,0,4163.03,141.017,8366.32,7915.94,0,0
01:11:15:02:20:32,-23.5176,-10.9291,0,0.0680924,0,0,3.01315,7915.94,415739,11651.2,0,0,0,415739,0,0,4163.03,141.033,8366.32,7915.94,0,0
01:11:15:02:20:33,-23.8037,-10.9291,0,0.0667572,0,0,3.01315,7915.94,415739,11651.2,0,0,0,415739,0,0,4163.03,141.05,8366.32,7915.94,0,0
01:11:15:02:20:34,-22.9454,-10.9291,0,0.0680924,0,0,3.01315,7915.94,415739,11651.2,0,0,0,415739,0,0,4163.03,141.067,8366.32,7915.94,0,0
01:11:15:02:20:35,-22.9454,-10.9291,0,0.0694294,0,0,3.01315,7915.94,415739,11651.2,0,0,0,415739,0,0,4163.03,141.083,8366.32,7915.94,0,0
01:11:15:02:20:36,-23.2315,-10.643,0,0.0720997,0,0,3.01315,7915.94,415739,11651.2,0,0,0,415739,0,0,4163.03,141.1,8366.32,7915.94,0,0
01:11:15:02:20:37,-23.5176,-11.5013,0,0.0734348,0,0,3.01315,7915.94,415739,11651.2,0,0,0,415739,0,0,4163.03,141.117,8366.32,7915.94,0,0
01:11:15:02:20:38,-23.2315,-10.9291,0,0.065424,0,0,3.01315,7915.94,415739,11651.2,0,0,0,415739,0,0,4163.03,141.133,8366.32,7915.94,0,0
01:11:15:02:20:39,-22.6593,-11.2152,0,0.0667572,0,0,3.01315,7915.94,415739,11651.2,0,0,0,415739,0,0,4163.03,141.15,8366.32,7915.94,0,0
01:11:15:02:20:40,-23.2315,-11.5013,0,0.0667572,0,0,3.01315,7915.94,415739,11651.2,0,0,0,415739,0,0,4163.03,141.167,8366.32,7915.94,0,0
01:11:15:02:20:41,-22.9454,-11.5013,0,0.065424,0,0,3.01315,7915.94,415739,11651.2,0,0,0,415739,0,0,4163.03,141.183,8366.32,7915.94,0,0
01:11:15:02:20:42,-22.6593,-11.2152,0,0.0640869,0,0,3.01315,7915.94,415739,11651.2,0,0,0,415739,0,0,4163.03,141.2,8366.32,7915.94,0,0
01:11:15:02:20:43,-22.6593,-11.2152,0,0.0627537,0,0,3.01315,7915.94,415739,11651.2,0,0,0,415739,0,0,4163.03,141.217,8366.32,7915.94,0,0
01:11:15:02:20:44,-23.2315,-11.5013,0,0.065424,0,0,3.01315,7915.94,415739,11651.2,0,0,0,415739,0,0,4163.03,141.233,8366.32,7915.94,0,0
01:11:15:02:20:45,-23.8037,-11.5013,0,0.065424,0,0,3.01315,7915.94,415739,11651.2,0,0,0,415739,0,0,4163.03,141.25,8366.32,7915.94,0,0
01:11:15:02:20:46,-23.5176,-10.9291,0,0.0627537,0,0,3.01315,7915.94,415739,11651.2,0,0,0,415739,0,0,4163.03,141.267,8366.32,7915.94,0,0
01:11:15:02:20:47,-23.2315,-11.5013,0,0.0640869,0,0,3.01315,7915.94,415739,11651.2,0,0,0,415739,0,0,4163.03,141.283,8366.32,7915.94,0,0
01:11:15:02:20:48,-23.2315,-11.5013,0,0.0640869,0,0,3.01315,7915.94,415739,11651.2,0,0,0,415739,0,0,4163.03,141.3,8366.32,7915.94,0,0
01:11:15:02:20:49,-22.9454,-11.5013,0,0.065424,0,0,3.01315,7915.94,415739,11651.2,0,0,0,415739,0,0,4163.03,141.317,8366.32,7915.94,0,0
01:11:15:02:20:50,-23.8037,-10.9291,0,0.0680924,0,0,3.01315,7915.94,415739,11651.2,0,0,0,415739,0,0,4163.03,141.333,8366.32,7915.94,0,0
01:11:15:02:20:51,-22.9454,-11.2152,0,0.0640869,0,0,3.01315,7915.94,415739,11651.2,0,0,0,415739,0,0,4163.03,141.35,8366.32,7915.94,0,0
01:11:15:02:20:52,-23.5176,-10.9291,0,0.0694294,0,0,3.01315,7915.94,415739,11651.2,0,0,0,415739,0,0,4163.03,141.367,8366.32,7915.94,0,0
01:11:15:02:20:53,-23.5176,-11.5013,0,0.0640869,0,0,3.01315,7915.94,415739,11651.2,0,0,0,415739,0,0,4163.03,141.383,8366.32,7915.94,0,0
01:11:15:02:20:54,-23.2315,-11.2152,0,0.065424,0,0,3.01315,7915.94,415739,11651.2,0,0,0,415739,0,0,4163.03,141.4,8366.32,7915.94,0,0
01:11:15:02:20:55,-22.9454,-11.7874,0,0.065424,0,0,3.01315,7915.94,415739,11651.2,0,0,0,415739,0,0,4163.03,141.417,8366.32,7915.94,0,0
01:11:15:02:20:56,-22.9454,-11.2152,0,0.0680924,0,0,3.01315,7915.94,415739,11651.2,0,0,0,415739,0,0,4163.03,141.433,8366.32,7915.94,0,0
01:11:15:02:20:57,-22.9454,-11.2152,0,0.0680924,0,0,3.01315,7915.94,415739,11651.2,0,0,0,415739,0,0,4163.03,141.45,8366.32,7915.94,0,0
01:11:15:02:20:58,-22.9454,-11.2152,0,0.0640869,0,0,3.01315,7915.94,415739,11651.2,0,0,0,415739,0,0,4163.03,141.467,8366.32,7915.94,0,0
01:11:15:02:20:59,-23.5176,-10.643,0,0.0680924,0,0,3.01315,7915.94,415739,11651.2,0,0,0,415739,0,0,4163.03,141.483,8366.32,7915.94,0,0
01:11:15:02:21:00,-23.5176,-10.9291,0,0.065424,0,0,3.01315,7915.94,415739,11651.2,0,0,0,415739,0,0,4163.03,141.5,8366.32,7915.94,0,0
01:11:15:02:21:01,-23.5176,-11.5013,0,0.065424,0,0,3.01315,7915.94,415739,11651.2,0,0,0,415739,0,0,4163.03,141.517,8366.32,7915.94,0,0
01:11:15:02:21:02,-22.9454,-11.2152,0,0.0680924,0,0,3.01315,7915.94,415739,11651.2,0,0,0,415739,0,0,4163.03,141.533,8366.32,7915.94,0,0
01:11:15:02:21:03,-23.8037,-11.5013,0,0.0667572,0,0,3.01315,7915.94,415739,11651.2,0,0,0,415739,0,0,4163.03,141.55,8366.32,7915.94,0,0
01:11:15:02:21:04,-23.2315,-11.7874,0,0.0667572,0,0,3.01315,7915.94,415739,11651.2,0,0,0,415739,0,0,4163.03,141.567,8366.32,7915.94,0,0
01:11:15:02:21:05,-22.6593,-11.5013,0,0.0667572,0,0,3.01315,7915.94,415739,11651.2,0,0,0,415739,0,0,4163.03,141.583,8366.32,7915.94,0,0
01:11:15:02:21:06,-22.9454,-11.5013,0,0.065424,0,0,3.01315,7915.94,415739,11651.2,0,0,0,415739,0,0,4163.03,141.6,8366.32,7915.94,0,0
01:11:15:02:21:07,-23.8037,-11.2152,0,0.0667572,0,0,3.01315,7915.94,415739,11651.2,0,0,0,415739,0,0,4163.03,141.617,8366.32,7915.94,0,0
01:11:15:02:21:08,-22.6593,-10.9291,0,0.0680924,0,0,3.01315,7915.94,415739,11651.2,0,0,0,415739,0,0,4163.03,141.633,8366.32,7915.94,0,0
01:11:15:02:21:09,-23.2315,-11.5013,0,0.0680924,0,0,3.01315,7915.94,415739,11651.2,0,0,0,415739,0,0,4163.03,141.65,8366.32,7915.94,0,0
01:11:15:02:21:10,-23.5176,-11.7874,0,0.0694294,0,0,3.01315,7915.94,415739,11651.2,0,0,0,415739,0,0,4163.03,141.667,8366.32,7915.94,0,0
01:11:15:02:21:11,-23.5176,-11.5013,0,0.0680924,0,0,3.01315,7915.94,415739,11651.2,0,0,0,415739,0,0,4163.03,141.683,8366.32,7915.94,0,0
01:11:15:02:21:12,-22.9454,-11.2152,0,0.0680924,0,0,3.01315,7915.94,415739,11651.2,0,0,0,415739,0,0,4163.03,141.7,8366.32,7915.94,0,0
01:11:15:02:21:13,-23.2315,-11.5013,0,0.0680924,0,0,3.01315,7915.94,415739,11651.2,0,0,0,415739,0,0,4163.03,141.717,8366.32,7915.94,0,0
01:11:15:02:21:14,-23.2315,-11.5013,0,0.0680924,0,0,3.01315,7915.94,415739,11651.2,0,0,0,415739,0,0,4163.03,141.733,8366.32,7915.94,0,0
01:11:15:02:21:15,-23.5176,-11.5013,0,0.0667572,0,0,3.01315,7915.94,415739,11651.2,0,0,0,415739,0,0,4163.03,141.75,8366.32,7915.94,0,0
01:11:15:02:21:16,-23.2315,-11.2152,0,0.0720997,0,0,3.01315,7915.94,415739,11651.2,0,0,0,415739,0,0,4163.03,141.767,8366.32,7915.94,0,0
01:11:15:02:21:17,-23.5176,-11.7874,0,0.0747681,0,0,3.01315,7915.94,415739,11651.2,0,0,0,415739,0,0,4163.03,141.783,8366.32,7915.94,0,0
01:11:15:02:21:18,-23.2315,-11.5013,0,0.0734348,0,0,3.01315,7915.94,415739,11651.2,0,0,0,415739,0,0,4163.03,141.8,8366.32,7915.94,0,0
01:11:15:02:21:19,-23.2315,-11.7874,0,0.0720997,0,0,3.01315,7915.94,415739,11651.2,0,0,0,415739,0,0,4163.03,141.817,8366.32,7915.94,0,0
01:11:15:02:21:20,-23.2315,-11.7874,0,0.0707626,0,0,3.01315,7915.94,415739,11651.2,0,0,0,415739,0,0,4163.03,141.833,8366.32,7915.94,0,0
01:11:15:02:21:21,-22.9454,-11.7874,0,0.0694294,0,0,3.01315,7915.94,415739,11651.2,0,0,0,415739,0,0,4163.03,141.85,8366.32,7915.94,0,0
01:11:15:02:21:22,-23.5176,-10.9291,0,0.065424,0,0,3.01315,7915.94,415739,11651.2,0,0,0,415739,0,0,4163.03,141.867,8366.32,7915.94,0,0
01:11:15:02:21:23,-22.9454,-11.5013,0,0.065424,0,0,3.01315,7915.94,415739,11651.2,0,0,0,415739,0,0,4163.03,141.883,8366.32,7915.94,0,0
01:11:15:02:21:24,-23.2315,-10.9291,0,0.0680924,0,0,3.01315,7915.94,415739,11651.2,0,0,0,415739,0,0,4163.03,141.9,8366.32,7915.94,0,0
01:11:15:02:21:25,-23.2315,-11.2152,0,0.0680924,0,0,3.01315,7915.94,415739,11651.2,0,0,0,415739,0,0,4163.03,141.917,8366.32,7915.94,0,0
01:11:15:02:21:26,-23.8037,-11.7874,0,0.0707626,0,0,3.01315,7915.94,415739,11651.2,0,0,0,415739,0,0,4163.03,141.933,8366.32,7915.94,0,0
01:11:15:02:21:27,-23.2315,-11.2152,0,0.0680924,0,0,3.01315,7915.94,415739,11651.2,0,0,0,415739,0,0,4163.03,141.95,8366.32,7915.94,0,0
01:11:15:02:21:28,-23.2315,-11.5013,0,0.0680924,0,0,3.01315,7915.94,415739,11651.2,0,0,0,415739,0,0,4163.03,141.967,8366.32,7915.94,0,0
01:11:15:02:21:29,-23.2315,-11.5013,0,0.0680924,0,0,3.01315,7915.94,415739,11651.2,0,0,0,415739,0,0,4163.03,141.983,8366.32,7915.94,0,0
01:11:15:02:21:30,-23.2315,-11.7874,0,0.0667572,0,0,3.01315,7915.94,415739,11651.2,0,0,0,415739,0,0,4163.03,142,8366.32,7915.94,0,0
01:11:15:02:21:31,-23.5176,-11.2152,0,0.0680924,0,0,3.01315,7915.94,415739,11651.2,0,0,0,415739,0,0,4163.03,142.017,8366.32,7915.94,0,0
01:11:15:02:21:32,-23.2315,-11.7874,0,0.0707626,0,0,3.01315,7915.94,415739,11651.2,0,0,0,415739,0,0,4163.03,142.033,8366.32,7915.94,0,0
01:11:15:02:21:33,-23.5176,-11.5013,0,0.065424,0,0,3.01315,7915.94,415739,11651.2,0,0,0,415739,0,0,4163.03,142.05,8366.32,7915.94,0,0
01:11:15:02:21:34,-23.2315,-12.0735,0,0.0667572,0,0,3.01315,7915.94,415739,11651.2,0,0,0,415739,0,0,4163.03,142.067,8366.32,7915.94,0,0
01:11:15:02:21:35,-23.2315,-10.9291,0,0.0680924,0,0,3.01315,7915.94,415739,11651.2,0,0,0,415739,0,0,4163.03,142.083,8366.32,7915.94,0,0
01:11:15:02:21:36,-23.2315,-11.2152,0,0.0707626,0,0,3.01315,7915.94,415739,11651.2,0,0,0,415739,0,0,4163.03,142.1,8366.32,7915.94,0,0
01:11:15:02:21:37,-23.2315,-11.2152,0,0.0667572,0,0,3.01315,7915.94,415739,11651.2,0,0,0,415739,0,0,4163.03,142.117,8366.32,7915.94,0,0
01:11:15:02:21:38,-23.5176,-11.5013,0,0.0667572,0,0,3.01315,7915.94,415739,11651.2,0,0,0,415739,0,0,4163.03,142.133,8366.32,7915.94,0,0
01:11:15:02:21:39,-22.6593,-11.5013,0,0.0680924,0,0,3.01315,7915.94,415739,11651.2,0,0,0,415739,0,0,4163.03,142.15,8366.32,7915.94,0,0
01:11:15:02:21:40,-22.9454,-11.2152,0,0.0694294,0,0,3.01315,7915.94,415739,11651.2,0,0,0,415739,0,0,4163.03,142.167,8366.32,7915.94,0,0
01:11:15:02:21:41,-23.2315,-11.7874,0,0.0694294,0,0,3.01315,7915.94,415739,11651.2,0,0,0,415739,0,0,4163.03,142.183,8366.32,7915.94,0,0
01:11:15:02:21:42,-22.6593,-11.5013,0,0.0680924,0,0,3.01315,7915.94,415739,11651.2,0,0,0,415739,0,0,4163.03,142.2,8366.32,7915.94,0,0
01:11:15:02:21:43,-23.5176,-11.2152,0,0.0667572,0,0,3.01315,7915.94,415739,11651.2,0,0,0,415739,0,0,4163.03,142.217,8366.32,7915.94,0,0
01:11:15:02:21:44,-23.5176,-11.7874,0,0.0680924,0,0,3.01315,7915.94,415739,11651.2,0,0,0,415739,0,0,4163.03,142.233,8366.32,7915.94,0,0
01:11:15:02:21:45,-23.5176,-11.2152,0,0.0667572,0,0,3.01315,7915.94,415739,11651.2,0,0,0,415739,0,0,4163.03,142.25,8366.32,7915.94,0,0
01:11:15:02:21:46,-22.9454,-11.5013,0,0.0694294,0,0,3.01315,7915.94,415739,11651.2,0,0,0,415739,0,0,4163.03,142.267,8366.32,7915.94,0,0
01:11:15:02:21:47,-23.5176,-11.5013,0,0.0667572,0,0,3.01315,7915.94,415739,11651.2,0,0,0,415739,0,0,4163.03,142.283,8366.32,7915.94,0,0
01:11:15:02:21:48,-22.9454,-10.9291,0,0.0707626,0,0,3.01315,7915.94,415739,11651.2,0,0,0,415739,0,0,4163.03,142.3,8366.32,7915.94,0,0
01:11:15:02:21:49,-23.5176,-11.2152,0,0.0680924,0,0,3.01315,7915.94,415739,11651.2,0,0,0,415739,0,0,4163.03,142.317,8366.32,7915.94,0,0
01:11:15:02:21:50,-23.2315,-11.2152,0,0.0707626,0,0,3.01315,7915.94,415739,11651.2,0,0,0,415739,0,0,4163.03,142.333,8366.32,7915.94,0,0
01:11:15:02:21:51,-23.2315,-11.5013,0,0.0694294,0,0,3.01315,7915.94,415739,11651.2,0,0,0,415739,0,0,4163.03,142.35,8366.32,7915.94,0,0
01:11:15:02:21:52,-23.2315,-11.5013,0,0.0680924,0,0,3.01315,7915.94,415739,11651.2,0,0,0,415739,0,0,4163.03,142.367,8366.32,7915.94,0,0
01:11:15:02:21:53,-23.2315,-11.5013,0,0.0694294,0,0,3.01315,7915.94,415739,11651.2,0,0,0,415739,0,0,4163.03,142.383,8366.32,7915.94,0,0
01:11:15:02:21:54,-23.2315,-11.5013,0,0.0707626,0,0,3.01315,7915.94,415739,11651.2,0,0,0,415739,0,0,4163.03,142.4,8366.32,7915.94,0,0
01:11:15:02:21:55,-23.2315,-11.7874,0,0.0720997,0,0,3.01315,7915.94,415739,11651.2,0,0,0,415739,0,0,4163.03,142.417,8366.32,7915.94,0,0
01:11:15:02:21:56,-23.5176,-11.7874,0,0.0707626,0,0,3.01315,7915.94,415739,11651.2,0,0,0,415739,0,0,4163.03,142.433,8366.32,7915.94,0,0
01:11:15:02:21:57,-22.9454,-11.2152,0,0.0694294,0,0,3.01315,7915.94,415739,11651.2,0,0,0,415739,0,0,4163.03,142.45,8366.32,7915.94,0,0
01:11:15:02:21:58,-23.5176,-11.2152,0,0.0680924,0,0,3.01315,7915.94,415739,11651.2,0,0,0,415739,0,0,4163.03,142.467,8366.32,7915.94,0,0
01:11:15:02:21:59,-23.5176,-11.2152,0,0.0694294,0,0,3.01315,7915.94,415739,11651.2,0,0,0,415739,0,0,4163.03,142.483,8366.32,7915.94,0,0
01:11:15:02:22:00,-23.5176,-11.7874,0,0.0707626,0,0,3.01315,7915.94,415739,11651.2,0,0,0,415739,0,0,4163.03,142.5,8366.32,7915.94,0,0
01:11:15:02:22:01,-23.2315,-10.9291,0,0.0734348,0,0,3.01315,7915.94,415739,11651.2,0,0,0,415739,0,0,4163.03,142.517,8366.32,7915.94,0,0
01:11:15:02:22:02,-23.2315,-11.5013,0,0.0680924,0,0,3.01315,7915.94,415739,11651.2,0,0,0,415739,0,0,4163.03,142.533,8366.32,7915.94,0,0
01:11:15:02:22:03,-22.9454,-11.7874,0,0.0667572,0,0,3.01315,7915.94,415739,11651.2,0,0,0,415739,0,0,4163.03,142.55,8366.32,7915.94,0,0
01:11:15:02:22:04,-22.9454,-11.7874,0,0.0667572,0,0,3.01315,7915.94,415739,11651.2,0,0,0,415739,0,0,4163.03,142.567,8366.32,7915.94,0,0
01:11:15:02:22:05,-23.2315,-11.5013,0,0.0707626,0,0,3.01315,7915.94,415739,11651.2,0,0,0,415739,0,0,4163.03,142.583,8366.32,7915.94,0,0
01:11:15:02:22:06,-22.9454,-11.2152,0,0.0707626,0,0,3.01315,7915.94,415739,11651.2,0,0,0,415739,0,0,4163.03,142.6,8366.32,7915.94,0,0
01:11:15:02:22:07,-23.2315,-11.5013,0,0.0667572,0,0,3.01315,7915.94,415739,11651.2,0,0,0,415739,0,0,4163.03,142.617,8366.32,7915.94,0,0
01:11:15:02:22:08,-23.5176,-10.9291,0,0.0667572,0,0,3.01315,7915.94,415739,11651.2,0,0,0,415739,0,0,4163.03,142.633,8366.32,7915.94,0,0
01:11:15:02:22:09,-23.2315,-11.7874,0,0.065424,0,0,3.01315,7915.94,415739,11651.2,0,0,0,415739,0,0,4163.03,142.65,8366.32,7915.94,0,0
01:11:15:02:22:10,-22.9454,-11.5013,0,0.0640869,0,0,3.01315,7915.94,415739,11651.2,0,0,0,415739,0,0,4163.03,142.667,8366.32,7915.94,0,0
01:11:15:02:22:11,-22.9454,-11.5013,0,0.065424,0,0,3.01315,7915.94,415739,11651.2,0,0,0,415739,0,0,4163.03,142.683,8366.32,7915.94,0,0
01:11:15:02:22:12,-23.5176,-11.7874,0,0.0667572,0,0,3.01315,7915.94,415739,11651.2,0,0,0,415739,0,0,4163.03,142.7,8366.32,7915.94,0,0
01:11:15:02:22:13,-23.5176,-12.0735,0,0.065424,0,0,3.01315,7915.94,415739,11651.2,0,0,0,415739,0,0,4163.03,142.717,8366.32,7915.94,0,0
01:11:15:02:22:14,-23.2315,-10.9291,0,0.065424,0,0,3.01315,7915.94,415739,11651.2,0,0,0,415739,0,0,4163.03,142.733,8366.32,7915.94,0,0
01:11:15:02:22:15,-23.5176,-11.5013,0,0.0627537,0,0,3.01315,7915.94,415739,11651.2,0,0,0,415739,0,0,4163.03,142.75,8366.32,7915.94,0,0
01:11:15:02:22:16,-22.6593,-11.2152,0,0.0640869,0,0,3.01315,7915.94,415739,11651.2,0,0,0,415739,0,0,4163.03,142.767,8366.32,7915.94,0,0
01:11:15:02:22:17,-22.9454,-11.7874,0,0.0640869,0,0,3.01315,7915.94,415739,11651.2,0,0,0,415739,0,0,4163.03,142.783,8366.32,7915.94,0,0
01:11:15:02:22:18,-22.9454,-11.5013,0,0.0680924,0,0,3.01315,7915.94,415739,11651.2,0,0,0,415739,0,0,4163.03,142.8,8366.32,7915.94,0,0
01:11:15:02:22:19,-23.5176,-11.5013,0,0.0667572,0,0,3.01315,7915.94,415739,11651.2,0,0,0,415739,0,0,4163.03,142.817,8366.32,7915.94,0,0
01:11:15:02:22:20,-23.2315,-11.7874,0,0.0640869,0,0,3.01315,7915.94,415739,11651.2,0,0,0,415739,0,0,4163.03,142.833,8366.32,7915.94,0,0
01:11:15:02:22:21,-23.2315,-11.5013,0,0.065424,0,0,3.01315,7915.94,415739,11651.2,0,0,0,415739,0,0,4163.03,142.85,8366.32,7915.94,0,0
01:11:15:02:22:22,-22.9454,-11.5013,0,0.0680924,0,0,3.01315,7915.94,415739,11651.2,0,0,0,415739,0,0,4163.03,142.867,8366.32,7915.94,0,0
01:11:15:02:22:23,-22.9454,-11.7874,0,0.0680924,0,0,3.01315,7915.94,415739,11651.2,0,0,0,415739,0,0,4163.03,142.883,8366.32,7915.94,0,0
01:11:15:02:22:24,-23.2315,-11.7874,0,0.0667572,0,0,3.01315,7915.94,415739,11651.2,0,0,0,415739,0,0,4163.03,142.9,8366.32,7915.94,0,0
01:11:15:02:22:25,-23.5176,-11.2152,0,0.065424,0,0,3.01315,7915.94,415739,11651.2,0,0,0,415739,0,0,4163.03,142.917,8366.32,7915.94,0,0
01:11:15:02:22:26,-22.9454,-11.7874,0,0.0694294,0,0,3.01315,7915.94,415739,11651.2,0,0,0,415739,0,0,4163.03,142.933,8366.32,7915.94,0,0
01:11:15:02:22:27,-23.2315,-12.0735,0,0.0640869,0,0,3.01315,7915.94,415739,11651.2,0,0,0,415739,0,0,4163.03,142.95,8366.32,7915.94,0,0
01:11:15:02:22:28,-23.8037,-11.5013,0,0.065424,0,0,3.01315,7915.94,415739,11651.2,0,0,0,415739,0,0,4163.03,142.967,8366.32,7915.94,0,0
01:11:15:02:22:29,-23.2315,-11.5013,0,0.0627537,0,0,3.01315,7915.94,415739,11651.2,0,0,0,415739,0,0,4163.03,142.983,8366.32,7915.94,0,0
01:11:15:02:22:30,-23.8037,-11.5013,0,0.0667572,0,0,3.01315,7915.94,415739,11651.2,0,0,0,415739,0,0,4163.03,143,8366.32,7915.94,0,0
01:11:15:02:22:31,-23.5176,-11.2152,0,0.0667572,0,0,3.01315,7915.94,415739,11651.2,0,0,0,415739,0,0,4163.03,143.017,8366.32,7915.94,0,0
01:11:15:02:22:32,-23.2315,-11.7874,0,0.0680924,0,0,3.01315,7915.94,415739,11651.2,0,0,0,415739,0,0,4163.03,143.033,8366.32,7915.94,0,0
01:11:15:02:22:33,-23.5176,-11.7874,0,0.0667572,0,0,3.01315,7915.94,415739,11651.2,0,0,0,415739,0,0,4163.03,143.05,8366.32,7915.94,0,0
01:11:15:02:22:34,-23.5176,-12.0735,0,0.0640869,0,0,3.01315,7915.94,415739,11651.2,0,0,0,415739,0,0,4163.03,143.067,8366.32,7915.94,0,0
01:11:15:02:22:35,-23.8037,-11.5013,0,0.0667572,0,0,3.01315,7915.94,415739,11651.2,0,0,0,415739,0,0,4163.03,143.083,8366.32,7915.94,0,0
01:11:15:02:22:36,-23.5176,-12.0735,0,0.0694294,0,0,3.01315,7915.94,415739,11651.2,0,0,0,415739,0,0,4163.03,143.1,8366.32,7915.94,0,0
01:11:15:02:22:37,-23.2315,-11.5013,0,0.0667572,0,0,3.01315,7915.94,415739,11651.2,0,0,0,415739,0,0,4163.03,143.117,8366.32,7915.94,0,0
01:11:15:02:22:38,-23.5176,-11.2152,0,0.0667572,0,0,3.01315,7915.94,415739,11651.2,0,0,0,415739,0,0,4163.03,143.133,8366.32,7915.94,0,0
01:11:15:02:22:39,-23.2315,-11.2152,0,0.0667572,0,0,3.01315,7915.94,415739,11651.2,0,0,0,415739,0,0,4163.03,143.15,8366.32,7915.94,0,0
01:11:15:02:22:40,-23.5176,-11.7874,0,0.0680924,0,0,3.01315,7915.94,415739,11651.2,0,0,0,415739,0,0,4163.03,143.167,8366.32,7915.94,0,0
01:11:15:02:22:41,-22.9454,-11.5013,0,0.0694294,0,0,3.01315,7915.94,415739,11651.2,0,0,0,415739,0,0,4163.03,143.183,8366.32,7915.94,0,0
01:11:15:02:22:42,-23.2315,-11.7874,0,0.0667572,0,0,3.01315,7915.94,415739,11651.2,0,0,0,415739,0,0,4163.03,143.2,8366.32,7915.94,0,0
01:11:15:02:22:43,-22.3732,-11.7874,0,0.0694294,0,0,3.01315,7915.94,415739,11651.2,0,0,0,415739,0,0,4163.03,143.217,8366.32,7915.94,0,0
01:11:15:02:22:44,-22.9454,-11.5013,0,0.0694294,0,0,3.01315,7915.94,415739,11651.2,0,0,0,415739,0,0,4163.03,143.233,8366.32,7915.94,0,0
01:11:15:02:22:45,-23.5176,-12.0735,0,0.0694294,0,0,3.01315,7915.94,415739,11651.2,0,0,0,415739,0,0,4163.03,143.25,8366.32,7915.94,0,0
01:11:15:02:22:46,-23.2315,-11.7874,0,0.0680924,0,0,3.01315,7915.94,415739,11651.2,0,0,0,415739,0,0,4163.03,143.267,8366.32,7915.94,0,0
01:11:15:02:22:47,-22.9454,-11.2152,0,0.0680924,0,0,3.01315,7915.94,415739,11651.2,0,0,0,415739,0,0,4163.03,143.283,8366.32,7915.94,0,0
01:11:15:02:22:48,-23.2315,-11.2152,0,0.0680924,0,0,3.01315,7915.94,415739,11651.2,0,0,0,415739,0,0,4163.03,143.3,8366.32,7915.94,0,0
01:11:15:02:22:49,-22.9454,-11.7874,0,0.0694294,0,0,3.01315,7915.94,415739,11651.2,0,0,0,415739,0,0,4163.03,143.317,8366.32,7915.94,0,0
01:11:15:02:22:50,-22.9454,-11.5013,0,0.0694294,0,0,3.01315,7915.94,415739,11651.2,0,0,0,415739,0,0,4163.03,143.333,8366.32,7915.94,0,0
01:11:15:02:22:51,-23.5176,-10.9291,0,0.065424,0,0,3.01315,7915.94,415739,11651.2,0,0,0,415739,0,0,4163.03,143.35,8366.32,7915.94,0,0
01:11:15:02:22:52,-23.8037,-12.0735,0,0.065424,0,0,3.01315,7915.94,415739,11651.2,0,0,0,415739,0,0,4163.03,143.367,8366.32,7915.94,0,0
01:11:15:02:22:53,-23.2315,-12.3596,0,0.0680924,0,0,3.01315,7915.94,415739,11651.2,0,0,0,415739,0,0,4163.03,143.383,8366.32,7915.94,0,0
01:11:15:02:22:54,-23.2315,-11.7874,0,0.0680924,0,0,3.01315,7915.94,415739,11651.2,0,0,0,415739,0,0,4163.03,143.4,8366.32,7915.94,0,0
01:11:15:02:22:55,-23.5176,-12.0735,0,0.0707626,0,0,3.01315,7915.94,415739,11651.2,0,0,0,415739,0,0,4163.03,143.417,8366.32,7915.94,0,0
01:11:15:02:22:56,-23.5176,-11.7874,0,0.0694294,0,0,3.01315,7915.94,415739,11651.2,0,0,0,415739,0,0,4163.03,143.433,8366.32,7915.94,0,0
01:11:15:02:22:57,-23.5176,-11.2152,0,0.0694294,0,0,3.01315,7915.94,415739,11651.2,0,0,0,415739,0,0,4163.03,143.45,8366.32,7915.94,0,0
01:11:15:02:22:58,-23.5176,-11.2152,0,0.0694294,0,0,3.01315,7915.94,415739,11651.2,0,0,0,415739,0,0,4163.03,143.467,8366.32,7915.94,0,0
01:11:15:02:22:59,-23.2315,-11.5013,0,0.0667572,0,0,3.01315,7915.94,415739,11651.2,0,0,0,415739,0,0,4163.03,143.483,8366.32,7915.94,0,0
01:11:15:02:23:00,-23.5176,-11.7874,0,0.0667572,0,0,3.01315,7915.94,415739,11651.2,0,0,0,415739,0,0,4163.03,143.5,8366.32,7915.94,0,0
01:11:15:02:23:01,-22.9454,-12.3596,0,0.0720997,0,0,3.01315,7915.94,415739,11651.2,0,0,0,415739,0,0,4163.03,143.517,8366.32,7915.94,0,0
01:11:15:02:23:02,-23.2315,-11.2152,0,0.0694294,0,0,3.01315,7915.94,415739,11651.2,0,0,0,415739,0,0,4163.03,143.533,8366.32,7915.94,0,0
01:11:15:02:23:03,-22.9454,-11.7874,0,0.0667572,0,0,3.01315,7915.94,415739,11651.2,0,0,0,415739,0,0,4163.03,143.55,8366.32,7915.94,0,0
01:11:15:02:23:04,-22.9454,-12.0735,0,0.0707626,0,0,3.01315,7915.94,415739,11651.2,0,0,0,415739,0,0,4163.03,143.567,8366.32,7915.94,0,0
01:11:15:02:23:05,-23.2315,-12.0735,0,0.0680924,0,0,3.01315,7915.94,415739,11651.2,0,0,0,415739,0,0,4163.03,143.583,8366.32,7915.94,0,0
01:11:15:02:23:06,-23.5176,-12.0735,0,0.0707626,0,0,3.01315,7915.94,415739,11651.2,0,0,0,415739,0,0,4163.03,143.6,8366.32,7915.94,0,0
01:11:15:02:23:07,-23.2315,-11.5013,0,0.0694294,0,0,3.01315,7915.94,415739,11651.2,0,0,0,415739,0,0,4163.03,143.617,8366.32,7915.94,0,0
01:11:15:02:23:08,-23.2315,-11.7874,0,0.0694294,0,0,3.01315,7915.94,415739,11651.2,0,0,0,415739,0,0,4163.03,143.633,8366.32,7915.94,0,0
01:11:15:02:23:09,-23.2315,-12.0735,0,0.0667572,0,0,3.01315,7915.94,415739,11651.2,0,0,0,415739,0,0,4163.03,143.65,8366.32,7915.94,0,0
01:11:15:02:23:10,-23.2315,-11.7874,0,0.065424,0,0,3.01315,7915.94,415739,11651.2,0,0,0,415739,0,0,4163.03,143.667,8366.32,7915.94,0,0
01:11:15:02:23:11,-23.2315,-12.0735,0,0.065424,0,0,3.01315,7915.94,415739,11651.2,0,0,0,415739,0,0,4163.03,143.683,8366.32,7915.94,0,0
01:11:15:02:23:12,-23.5176,-12.0735,0,0.065424,0,0,3.01315,7915.94,415739,11651.2,0,0,0,415739,0,0,4163.03,143.7,8366.32,7915.94,0,0
01:11:15:02:23:13,-23.2315,-11.5013,0,0.0694294,0,0,3.01315,7915.94,415739,11651.2,0,0,0,415739,0,0,4163.03,143.717,8366.32,7915.94,0,0
01:11:15:02:23:14,-23.2315,-11.5013,0,0.0680924,0,0,3.01315,7915.94,415739,11651.2,0,0,0,415739,0,0,4163.03,143.733,8366.32,7915.94,0,0
01:11:15:02:23:15,-23.2315,-11.5013,0,0.0667572,0,0,3.01315,7915.94,415739,11651.2,0,0,0,415739,0,0,4163.03,143.75,8366.32,7915.94,0,0
01:11:15:02:23:16,-22.6593,-10.9291,0,0.0667572,0,0,3.01315,7915.94,415739,11651.2,0,0,0,415739,0,0,4163.03,143.767,8366.32,7915.94,0,0
01:11:15:02:23:17,-23.5176,-11.5013,0,0.0694294,0,0,3.01315,7915.94,415739,11651.2,0,0,0,415739,0,0,4163.03,143.783,8366.32,7915.94,0,0
01:11:15:02:23:18,-23.2315,-11.2152,0,0.0640869,0,0,3.01315,7915.94,415739,11651.2,0,0,0,415739,0,0,4163.03,143.8,8366.32,7915.94,0,0
01:11:15:02:23:19,-23.5176,-11.2152,0,0.0694294,0,0,3.01315,7915.94,415739,11651.2,0,0,0,415739,0,0,4163.03,143.817,8366.32,7915.94,0,0
01:11:15:02:23:20,-23.2315,-11.5013,0,0.0667572,0,0,3.01315,7915.94,415739,11651.2,0,0,0,415739,0,0,4163.03,143.833,8366.32,7915.94,0,0
01:11:15:02:23:21,-23.5176,-12.0735,0,0.0680924,0,0,3.01315,7915.94,415739,11651.2,0,0,0,415739,0,0,4163.03,143.85,8366.32,7915.94,0,0
01:11:15:02:23:22,-22.9454,-11.7874,0,0.065424,0,0,3.01315,7915.94,415739,11651.2,0,0,0,415739,0,0,4163.03,143.867,8366.32,7915.94,0,0
01:11:15:02:23:23,-22.9454,-12.6457,0,0.0667572,0,0,3.01315,7915.94,415739,11651.2,0,0,0,415739,0,0,4163.03,143.883,8366.32,7915.94,0,0
01:11:15:02:23:24,-23.8037,-10.9291,0,0.0694294,0,0,3.01315,7915.94,415739,11651.2,0,0,0,415739,0,0,4163.03,143.9,8366.32,7915.94,0,0
01:11:15:02:23:25,-22.9454,-11.7874,0,0.0694294,0,0,3.01315,7915.94,415739,11651.2,0,0,0,415739,0,0,4163.03,143.917,8366.32,7915.94,0,0
01:11:15:02:23:26,-23.2315,-11.5013,0,0.0667572,0,0,3.01315,7915.94,415739,11651.2,0,0,0,415739,0,0,4163.03,143.933,8366.32,7915.94,0,0
01:11:15:02:23:27,-23.5176,-11.7874,0,0.0734348,0,0,3.01315,7915.94,415739,11651.2,0,0,0,415739,0,0,4163.03,143.95,8366.32,7915.94,0,0
01:11:15:02:23:28,-22.9454,-11.5013,0,0.0720997,0,0,3.01315,7915.94,415739,11651.2,0,0,0,415739,0,0,4163.03,143.967,8366.32,7915.94,0,0
01:11:15:02:23:29,-23.8037,-11.5013,0,0.0694294,0,0,3.01315,7915.94,415739,11651.2,0,0,0,415739,0,0,4163.03,143.983,8366.32,7915.94,0,0
01:11:15:02:23:30,-22.6593,-11.7874,0,0.0747681,0,0,3.01315,7915.94,415739,11651.2,0,0,0,415739,0,0,4163.03,144,8366.32,7915.94,0,0
01:11:15:02:23:31,-22.6593,-11.7874,0,0.0747681,0,0,3.01315,7915.94,415739,11651.2,0,0,0,415739,0,0,4163.03,144.017,8366.32,7915.94,0,0
01:11:15:02:23:32,-23.2315,-12.3596,0,0.0720997,0,0,3.01315,7915.94,415739,11651.2,0,0,0,415739,0,0,4163.03,144.033,8366.32,7915.94,0,0
01:11:15:02:23:33,-23.5176,-11.5013,0,0.0694294,0,0,3.01315,7915.94,415739,11651.2,0,0,0,415739,0,0,4163.03,144.05,8366.32,7915.94,0,0
01:11:15:02:23:34,-23.2315,-11.5013,0,0.0694294,0,0,3.01315,7915.94,415739,11651.2,0,0,0,415739,0,0,4163.03,144.067,8366.32,7915.94,0,0
01:11:15:02:23:35,-22.9454,-11.7874,0,0.065424,0,0,3.01315,7915.94,415739,11651.2,0,0,0,415739,0,0,4163.03,144.083,8366.32,7915.94,0,0
01:11:15:02:23:36,-23.2315,-11.7874,0,0.065424,0,0,3.01315,7915.94,415739,11651.2,0,0,0,415739,0,0,4163.03,144.1,8366.32,7915.94,0,0
01:11:15:02:23:37,-22.9454,-11.7874,0,0.0707626,0,0,3.01315,7915.94,415739,11651.2,0,0,0,415739,0,0,4163.03,144.117,8366.32,7915.94,0,0
01:11:15:02:23:38,-23.2315,-11.5013,0,0.0680924,0,0,3.01315,7915.94,415739,11651.2,0,0,0,415739,0,0,4163.03,144.133,8366.32,7915.94,0,0
01:11:15:02:23:39,-23.2315,-11.7874,0,0.0680924,0,0,3.01315,7915.94,415739,11651.2,0,0,0,415739,0,0,4163.03,144.15,8366.32,7915.94,0,0
01:11:15:02:23:40,-23.2315,-11.7874,0,0.0667572,0,0,3.01315,7915.94,415739,11651.2,0,0,0,415739,0,0,4163.03,144.167,8366.32,7915.94,0,0
01:11:15:02:23:41,-23.2315,-11.5013,0,0.0680924,0,0,3.01315,7915.94,415739,11651.2,0,0,0,415739,0,0,4163.03,144.183,8366.32,7915.94,0,0
01:11:15:02:23:42,-22.9454,-11.5013,0,0.0667572,0,0,3.01315,7915.94,415739,11651.2,0,0,0,415739,0,0,4163.03,144.2,8366.32,7915.94,0,0
01:11:15:02:23:43,-23.2315,-12.0735,0,0.0680924,0,0,3.01315,7915.94,415739,11651.2,0,0,0,415739,0,0,4163.03,144.217,8366.32,7915.94,0,0
01:11:15:02:23:44,-23.2315,-11.7874,0,0.0680924,0,0,3.01315,7915.94,415739,11651.2,0,0,0,415739,0,0,4163.03,144.233,8366.32,7915.94,0,0
01:11:15:02:23:45,-22.9454,-11.7874,0,0.0694294,0,0,3.01315,7915.94,415739,11651.2,0,0,0,415739,0,0,4163.03,144.25,8366.32,7915.94,0,0
01:11:15:02:23:46,-23.2315,-11.5013,0,0.0707626,0,0,3.01315,7915.94,415739,11651.2,0,0,0,415739,0,0,4163.03,144.267,8366.32,7915.94,0,0
01:11:15:02:23:47,-23.5176,-11.7874,0,0.0720997,0,0,3.01315,7915.94,415739,11651.2,0,0,0,415739,0,0,4163.03,144.283,8366.32,7915.94,0,0
01:11:15:02:23:48,-22.9454,-10.9291,0,0.0680924,0,0,3.01315,7915.94,415739,11651.2,0,0,0,415739,0,0,4163.03,144.3,8366.32,7915.94,0,0
01:11:15:02:23:49,-23.2315,-11.7874,0,0.0680924,0,0,3.01315,7915.94,415739,11651.2,0,0,0,415739,0,0,4163.03,144.317,8366.32,7915.94,0,0
01:11:15:02:23:50,-22.6593,-11.5013,0,0.0694294,0,0,3.01315,7915.94,415739,11651.2,0,0,0,415739,0,0,4163.03,144.333,8366.32,7915.94,0,0
01:11:15:02:23:51,-23.5176,-11.7874,0,0.0694294,0,0,3.01315,7915.94,415739,11651.2,0,0,0,415739,0,0,4163.03,144.35,8366.32,7915.94,0,0
01:11:15:02:23:52,-23.2315,-12.0735,0,0.0667572,0,0,3.01315,7915.94,415739,11651.2,0,0,0,415739,0,0,4163.03,144.367,8366.32,7915.94,0,0
01:11:15:02:23:53,-23.2315,-12.0735,0,0.0667572,0,0,3.01315,7915.94,415739,11651.2,0,0,0,415739,0,0,4163.03,144.383,8366.32,7915.94,0,0
01:11:15:02:23:54,-22.9454,-11.5013,0,0.065424,0,0,3.01315,7915.94,415739,11651.2,0,0,0,415739,0,0,4163.03,144.4,8366.32,7915.94,0,0
01:11:15:02:23:55,-23.5176,-11.7874,0,0.0680924,0,0,3.01315,7915.94,415739,11651.2,0,0,0,415739,0,0,4163.03,144.417,8366.32,7915.94,0,0
01:11:15:02:23:56,-23.2315,-12.0735,0,0.0667572,0,0,3.01315,7915.94,415739,11651.2,0,0,0,415739,0,0,4163.03,144.433,8366.32,7915.94,0,0
01:11:15:02:23:57,-23.2315,-11.5013,0,0.0667572,0,0,3.01315,7915.94,415739,11651.2,0,0,0,415739,0,0,4163.03,144.45,8366.32,7915.94,0,0
01:11:15:02:23:58,-22.9454,-11.7874,0,0.0680924,0,0,3.01315,7915.94,415739,11651.2,0,0,0,415739,0,0,4163.03,144.467,8366.32,7915.94,0,0
01:11:15:02:23:59,-23.2315,-11.5013,0,0.0667572,0,0,3.01315,7915.94,415739,11651.2,0,0,0,415739,0,0,4163.03,144.483,8366.32,7915.94,0,0
01:11:15:02:24:00,-23.2315,-11.2152,0,0.0720997,0,0,3.01315,7915.94,415739,11651.2,0,0,0,415739,0,0,4163.03,144.5,8366.32,7915.94,0,0
01:11:15:02:24:01,-22.9454,-11.7874,0,0.0680924,0,0,3.01315,7915.94,415739,11651.2,0,0,0,415739,0,0,4163.03,144.517,8366.32,7915.94,0,0
01:11:15:02:24:02,-22.9454,-11.7874,0,0.0667572,0,0,3.01315,7915.94,415739,11651.2,0,0,0,415739,0,0,4163.03,144.533,8366.32,7915.94,0,0
01:11:15:02:24:03,-22.9454,-12.3596,0,0.0680924,0,0,3.01315,7915.94,415739,11651.2,0,0,0,415739,0,0,4163.03,144.55,8366.32,7915.94,0,0
01:11:15:02:24:04,-23.5176,-11.7874,0,0.0694294,0,0,3.01315,7915.94,415739,11651.2,0,0,0,415739,0,0,4163.03,144.567,8366.32,7915.94,0,0
01:11:15:02:24:05,-22.6593,-12.0735,0,0.0667572,0,0,3.01315,7915.94,415739,11651.2,0,0,0,415739,0,0,4163.03,144.583,8366.32,7915.94,0,0
01:11:15:02:24:06,-23.5176,-11.7874,0,0.0694294,0,0,3.01315,7915.94,415739,11651.2,0,0,0,415739,0,0,4163.03,144.6,8366.32,7915.94,0,0
01:11:15:02:24:07,-23.2315,-11.2152,0,0.0680924,0,0,3.01315,7915.94,415739,11651.2,0,0,0,415739,0,0,4163.03,144.617,8366.32,7915.94,0,0
01:11:15:02:24:08,-22.9454,-12.3596,0,0.0694294,0,0,3.01315,7915.94,415739,11651.2,0,0,0,415739,0,0,4163.03,144.633,8366.32,7915.94,0,0
01:11:15:02:24:09,-23.2315,-12.3596,0,0.0640869,0,0,3.01315,7915.94,415739,11651.2,0,0,0,415739,0,0,4163.03,144.65,8366.32,7915.94,0,0
01:11:15:02:24:10,-22.6593,-11.7874,0,0.065424,0,0,3.01315,7915.94,415739,11651.2,0,0,0,415739,0,0,4163.03,144.667,8366.32,7915.94,0,0
01:11:15:02:24:11,-22.9454,-11.2152,0,0.0640869,0,0,3.01315,7915.94,415739,11651.2,0,0,0,415739,0,0,4163.03,144.683,8366.32,7915.94,0,0
01:11:15:02:24:12,-22.9454,-11.7874,0,0.0667572,0,0,3.01315,7915.94,415739,11651.2,0,0,0,415739,0,0,4163.03,144.7,8366.32,7915.94,0,0
01:11:15:02:24:13,-23.5176,-11.5013,0,0.065424,0,0,3.01315,7915.94,415739,11651.2,0,0,0,415739,0,0,4163.03,144.717,8366.32,7915.94,0,0
01:11:15:02:24:14,-23.2315,-12.3596,0,0.065424,0,0,3.01315,7915.94,415739,11651.2,0,0,0,415739,0,0,4163.03,144.733,8366.32,7915.94,0,0
01:11:15:02:24:15,-23.5176,-11.5013,0,0.0640869,0,0,3.01315,7915.94,415739,11651.2,0,0,0,415739,0,0,4163.03,144.75,8366.32,7915.94,0,0
01:11:15:02:24:16,-22.9454,-11.5013,0,0.0707626,0,0,3.01315,7915.94,415739,11651.2,0,0,0,415739,0,0,4163.03,144.767,8366.32,7915.94,0,0
01:11:15:02:24:17,-23.5176,-11.7874,0,0.0694294,0,0,3.01315,7915.94,415739,11651.2,0,0,0,415739,0,0,4163.03,144.783,8366.32,7915.94,0,0
01:11:15:02:24:18,-23.8037,-12.0735,0,0.0694294,0,0,3.01315,7915.94,415739,11651.2,0,0,0,415739,0,0,4163.03,144.8,8366.32,7915.94,0,0
01:11:15:02:24:19,-22.9454,-11.2152,0,0.0707626,0,0,3.01315,7915.94,415739,11651.2,0,0,0,415739,0,0,4163.03,144.817,8366.32,7915.94,0,0
01:11:15:02:24:20,-23.2315,-12.0735,0,0.0707626,0,0,3.01315,7915.94,415739,11651.2,0,0,0,415739,0,0,4163.03,144.833,8366.32,7915.94,0,0
01:11:15:02:24:21,-23.5176,-11.5013,0,0.0747681,0,0,3.01315,7915.94,415739,11651.2,0,0,0,415739,0,0,4163.03,144.85,8366.32,7915.94,0,0
01:11:15:02:24:22,-23.2315,-11.5013,0,0.0707626,0,0,3.01315,7915.94,415739,11651.2,0,0,0,415739,0,0,4163.03,144.867,8366.32,7915.94,0,0
01:11:15:02:24:23,-22.9454,-11.5013,0,0.0707626,0,0,3.01315,7915.94,415739,11651.2,0,0,0,415739,0,0,4163.03,144.883,8366.32,7915.94,0,0
01:11:15:02:24:24,-23.5176,-12.0735,0,0.0694294,0,0,3.01315,7915.94,415739,11651.2,0,0,0,415739,0,0,4163.03,144.9,8366.32,7915.94,0,0
01:11:15:02:24:25,-22.9454,-12.0735,0,0.0694294,0,0,3.01315,7915.94,415739,11651.2,0,0,0,415739,0,0,4163.03,144.917,8366.32,7915.94,0,0
01:11:15:02:24:26,-22.9454,-11.5013,0,0.0694294,0,0,3.01315,7915.94,415739,11651.2,0,0,0,415739,0,0,4163.03,144.933,8366.32,7915.94,0,0
01:11:15:02:24:27,-23.2315,-11.7874,0,0.0720997,0,0,3.01315,7915.94,415739,11651.2,0,0,0,415739,0,0,4163.03,144.95,8366.32,7915.94,0,0
01:11:15:02:24:28,-23.2315,-11.5013,0,0.0694294,0,0,3.01315,7915.94,415739,11651.2,0,0,0,415739,0,0,4163.03,144.967,8366.32,7915.94,0,0
01:11:15:02:24:29,-22.9454,-12.0735,0,0.0720997,0,0,3.01315,7915.94,415739,11651.2,0,0,0,415739,0,0,4163.03,144.983,8366.32,7915.94,0,0
01:11:15:02:24:30,-23.2315,-11.7874,0,0.0707626,0,0,3.01315,7915.94,415739,11651.2,0,0,0,415739,0,0,4163.03,145,8366.32,7915.94,0,0
01:11:15:02:24:31,-23.5176,-12.3596,0,0.0680924,0,0,3.01315,7915.94,415739,11651.2,0,0,0,415739,0,0,4163.03,145.017,8366.32,7915.94,0,0
01:11:15:02:24:32,-22.9454,-11.2152,0,0.065424,0,0,3.01315,7915.94,415739,11651.2,0,0,0,415739,0,0,4163.03,145.033,8366.32,7915.94,0,0
01:11:15:02:24:33,-23.5176,-11.7874,0,0.0640869,0,0,3.01315,7915.94,415739,11651.2,0,0,0,415739,0,0,4163.03,145.05,8366.32,7915.94,0,0
01:11:15:02:24:34,-22.9454,-11.7874,0,0.065424,0,0,3.01315,7915.94,415739,11651.2,0,0,0,415739,0,0,4163.03,145.067,8366.32,7915.94,0,0
01:11:15:02:24:35,-22.9454,-11.5013,0,0.0680924,0,0,3.01315,7915.94,415739,11651.2,0,0,0,415739,0,0,4163.03,145.083,8366.32,7915.94,0,0
01:11:15:02:24:36,-22.9454,-12.0735,0,0.0680924,0,0,3.01315,7915.94,415739,11651.2,0,0,0,415739,0,0,4163.03,145.1,8366.32,7915.94,0,0
01:11:15:02:24:37,-23.2315,-11.7874,0,0.0707626,0,0,3.01315,7915.94,415739,11651.2,0,0,0,415739,0,0,4163.03,145.117,8366.32,7915.94,0,0
01:11:15:02:24:38,-23.5176,-11.2152,0,0.0680924,0,0,3.01315,7915.94,415739,11651.2,0,0,0,415739,0,0,4163.03,145.133,8366.32,7915.94,0,0
01:11:15:02:24:39,-23.2315,-11.5013,0,0.0694294,0,0,3.01315,7915.94,415739,11651.2,0,0,0,415739,0,0,4163.03,145.15,8366.32,7915.94,0,0
01:11:15:02:24:40,-22.9454,-11.5013,0,0.0680924,0,0,3.01315,7915.94,415739,11651.2,0,0,0,415739,0,0,4163.03,145.167,8366.32,7915.94,0,0
01:11:15:02:24:41,-22.6593,-11.7874,0,0.0667572,0,0,3.01315,7915.94,415739,11651.2,0,0,0,415739,0,0,4163.03,145.183,8366.32,7915.94,0,0
01:11:15:02:24:42,-22.9454,-11.7874,0,0.0734348,0,0,3.01315,7915.94,415739,11651.2,0,0,0,415739,0,0,4163.03,145.2,8366.32,7915.94,0,0
01:11:15:02:24:43,-23.2315,-12.0735,0,0.0734348,0,0,3.01315,7915.94,415739,11651.2,0,0,0,415739,0,0,4163.03,145.217,8366.32,7915.94,0,0
01:11:15:02:24:44,-23.5176,-11.5013,0,0.0694294,0,0,3.01315,7915.94,415739,11651.2,0,0,0,415739,0,0,4163.03,145.233,8366.32,7915.94,0,0
01:11:15:02:24:45,-23.8037,-11.5013,0,0.0680924,0,0,3.01315,7915.94,415739,11651.2,0,0,0,415739,0,0,4163.03,145.25,8366.32,7915.94,0,0
01:11:15:02:24:46,-23.2315,-12.0735,0,0.0680924,0,0,3.01315,7915.94,415739,11651.2,0,0,0,415739,0,0,4163.03,145.267,8366.32,7915.94,0,0
01:11:15:02:24:47,-23.5176,-11.7874,0,0.0667572,0,0,3.01315,7915.94,415739,11651.2,0,0,0,415739,0,0,4163.03,145.283,8366.32,7915.94,0,0
01:11:15:02:24:48,-23.2315,-11.5013,0,0.0694294,0,0,3.01315,7915.94,415739,11651.2,0,0,0,415739,0,0,4163.03,145.3,8366.32,7915.94,0,0
01:11:15:02:24:49,-22.6593,-12.0735,0,0.0680924,0,0,3.01315,7915.94,415739,11651.2,0,0,0,415739,0,0,4163.03,145.317,8366.32,7915.94,0,0
01:11:15:02:24:50,-23.2315,-11.7874,0,0.0694294,0,0,3.01315,7915.94,415739,11651.2,0,0,0,415739,0,0,4163.03,145.333,8366.32,7915.94,0,0
01:11:15:02:24:51,-22.9454,-11.5013,0,0.0680924,0,0,3.01315,7915.94,415739,11651.2,0,0,0,415739,0,0,4163.03,145.35,8366.32,7915.94,0,0
01:11:15:02:24:52,-22.9454,-12.0735,0,0.0640869,0,0,3.01315,7915.94,415739,11651.2,0,0,0,415739,0,0,4163.03,145.367,8366.32,7915.94,0,0
01:11:15:02:24:53,-22.9454,-11.7874,0,0.0680924,0,0,3.01315,7915.94,415739,11651.2,0,0,0,415739,0,0,4163.03,145.383,8366.32,7915.94,0,0
01:11:15:02:24:54,-23.2315,-12.0735,0,0.0720997,0,0,3.01315,7915.94,415739,11651.2,0,0,0,415739,0,0,4163.03,145.4,8366.32,7915.94,0,0
01:11:15:02:24:55,-22.6593,-12.0735,0,0.0707626,0,0,3.01315,7915.94,415739,11651.2,0,0,0,415739,0,0,4163.03,145.417,8366.32,7915.94,0,0
01:11:15:02:24:56,-23.2315,-11.5013,0,0.0707626,0,0,3.01315,7915.94,415739,11651.2,0,0,0,415739,0,0,4163.03,145.433,8366.32,7915.94,0,0
01:11:15:02:24:57,-22.9454,-11.7874,0,0.0680924,0,0,3.01315,7915.94,415739,11651.2,0,0,0,415739,0,0,4163.03,145.45,8366.32,7915.94,0,0
01:11:15:02:24:58,-22.3732,-11.5013,0,0.0667572,0,0,3.01315,7915.94,415739,11651.2,0,0,0,415739,0,0,4163.03,145.467,8366.32,7915.94,0,0
01:11:15:02:24:59,-23.2315,-11.2152,0,0.0720997,0,0,3.01315,7915.94,415739,11651.2,0,0,0,415739,0,0,4163.03,145.483,8366.32,7915.94,0,0
01:11:15:02:25:00,-23.8037,-11.5013,0,0.0734348,0,0,3.01315,7915.94,415739,11651.2,0,0,0,415739,0,0,4163.03,145.5,8366.32,7915.94,0,0
01:11:15:02:25:01,-23.5176,-11.5013,0,0.0707626,0,0,3.01315,7915.94,415739,11651.2,0,0,0,415739,0,0,4163.03,145.517,8366.32,7915.94,0,0
01:11:15:02:25:02,-22.6593,-11.7874,0,0.0707626,0,0,3.01315,7915.94,415739,11651.2,0,0,0,415739,0,0,4163.03,145.533,8366.32,7915.94,0,0
01:11:15:02:25:03,-22.6593,-11.7874,0,0.0667572,0,0,3.01315,7915.94,415739,11651.2,0,0,0,415739,0,0,4163.03,145.55,8366.32,7915.94,0,0
01:11:15:02:25:04,-23.2315,-11.7874,0,0.0694294,0,0,3.01315,7915.94,415739,11651.2,0,0,0,415739,0,0,4163.03,145.567,8366.32,7915.94,0,0
01:11:15:02:25:05,-23.2315,-11.7874,0,0.0667572,0,0,3.01315,7915.94,415739,11651.2,0,0,0,415739,0,0,4163.03,145.583,8366.32,7915.94,0,0
01:11:15:02:25:06,-23.2315,-11.5013,0,0.0640869,0,0,3.01315,7915.94,415739,11651.2,0,0,0,415739,0,0,4163.03,145.6,8366.32,7915.94,0,0
01:11:15:02:25:07,-22.9454,-11.7874,0,0.0667572,0,0,3.01315,7915.94,415739,11651.2,0,0,0,415739,0,0,4163.03,145.617,8366.32,7915.94,0,0
01:11:15:02:25:08,-22.9454,-11.7874,0,0.065424,0,0,3.01315,7915.94,415739,11651.2,0,0,0,415739,0,0,4163.03,145.633,8366.32,7915.94,0,0
01:11:15:02:25:09,-22.9454,-12.0735,0,0.0667572,0,0,3.01315,7915.94,415739,11651.2,0,0,0,415739,0,0,4163.03,145.65,8366.32,7915.94,0,0
01:11:15:02:25:10,-22.9454,-11.7874,0,0.0667572,0,0,3.01315,7915.94,415739,11651.2,0,0,0,415739,0,0,4163.03,145.667,8366.32,7915.94,0,0
01:11:15:02:25:11,-23.8037,-11.5013,0,0.0694294,0,0,3.01315,7915.94,415739,11651.2,0,0,0,415739,0,0,4163.03,145.683,8366.32,7915.94,0,0
01:11:15:02:25:12,-22.9454,-11.7874,0,0.0667572,0,0,3.01315,7915.94,415739,11651.2,0,0,0,415739,0,0,4163.03,145.7,8366.32,7915.94,0,0
01:11:15:02:25:13,-23.2315,-12.0735,0,0.0680924,0,0,3.01315,7915.94,415739,11651.2,0,0,0,415739,0,0,4163.03,145.717,8366.32,7915.94,0,0
01:11:15:02:25:14,-23.5176,-11.7874,0,0.0680924,0,0,3.01315,7915.94,415739,11651.2,0,0,0,415739,0,0,4163.03,145.733,8366.32,7915.94,0,0
01:11:15:02:25:15,-22.9454,-11.5013,0,0.0680924,0,0,3.01315,7915.94,415739,11651.2,0,0,0,415739,0,0,4163.03,145.75,8366.32,7915.94,0,0
01:11:15:02:25:16,-22.9454,-11.2152,0,0.0667572,0,0,3.01315,7915.94,415739,11651.2,0,0,0,415739,0,0,4163.03,145.767,8366.32,7915.94,0,0
01:11:15:02:25:17,-22.9454,-11.2152,0,0.0667572,0,0,3.01315,7915.94,415739,11651.2,0,0,0,415739,0,0,4163.03,145.783,8366.32,7915.94,0,0
01:11:15:02:25:18,-22.9454,-11.5013,0,0.0667572,0,0,3.01315,7915.94,415739,11651.2,0,0,0,415739,0,0,4163.03,145.8,8366.32,7915.94,0,0
01:11:15:02:25:19,-23.5176,-11.5013,0,0.065424,0,0,3.01315,7915.94,415739,11651.2,0,0,0,415739,0,0,4163.03,145.817,8366.32,7915.94,0,0
01:11:15:02:25:20,-23.5176,-11.2152,0,0.0640869,0,0,3.01315,7915.94,415739,11651.2,0,0,0,415739,0,0,4163.03,145.833,8366.32,7915.94,0,0
01:11:15:02:25:21,-23.5176,-12.0735,0,0.0640869,0,0,3.01315,7915.94,415739,11651.2,0,0,0,415739,0,0,4163.03,145.85,8366.32,7915.94,0,0
01:11:15:02:25:22,-23.5176,-11.5013,0,0.065424,0,0,3.01315,7915.94,415739,11651.2,0,0,0,415739,0,0,4163.03,145.867,8366.32,7915.94,0,0
01:11:15:02:25:23,-23.2315,-12.0735,0,0.0640869,0,0,3.01315,7915.94,415739,11651.2,0,0,0,415739,0,0,4163.03,145.883,8366.32,7915.94,0,0
01:11:15:02:25:24,-23.2315,-11.5013,0,0.0694294,0,0,3.01315,7915.94,415739,11651.2,0,0,0,415739,0,0,4163.03,145.9,8366.32,7915.94,0,0
01:11:15:02:25:25,-23.2315,-11.7874,0,0.0680924,0,0,3.01315,7915.94,415739,11651.2,0,0,0,415739,0,0,4163.03,145.917,8366.32,7915.94,0,0
01:11:15:02:25:26,-23.2315,-11.7874,0,0.0694294,0,0,3.01315,7915.94,415739,11651.2,0,0,0,415739,0,0,4163.03,145.933,8366.32,7915.94,0,0
01:11:15:02:25:27,-23.2315,-10.9291,0,0.0667572,0,0,3.01315,7915.94,415739,11651.2,0,0,0,415739,0,0,4163.03,145.95,8366.32,7915.94,0,0
01:11:15:02:25:28,-22.6593,-11.7874,0,0.0694294,0,0,3.01315,7915.94,415739,11651.2,0,0,0,415739,0,0,4163.03,145.967,8366.32,7915.94,0,0
01:11:15:02:25:29,-22.9454,-11.5013,0,0.065424,0,0,3.01315,7915.94,415739,11651.2,0,0,0,415739,0,0,4163.03,145.983,8366.32,7915.94,0,0
01:11:15:02:25:30,-23.5176,-11.2152,0,0.0627537,0,0,3.01315,7915.94,415739,11651.2,0,0,0,415739,0,0,4163.03,146,8366.32,7915.94,0,0
01:11:15:02:25:31,-22.6593,-12.0735,0,0.0667572,0,0,3.01315,7915.94,415739,11651.2,0,0,0,415739,0,0,4163.03,146.017,8366.32,7915.94,0,0
01:11:15:02:25:32,-22.9454,-11.7874,0,0.0680924,0,0,3.01315,7915.94,415739,11651.2,0,0,0,415739,0,0,4163.03,146.033,8366.32,7915.94,0,0
01:11:15:02:25:33,-22.3732,-11.7874,0,0.0667572,0,0,3.01315,7915.94,415739,11651.2,0,0,0,415739,0,0,4163.03,146.05,8366.32,7915.94,0,0
01:11:15:02:25:34,-23.2315,-11.7874,0,0.0667572,0,0,3.01315,7915.94,415739,11651.2,0,0,0,415739,0,0,4163.03,146.067,8366.32,7915.94,0,0
01:11:15:02:25:35,-23.2315,-12.0735,0,0.065424,0,0,3.01315,7915.94,415739,11651.2,0,0,0,415739,0,0,4163.03,146.083,8366.32,7915.94,0,0
01:11:15:02:25:36,-22.9454,-11.7874,0,0.0680924,0,0,3.01315,7915.94,415739,11651.2,0,0,0,415739,0,0,4163.03,146.1,8366.32,7915.94,0,0
01:11:15:02:25:37,-23.2315,-12.0735,0,0.0707626,0,0,3.01315,7915.94,415739,11651.2,0,0,0,415739,0,0,4163.03,146.117,8366.32,7915.94,0,0
01:11:15:02:25:38,-23.2315,-11.7874,0,0.0667572,0,0,3.01315,7915.94,415739,11651.2,0,0,0,415739,0,0,4163.03,146.133,8366.32,7915.94,0,0
01:11:15:02:25:39,-22.9454,-11.7874,0,0.0707626,0,0,3.01315,7915.94,415739,11651.2,0,0,0,415739,0,0,4163.03,146.15,8366.32,7915.94,0,0
01:11:15:02:25:40,-22.6593,-11.7874,0,0.0694294,0,0,3.01315,7915.94,415739,11651.2,0,0,0,415739,0,0,4163.03,146.167,8366.32,7915.94,0,0
01:11:15:02:25:41,-23.5176,-11.7874,0,0.0707626,0,0,3.01315,7915.94,415739,11651.2,0,0,0,415739,0,0,4163.03,146.183,8366.32,7915.94,0,0
01:11:15:02:25:42,-23.2315,-11.5013,0,0.0720997,0,0,3.01315,7915.94,415739,11651.2,0,0,0,415739,0,0,4163.03,146.2,8366.32,7915.94,0,0
01:11:15:02:25:43,-22.0871,-11.7874,0,0.0720997,0,0,3.01315,7915.94,415739,11651.2,0,0,0,415739,0,0,4163.03,146.217,8366.32,7915.94,0,0
01:11:15:02:25:44,-22.3732,-11.5013,0,0.0694294,0,0,3.01315,7915.94,415739,11651.2,0,0,0,415739,0,0,4163.03,146.233,8366.32,7915.94,0,0
01:11:15:02:25:45,-23.5176,-12.0735,0,0.0694294,0,0,3.01315,7915.94,415739,11651.2,0,0,0,415739,0,0,4163.03,146.25,8366.32,7915.94,0,0
01:11:15:02:25:46,-22.9454,-11.5013,0,0.0720997,0,0,3.01315,7915.94,415739,11651.2,0,0,0,415739,0,0,4163.03,146.267,8366.32,7915.94,0,0
01:11:15:02:25:47,-23.2315,-11.5013,0,0.065424,0,0,3.01315,7915.94,415739,11651.2,0,0,0,415739,0,0,4163.03,146.283,8366.32,7915.94,0,0
01:11:15:02:25:48,-22.6593,-12.0735,0,0.0734348,0,0,3.01315,7915.94,415739,11651.2,0,0,0,415739,0,0,4163.03,146.3,8366.32,7915.94,0,0
01:11:15:02:25:49,-22.9454,-11.5013,0,0.0720997,0,0,3.01315,7915.94,415739,11651.2,0,0,0,415739,0,0,4163.03,146.317,8366.32,7915.94,0,0
01:11:15:02:25:50,-23.2315,-11.5013,0,0.0707626,0,0,3.01315,7915.94,415739,11651.2,0,0,0,415739,0,0,4163.03,146.333,8366.32,7915.94,0,0
01:11:15:02:25:51,-23.2315,-11.5013,0,0.0707626,0,0,3.01315,7915.94,415739,11651.2,0,0,0,415739,0,0,4163.03,146.35,8366.32,7915.94,0,0
01:11:15:02:25:52,-23.5176,-12.0735,0,0.0720997,0,0,3.01315,7915.94,415739,11651.2,0,0,0,415739,0,0,4163.03,146.367,8366.32,7915.94,0,0
01:11:15:02:25:53,-23.2315,-11.7874,0,0.0747681,0,0,3.01315,7915.94,415739,11651.2,0,0,0,415739,0,0,4163.03,146.383,8366.32,7915.94,0,0
01:11:15:02:25:54,-22.9454,-11.7874,0,0.0734348,0,0,3.01315,7915.94,415739,11651.2,0,0,0,415739,0,0,4163.03,146.4,8366.32,7915.94,0,0
01:11:15:02:25:55,-23.2315,-11.7874,0,0.0707626,0,0,3.01315,7915.94,415739,11651.2,0,0,0,415739,0,0,4163.03,146.417,8366.32,7915.94,0,0
01:11:15:02:25:56,-22.9454,-11.5013,0,0.0680924,0,0,3.01315,7915.94,415739,11651.2,0,0,0,415739,0,0,4163.03,146.433,8366.32,7915.94,0,0
01:11:15:02:25:57,-22.6593,-11.7874,0,0.0720997,0,0,3.01315,7915.94,415739,11651.2,0,0,0,415739,0,0,4163.03,146.45,8366.32,7915.94,0,0
01:11:15:02:25:58,-22.9454,-11.7874,0,0.0694294,0,0,3.01315,7915.94,415739,11651.2,0,0,0,415739,0,0,4163.03,146.467,8366.32,7915.94,0,0
01:11:15:02:25:59,-22.6593,-11.7874,0,0.0707626,0,0,3.01315,7915.94,415739,11651.2,0,0,0,415739,0,0,4163.03,146.483,8366.32,7915.94,0,0
01:11:15:02:26:00,-23.5176,-12.0735,0,0.0680924,0,0,3.01315,7915.94,415739,11651.2,0,0,0,415739,0,0,4163.03,146.5,8366.32,7915.94,0,0
01:11:15:02:26:01,-22.9454,-11.5013,0,0.0707626,0,0,3.01315,7915.94,415739,11651.2,0,0,0,415739,0,0,4163.03,146.517,8366.32,7915.94,0,0
01:11:15:02:26:02,-23.2315,-12.0735,0,0.0694294,0,0,3.01315,7915.94,415739,11651.2,0,0,0,415739,0,0,4163.03,146.533,8366.32,7915.94,0,0
01:11:15:02:26:03,-22.6593,-12.0735,0,0.0734348,0,0,3.01315,7915.94,415739,11651.2,0,0,0,415739,0,0,4163.03,146.55,8366.32,7915.94,0,0
01:11:15:02:26:04,-23.2315,-12.0735,0,0.0680924,0,0,3.01315,7915.94,415739,11651.2,0,0,0,415739,0,0,4163.03,146.567,8366.32,7915.94,0,0
01:11:15:02:26:05,-23.5176,-12.3596,0,0.0680924,0,0,3.01315,7915.94,415739,11651.2,0,0,0,415739,0,0,4163.03,146.583,8366.32,7915.94,0,0
01:11:15:02:26:06,-22.6593,-12.0735,0,0.0694294,0,0,3.01315,7915.94,415739,11651.2,0,0,0,415739,0,0,4163.03,146.6,8366.32,7915.94,0,0
01:11:15:02:26:07,-23.2315,-12.0735,0,0.0680924,0,0,3.01315,7915.94,415739,11651.2,0,0,0,415739,0,0,4163.03,146.617,8366.32,7915.94,0,0
01:11:15:02:26:08,-22.9454,-11.5013,0,0.0680924,0,0,3.01315,7915.94,415739,11651.2,0,0,0,415739,0,0,4163.03,146.633,8366.32,7915.94,0,0
01:11:15:02:26:09,-22.9454,-11.7874,0,0.0694294,0,0,3.01315,7915.94,415739,11651.2,0,0,0,415739,0,0,4163.03,146.65,8366.32,7915.94,0,0
01:11:15:02:26:10,-23.2315,-11.5013,0,0.0707626,0,0,3.01315,7915.94,415739,11651.2,0,0,0,415739,0,0,4163.03,146.667,8366.32,7915.94,0,0
01:11:15:02:26:11,-22.6593,-11.7874,0,0.0720997,0,0,3.01315,7915.94,415739,11651.2,0,0,0,415739,0,0,4163.03,146.683,8366.32,7915.94,0,0
01:11:15:02:26:12,-23.2315,-11.7874,0,0.0667572,0,0,3.01315,7915.94,415739,11651.2,0,0,0,415739,0,0,4163.03,146.7,8366.32,7915.94,0,0
01:11:15:02:26:13,-23.2315,-11.7874,0,0.0694294,0,0,3.01315,7915.94,415739,11651.2,0,0,0,415739,0,0,4163.03,146.717,8366.32,7915.94,0,0
01:11:15:02:26:14,-23.2315,-12.0735,0,0.0667572,0,0,3.01315,7915.94,415739,11651.2,0,0,0,415739,0,0,4163.03,146.733,8366.32,7915.94,0,0
01:11:15:02:26:15,-23.5176,-11.7874,0,0.0694294,0,0,3.01315,7915.94,415739,11651.2,0,0,0,415739,0,0,4163.03,146.75,8366.32,7915.94,0,0
01:11:15:02:26:16,-23.2315,-12.0735,0,0.0707626,0,0,3.01315,7915.94,415739,11651.2,0,0,0,415739,0,0,4163.03,146.767,8366.32,7915.94,0,0
01:11:15:02:26:17,-23.2315,-11.2152,0,0.0680924,0,0,3.01315,7915.94,415739,11651.2,0,0,0,415739,0,0,4163.03,146.783,8366.32,7915.94,0,0
01:11:15:02:26:18,-22.6593,-11.7874,0,0.0680924,0,0,3.01315,7915.94,415739,11651.2,0,0,0,415739,0,0,4163.03,146.8,8366.32,7915.94,0,0
01:11:15:02:26:19,-23.2315,-11.7874,0,0.0680924,0,0,3.01315,7915.94,415739,11651.2,0,0,0,415739,0,0,4163.03,146.817,8366.32,7915.94,0,0
01:11:15:02:26:20,-22.6593,-11.5013,0,0.0667572,0,0,3.01315,7915.94,415739,11651.2,0,0,0,415739,0,0,4163.03,146.833,8366.32,7915.94,0,0
01:11:15:02:26:21,-22.9454,-11.5013,0,0.0720997,0,0,3.01315,7915.94,415739,11651.2,0,0,0,415739,0,0,4163.03,146.85,8366.32,7915.94,0,0
01:11:15:02:26:22,-22.6593,-11.5013,0,0.0694294,0,0,3.01315,7915.94,415739,11651.2,0,0,0,415739,0,0,4163.03,146.867,8366.32,7915.94,0,0
01:11:15:02:26:23,-23.5176,-11.5013,0,0.0720997,0,0,3.01315,7915.94,415739,11651.2,0,0,0,415739,0,0,4163.03,146.883,8366.32,7915.94,0,0
01:11:15:02:26:24,-23.2315,-11.7874,0,0.0694294,0,0,3.01315,7915.94,415739,11651.2,0,0,0,415739,0,0,4163.03,146.9,8366.32,7915.94,0,0
01:11:15:02:26:25,-22.9454,-11.7874,0,0.0734348,0,0,3.01315,7915.94,415739,11651.2,0,0,0,415739,0,0,4163.03,146.917,8366.32,7915.94,0,0
01:11:15:02:26:26,-22.3732,-11.7874,0,0.0694294,0,0,3.01315,7915.94,415739,11651.2,0,0,0,415739,0,0,4163.03,146.933,8366.32,7915.94,0,0
01:11:15:02:26:27,-22.9454,-11.7874,0,0.0694294,0,0,3.01315,7915.94,415739,11651.2,0,0,0,415739,0,0,4163.03,146.95,8366.32,7915.94,0,0
01:11:15:02:26:28,-22.9454,-11.5013,0,0.0694294,0,0,3.01315,7915.94,415739,11651.2,0,0,0,415739,0,0,4163.03,146.967,8366.32,7915.94,0,0
01:11:15:02:26:29,-22.9454,-12.0735,0,0.0667572,0,0,3.01315,7915.94,415739,11651.2,0,0,0,415739,0,0,4163.03,146.983,8366.32,7915.94,0,0
01:11:15:02:26:30,-22.9454,-11.7874,0,0.0680924,0,0,3.01315,7915.94,415739,11651.2,0,0,0,415739,0,0,4163.03,147,8366.32,7915.94,0,0
01:11:15:02:26:31,-23.2315,-12.0735,0,0.0720997,0,0,3.01315,7915.94,415739,11651.2,0,0,0,415739,0,0,4163.03,147.017,8366.32,7915.94,0,0
01:11:15:02:26:32,-23.2315,-11.2152,0,0.0707626,0,0,3.01315,7915.94,415739,11651.2,0,0,0,415739,0,0,4163.03,147.033,8366.32,7915.94,0,0
01:11:15:02:26:33,-22.6593,-12.0735,0,0.0720997,0,0,3.01315,7915.94,415739,11651.2,0,0,0,415739,0,0,4163.03,147.05,8366.32,7915.94,0,0
01:11:15:02:26:34,-23.5176,-11.7874,0,0.0734348,0,0,3.01315,7915.94,415739,11651.2,0,0,0,415739,0,0,4163.03,147.067,8366.32,7915.94,0,0
01:11:15:02:26:35,-22.9454,-11.7874,0,0.0707626,0,0,3.01315,7915.94,415739,11651.2,0,0,0,415739,0,0,4163.03,147.083,8366.32,7915.94,0,0
01:11:15:02:26:36,-23.2315,-11.7874,0,0.0707626,0,0,3.01315,7915.94,415739,11651.2,0,0,0,415739,0,0,4163.03,147.1,8366.32,7915.94,0,0
01:11:15:02:26:37,-22.9454,-12.0735,0,0.0707626,0,0,3.01315,7915.94,415739,11651.2,0,0,0,415739,0,0,4163.03,147.117,8366.32,7915.94,0,0
01:11:15:02:26:38,-22.9454,-11.2152,0,0.0694294,0,0,3.01315,7915.94,415739,11651.2,0,0,0,415739,0,0,4163.03,147.133,8366.32,7915.94,0,0
01:11:15:02:26:39,-22.6593,-11.5013,0,0.0720997,0,0,3.01315,7915.94,415739,11651.2,0,0,0,415739,0,0,4163.03,147.15,8366.32,7915.94,0,0
01:11:15:02:26:40,-22.6593,-11.7874,0,0.0734348,0,0,3.01315,7915.94,415739,11651.2,0,0,0,415739,0,0,4163.03,147.167,8366.32,7915.94,0,0
01:11:15:02:26:41,-22.9454,-11.7874,0,0.0734348,0,0,3.01315,7915.94,415739,11651.2,0,0,0,415739,0,0,4163.03,147.183,8366.32,7915.94,0,0
01:11:15:02:26:42,-22.6593,-12.3596,0,0.065424,0,0,3.01315,7915.94,415739,11651.2,0,0,0,415739,0,0,4163.03,147.2,8366.32,7915.94,0,0
01:11:15:02:26:43,-22.6593,-11.7874,0,0.065424,0,0,3.01315,7915.94,415739,11651.2,0,0,0,415739,0,0,4163.03,147.217,8366.32,7915.94,0,0
01:11:15:02:26:44,-22.6593,-12.0735,0,0.0720997,0,0,3.01315,7915.94,415739,11651.2,0,0,0,415739,0,0,4163.03,147.233,8366.32,7915.94,0,0
01:11:15:02:26:45,-22.9454,-11.7874,0,0.0734348,0,0,3.01315,7915.94,415739,11651.2,0,0,0,415739,0,0,4163.03,147.25,8366.32,7915.94,0,0
01:11:15:02:26:46,-23.2315,-12.3596,0,0.0694294,0,0,3.01315,7915.94,415739,11651.2,0,0,0,415739,0,0,4163.03,147.267,8366.32,7915.94,0,0
01:11:15:02:26:47,-22.9454,-12.0735,0,0.0707626,0,0,3.01315,7915.94,415739,11651.2,0,0,0,415739,0,0,4163.03,147.283,8366.32,7915.94,0,0
01:11:15:02:26:48,-22.6593,-12.0735,0,0.0734348,0,0,3.01315,7915.94,415739,11651.2,0,0,0,415739,0,0,4163.03,147.3,8366.32,7915.94,0,0
01:11:15:02:26:49,-22.9454,-11.7874,0,0.0707626,0,0,3.01315,7915.94,415739,11651.2,0,0,0,415739,0,0,4163.03,147.317,8366.32,7915.94,0,0
01:11:15:02:26:50,-23.2315,-11.7874,0,0.0747681,0,0,3.01315,7915.94,415739,11651.2,0,0,0,415739,0,0,4163.03,147.333,8366.32,7915.94,0,0
01:11:15:02:26:51,-22.9454,-11.7874,0,0.0680924,0,0,3.01315,7915.94,415739,11651.2,0,0,0,415739,0,0,4163.03,147.35,8366.32,7915.94,0,0
01:11:15:02:26:52,-22.6593,-12.0735,0,0.0707626,0,0,3.01315,7915.94,415739,11651.2,0,0,0,415739,0,0,4163.03,147.367,8366.32,7915.94,0,0
01:11:15:02:26:53,-23.5176,-12.0735,0,0.0734348,0,0,3.01315,7915.94,415739,11651.2,0,0,0,415739,0,0,4163.03,147.383,8366.32,7915.94,0,0
01:11:15:02:26:54,-22.6593,-11.7874,0,0.0720997,0,0,3.01315,7915.94,415739,11651.2,0,0,0,415739,0,0,4163.03,147.4,8366.32,7915.94,0,0
01:11:15:02:26:55,-22.9454,-12.0735,0,0.0720997,0,0,3.01315,7915.94,415739,11651.2,0,0,0,415739,0,0,4163.03,147.417,8366.32,7915.94,0,0
01:11:15:02:26:56,-23.2315,-11.5013,0,0.0734348,0,0,3.01315,7915.94,415739,11651.2,0,0,0,415739,0,0,4163.03,147.433,8366.32,7915.94,0,0
01:11:15:02:26:57,-22.9454,-12.0735,0,0.0694294,0,0,3.01315,7915.94,415739,11651.2,0,0,0,415739,0,0,4163.03,147.45,8366.32,7915.94,0,0
01:11:15:02:26:58,-22.6593,-11.5013,0,0.0667572,0,0,3.01315,7915.94,415739,11651.2,0,0,0,415739,0,0,4163.03,147.467,8366.32,7915.94,0,0
01:11:15:02:26:59,-23.2315,-12.0735,0,0.0667572,0,0,3.01315,7915.94,415739,11651.2,0,0,0,415739,0,0,4163.03,147.483,8366.32,7915.94,0,0
01:11:15:02:27:00,-22.9454,-11.5013,0,0.0680924,0,0,3.01315,7915.94,415739,11651.2,0,0,0,415739,0,0,4163.03,147.5,8366.32,7915.94,0,0
01:11:15:02:27:01,-23.2315,-11.7874,0,0.0680924,0,0,3.01315,7915.94,415739,11651.2,0,0,0,415739,0,0,4163.03,147.517,8366.32,7915.94,0,0
01:11:15:02:27:02,-22.9454,-11.7874,0,0.0680924,0,0,3.01315,7915.94,415739,11651.2,0,0,0,415739,0,0,4163.03,147.533,8366.32,7915.94,0,0
01:11:15:02:27:03,-23.2315,-12.0735,0,0.0707626,0,0,3.01315,7915.94,415739,11651.2,0,0,0,415739,0,0,4163.03,147.55,8366.32,7915.94,0,0
01:11:15:02:27:04,-22.6593,-11.2152,0,0.0720997,0,0,3.01315,7915.94,415739,11651.2,0,0,0,415739,0,0,4163.03,147.567,8366.32,7915.94,0,0
01:11:15:02:27:05,-23.2315,-11.7874,0,0.0694294,0,0,3.01315,7915.94,415739,11651.2,0,0,0,415739,0,0,4163.03,147.583,8366.32,7915.94,0,0
01:11:15:02:27:06,-22.9454,-11.7874,0,0.0667572,0,0,3.01315,7915.94,415739,11651.2,0,0,0,415739,0,0,4163.03,147.6,8366.32,7915.94,0,0
01:11:15:02:27:07,-23.2315,-11.5013,0,0.0720997,0,0,3.01315,7915.94,415739,11651.2,0,0,0,415739,0,0,4163.03,147.617,8366.32,7915.94,0,0
01:11:15:02:27:08,-21.801,-11.7874,0,0.0707626,0,0,3.01315,7915.94,415739,11651.2,0,0,0,415739,0,0,4163.03,147.633,8366.32,7915.94,0,0
01:11:15:02:27:09,-22.6593,-11.7874,0,0.0720997,0,0,3.01315,7915.94,415739,11651.2,0,0,0,415739,0,0,4163.03,147.65,8366.32,7915.94,0,0
01:11:15:02:27:10,-23.2315,-11.7874,0,0.0640869,0,0,3.01315,7915.94,415739,11651.2,0,0,0,415739,0,0,4163.03,147.667,8366.32,7915.94,0,0
01:11:15:02:27:11,-23.2315,-11.5013,0,0.0667572,0,0,3.01315,7915.94,415739,11651.2,0,0,0,415739,0,0,4163.03,147.683,8366.32,7915.94,0,0
01:11:15:02:27:12,-22.9454,-12.0735,0,0.0667572,0,0,3.01315,7915.94,415739,11651.2,0,0,0,415739,0,0,4163.03,147.7,8366.32,7915.94,0,0
01:11:15:02:27:13,-23.2315,-11.7874,0,0.0694294,0,0,3.01315,7915.94,415739,11651.2,0,0,0,415739,0,0,4163.03,147.717,8366.32,7915.94,0,0
01:11:15:02:27:14,-22.6593,-11.7874,0,0.0667572,0,0,3.01315,7915.94,415739,11651.2,0,0,0,415739,0,0,4163.03,147.733,8366.32,7915.94,0,0
01:11:15:02:27:15,-22.9454,-11.5013,0,0.0707626,0,0,3.01315,7915.94,415739,11651.2,0,0,0,415739,0,0,4163.03,147.75,8366.32,7915.94,0,0
01:11:15:02:27:16,-22.9454,-12.0735,0,0.0707626,0,0,3.01315,7915.94,415739,11651.2,0,0,0,415739,0,0,4163.03,147.767,8366.32,7915.94,0,0
01:11:15:02:27:17,-22.6593,-11.7874,0,0.0720997,0,0,3.01315,7915.94,415739,11651.2,0,0,0,415739,0,0,4163.03,147.783,8366.32,7915.94,0,0
01:11:15:02:27:18,-22.3732,-11.7874,0,0.0694294,0,0,3.01315,7915.94,415739,11651.2,0,0,0,415739,0,0,4163.03,147.8,8366.32,7915.94,0,0
01:11:15:02:27:19,-23.2315,-12.0735,0,0.0720997,0,0,3.01315,7915.94,415739,11651.2,0,0,0,415739,0,0,4163.03,147.817,8366.32,7915.94,0,0
01:11:15:02:27:20,-23.2315,-11.7874,0,0.0707626,0,0,3.01315,7915.94,415739,11651.2,0,0,0,415739,0,0,4163.03,147.833,8366.32,7915.94,0,0
01:11:15:02:27:21,-23.5176,-11.7874,0,0.0694294,0,0,3.01315,7915.94,415739,11651.2,0,0,0,415739,0,0,4163.03,147.85,8366.32,7915.94,0,0
01:11:15:02:27:22,-22.9454,-11.7874,0,0.0694294,0,0,3.01315,7915.94,415739,11651.2,0,0,0,415739,0,0,4163.03,147.867,8366.32,7915.94,0,0
01:11:15:02:27:23,-22.6593,-11.7874,0,0.0694294,0,0,3.01315,7915.94,415739,11651.2,0,0,0,415739,0,0,4163.03,147.883,8366.32,7915.94,0,0
01:11:15:02:27:24,-22.6593,-11.2152,0,0.0707626,0,0,3.01315,7915.94,415739,11651.2,0,0,0,415739,0,0,4163.03,147.9,8366.32,7915.94,0,0
01:11:15:02:27:25,-23.5176,-11.2152,0,0.0640869,0,0,3.01315,7915.94,415739,11651.2,0,0,0,415739,0,0,4163.03,147.917,8366.32,7915.94,0,0
01:11:15:02:27:26,-22.9454,-11.7874,0,0.0667572,0,0,3.01315,7915.94,415739,11651.2,0,0,0,415739,0,0,4163.03,147.933,8366.32,7915.94,0,0
01:11:15:02:27:27,-22.6593,-11.7874,0,0.0694294,0,0,3.01315,7915.94,415739,11651.2,0,0,0,415739,0,0,4163.03,147.95,8366.32,7915.94,0,0
01:11:15:02:27:28,-22.6593,-11.7874,0,0.0640869,0,0,3.01315,7915.94,415739,11651.2,0,0,0,415739,0,0,4163.03,147.967,8366.32,7915.94,0,0
01:11:15:02:27:29,-22.6593,-12.3596,0,0.0680924,0,0,3.01315,7915.94,415739,11651.2,0,0,0,415739,0,0,4163.03,147.983,8366.32,7915.94,0,0
01:11:15:02:27:30,-22.6593,-11.5013,0,0.0640869,0,0,3.01315,7915.94,415739,11651.2,0,0,0,415739,0,0,4163.03,148,8366.32,7915.94,0,0
01:11:15:02:27:31,-22.9454,-11.5013,0,0.0667572,0,0,3.01315,7915.94,415739,11651.2,0,0,0,415739,0,0,4163.03,148.017,8366.32,7915.94,0,0
01:11:15:02:27:32,-22.9454,-11.7874,0,0.0640869,0,0,3.01315,7915.94,415739,11651.2,0,0,0,415739,0,0,4163.03,148.033,8366.32,7915.94,0,0
01:11:15:02:27:33,-22.9454,-11.2152,0,0.0680924,0,0,3.01315,7915.94,415739,11651.2,0,0,0,415739,0,0,4163.03,148.05,8366.32,7915.94,0,0
01:11:15:02:27:34,-22.9454,-11.7874,0,0.0667572,0,0,3.01315,7915.94,415739,11651.2,0,0,0,415739,0,0,4163.03,148.067,8366.32,7915.94,0,0
01:11:15:02:27:35,-22.9454,-11.7874,0,0.0640869,0,0,3.01315,7915.94,415739,11651.2,0,0,0,415739,0,0,4163.03,148.083,8366.32,7915.94,0,0
01:11:15:02:27:36,-22.3732,-12.3596,0,0.0707626,0,0,3.01315,7915.94,415739,11651.2,0,0,0,415739,0,0,4163.03,148.1,8366.32,7915.94,0,0
01:11:15:02:27:37,-22.9454,-11.7874,0,0.0707626,0,0,3.01315,7915.94,415739,11651.2,0,0,0,415739,0,0,4163.03,148.117,8366.32,7915.94,0,0
01:11:15:02:27:38,-22.6593,-12.0735,0,0.0667572,0,0,3.01315,7915.94,415739,11651.2,0,0,0,415739,0,0,4163.03,148.133,8366.32,7915.94,0,0
01:11:15:02:27:39,-22.9454,-12.0735,0,0.0734348,0,0,3.01315,7915.94,415739,11651.2,0,0,0,415739,0,0,4163.03,148.15,8366.32,7915.94,0,0
01:11:15:02:27:40,-23.2315,-12.6457,0,0.0707626,0,0,3.01315,7915.94,415739,11651.2,0,0,0,415739,0,0,4163.03,148.167,8366.32,7915.94,0,0
01:11:15:02:27:41,-22.6593,-12.3596,0,0.0720997,0,0,3.01315,7915.94,415739,11651.2,0,0,0,415739,0,0,4163.03,148.183,8366.32,7915.94,0,0
01:11:15:02:27:42,-23.2315,-12.3596,0,0.0720997,0,0,3.01315,7915.94,415739,11651.2,0,0,0,415739,0,0,4163.03,148.2,8366.32,7915.94,0,0
01:11:15:02:27:43,-22.6593,-12.3596,0,0.0734348,0,0,3.01315,7915.94,415739,11651.2,0,0,0,415739,0,0,4163.03,148.217,8366.32,7915.94,0,0
01:11:15:02:27:44,-22.6593,-11.5013,0,0.0747681,0,0,3.01315,7915.94,415739,11651.2,0,0,0,415739,0,0,4163.03,148.233,8366.32,7915.94,0,0
01:11:15:02:27:45,-22.6593,-12.0735,0,0.0747681,0,0,3.01315,7915.94,415739,11651.2,0,0,0,415739,0,0,4163.03,148.25,8366.32,7915.94,0,0
01:11:15:02:27:46,-22.9454,-11.5013,0,0.0720997,0,0,3.01315,7915.94,415739,11651.2,0,0,0,415739,0,0,4163.03,148.267,8366.32,7915.94,0,0
01:11:15:02:27:47,-22.6593,-12.3596,0,0.0680924,0,0,3.01315,7915.94,415739,11651.2,0,0,0,415739,0,0,4163.03,148.283,8366.32,7915.94,0,0
01:11:15:02:27:48,-23.5176,-11.7874,0,0.0720997,0,0,3.01315,7915.94,415739,11651.2,0,0,0,415739,0,0,4163.03,148.3,8366.32,7915.94,0,0
01:11:15:02:27:49,-23.5176,-11.7874,0,0.0707626,0,0,3.01315,7915.94,415739,11651.2,0,0,0,415739,0,0,4163.03,148.317,8366.32,7915.94,0,0
01:11:15:02:27:50,-22.6593,-11.7874,0,0.0720997,0,0,3.01315,7915.94,415739,11651.2,0,0,0,415739,0,0,4163.03,148.333,8366.32,7915.94,0,0
01:11:15:02:27:51,-23.8037,-12.6457,0,0.0720997,0,0,3.01315,7915.94,415739,11651.2,0,0,0,415739,0,0,4163.03,148.35,8366.32,7915.94,0,0
01:11:15:02:27:52,-24.662,-13.2179,0,0.0720997,0,0,3.01315,7915.94,415739,11651.2,0,0,0,415739,0,0,4163.03,148.367,8366.32,7915.94,0,0
01:11:15:02:27:53,-24.662,-13.7901,0,0.0747681,0,0,3.01315,7915.94,415739,11651.2,0,0,0,415739,0,0,4163.03,148.383,8366.32,7915.94,0,0
01:11:15:02:27:54,-24.9481,-13.504,0,0.0734348,0,0,3.01315,7915.94,415739,11651.2,0,0,0,415739,0,0,4163.03,148.4,8366.32,7915.94,0,0
01:11:15:02:27:55,-24.9481,-14.0762,0,0.0680924,0,0,3.01315,7915.94,415739,11651.2,0,0,0,415739,0,0,4163.03,148.417,8366.32,7915.94,0,0
01:11:15:02:27:56,-24.9481,-14.0762,0,0.0720997,0,0,3.01315,7915.94,415739,11651.2,0,0,0,415739,0,0,4163.03,148.433,8366.32,7915.94,0,0
01:11:15:02:27:57,-24.9481,-14.0762,0,0.0734348,0,0,3.01315,7915.94,415739,11651.2,0,0,0,415739,0,0,4163.03,148.45,8366.32,7915.94,0,0
01:11:15:02:27:58,-24.9481,-13.504,0,0.0720997,0,0,3.01315,7915.94,415739,11651.2,0,0,0,415739,0,0,4163.03,148.467,8366.32,7915.94,0,0
01:11:15:02:27:59,-24.3759,-13.2179,0,0.0734348,0,0,3.01315,7915.94,415739,11651.2,0,0,0,415739,0,0,4163.03,148.483,8366.32,7915.94,0,0
01:11:15:02:28:00,-24.3759,-12.6457,0,0.0707626,0,0,3.01315,7915.94,415739,11651.2,0,0,0,415739,0,0,4163.03,148.5,8366.32,7915.94,0,0
01:11:15:02:28:01,-24.0898,-12.6457,0,0.0694294,0,0,3.01315,7915.94,415739,11651.2,0,0,0,415739,0,0,4163.03,148.517,8366.32,7915.94,0,0
01:11:15:02:28:02,-23.2315,-12.6457,0,0.0707626,0,0,3.01315,7915.94,415739,11651.2,0,0,0,415739,0,0,4163.03,148.533,8366.32,7915.94,0,0
01:11:15:02:28:03,-24.0898,-12.6457,0,0.0680924,0,0,3.01315,7915.94,415739,11651.2,0,0,0,415739,0,0,4163.03,148.55,8366.32,7915.94,0,0
01:11:15:02:28:04,-24.0898,-12.9318,0,0.0680924,0,0,3.01315,7915.94,415739,11651.2,0,0,0,415739,0,0,4163.03,148.567,8366.32,7915.94,0,0
01:11:15:02:28:05,-23.5176,-12.0735,0,0.0680924,0,0,3.01315,7915.94,415739,11651.2,0,0,0,415739,0,0,4163.03,148.583,8366.32,7915.94,0,0
01:11:15:02:28:06,-23.8037,-12.6457,0,0.0694294,0,0,3.01315,7915.94,415739,11651.2,0,0,0,415739,0,0,4163.03,148.6,8366.32,7915.94,0,0
01:11:15:02:28:07,-24.0898,-12.3596,0,0.0680924,0,0,3.01315,7915.94,415739,11651.2,0,0,0,415739,0,0,4163.03,148.617,8366.32,7915.94,0,0
01:11:15:02:28:08,-23.5176,-12.0735,0,0.0720997,0,0,3.01315,7915.94,415739,11651.2,0,0,0,415739,0,0,4163.03,148.633,8366.32,7915.94,0,0
01:11:15:02:28:09,-23.5176,-12.6457,0,0.0761051,0,0,3.01315,7915.94,415739,11651.2,0,0,0,415739,0,0,4163.03,148.65,8366.32,7915.94,0,0
01:11:15:02:28:10,-23.2315,-12.6457,0,0.0720997,0,0,3.01315,7915.94,415739,11651.2,0,0,0,415739,0,0,4163.03,148.667,8366.32,7915.94,0,0
01:11:15:02:28:11,-23.2315,-12.3596,0,0.0694294,0,0,3.01315,7915.94,415739,11651.2,0,0,0,415739,0,0,4163.03,148.683,8366.32,7915.94,0,0
01:11:15:02:28:12,-23.8037,-12.6457,0,0.0680924,0,0,3.01315,7915.94,415739,11651.2,0,0,0,415739,0,0,4163.03,148.7,8366.32,7915.94,0,0
01:11:15:02:28:13,-23.5176,-12.3596,0,0.0680924,0,0,3.01315,7915.94,415739,11651.2,0,0,0,415739,0,0,4163.03,148.717,8366.32,7915.94,0,0
01:11:15:02:28:14,-22.6593,-12.6457,0,0.0694294,0,0,3.01315,7915.94,415739,11651.2,0,0,0,415739,0,0,4163.03,148.733,8366.32,7915.94,0,0
01:11:15:02:28:15,-22.9454,-12.3596,0,0.0694294,0,0,3.01315,7915.94,415739,11651.2,0,0,0,415739,0,0,4163.03,148.75,8366.32,7915.94,0,0
01:11:15:02:28:16,-23.5176,-12.3596,0,0.065424,0,0,3.01315,7915.94,415739,11651.2,0,0,0,415739,0,0,4163.03,148.767,8366.32,7915.94,0,0
01:11:15:02:28:17,-23.5176,-12.6457,0,0.0720997,0,0,3.01315,7915.94,415739,11651.2,0,0,0,415739,0,0,4163.03,148.783,8366.32,7915.94,0,0
01:11:15:02:28:18,-22.9454,-12.6457,0,0.0667572,0,0,3.01315,7915.94,415739,11651.2,0,0,0,415739,0,0,4163.03,148.8,8366.32,7915.94,0,0
01:11:15:02:28:19,-23.5176,-12.6457,0,0.0694294,0,0,3.01315,7915.94,415739,11651.2,0,0,0,415739,0,0,4163.03,148.817,8366.32,7915.94,0,0
01:11:15:02:28:20,-23.5176,-12.0735,0,0.0680924,0,0,3.01315,7915.94,415739,11651.2,0,0,0,415739,0,0,4163.03,148.833,8366.32,7915.94,0,0
01:11:15:02:28:21,-23.2315,-12.6457,0,0.0667572,0,0,3.01315,7915.94,415739,11651.2,0,0,0,415739,0,0,4163.03,148.85,8366.32,7915.94,0,0
01:11:15:02:28:22,-23.2315,-12.6457,0,0.0640869,0,0,3.01315,7915.94,415739,11651.2,0,0,0,415739,0,0,4163.03,148.867,8366.32,7915.94,0,0
01:11:15:02:28:23,-23.2315,-12.3596,0,0.0667572,0,0,3.01315,7915.94,415739,11651.2,0,0,0,415739,0,0,4163.03,148.883,8366.32,7915.94,0,0
01:11:15:02:28:24,-23.8037,-12.3596,0,0.065424,0,0,3.01315,7915.94,415739,11651.2,0,0,0,415739,0,0,4163.03,148.9,8366.32,7915.94,0,0
01:11:15:02:28:25,-23.2315,-12.6457,0,0.0680924,0,0,3.01315,7915.94,415739,11651.2,0,0,0,415739,0,0,4163.03,148.917,8366.32,7915.94,0,0
01:11:15:02:28:26,-23.8037,-12.3596,0,0.0680924,0,0,3.01315,7915.94,415739,11651.2,0,0,0,415739,0,0,4163.03,148.933,8366.32,7915.94,0,0
01:11:15:02:28:27,-23.8037,-12.0735,0,0.0707626,0,0,3.01315,7915.94,415739,11651.2,0,0,0,415739,0,0,4163.03,148.95,8366.32,7915.94,0,0
01:11:15:02:28:28,-23.8037,-12.6457,0,0.0694294,0,0,3.01315,7915.94,415739,11651.2,0,0,0,415739,0,0,4163.03,148.967,8366.32,7915.94,0,0
01:11:15:02:28:29,-23.2315,-11.7874,0,0.0667572,0,0,3.01315,7915.94,415739,11651.2,0,0,0,415739,0,0,4163.03,148.983,8366.32,7915.94,0,0
01:11:15:02:28:30,-22.9454,-12.3596,0,0.0707626,0,0,3.01315,7915.94,415739,11651.2,0,0,0,415739,0,0,4163.03,149,8366.32,7915.94,0,0
01:11:15:02:28:31,-18.6539,-7.49591,0,0.0680924,0,0,3.01315,7915.94,415739,11651.2,0,0,0,415739,0,0,4163.03,149.017,8366.32,7915.94,0,0
01:11:15:02:28:32,-16.6511,-5.4932,0,0.0667572,0,0,3.01315,7915.94,415739,11651.2,0,0,0,415739,0,0,4163.03,149.033,8366.32,7915.94,0,0
01:11:15:02:28:33,-16.0789,-6.0654,0,0.0680924,0,0,3.01315,7915.94,415739,11651.2,0,0,0,415739,0,0,4163.03,149.05,8366.32,7915.94,0,0
01:11:15:02:28:34,-16.0789,-4.6349,0,0.0694294,0,0,3.01315,7915.94,415739,11651.2,0,0,0,415739,0,0,4163.03,149.067,8366.32,7915.94,0,0
01:11:15:02:28:35,-15.2206,-3.77659,0,0.0694294,0,0,3.01315,7915.94,415739,11651.2,0,0,0,415739,0,0,4163.03,149.083,8366.32,7915.94,0,0
01:11:15:02:28:36,-12.3596,-1.77389,0,0.0694294,0,0,3.01315,7915.94,415739,11651.2,0,0,0,415739,0,0,4163.03,149.1,8366.32,7915.94,0,0
01:11:15:02:28:37,-9.78472,1.37323,0,0.0707626,0,0,3.01315,7915.94,415739,11651.2,0,0,0,415739,0,0,4163.03,149.117,8366.32,7915.94,0,0
01:11:15:02:28:38,-7.78201,3.37594,0,0.0707626,0,0,3.01315,7915.94,415739,11651.2,0,0,0,415739,0,0,4163.03,149.133,8366.32,7915.94,0,0
01:11:15:02:28:39,-4.3488,6.23695,0,0.0747681,0,0,3.01315,7915.94,415739,11651.2,0,0,0,415739,0,0,4163.03,149.15,8366.32,7915.94,0,0
01:11:15:02:28:40,-1.77389,9.09796,0,0.0720997,0,0,3.01315,7915.94,415739,11651.2,0,0,0,415739,0,0,4163.03,149.167,8366.32,7915.94,0,0
01:11:15:02:28:41,-0.0572783,11.1007,0,0.0720997,0,0,3.01315,7915.94,415739,11651.2,0,0,0,415739,0,0,4163.03,149.183,8366.32,7915.94,0,0
01:11:15:02:28:42,1.08713,12.2451,0,0.0707626,0,0,3.01315,7915.94,415739,11651.2,0,0,0,415739,0,0,4163.03,149.2,8366.32,7915.94,0,0
01:11:15:02:28:43,1.37323,11.6729,0,0.0707626,0,0,3.01315,7915.94,415739,11651.2,0,0,0,415739,0,0,4163.03,149.217,8366.32,7915.94,0,0
01:11:15:02:28:44,1.37323,13.3895,0,0.0694294,0,0,3.01315,7915.94,415739,11651.2,0,0,0,415739,0,0,4163.03,149.233,8366.32,7915.94,0,0
01:11:15:02:28:45,1.65933,13.3895,0,0.0720997,0,0,3.01315,7915.94,415739,11651.2,0,0,0,415739,0,0,4163.03,149.25,8366.32,7915.94,0,0
01:11:15:02:28:46,1.94543,13.9617,0,0.0720997,0,0,3.01315,7915.94,415739,11651.2,0,0,0,415739,0,0,4163.03,149.267,8366.32,7915.94,0,0
01:11:15:02:28:47,2.23153,13.6756,0,0.0427246,0,0,3.01315,7915.94,415739,11651.2,0,0,0,415739,0,0,4163.03,149.283,8366.32,7915.94,0,0
01:11:15:02:28:48,2.80373,13.6756,0,0.0347137,0,0,3.01315,7915.94,415739,11651.2,0,0,0,415739,0,0,4163.03,149.3,8366.32,7915.94,0,0
01:11:15:02:28:49,3.08984,13.6756,0,0.0240326,0,0,3.01315,7915.94,415739,11651.2,0,0,0,415739,0,0,4163.03,149.317,8366.32,7915.94,0,0
01:11:15:02:28:50,3.37594,13.9617,0,0.00667572,0,0,3.01315,7915.94,415739,11651.2,0,0,0,415739,0,0,4163.03,149.333,8366.32,7915.94,0,0
01:11:15:02:28:51,3.37594,13.9617,0,0,0,0,3.01315,7915.94,415739,11651.2,0,0,0,415739,0,0,4163.03,149.35,8366.32,7915.94,0,0
01:11:15:02:28:52,3.37594,13.9617,0,0,0,0,3.01315,7915.94,415739,11651.2,0,0,0,415739,0,0,4163.03,149.367,8366.32,7915.94,0,0
01:11:15:02:28:53,3.37594,13.6756,0,0,0,0,3.01315,7915.94,415739,11651.2,0,0,0,415739,0,0,4163.03,149.383,8366.32,7915.94,0,0
01:11:15:02:28:54,2.80373,13.9617,0,0,0,0,3.01315,7915.94,415739,11651.2,0,0,0,415739,0,0,4163.03,149.4,8366.32,7915.94,0,0
01:11:15:02:28:55,3.08984,14.5339,0,0,0,0,3.01315,7915.94,415739,11651.2,0,0,0,415739,0,0,4163.03,149.417,8366.32,7915.94,0,0
01:11:15:02:28:56,2.51763,14.5339,0,0,0,0,3.01315,7915.94,415739,11651.2,0,0,0,415739,0,0,4163.03,149.433,8366.32,7915.94,0,0
01:11:15:02:28:57,2.51763,14.2478,0,0,0,0,3.01315,7915.94,415739,11651.2,0,0,0,415739,0,0,4163.03,149.45,8366.32,7915.94,0,0
01:11:15:02:28:58,2.51763,14.2478,0,0,0,0,3.01315,7915.94,415739,11651.2,0,0,0,415739,0,0,4163.03,149.467,8366.32,7915.94,0,0
01:11:15:02:28:59,3.08984,13.9617,0,0,0,0,3.01315,7915.94,415739,11651.2,0,0,0,415739,0,0,4163.03,149.483,8366.32,7915.94,0,0
01:11:15:02:29:00,3.08984,13.9617,0,0,0,0,3.01315,7915.94,415739,11651.2,0,0,0,415739,0,0,4163.03,149.5,8366.32,7915.94,0,0
01:11:15:02:29:01,3.37594,14.5339,0,0,0,0,3.01315,7915.94,415739,11651.2,0,0,0,415739,0,0,4163.03,149.517,8366.32,7915.94,0,0
01:11:15:02:29:02,18.2532,28.2667,0,0,0,0,3.01315,7915.94,415739,11651.2,0,0,0,415739,0,0,4163.03,149.533,8366.32,7915.94,0,0
01:11:15:02:29:03,19.6837,30.8417,0,0,0,0,3.01315,7915.94,415739,11651.2,0,0,0,415739,0,0,4163.03,149.55,8366.32,7915.94,0,0
01:11:15:02:29:04,17.9671,28.8389,0,0.160219,0,0,3.01315,7915.94,415739,11651.2,0,0,0,415739,0,0,4163.03,149.567,8366.32,7915.94,0,0
01:11:15:02:29:05,17.1088,27.6945,0,0.345806,0,0,3.01315,7915.94,415739,11651.2,0,0,0,415739,0,0,4163.03,149.583,8366.32,7915.94,0,0
01:11:15:02:29:06,16.5366,27.6945,0,0.397879,0,0,3.01315,7915.94,415739,11651.2,0,0,0,415739,0,0,4163.03,149.6,8366.32,7915.94,0,0
01:11:15:02:29:07,20.8281,31.7,0,0.447279,0,0,3.01315,7915.94,415739,11651.2,0,0,0,415739,0,0,4163.03,149.617,8366.32,7915.94,0,0
01:11:15:02:29:08,26.5501,37.9942,0,0.582132,0,0,3.01315,7915.94,415739,11651.2,0,0,0,415739,0,0,4163.03,149.633,8366.32,7915.94,0,0
01:11:15:02:29:09,32.2722,42.8579,0,0.711643,0,0,3.01315,7915.94,415739,11651.2,0,0,0,415739,0,0,4163.03,149.65,8366.32,7915.94,0,0
01:11:15:02:29:10,33.7027,44.5745,0,0.890554,0,0,3.01315,7915.94,415739,11651.2,0,0,0,415739,0,0,4163.03,149.667,8366.32,7915.94,0,0
01:11:15:02:29:11,37.1359,47.1494,0,0.97467,0,0,3.01315,7915.94,415739,11651.2,0,0,0,415739,0,0,4163.03,149.683,8366.32,7915.94,0,0
01:11:15:02:29:12,38.5664,49.7243,0,0.857176,0,0,3.01315,7915.94,415739,11651.2,0,0,0,415739,0,0,4163.03,149.7,8366.32,7915.94,0,0
01:11:15:02:29:13,38.2803,49.1521,0,0.843823,0,0,3.01315,7915.94,415739,11651.2,0,0,0,415739,0,0,4163.03,149.717,8366.32,7915.94,0,0
01:11:15:02:29:14,37.422,48.866,0,0.741016,0,0,3.01315,7915.94,415739,11651.2,0,0,0,415739,0,0,4163.03,149.733,8366.32,7915.94,0,0
01:11:15:02:29:15,41.1413,52.5853,0,0.587471,0,0,3.01315,7915.94,415739,11651.2,0,0,0,415739,0,0,4163.03,149.75,8366.32,7915.94,0,0
01:11:15:02:29:16,40.8552,51.727,0,0.52739,0,0,3.01315,7915.94,415739,11651.2,0,0,0,415739,0,0,4163.03,149.767,8366.32,7915.94,0,0
01:11:15:02:29:17,41.9996,52.2992,0,0.490006,0,0,3.01315,7915.94,415739,11651.2,0,0,0,415739,0,0,4163.03,149.783,8366.32,7915.94,0,0
01:11:15:02:29:18,43.4301,54.302,0,0.393873,0,0,3.01315,7915.94,415739,11651.2,0,0,0,415739,0,0,4163.03,149.8,8366.32,7915.94,0,0
01:11:15:02:29:19,44.5745,55.7325,0,0.409895,0,0,3.01315,7915.94,415739,11651.2,0,0,0,415739,0,0,4163.03,149.817,8366.32,7915.94,0,0
01:11:15:02:29:20,45.1467,56.0186,0,0.380522,0,0,3.01315,7915.94,415739,11651.2,0,0,0,415739,0,0,4163.03,149.833,8366.32,7915.94,0,0
01:11:15:02:29:21,44.2884,54.8742,0,0.305752,0,0,3.01315,7915.94,415739,11651.2,0,0,0,415739,0,0,4163.03,149.85,8366.32,7915.94,0,0
01:11:15:02:29:22,42.2857,54.302,0,0.284389,0,0,3.01315,7915.94,415739,11651.2,0,0,0,415739,0,0,4163.03,149.867,8366.32,7915.94,0,0
01:11:15:02:29:23,43.7162,54.8742,0,0.202946,0,0,3.01315,7915.94,415739,11651.2,0,0,0,415739,0,0,4163.03,149.883,8366.32,7915.94,0,0
01:11:15:02:29:24,44.8606,55.4464,0,0.134851,0,0,3.01315,7915.94,415739,11651.2,0,0,0,415739,0,0,4163.03,149.9,8366.32,7915.94,0,0
01:11:15:02:29:25,43.4301,54.302,0,0.140192,0,0,3.01315,7915.94,415739,11651.2,0,0,0,415739,0,0,4163.03,149.917,8366.32,7915.94,0,0
01:11:15:02:29:26,43.7162,54.8742,0,0.116159,0,0,3.01315,7915.94,415739,11651.2,0,0,0,415739,0,0,4163.03,149.933,8366.32,7915.94,0,0
01:11:15:02:29:27,44.0023,55.1603,0,0.0827789,0,0,3.01315,7915.94,415739,11651.2,0,0,0,415739,0,0,4163.03,149.95,8366.32,7915.94,0,0
01:11:15:02:29:28,45.1467,56.0186,0,0.0627537,0,0,3.01315,7915.94,415739,11651.2,0,0,0,415739,0,0,4163.03,149.967,8366.32,7915.94,0,0
01:11:15:02:29:29,44.8606,55.7325,0,0.0480652,0,0,3.01315,7915.94,415739,11651.2,0,0,0,415739,0,0,4163.03,149.983,8366.32,7915.94,0,0
01:11:15:02:29:30,46.005,57.4491,0,0.0267029,0,0,3.01315,7915.94,415739,11651.2,0,0,0,415739,0,0,4163.03,150,8366.32,7915.94,0,0
01:11:15:02:29:31,48.866,58.8796,0,0.04673,0,0,3.01315,7915.94,415739,11651.2,0,0,0,415739,0,0,4163.03,150.017,8366.32,7915.94,0,0
01:11:15:02:29:32,48.866,60.5962,0,0.120165,0,0,3.01315,7915.94,415739,11651.2,0,0,0,415739,0,0,4163.03,150.033,8366.32,7915.94,0,0
01:11:15:02:29:33,48.2938,59.1657,0,0.0961323,0,0,3.01315,7915.94,415739,11651.2,0,0,0,415739,0,0,4163.03,150.05,8366.32,7915.94,0,0
01:11:15:02:29:34,48.5799,59.7379,0,0.0801106,0,0,3.01315,7915.94,415739,11651.2,0,0,0,415739,0,0,4163.03,150.067,8366.32,7915.94,0,0
01:11:15:02:29:35,48.2938,59.4518,0,0.0801106,0,0,3.01315,7915.94,415739,11651.2,0,0,0,415739,0,0,4163.03,150.083,8366.32,7915.94,0,0
01:11:15:02:29:36,48.2938,60.024,0,0.0801106,0,0,3.01315,7915.94,415739,11651.2,0,0,0,415739,0,0,4163.03,150.1,8366.32,7915.94,0,0
01:11:15:02:29:37,48.0077,59.1657,0,0.0707626,0,0,3.01315,7915.94,415739,11651.2,0,0,0,415739,0,0,4163.03,150.117,8366.32,7915.94,0,0
01:11:15:02:29:38,48.5799,59.4518,0,0.0627537,0,0,3.01315,7915.94,415739,11651.2,0,0,0,415739,0,0,4163.03,150.133,8366.32,7915.94,0,0
01:11:15:02:29:39,48.2938,58.8796,0,0.0547428,0,0,3.01315,7915.94,415739,11651.2,0,0,0,415739,0,0,4163.03,150.15,8366.32,7915.94,0,0
01:11:15:02:29:40,48.0077,59.1657,0,0.00801086,0,0,3.01315,7915.94,415739,11651.2,0,0,0,415739,0,0,4163.03,150.167,8366.32,7915.94,0,0
01:11:15:02:29:41,48.866,59.7379,0,0.0293751,0,0,3.01315,7915.94,415739,11651.2,0,0,0,415739,0,0,4163.03,150.183,8366.32,7915.94,0,0
01:11:15:02:29:42,49.1521,59.4518,0,0.00667572,0,0,3.01315,7915.94,415739,11651.2,0,0,0,415739,0,0,4163.03,150.2,8366.32,7915.94,0,0
01:11:15:02:29:43,47.7216,59.4518,0,0,0,0,3.01315,7915.94,415739,11651.2,0,0,0,415739,0,0,4163.03,150.217,8366.32,7915.94,0,0
01:11:15:02:29:44,48.0077,59.1657,0,0,0,0,3.01315,7915.94,415739,11651.2,0,0,0,415739,0,0,4163.03,150.233,8366.32,7915.94,0,0
01:11:15:02:29:45,48.0077,59.4518,0,0.0106792,0,0,3.01315,7915.94,415739,11651.2,0,0,0,415739,0,0,4163.03,150.25,8366.32,7915.94,0,0
01:11:15:02:29:46,48.866,58.5935,0,0,0,0,3.01315,7915.94,415739,11651.2,0,0,0,415739,0,0,4163.03,150.267,8366.32,7915.94,0,0
01:11:15:02:29:47,48.0077,59.4518,0,0.00534058,0,0,3.01315,7915.94,415739,11651.2,0,0,0,415739,0,0,4163.03,150.283,8366.32,7915.94,0,0
01:11:15:02:29:48,48.2938,58.5935,0,0,0,0,3.01315,7915.94,415739,11651.2,0,0,0,415739,0,0,4163.03,150.3,8366.32,7915.94,0,0
01:11:15:02:29:49,48.0077,58.8796,0,0,0,0,3.01315,7915.94,415739,11651.2,0,0,0,415739,0,0,4163.03,150.317,8366.32,7915.94,0,0
01:11:15:02:29:50,48.0077,59.1657,0,0,0,0,3.01315,7915.94,415739,11651.2,0,0,0,415739,0,0,4163.03,150.333,8366.32,7915.94,0,0
01:11:15:02:29:51,48.866,59.1657,0,0,0,0,3.01315,7915.94,415739,11651.2,0,0,0,415739,0,0,4163.03,150.35,8366.32,7915.94,0,0
01:11:15:02:29:52,47.4355,58.0213,0,0,0,0,3.01315,7915.94,415739,11651.2,0,0,0,415739,0,0,4163.03,150.367,8366.32,7915.94,0,0
01:11:15:02:29:53,48.5799,59.4518,0,0,0,0,3.01315,7915.94,415739,11651.2,0,0,0,415739,0,0,4163.03,150.383,8366.32,7915.94,0,0
01:11:15:02:29:54,48.5799,59.4518,0,0,0,0,3.01315,7915.94,415739,11651.2,0,0,0,415739,0,0,4163.03,150.4,8366.32,7915.94,0,0
01:11:15:02:29:55,48.0077,58.8796,0,0,0,0,3.01315,7915.94,415739,11651.2,0,0,0,415739,0,0,4163.03,150.417,8366.32,7915.94,0,0
01:11:15:02:29:56,47.7216,58.3074,0,0,0,0,3.01315,7915.94,415739,11651.2,0,0,0,415739,0,0,4163.03,150.433,8366.32,7915.94,0,0
01:11:15:02:29:57,48.0077,59.1657,0,0,0,0,3.01315,7915.94,415739,11651.2,0,0,0,415739,0,0,4163.03,150.45,8366.32,7915.94,0,0
01:11:15:02:29:58,48.0077,58.3074,0,0,0,0,3.01315,7915.94,415739,11651.2,0,0,0,415739,0,0,4163.03,150.467,8366.32,7915.94,0,0
01:11:15:02:29:59,48.5799,59.4518,0,0,0,0,3.01315,7915.94,415739,11651.2,0,0,0,415739,0,0,4163.03,150.483,8366.32,7915.94,0,0
01:11:15:02:30:00,48.866,59.1657,0,0,0,0,3.01315,7915.94,415739,11651.2,0,0,0,415739,0,0,4163.03,150.5,8366.32,7915.94,0,0
01:11:15:02:30:01,48.5799,59.1657,0,0,0,0,3.01315,7915.94,415739,11651.2,0,0,0,415739,0,0,4163.03,150.517,8366.32,7915.94,0,0
01:11:15:02:30:02,47.1494,58.0213,0,0,0,0,3.01315,7915.94,415739,11651.2,0,0,0,415739,0,0,4163.03,150.533,8366.32,7915.94,0,0
01:11:15:02:30:03,48.5799,59.1657,0,0,0,0,3.01315,7915.94,415739,11651.2,0,0,0,415739,0,0,4163.03,150.55,8366.32,7915.94,0,0
01:11:15:02:30:04,47.7216,58.0213,0,0,0,0,3.01315,7915.94,415739,11651.2,0,0,0,415739,0,0,4163.03,150.567,8366.32,7915.94,0,0
01:11:15:02:30:05,47.1494,57.4491,0,0,0,0,3.01315,7915.94,415739,11651.2,0,0,0,415739,0,0,4163.03,150.583,8366.32,7915.94,0,0
01:11:15:02:30:06,48.0077,58.8796,0,0,0,0,3.01315,7915.94,415739,11651.2,0,0,0,415739,0,0,4163.03,150.6,8366.32,7915.94,0,0
01:11:15:02:30:07,48.2938,59.1657,0,0,0,0,3.01315,7915.94,415739,11651.2,0,0,0,415739,0,0,4163.03,150.617,8366.32,7915.94,0,0
01:11:15:02:30:08,47.4355,59.1657,0,0,0,0,3.01315,7915.94,415739,11651.2,0,0,0,415739,0,0,4163.03,150.633,8366.32,7915.94,0,0
01:11:15:02:30:09,47.7216,58.5935,0,0,0,0,3.01315,7915.94,415739,11651.2,0,0,0,415739,0,0,4163.03,150.65,8366.32,7915.94,0,0
01:11:15:02:30:10,48.0077,58.8796,0,0,0,0,3.01315,7915.94,415739,11651.2,0,0,0,415739,0,0,4163.03,150.667,8366.32,7915.94,0,0
01:11:15:02:30:11,46.8633,58.0213,0,0,0,0,3.01315,7915.94,415739,11651.2,0,0,0,415739,0,0,4163.03,150.683,8366.32,7915.94,0,0
01:11:15:02:30:12,47.7216,58.8796,0,0,0,0,3.01315,7915.94,415739,11651.2,0,0,0,415739,0,0,4163.03,150.7,8366.32,7915.94,0,0
01:11:15:02:30:13,48.5799,59.4518,0,0,0,0,3.01315,7915.94,415739,11651.2,0,0,0,415739,0,0,4163.03,150.717,8366.32,7915.94,0,0
01:11:15:02:30:14,48.5799,59.1657,0,0,0,0,3.01315,7915.94,415739,11651.2,0,0,0,415739,0,0,4163.03,150.733,8366.32,7915.94,0,0
01:11:15:02:30:15,47.7216,58.8796,0,0,0,0,3.01315,7915.94,415739,11651.2,0,0,0,415739,0,0,4163.03,150.75,8366.32,7915.94,0,0
01:11:15:02:30:16,48.0077,58.5935,0,0,0,0,3.01315,7915.94,415739,11651.2,0,0,0,415739,0,0,4163.03,150.767,8366.32,7915.94,0,0
01:11:15:02:30:17,48.0077,58.0213,0,0,0,0,3.01315,7915.94,415739,11651.2,0,0,0,415739,0,0,4163.03,150.783,8366.32,7915.94,0,0
01:11:15:02:30:18,48.5799,59.4518,0,0,0,0,3.01315,7915.94,415739,11651.2,0,0,0,415739,0,0,4163.03,150.8,8366.32,7915.94,0,0
01:11:15:02:30:19,47.4355,58.8796,0,0,0,0,3.01315,7915.94,415739,11651.2,0,0,0,415739,0,0,4163.03,150.817,8366.32,7915.94,0,0
01:11:15:02:30:20,48.0077,58.8796,0,0,0,0,3.01315,7915.94,415739,11651.2,0,0,0,415739,0,0,4163.03,150.833,8366.32,7915.94,0,0
01:11:15:02:30:21,46.2911,58.0213,0,0,0,0,3.01315,7915.94,415739,11651.2,0,0,0,415739,0,0,4163.03,150.85,8366.32,7915.94,0,0
01:11:15:02:30:22,47.4355,58.3074,0,0,0,0,3.01315,7915.94,415739,11651.2,0,0,0,415739,0,0,4163.03,150.867,8366.32,7915.94,0,0
01:11:15:02:30:23,47.7216,58.5935,0,0,0,0,3.01315,7915.94,415739,11651.2,0,0,0,415739,0,0,4163.03,150.883,8366.32,7915.94,0,0
01:11:15:02:30:24,47.4355,58.0213,0,0.00267029,0,0,3.01315,7915.94,415739,11651.2,0,0,0,415739,0,0,4163.03,150.9,8366.32,7915.94,0,0
01:11:15:02:30:25,48.2938,58.8796,0,0,0,0,3.01315,7915.94,415739,11651.2,0,0,0,415739,0,0,4163.03,150.917,8366.32,7915.94,0,0
01:11:15:02:30:26,48.0077,58.8796,0,0,0,0,3.01315,7915.94,415739,11651.2,0,0,0,415739,0,0,4163.03,150.933,8366.32,7915.94,0,0
01:11:15:02:30:27,48.0077,58.3074,0,0,0,0,3.01315,7915.94,415739,11651.2,0,0,0,415739,0,0,4163.03,150.95,8366.32,7915.94,0,0
01:11:15:02:30:28,47.7216,58.5935,0,0,0,0,3.01315,7915.94,415739,11651.2,0,0,0,415739,0,0,4163.03,150.967,8366.32,7915.94,0,0
01:11:15:02:30:29,48.5799,59.7379,0,0,0,0,3.01315,7915.94,415739,11651.2,0,0,0,415739,0,0,4163.03,150.983,8366.32,7915.94,0,0
01:11:15:02:30:30,48.2938,58.8796,0,0,0,0,3.01315,7915.94,415739,11651.2,0,0,0,415739,0,0,4163.03,151,8366.32,7915.94,0,0
01:11:15:02:30:31,48.0077,59.1657,0,0,0,0,3.01315,7915.94,415739,11651.2,0,0,0,415739,0,0,4163.03,151.017,8366.32,7915.94,0,0
01:11:15:02:30:32,46.8633,58.3074,0,0,0,0,3.01315,7915.94,415739,11651.2,0,0,0,415739,0,0,4163.03,151.033,8366.32,7915.94,0,0
01:11:15:02:30:33,48.866,60.024,0,0,0,0,3.01315,7915.94,415739,11651.2,0,0,0,415739,0,0,4163.03,151.05,8366.32,7915.94,0,0
01:11:15:02:30:34,47.4355,58.3074,0,0,0,0,3.01315,7915.94,415739,11651.2,0,0,0,415739,0,0,4163.03,151.067,8366.32,7915.94,0,0
01:11:15:02:30:35,47.1494,58.0213,0,0,0,0,3.01315,7915.94,415739,11651.2,0,0,0,415739,0,0,4163.03,151.083,8366.32,7915.94,0,0
01:11:15:02:30:36,48.0077,58.0213,0,0,0,0,3.01315,7915.94,415739,11651.2,0,0,0,415739,0,0,4163.03,151.1,8366.32,7915.94,0,0
01:11:15:02:30:37,48.0077,58.5935,0,0,0,0,3.01315,7915.94,415739,11651.2,0,0,0,415739,0,0,4163.03,151.117,8366.32,7915.94,0,0
01:11:15:02:30:38,46.8633,57.7352,0,0,0,0,3.01315,7915.94,415739,11651.2,0,0,0,415739,0,0,4163.03,151.133,8366.32,7915.94,0,0
01:11:15:02:30:39,47.4355,57.7352,0,0,0,0,3.01315,7915.94,415739,11651.2,0,0,0,415739,0,0,4163.03,151.15,8366.32,7915.94,0,0
01:11:15:02:30:40,47.1494,58.8796,0,0,0,0,3.01315,7915.94,415739,11651.2,0,0,0,415739,0,0,4163.03,151.167,8366.32,7915.94,0,0
01:11:15:02:30:41,47.7216,58.5935,0,0,0,0,3.01315,7915.94,415739,11651.2,0,0,0,415739,0,0,4163.03,151.183,8366.32,7915.94,0,0
01:11:15:02:30:42,47.1494,58.0213,0,0,0,0,3.01315,7915.94,415739,11651.2,0,0,0,415739,0,0,4163.03,151.2,8366.32,7915.94,0,0
01:11:15:02:30:43,47.7216,58.3074,0,0,0,0,3.01315,7915.94,415739,11651.2,0,0,0,415739,0,0,4163.03,151.217,8366.32,7915.94,0,0
01:11:15:02:30:44,47.7216,58.5935,0,0,0,0,3.01315,7915.94,415739,11651.2,0,0,0,415739,0,0,4163.03,151.233,8366.32,7915.94,0,0
01:11:15:02:30:45,47.4355,58.8796,0,0,0,0,3.01315,7915.94,415739,11651.2,0,0,0,415739,0,0,4163.03,151.25,8366.32,7915.94,0,0
01:11:15:02:30:46,47.1494,58.0213,0,0,0,0,3.01315,7915.94,415739,11651.2,0,0,0,415739,0,0,4163.03,151.267,8366.32,7915.94,0,0
01:11:15:02:30:47,49.1521,59.4518,0,0,0,0,3.01315,7915.94,415739,11651.2,0,0,0,415739,0,0,4163.03,151.283,8366.32,7915.94,0,0
01:11:15:02:30:48,48.0077,58.5935,0,0,0,0,3.01315,7915.94,415739,11651.2,0,0,0,415739,0,0,4163.03,151.3,8366.32,7915.94,0,0
01:11:15:02:30:49,48.0077,58.8796,0,0,0,0,3.01315,7915.94,415739,11651.2,0,0,0,415739,0,0,4163.03,151.317,8366.32,7915.94,0,0
01:11:15:02:30:50,47.7216,58.5935,0,0,0,0,3.01315,7915.94,415739,11651.2,0,0,0,415739,0,0,4163.03,151.333,8366.32,7915.94,0,0
01:11:15:02:30:51,47.1494,59.1657,0,0,0,0,3.01315,7915.94,415739,11651.2,0,0,0,415739,0,0,4163.03,151.35,8366.32,7915.94,0,0
01:11:15:02:30:52,48.2938,58.8796,0,0,0,0,3.01315,7915.94,415739,11651.2,0,0,0,415739,0,0,4163.03,151.367,8366.32,7915.94,0,0
01:11:15:02:30:53,47.1494,57.7352,0,0,0,0,3.01315,7915.94,415739,11651.2,0,0,0,415739,0,0,4163.03,151.383,8366.32,7915.94,0,0
01:11:15:02:30:54,47.1494,58.5935,0,0,0,0,3.01315,7915.94,415739,11651.2,0,0,0,415739,0,0,4163.03,151.4,8366.32,7915.94,0,0
01:11:15:02:30:55,47.4355,58.5935,0,0,0,0,3.01315,7915.94,415739,11651.2,0,0,0,415739,0,0,4163.03,151.417,8366.32,7915.94,0,0
01:11:15:02:30:56,47.4355,58.8796,0,0,0,0,3.01315,7915.94,415739,11651.2,0,0,0,415739,0,0,4163.03,151.433,8366.32,7915.94,0,0
01:11:15:02:30:57,47.4355,58.3074,0,0,0,0,3.01315,7915.94,415739,11651.2,0,0,0,415739,0,0,4163.03,151.45,8366.32,7915.94,0,0
01:11:15:02:30:58,47.4355,57.7352,0,0,0,0,3.01315,7915.94,415739,11651.2,0,0,0,415739,0,0,4163.03,151.467,8366.32,7915.94,0,0
01:11:15:02:30:59,47.7216,58.0213,0,0,0,0,3.01315,7915.94,415739,11651.2,0,0,0,415739,0,0,4163.03,151.483,8366.32,7915.94,0,0
01:11:15:02:31:00,47.4355,58.8796,0,0,0,0,3.01315,7915.94,415739,11651.2,0,0,0,415739,0,0,4163.03,151.5,8366.32,7915.94,0,0
01:11:15:02:31:01,47.7216,58.5935,0,0,0,0,3.01315,7915.94,415739,11651.2,0,0,0,415739,0,0,4163.03,151.517,8366.32,7915.94,0,0
01:11:15:02:31:02,47.4355,58.0213,0,0,0,0,3.01315,7915.94,415739,11651.2,0,0,0,415739,0,0,4163.03,151.533,8366.32,7915.94,0,0
01:11:15:02:31:03,47.4355,58.0213,0,0,0,0,3.01315,7915.94,415739,11651.2,0,0,0,415739,0,0,4163.03,151.55,8366.32,7915.94,0,0
01:11:15:02:31:04,48.0077,58.5935,0,0,0,0,3.01315,7915.94,415739,11651.2,0,0,0,415739,0,0,4163.03,151.567,8366.32,7915.94,0,0
01:11:15:02:31:05,47.1494,57.7352,0,0,0,0,3.01315,7915.94,415739,11651.2,0,0,0,415739,0,0,4163.03,151.583,8366.32,7915.94,0,0
01:11:15:02:31:06,47.4355,58.3074,0,0,0,0,3.01315,7915.94,415739,11651.2,0,0,0,415739,0,0,4163.03,151.6,8366.32,7915.94,0,0
01:11:15:02:31:07,47.7216,58.3074,0,0,0,0,3.01315,7915.94,415739,11651.2,0,0,0,415739,0,0,4163.03,151.617,8366.32,7915.94,0,0
01:11:15:02:31:08,48.0077,58.5935,0,0,0,0,3.01315,7915.94,415739,11651.2,0,0,0,415739,0,0,4163.03,151.633,8366.32,7915.94,0,0
01:11:15:02:31:09,49.1521,59.4518,0,0,0,0,3.01315,7915.94,415739,11651.2,0,0,0,415739,0,0,4163.03,151.65,8366.32,7915.94,0,0
01:11:15:02:31:10,47.7216,58.5935,0,0,0,0,3.01315,7915.94,415739,11651.2,0,0,0,415739,0,0,4163.03,151.667,8366.32,7915.94,0,0
01:11:15:02:31:11,46.8633,58.0213,0,0,0,0,3.01315,7915.94,415739,11651.2,0,0,0,415739,0,0,4163.03,151.683,8366.32,7915.94,0,0
01:11:15:02:31:12,47.1494,58.3074,0,0,0,0,3.01315,7915.94,415739,11651.2,0,0,0,415739,0,0,4163.03,151.7,8366.32,7915.94,0,0
01:11:15:02:31:13,47.7216,58.3074,0,0,0,0,3.01315,7915.94,415739,11651.2,0,0,0,415739,0,0,4163.03,151.717,8366.32,7915.94,0,0
01:11:15:02:31:14,48.0077,58.5935,0,0.00934601,0,0,3.01315,7915.94,415739,11651.2,0,0,0,415739,0,0,4163.03,151.733,8366.32,7915.94,0,0
01:11:15:02:31:15,47.1494,58.3074,0,0,0,0,3.01315,7915.94,415739,11651.2,0,0,0,415739,0,0,4163.03,151.75,8366.32,7915.94,0,0
01:11:15:02:31:16,49.1521,59.4518,0,0,0,0,3.01315,7915.94,415739,11651.2,0,0,0,415739,0,0,4163.03,151.767,8366.32,7915.94,0,0
01:11:15:02:31:17,48.0077,58.5935,0,0,0,0,3.01315,7915.94,415739,11651.2,0,0,0,415739,0,0,4163.03,151.783,8366.32,7915.94,0,0
01:11:15:02:31:18,46.8633,57.7352,0,0,0,0,3.01315,7915.94,415739,11651.2,0,0,0,415739,0,0,4163.03,151.8,8366.32,7915.94,0,0
01:11:15:02:31:19,46.8633,58.0213,0,0,0,0,3.01315,7915.94,415739,11651.2,0,0,0,415739,0,0,4163.03,151.817,8366.32,7915.94,0,0
01:11:15:02:31:20,47.4355,58.0213,0,0,0,0,3.01315,7915.94,415739,11651.2,0,0,0,415739,0,0,4163.03,151.833,8366.32,7915.94,0,0
01:11:15:02:31:21,47.1494,57.7352,0,0,0,0,3.01315,7915.94,415739,11651.2,0,0,0,415739,0,0,4163.03,151.85,8366.32,7915.94,0,0
01:11:15:02:31:22,47.1494,57.4491,0,0,0,0,3.01315,7915.94,415739,11651.2,0,0,0,415739,0,0,4163.03,151.867,8366.32,7915.94,0,0
01:11:15:02:31:23,47.1494,57.4491,0,0,0,0,3.01315,7915.94,415739,11651.2,0,0,0,415739,0,0,4163.03,151.883,8366.32,7915.94,0,0
01:11:15:02:31:24,47.1494,58.0213,0,0,0,0,3.01315,7915.94,415739,11651.2,0,0,0,415739,0,0,4163.03,151.9,8366.32,7915.94,0,0
01:11:15:02:31:25,47.4355,58.3074,0,0,0,0,3.01315,7915.94,415739,11651.2,0,0,0,415739,0,0,4163.03,151.917,8366.32,7915.94,0,0
01:11:15:02:31:26,47.7216,58.0213,0,0,0,0,3.01315,7915.94,415739,11651.2,0,0,0,415739,0,0,4163.03,151.933,8366.32,7915.94,0,0
01:11:15:02:31:27,46.8633,57.7352,0,0,0,0,3.01315,7915.94,415739,11651.2,0,0,0,415739,0,0,4163.03,151.95,8366.32,7915.94,0,0
01:11:15:02:31:28,47.1494,58.0213,0,0,0,0,3.01315,7915.94,415739,11651.2,0,0,0,415739,0,0,4163.03,151.967,8366.32,7915.94,0,0
01:11:15:02:31:29,47.7216,58.5935,0,0,0,0,3.01315,7915.94,415739,11651.2,0,0,0,415739,0,0,4163.03,151.983,8366.32,7915.94,0,0
01:11:15:02:31:30,48.0077,58.0213,0,0,0,0,3.01315,7915.94,415739,11651.2,0,0,0,415739,0,0,4163.03,152,8366.32,7915.94,0,0
01:11:15:02:31:31,46.005,57.4491,0,0,0,0,3.01315,7915.94,415739,11651.2,0,0,0,415739,0,0,4163.03,152.017,8366.32,7915.94,0,0
01:11:15:02:31:32,47.7216,57.7352,0,0,0,0,3.01315,7915.94,415739,11651.2,0,0,0,415739,0,0,4163.03,152.033,8366.32,7915.94,0,0
01:11:15:02:31:33,47.1494,58.3074,0,0,0,0,3.01315,7915.94,415739,11651.2,0,0,0,415739,0,0,4163.03,152.05,8366.32,7915.94,0,0
01:11:15:02:31:34,47.1494,57.4491,0,0,0,0,3.01315,7915.94,415739,11651.2,0,0,0,415739,0,0,4163.03,152.067,8366.32,7915.94,0,0
01:11:15:02:31:35,46.2911,57.4491,0,0,0,0,3.01315,7915.94,415739,11651.2,0,0,0,415739,0,0,4163.03,152.083,8366.32,7915.94,0,0
01:11:15:02:31:36,46.8633,58.0213,0,0,0,0,3.01315,7915.94,415739,11651.2,0,0,0,415739,0,0,4163.03,152.1,8366.32,7915.94,0,0
01:11:15:02:31:37,46.5772,57.7352,0,0,0,0,3.01315,7915.94,415739,11651.2,0,0,0,415739,0,0,4163.03,152.117,8366.32,7915.94,0,0
01:11:15:02:31:38,45.7189,56.8769,0,0,0,0,3.01315,7915.94,415739,11651.2,0,0,0,415739,0,0,4163.03,152.133,8366.32,7915.94,0,0
01:11:15:02:31:39,47.1494,57.4491,0,0,0,0,3.01315,7915.94,415739,11651.2,0,0,0,415739,0,0,4163.03,152.15,8366.32,7915.94,0,0
01:11:15:02:31:40,46.8633,58.0213,0,0,0,0,3.01315,7915.94,415739,11651.2,0,0,0,415739,0,0,4163.03,152.167,8366.32,7915.94,0,0
01:11:15:02:31:41,47.4355,58.0213,0,0,0,0,3.01315,7915.94,415739,11651.2,0,0,0,415739,0,0,4163.03,152.183,8366.32,7915.94,0,0
01:11:15:02:31:42,47.4355,58.0213,0,0,0,0,3.01315,7915.94,415739,11651.2,0,0,0,415739,0,0,4163.03,152.2,8366.32,7915.94,0,0
01:11:15:02:31:43,48.0077,58.5935,0,0,0,0,3.01315,7915.94,415739,11651.2,0,0,0,415739,0,0,4163.03,152.217,8366.32,7915.94,0,0
01:11:15:02:31:44,47.7216,58.0213,0,0,0,0,3.01315,7915.94,415739,11651.2,0,0,0,415739,0,0,4163.03,152.233,8366.32,7915.94,0,0
01:11:15:02:31:45,47.1494,58.3074,0,0,0,0,3.01315,7915.94,415739,11651.2,0,0,0,415739,0,0,4163.03,152.25,8366.32,7915.94,0,0
01:11:15:02:31:46,46.005,57.4491,0,0,0,0,3.01315,7915.94,415739,11651.2,0,0,0,415739,0,0,4163.03,152.267,8366.32,7915.94,0,0
01:11:15:02:31:47,48.5799,58.5935,0,0,0,0,3.01315,7915.94,415739,11651.2,0,0,0,415739,0,0,4163.03,152.283,8366.32,7915.94,0,0
01:11:15:02:31:48,48.0077,58.0213,0,0,0,0,3.01315,7915.94,415739,11651.2,0,0,0,415739,0,0,4163.03,152.3,8366.32,7915.94,0,0
01:11:15:02:31:49,46.8633,58.0213,0,0,0,0,3.01315,7915.94,415739,11651.2,0,0,0,415739,0,0,4163.03,152.317,8366.32,7915.94,0,0
01:11:15:02:31:50,47.7216,58.8796,0,0.00400543,0,0,3.01315,7915.94,415739,11651.2,0,0,0,415739,0,0,4163.03,152.333,8366.32,7915.94,0,0
01:11:15:02:31:51,46.5772,57.4491,0,0,0,0,3.01315,7915.94,415739,11651.2,0,0,0,415739,0,0,4163.03,152.35,8366.32,7915.94,0,0
01:11:15:02:31:52,47.1494,57.7352,0,0,0,0,3.01315,7915.94,415739,11651.2,0,0,0,415739,0,0,4163.03,152.367,8366.32,7915.94,0,0
01:11:15:02:31:53,46.8633,57.163,0,0,0,0,3.01315,7915.94,415739,11651.2,0,0,0,415739,0,0,4163.03,152.383,8366.32,7915.94,0,0
01:11:15:02:31:54,46.8633,57.4491,0,0,0,0,3.01315,7915.94,415739,11651.2,0,0,0,415739,0,0,4163.03,152.4,8366.32,7915.94,0,0
01:11:15:02:31:55,47.4355,57.4491,0,0,0,0,3.01315,7915.94,415739,11651.2,0,0,0,415739,0,0,4163.03,152.417,8366.32,7915.94,0,0
01:11:15:02:31:56,46.5772,57.4491,0,0,0,0,3.01315,7915.94,415739,11651.2,0,0,0,415739,0,0,4163.03,152.433,8366.32,7915.94,0,0
01:11:15:02:31:57,48.2938,58.3074,0,0,0,0,3.01315,7915.94,415739,11651.2,0,0,0,415739,0,0,4163.03,152.45,8366.32,7915.94,0,0
01:11:15:02:31:58,46.8633,57.4491,0,0,0,0,3.01315,7915.94,415739,11651.2,0,0,0,415739,0,0,4163.03,152.467,8366.32,7915.94,0,0
01:11:15:02:31:59,46.8633,57.7352,0,0,0,0,3.01315,7915.94,415739,11651.2,0,0,0,415739,0,0,4163.03,152.483,8366.32,7915.94,0,0
01:11:15:02:32:00,47.1494,58.0213,0,0,0,0,3.01315,7915.94,415739,11651.2,0,0,0,415739,0,0,4163.03,152.5,8366.32,7915.94,0,0
01:11:15:02:32:01,221.671,218.238,0,0,0,0,3.01315,7915.94,415739,11651.2,0,0,0,415739,0,0,4163.03,152.517,8366.32,7915.94,0,0
01:11:15:02:32:02,781.571,771.558,0,0,0,0,3.01315,7915.94,415739,11651.2,0,0,0,415739,0,0,4163.03,152.533,8366.32,7915.94,0,0
01:11:15:02:32:03,1444.18,1431.88,0,0,0,0,3.01315,7915.94,415739,11651.2,0,0,0,415739,0,0,4163.03,152.55,8366.32,7915.94,0,0
01:11:15:02:32:04,2034.69,2021.25,1.07123,0.292402,0,0,3.01315,7915.94,415739,11651.2,0,0,0,415739,0,0,4163.03,152.567,8366.32,7915.94,0,0
01:11:15:02:32:05,2527.07,2550.25,1.38743,0.498016,1.07123,0,3.01315,7915.94,415739,11651.2,0,0,0,415739,0,0,4163.03,152.583,8366.32,7915.94,0,0
01:11:15:02:32:06,2627.5,2622.92,1.37561,0.647554,1.38743,0,3.01315,7915.94,415739,11651.2,0,0,0,415739,0,0,4163.03,152.6,8366.32,7915.94,0,0
01:11:15:02:32:07,2624.35,2619.49,1.15924,0.699625,1.37561,0,3.01315,7915.94,415739,11651.2,0,0,0,415739,0,0,4163.03,152.617,8366.32,7915.94,0,0
01:11:15:02:32:08,2624.35,2627.21,0.767824,0.564774,1.15924,0,3.01315,7915.94,415739,11651.2,0,0,0,415739,0,0,4163.03,152.633,8366.32,7915.94,0,0
01:11:15:02:32:09,2663.55,2689.58,0.140935,0.490006,0.767824,0,3.01315,7915.94,415739,11651.2,0,0,0,415739,0,0,4163.03,152.65,8366.32,7915.94,0,0
01:11:15:02:32:10,3105.57,3094.13,0.0698685,0.360493,0.140935,0,3.01315,7915.94,415739,11651.2,0,0,0,415739,0,0,4163.03,152.667,8366.32,7915.94,0,0
01:11:15:02:32:11,3135.04,3128.46,0.111136,0.353819,0.0698685,0,3.01315,7915.94,415739,11651.2,0,0,0,415739,0,0,4163.03,152.683,8366.32,7915.94,0,0
01:11:15:02:32:12,3133.04,3125.88,0.594671,0.407225,0.111136,0,3.01315,7915.94,415739,11651.2,0,0,0,415739,0,0,4163.03,152.7,8366.32,7915.94,0,0
01:11:15:02:32:13,3132.18,3124.74,0.594671,0.336462,0.594671,0,3.01315,7915.94,415739,11651.2,0,0,0,415739,0,0,4163.03,152.717,8366.32,7915.94,0,0
01:11:15:02:32:14,3311.28,3294.4,0.063729,0.28973,0.594671,0,3.01315,7915.94,415739,11651.2,0,0,0,415739,0,0,4163.03,152.733,8366.32,7915.94,0,0
01:11:15:02:32:15,3564.76,3553.03,0.063729,0.21229,0.063729,0,3.01315,7915.94,415739,11651.2,0,0,0,415739,0,0,4163.03,152.75,8366.32,7915.94,0,0
01:11:15:02:32:16,3569.34,3558.76,0.0920275,0.237658,0.063729,0,3.01315,7915.94,415739,11651.2,0,0,0,415739,0,0,4163.03,152.767,8366.32,7915.94,0,0
01:11:15:02:32:17,3565.91,3556.47,0.0920275,0.273708,0.0920275,0,3.01315,7915.94,415739,11651.2,0,0,0,415739,0,0,4163.03,152.783,8366.32,7915.94,0,0
01:11:15:02:32:18,3564.48,3554.75,0.755757,0.238995,0.0920275,0,3.01315,7915.94,415739,11651.2,0,0,0,415739,0,0,4163.03,152.8,8366.32,7915.94,0,0
01:11:15:02:32:19,3561.9,3552.75,0.202894,0.172235,0.755757,0,3.01315,7915.94,415739,11651.2,0,0,0,415739,0,0,4163.03,152.817,8366.32,7915.94,0,0
01:11:15:02:32:20,3560.76,3551.03,0.052899,0.172235,0.202894,0,3.01315,7915.94,415739,11651.2,0,0,0,415739,0,0,4163.03,152.833,8366.32,7915.94,0,0
01:11:15:02:32:21,3558.76,3548.74,0,0.141527,0.052899,0,3.01315,7915.94,415739,11651.2,0,0,0,415739,0,0,4163.03,152.85,8366.32,7915.94,0,0
01:11:15:02:32:22,3557.04,3547.31,0,0.0774403,0,0,3.01315,7915.94,415739,11651.2,0,0,0,415739,0,0,4163.03,152.867,8366.32,7915.94,0,0
01:11:15:02:32:23,3555.61,3545.31,0,0.0774403,0,0,3.01315,7915.94,415739,11651.2,0,0,0,415739,0,0,4163.03,152.883,8366.32,7915.94,0,0
01:11:15:02:32:24,3553.89,3543.31,0,0.0774403,0,0,3.01315,7915.94,415739,11651.2,0,0,0,415739,0,0,4163.03,152.9,8366.32,7915.94,0,0
01:11:15:02:32:25,3551.6,3541.88,0,0.0427246,0,0,3.01315,7915.94,415739,11651.2,0,0,0,415739,0,0,4163.03,152.917,8366.32,7915.94,0,0
01:11:15:02:32:26,3550.46,3540.45,0,0.04673,0,0,3.01315,7915.94,415739,11651.2,0,0,0,415739,0,0,4163.03,152.933,8366.32,7915.94,0,0
01:11:15:02:32:27,3548.74,3539.01,0,0.028038,0,0,3.01315,7915.94,415739,11651.2,0,0,0,415739,0,0,4163.03,152.95,8366.32,7915.94,0,0
01:11:15:02:32:28,3547.03,3537.01,0,0.028038,0,0,3.01315,7915.94,415739,11651.2,0,0,0,415739,0,0,4163.03,152.967,8366.32,7915.94,0,0
01:11:15:02:32:29,3545.02,3535.3,0,0.0413895,0,0,3.01315,7915.94,415739,11651.2,0,0,0,415739,0,0,4163.03,152.983,8366.32,7915.94,0,0
01:11:15:02:32:30,3543.59,3533.58,0,0.0120163,0,0,3.01315,7915.94,415739,11651.2,0,0,0,415739,0,0,4163.03,153,8366.32,7915.94,0,0
01:11:15:02:32:31,3542.45,3532.72,0,0.037384,0,0,3.01315,7915.94,415739,11651.2,0,0,0,415739,0,0,4163.03,153.017,8366.32,7915.94,0,0
01:11:15:02:32:32,3540.45,3531,0,0.0267029,0,0,3.01315,7915.94,415739,11651.2,0,0,0,415739,0,0,4163.03,153.033,8366.32,7915.94,0,0
01:11:15:02:32:33,3539.01,3529.57,0,0.00534058,0,0,3.01315,7915.94,415739,11651.2,0,0,0,415739,0,0,4163.03,153.05,8366.32,7915.94,0,0
01:11:15:02:32:34,3537.87,3527.86,0,0,0,0,3.01315,7915.94,415739,11651.2,0,0,0,415739,0,0,4163.03,153.067,8366.32,7915.94,0,0
01:11:15:02:32:35,3536.44,3526.43,0,0,0,0,3.01315,7915.94,415739,11651.2,0,0,0,415739,0,0,4163.03,153.083,8366.32,7915.94,0,0
01:11:15:02:32:36,3535.01,3525.28,0,0.0200272,0,0,3.01315,7915.94,415739,11651.2,0,0,0,415739,0,0,4163.03,153.1,8366.32,7915.94,0,0
01:11:15:02:32:37,3533.86,3524.14,0,0,0,0,3.01315,7915.94,415739,11651.2,0,0,0,415739,0,0,4163.03,153.117,8366.32,7915.94,0,0
01:11:15:02:32:38,3531.58,3522.42,0,0,0,0,3.01315,7915.94,415739,11651.2,0,0,0,415739,0,0,4163.03,153.133,8366.32,7915.94,0,0
01:11:15:02:32:39,3530.72,3520.99,0,0,0,0,3.01315,7915.94,415739,11651.2,0,0,0,415739,0,0,4163.03,153.15,8366.32,7915.94,0,0
01:11:15:02:32:40,3529,3519.85,0,0,0,0,3.01315,7915.94,415739,11651.2,0,0,0,415739,0,0,4163.03,153.167,8366.32,7915.94,0,0
01:11:15:02:32:41,3527.57,3518.42,0,0,0,0,3.01315,7915.94,415739,11651.2,0,0,0,415739,0,0,4163.03,153.183,8366.32,7915.94,0,0
01:11:15:02:32:42,3526.43,3516.98,0,0,0,0,3.01315,7915.94,415739,11651.2,0,0,0,415739,0,0,4163.03,153.2,8366.32,7915.94,0,0
01:11:15:02:32:43,3525.28,3515.84,0,0,0,0,3.01315,7915.94,415739,11651.2,0,0,0,415739,0,0,4163.03,153.217,8366.32,7915.94,0,0
01:11:15:02:32:44,3523.85,3514.7,0,0,0,0,3.01315,7915.94,415739,11651.2,0,0,0,415739,0,0,4163.03,153.233,8366.32,7915.94,0,0
01:11:15:02:32:45,3523.28,3512.98,0,0.00534058,0,0,3.01315,7915.94,415739,11651.2,0,0,0,415739,0,0,4163.03,153.25,8366.32,7915.94,0,0
01:11:15:02:32:46,3521.56,3512.41,0,0,0,0,3.01315,7915.94,415739,11651.2,0,0,0,415739,0,0,4163.03,153.267,8366.32,7915.94,0,0
01:11:15:02:32:47,3519.85,3510.98,0,0,0,0,3.01315,7915.94,415739,11651.2,0,0,0,415739,0,0,4163.03,153.283,8366.32,7915.94,0,0
01:11:15:02:32:48,3518.99,3509.26,0,0,0,0,3.01315,7915.94,415739,11651.2,0,0,0,415739,0,0,4163.03,153.3,8366.32,7915.94,0,0
01:11:15:02:32:49,3517.84,3507.83,0,0,0,0,3.01315,7915.94,415739,11651.2,0,0,0,415739,0,0,4163.03,153.317,8366.32,7915.94,0,0
01:11:15:02:32:50,3515.84,3506.69,0,0,0,0,3.01315,7915.94,415739,11651.2,0,0,0,415739,0,0,4163.03,153.333,8366.32,7915.94,0,0
01:11:15:02:32:51,3515.27,3505.54,0,0,0,0,3.01315,7915.94,415739,11651.2,0,0,0,415739,0,0,4163.03,153.35,8366.32,7915.94,0,0
01:11:15:02:32:52,3514.12,3504.4,0,0,0,0,3.01315,7915.94,415739,11651.2,0,0,0,415739,0,0,4163.03,153.367,8366.32,7915.94,0,0
01:11:15:02:32:53,3512.41,3502.68,0,0,0,0,3.01315,7915.94,415739,11651.2,0,0,0,415739,0,0,4163.03,153.383,8366.32,7915.94,0,0
01:11:15:02:32:54,3511.84,3501.82,0,0,0,0,3.01315,7915.94,415739,11651.2,0,0,0,415739,0,0,4163.03,153.4,8366.32,7915.94,0,0
01:11:15:02:32:55,3510.12,3501.25,0,0,0,0,3.01315,7915.94,415739,11651.2,0,0,0,415739,0,0,4163.03,153.417,8366.32,7915.94,0,0
01:11:15:02:32:56,3508.69,3499.53,0,0.0106792,0,0,3.01315,7915.94,415739,11651.2,0,0,0,415739,0,0,4163.03,153.433,8366.32,7915.94,0,0
01:11:15:02:32:57,3508.12,3498.39,0,0,0,0,3.01315,7915.94,415739,11651.2,0,0,0,415739,0,0,4163.03,153.45,8366.32,7915.94,0,0
01:11:15:02:32:58,3506.97,3497.53,0,0,0,0,3.01315,7915.94,415739,11651.2,0,0,0,415739,0,0,4163.03,153.467,8366.32,7915.94,0,0
01:11:15:02:32:59,3505.83,3495.81,0,0,0,0,3.01315,7915.94,415739,11651.2,0,0,0,415739,0,0,4163.03,153.483,8366.32,7915.94,0,0
01:11:15:02:33:00,3504.4,3495.81,0,0,0,0,3.01315,7915.94,415739,11651.2,0,0,0,415739,0,0,4163.03,153.5,8366.32,7915.94,0,0
01:11:15:02:33:01,3502.97,3494.1,0,0,0,0,3.01315,7915.94,415739,11651.2,0,0,0,415739,0,0,4163.03,153.517,8366.32,7915.94,0,0
01:11:15:02:33:02,3501.82,3492.95,0,0,0,0,3.01315,7915.94,415739,11651.2,0,0,0,415739,0,0,4163.03,153.533,8366.32,7915.94,0,0
01:11:15:02:33:03,3501.54,3491.81,0,0,0,0,3.01315,7915.94,415739,11651.2,0,0,0,415739,0,0,4163.03,153.55,8366.32,7915.94,0,0
01:11:15:02:33:04,3499.82,3490.95,0,0.00133514,0,0,3.01315,7915.94,415739,11651.2,0,0,0,415739,0,0,4163.03,153.567,8366.32,7915.94,0,0
01:11:15:02:33:05,3498.67,3490.09,0,0,0,0,3.01315,7915.94,415739,11651.2,0,0,0,415739,0,0,4163.03,153.583,8366.32,7915.94,0,0
01:11:15:02:33:06,3497.53,3488.66,0,0,0,0,3.01315,7915.94,415739,11651.2,0,0,0,415739,0,0,4163.03,153.6,8366.32,7915.94,0,0
01:11:15:02:33:07,3496.67,3487.52,0,0,0,0,3.01315,7915.94,415739,11651.2,0,0,0,415739,0,0,4163.03,153.617,8366.32,7915.94,0,0
01:11:15:02:33:08,3495.81,3486.09,0,0,0,0,3.01315,7915.94,415739,11651.2,0,0,0,415739,0,0,4163.03,153.633,8366.32,7915.94,0,0
01:11:15:02:33:09,3494.67,3485.51,0,0,0,0,3.01315,7915.94,415739,11651.2,0,0,0,415739,0,0,4163.03,153.65,8366.32,7915.94,0,0
01:11:15:02:33:10,3492.95,3484.66,0,0,0,0,3.01315,7915.94,415739,11651.2,0,0,0,415739,0,0,4163.03,153.667,8366.32,7915.94,0,0
01:11:15:02:33:11,3492.38,3483.8,0,0,0,0,3.01315,7915.94,415739,11651.2,0,0,0,415739,0,0,4163.03,153.683,8366.32,7915.94,0,0
01:11:15:02:33:12,3490.38,3482.94,0,0,0,0,3.01315,7915.94,415739,11651.2,0,0,0,415739,0,0,4163.03,153.7,8366.32,7915.94,0,0
01:11:15:02:33:13,3490.38,3481.22,0,0,0,0,3.01315,7915.94,415739,11651.2,0,0,0,415739,0,0,4163.03,153.717,8366.32,7915.94,0,0
01:11:15:02:33:14,3489.23,3480.65,0,0,0,0,3.01315,7915.94,415739,11651.2,0,0,0,415739,0,0,4163.03,153.733,8366.32,7915.94,0,0
01:11:15:02:33:15,3487.8,3479.79,0,0,0,0,3.01315,7915.94,415739,11651.2,0,0,0,415739,0,0,4163.03,153.75,8366.32,7915.94,0,0
01:11:15:02:33:16,3486.94,3478.08,0,0,0,0,3.01315,7915.94,415739,11651.2,0,0,0,415739,0,0,4163.03,153.767,8366.32,7915.94,0,0
01:11:15:02:33:17,3486.37,3477.22,0,0,0,0,3.01315,7915.94,415739,11651.2,0,0,0,415739,0,0,4163.03,153.783,8366.32,7915.94,0,0
01:11:15:02:33:18,3485.23,3476.36,0,0,0,0,3.01315,7915.94,415739,11651.2,0,0,0,415739,0,0,4163.03,153.8,8366.32,7915.94,0,0
01:11:15:02:33:19,3484.08,3475.5,0,0,0,0,3.01315,7915.94,415739,11651.2,0,0,0,415739,0,0,4163.03,153.817,8366.32,7915.94,0,0
01:11:15:02:33:20,3483.8,3474.64,0,0.00133514,0,0,3.01315,7915.94,415739,11651.2,0,0,0,415739,0,0,4163.03,153.833,8366.32,7915.94,0,0
01:11:15:02:33:21,3482.08,3472.93,0,0,0,0,3.01315,7915.94,415739,11651.2,0,0,0,415739,0,0,4163.03,153.85,8366.32,7915.94,0,0
01:11:15:02:33:22,3481.22,3472.35,0,0,0,0,3.01315,7915.94,415739,11651.2,0,0,0,415739,0,0,4163.03,153.867,8366.32,7915.94,0,0
01:11:15:02:33:23,3480.08,3471.78,0,0,0,0,3.01315,7915.94,415739,11651.2,0,0,0,415739,0,0,4163.03,153.883,8366.32,7915.94,0,0
01:11:15:02:33:24,3479.51,3470.92,0,0.0200272,0,0,3.01315,7915.94,415739,11651.2,0,0,0,415739,0,0,4163.03,153.9,8366.32,7915.94,0,0
01:11:15:02:33:25,3478.36,3469.49,0,0,0,0,3.01315,7915.94,415739,11651.2,0,0,0,415739,0,0,4163.03,153.917,8366.32,7915.94,0,0
01:11:15:02:33:26,3476.93,3468.35,0,0.0120163,0,0,3.01315,7915.94,415739,11651.2,0,0,0,415739,0,0,4163.03,153.933,8366.32,7915.94,0,0
01:11:15:02:33:27,3476.07,3467.78,0,0.0226975,0,0,3.01315,7915.94,415739,11651.2,0,0,0,415739,0,0,4163.03,153.95,8366.32,7915.94,0,0
01:11:15:02:33:28,3474.64,3466.63,0,0.0333786,0,0,3.01315,7915.94,415739,11651.2,0,0,0,415739,0,0,4163.03,153.967,8366.32,7915.94,0,0
01:11:15:02:33:29,3474.36,3466.06,0,0,0,0,3.01315,7915.94,415739,11651.2,0,0,0,415739,0,0,4163.03,153.983,8366.32,7915.94,0,0
01:11:15:02:33:30,3472.93,3465.49,0,0.0213623,0,0,3.01315,7915.94,415739,11651.2,0,0,0,415739,0,0,4163.03,154,8366.32,7915.94,0,0
01:11:15:02:33:31,3472.07,3463.77,0,0,0,0,3.01315,7915.94,415739,11651.2,0,0,0,415739,0,0,4163.03,154.017,8366.32,7915.94,0,0
01:11:15:02:33:32,3471.21,3462.34,0,0.00133514,0,0,3.01315,7915.94,415739,11651.2,0,0,0,415739,0,0,4163.03,154.033,8366.32,7915.94,0,0
01:11:15:02:33:33,3470.92,3462.34,0,0,0,0,3.01315,7915.94,415739,11651.2,0,0,0,415739,0,0,4163.03,154.05,8366.32,7915.94,0,0
01:11:15:02:33:34,3469.21,3461.48,0,0,0,0,3.01315,7915.94,415739,11651.2,0,0,0,415739,0,0,4163.03,154.067,8366.32,7915.94,0,0
01:11:15:02:33:35,3468.63,3460.05,0,0,0,0,3.01315,7915.94,415739,11651.2,0,0,0,415739,0,0,4163.03,154.083,8366.32,7915.94,0,0
01:11:15:02:33:36,3467.78,3458.91,0,0.0307083,0,0,3.01315,7915.94,415739,11651.2,0,0,0,415739,0,0,4163.03,154.1,8366.32,7915.94,0,0
01:11:15:02:33:37,3466.63,3458.33,0,0,0,0,3.01315,7915.94,415739,11651.2,0,0,0,415739,0,0,4163.03,154.117,8366.32,7915.94,0,0
01:11:15:02:33:38,3465.49,3457.48,0,0,0,0,3.01315,7915.94,415739,11651.2,0,0,0,415739,0,0,4163.03,154.133,8366.32,7915.94,0,0
01:11:15:02:33:39,3465.49,3456.05,0,0,0,0,3.01315,7915.94,415739,11651.2,0,0,0,415739,0,0,4163.03,154.15,8366.32,7915.94,0,0
01:11:15:02:33:40,3464.06,3455.47,0,0,0,0,3.01315,7915.94,415739,11651.2,0,0,0,415739,0,0,4163.03,154.167,8366.32,7915.94,0,0
01:11:15:02:33:41,3462.91,3455.76,0,0.0320435,0,0,3.01315,7915.94,415739,11651.2,0,0,0,415739,0,0,4163.03,154.183,8366.32,7915.94,0,0
01:11:15:02:33:42,3462.63,3454.04,0,0.00934601,0,0,3.01315,7915.94,415739,11651.2,0,0,0,415739,0,0,4163.03,154.2,8366.32,7915.94,0,0
01:11:15:02:33:43,3461.48,3453.47,0,0.00667572,0,0,3.01315,7915.94,415739,11651.2,0,0,0,415739,0,0,4163.03,154.217,8366.32,7915.94,0,0
01:11:15:02:33:44,3460.62,3452.04,0,0.0173569,0,0,3.01315,7915.94,415739,11651.2,0,0,0,415739,0,0,4163.03,154.233,8366.32,7915.94,0,0
01:11:15:02:33:45,3459.76,3451.18,0,0.0320435,0,0,3.01315,7915.94,415739,11651.2,0,0,0,415739,0,0,4163.03,154.25,8366.32,7915.94,0,0
01:11:15:02:33:46,3458.91,3450.61,0,0.0106792,0,0,3.01315,7915.94,415739,11651.2,0,0,0,415739,0,0,4163.03,154.267,8366.32,7915.94,0,0
01:11:15:02:33:47,3458.33,3449.75,0,0.0133514,0,0,3.01315,7915.94,415739,11651.2,0,0,0,415739,0,0,4163.03,154.283,8366.32,7915.94,0,0
01:11:15:02:33:48,3456.9,3448.89,0,0,0,0,3.01315,7915.94,415739,11651.2,0,0,0,415739,0,0,4163.03,154.3,8366.32,7915.94,0,0
01:11:15:02:33:49,3456.9,3448.03,0,0,0,0,3.01315,7915.94,415739,11651.2,0,0,0,415739,0,0,4163.03,154.317,8366.32,7915.94,0,0
01:11:15:02:33:50,3455.76,3447.18,0,0.0106792,0,0,3.01315,7915.94,415739,11651.2,0,0,0,415739,0,0,4163.03,154.333,8366.32,7915.94,0,0
01:11:15:02:33:51,3454.61,3446.32,0,0,0,0,3.01315,7915.94,415739,11651.2,0,0,0,415739,0,0,4163.03,154.35,8366.32,7915.94,0,0
01:11:15:02:33:52,3454.04,3445.75,0,0,0,0,3.01315,7915.94,415739,11651.2,0,0,0,415739,0,0,4163.03,154.367,8366.32,7915.94,0,0
01:11:15:02:33:53,3453.47,3445.17,0,0,0,0,3.01315,7915.94,415739,11651.2,0,0,0,415739,0,0,4163.03,154.383,8366.32,7915.94,0,0
01:11:15:02:33:54,3452.61,3444.03,0,0,0,0,3.01315,7915.94,415739,11651.2,0,0,0,415739,0,0,4163.03,154.4,8366.32,7915.94,0,0
01:11:15:02:33:55,3450.9,3443.46,0,0,0,0,3.01315,7915.94,415739,11651.2,0,0,0,415739,0,0,4163.03,154.417,8366.32,7915.94,0,0
01:11:15:02:33:56,3450.61,3442.31,0,0,0,0,3.01315,7915.94,415739,11651.2,0,0,0,415739,0,0,4163.03,154.433,8366.32,7915.94,0,0
01:11:15:02:33:57,3450.04,3441.74,0,0,0,0,3.01315,7915.94,415739,11651.2,0,0,0,415739,0,0,4163.03,154.45,8366.32,7915.94,0,0
01:11:15:02:33:58,3448.89,3440.88,0,0,0,0,3.01315,7915.94,415739,11651.2,0,0,0,415739,0,0,4163.03,154.467,8366.32,7915.94,0,0
01:11:15:02:33:59,3448.03,3440.02,0,0,0,0,3.01315,7915.94,415739,11651.2,0,0,0,415739,0,0,4163.03,154.483,8366.32,7915.94,0,0
01:11:15:02:34:00,3447.46,3439.45,0,0,0,0,3.01315,7915.94,415739,11651.2,0,0,0,415739,0,0,4163.03,154.5,8366.32,7915.94,0,0
01:11:15:02:34:01,3447.18,3437.73,0,0,0,0,3.01315,7915.94,415739,11651.2,0,0,0,415739,0,0,4163.03,154.517,8366.32,7915.94,0,0
01:11:15:02:34:02,3445.75,3437.16,0,0,0,0,3.01315,7915.94,415739,11651.2,0,0,0,415739,0,0,4163.03,154.533,8366.32,7915.94,0,0
01:11:15:02:34:03,3400.83,3383.95,0,0,0,0,3.01315,7915.94,415739,11651.2,0,0,0,415739,0,0,4163.03,154.55,8366.32,7915.94,0,0
01:11:15:02:34:04,3203.13,3175.95,0,0,0,0,3.01315,7915.94,415739,11651.2,0,0,0,415739,0,0,4163.03,154.567,8366.32,7915.94,0,0
01:11:15:02:34:05,3060.65,3052.93,0,0,0,0,3.01315,7915.94,415739,11651.2,0,0,0,415739,0,0,4163.03,154.583,8366.32,7915.94,0,0
01:11:15:02:34:06,3060.94,3052.64,0,0,0,0,3.01315,7915.94,415739,11651.2,0,0,0,415739,0,0,4163.03,154.6,8366.32,7915.94,0,0
01:11:15:02:34:07,3060.08,3051.78,0,0,0,0,3.01315,7915.94,415739,11651.2,0,0,0,415739,0,0,4163.03,154.617,8366.32,7915.94,0,0
01:11:15:02:34:08,3045.78,3038.34,0,0,0,0,3.01315,7915.94,415739,11651.2,0,0,0,415739,0,0,4163.03,154.633,8366.32,7915.94,0,0
01:11:15:02:34:09,3029.75,3021.46,0,0,0,0,3.01315,7915.94,415739,11651.2,0,0,0,415739,0,0,4163.03,154.65,8366.32,7915.94,0,0
01:11:15:02:34:10,3059.22,3049.78,0,0,0,0,3.01315,7915.94,415739,11651.2,0,0,0,415739,0,0,4163.03,154.667,8366.32,7915.94,0,0
01:11:15:02:34:11,3063.23,3054.65,0,0,0,0,3.01315,7915.94,415739,11651.2,0,0,0,415739,0,0,4163.03,154.683,8366.32,7915.94,0,0
01:11:15:02:34:12,3062.66,3054.93,0,0,0,0,3.01315,7915.94,415739,11651.2,0,0,0,415739,0,0,4163.03,154.7,8366.32,7915.94,0,0
01:11:15:02:34:13,3068.66,3060.37,0,0.0120163,0,0,3.01315,7915.94,415739,11651.2,0,0,0,415739,0,0,4163.03,154.717,8366.32,7915.94,0,0
01:11:15:02:34:14,3078.96,3071.53,0,0,0,0,3.01315,7915.94,415739,11651.2,0,0,0,415739,0,0,4163.03,154.733,8366.32,7915.94,0,0
01:11:15:02:34:15,3068.09,3060.65,0,0,0,0,3.01315,7915.94,415739,11651.2,0,0,0,415739,0,0,4163.03,154.75,8366.32,7915.94,0,0
01:11:15:02:34:16,3058.36,3050.07,0,0,0,0,3.01315,7915.94,415739,11651.2,0,0,0,415739,0,0,4163.03,154.767,8366.32,7915.94,0,0
01:11:15:02:34:17,3060.65,3051.78,0,0,0,0,3.01315,7915.94,415739,11651.2,0,0,0,415739,0,0,4163.03,154.783,8366.32,7915.94,0,0
01:11:15:02:34:18,3059.22,3050.35,0,0,0,0,3.01315,7915.94,415739,11651.2,0,0,0,415739,0,0,4163.03,154.8,8366.32,7915.94,0,0
01:11:15:02:34:19,3052.36,3044.06,0,0,0,0,3.01315,7915.94,415739,11651.2,0,0,0,415739,0,0,4163.03,154.817,8366.32,7915.94,0,0
01:11:15:02:34:20,3055.79,3048.35,0,0,0,0,3.01315,7915.94,415739,11651.2,0,0,0,415739,0,0,4163.03,154.833,8366.32,7915.94,0,0
01:11:15:02:34:21,3067.23,3058.65,0,0,0,0,3.01315,7915.94,415739,11651.2,0,0,0,415739,0,0,4163.03,154.85,8366.32,7915.94,0,0
01:11:15:02:34:22,3065.23,3056.93,0,0,0,0,3.01315,7915.94,415739,11651.2,0,0,0,415739,0,0,4163.03,154.867,8366.32,7915.94,0,0
01:11:15:02:34:23,3065.52,3057.51,0,0,0,0,3.01315,7915.94,415739,11651.2,0,0,0,415739,0,0,4163.03,154.883,8366.32,7915.94,0,0
01:11:15:02:34:24,3069.81,3061.51,0,0,0,0,3.01315,7915.94,415739,11651.2,0,0,0,415739,0,0,4163.03,154.9,8366.32,7915.94,0,0
01:11:15:02:34:25,3070.09,3061.23,0,0,0,0,3.01315,7915.94,415739,11651.2,0,0,0,415739,0,0,4163.03,154.917,8366.32,7915.94,0,0
01:11:15:02:34:26,3061.51,3053.79,0,0,0,0,3.01315,7915.94,415739,11651.2,0,0,0,415739,0,0,4163.03,154.933,8366.32,7915.94,0,0
01:11:15:02:34:27,3062.94,3054.65,0,0,0,0,3.01315,7915.94,415739,11651.2,0,0,0,415739,0,0,4163.03,154.95,8366.32,7915.94,0,0
01:11:15:02:34:28,3063.23,3055.5,0,0,0,0,3.01315,7915.94,415739,11651.2,0,0,0,415739,0,0,4163.03,154.967,8366.32,7915.94,0,0
01:11:15:02:34:29,3061.8,3053.5,0,0,0,0,3.01315,7915.94,415739,11651.2,0,0,0,415739,0,0,4163.03,154.983,8366.32,7915.94,0,0
01:11:15:02:34:30,3060.94,3052.93,0,0,0,0,3.01315,7915.94,415739,11651.2,0,0,0,415739,0,0,4163.03,155,8366.32,7915.94,0,0
01:11:15:02:34:31,3066.38,3058.36,0,0,0,0,3.01315,7915.94,415739,11651.2,0,0,0,415739,0,0,4163.03,155.017,8366.32,7915.94,0,0
01:11:15:02:34:32,3067.23,3059.22,0,0,0,0,3.01315,7915.94,415739,11651.2,0,0,0,415739,0,0,4163.03,155.033,8366.32,7915.94,0,0
01:11:15:02:34:33,3066.66,3058.65,0,0,0,0,3.01315,7915.94,415739,11651.2,0,0,0,415739,0,0,4163.03,155.05,8366.32,7915.94,0,0
01:11:15:02:34:34,3068.66,3059.8,0,0,0,0,3.01315,7915.94,415739,11651.2,0,0,0,415739,0,0,4163.03,155.067,8366.32,7915.94,0,0
01:11:15:02:34:35,3068.66,3060.94,0,0,0,0,3.01315,7915.94,415739,11651.2,0,0,0,415739,0,0,4163.03,155.083,8366.32,7915.94,0,0
01:11:15:02:34:36,3066.66,3058.36,0,0,0,0,3.01315,7915.94,415739,11651.2,0,0,0,415739,0,0,4163.03,155.1,8366.32,7915.94,0,0
01:11:15:02:34:37,3065.23,3057.22,0,0,0,0,3.01315,7915.94,415739,11651.2,0,0,0,415739,0,0,4163.03,155.117,8366.32,7915.94,0,0
01:11:15:02:34:38,3066.09,3058.08,0,0,0,0,3.01315,7915.94,415739,11651.2,0,0,0,415739,0,0,4163.03,155.133,8366.32,7915.94,0,0
01:11:15:02:34:39,3066.66,3058.08,0,0,0,0,3.01315,7915.94,415739,11651.2,0,0,0,415739,0,0,4163.03,155.15,8366.32,7915.94,0,0
01:11:15:02:34:40,3065.8,3057.79,0,0,0,0,3.01315,7915.94,415739,11651.2,0,0,0,415739,0,0,4163.03,155.167,8366.32,7915.94,0,0
01:11:15:02:34:41,3067.52,3059.51,0,0,0,0,3.01315,7915.94,415739,11651.2,0,0,0,415739,0,0,4163.03,155.183,8366.32,7915.94,0,0
01:11:15:02:34:42,3069.24,3060.94,0,0,0,0,3.01315,7915.94,415739,11651.2,0,0,0,415739,0,0,4163.03,155.2,8366.32,7915.94,0,0
01:11:15:02:34:43,3068.66,3060.37,0,0,0,0,3.01315,7915.94,415739,11651.2,0,0,0,415739,0,0,4163.03,155.217,8366.32,7915.94,0,0
01:11:15:02:34:44,3068.66,3061.23,0,0,0,0,3.01315,7915.94,415739,11651.2,0,0,0,415739,0,0,4163.03,155.233,8366.32,7915.94,0,0
01:11:15:02:34:45,3069.81,3061.51,0,0,0,0,3.01315,7915.94,415739,11651.2,0,0,0,415739,0,0,4163.03,155.25,8366.32,7915.94,0,0
01:11:15:02:34:46,3068.38,3061.51,0,0,0,0,3.01315,7915.94,415739,11651.2,0,0,0,415739,0,0,4163.03,155.267,8366.32,7915.94,0,0
01:11:15:02:34:47,3068.09,3060.65,0,0.00133514,0,0,3.01315,7915.94,415739,11651.2,0,0,0,415739,0,0,4163.03,155.283,8366.32,7915.94,0,0
01:11:15:02:34:48,3069.24,3060.94,0,0.00534058,0,0,3.01315,7915.94,415739,11651.2,0,0,0,415739,0,0,4163.03,155.3,8366.32,7915.94,0,0
01:11:15:02:34:49,3068.95,3060.65,0,0,0,0,3.01315,7915.94,415739,11651.2,0,0,0,415739,0,0,4163.03,155.317,8366.32,7915.94,0,0
01:11:15:02:34:50,3068.95,3061.51,0,0.0347137,0,0,3.01315,7915.94,415739,11651.2,0,0,0,415739,0,0,4163.03,155.333,8366.32,7915.94,0,0
01:11:15:02:34:51,3070.09,3061.51,0,0.0413895,0,0,3.01315,7915.94,415739,11651.2,0,0,0,415739,0,0,4163.03,155.35,8366.32,7915.94,0,0
01:11:15:02:34:52,3070.38,3062.66,0,0,0,0,3.01315,7915.94,415739,11651.2,0,0,0,415739,0,0,4163.03,155.367,8366.32,7915.94,0,0
01:11:15:02:34:53,3070.67,3062.66,0,0,0,0,3.01315,7915.94,415739,11651.2,0,0,0,415739,0,0,4163.03,155.383,8366.32,7915.94,0,0
01:11:15:02:34:54,3070.67,3062.66,0,0,0,0,3.01315,7915.94,415739,11651.2,0,0,0,415739,0,0,4163.03,155.4,8366.32,7915.94,0,0
01:11:15:02:34:55,3070.38,3062.94,0,0,0,0,3.01315,7915.94,415739,11651.2,0,0,0,415739,0,0,4163.03,155.417,8366.32,7915.94,0,0
01:11:15:02:34:56,3071.24,3063.23,0,0,0,0,3.01315,7915.94,415739,11651.2,0,0,0,415739,0,0,4163.03,155.433,8366.32,7915.94,0,0
01:11:15:02:34:57,3070.95,3062.66,0,0,0,0,3.01315,7915.94,415739,11651.2,0,0,0,415739,0,0,4163.03,155.45,8366.32,7915.94,0,0
01:11:15:02:34:58,3070.95,3063.23,0,0,0,0,3.01315,7915.94,415739,11651.2,0,0,0,415739,0,0,4163.03,155.467,8366.32,7915.94,0,0
01:11:15:02:34:59,3071.24,3063.51,0,0,0,0,3.01315,7915.94,415739,11651.2,0,0,0,415739,0,0,4163.03,155.483,8366.32,7915.94,0,0
01:11:15:02:35:00,3071.53,3064.09,0,0,0,0,3.01315,7915.94,415739,11651.2,0,0,0,415739,0,0,4163.03,155.5,8366.32,7915.94,0,0
01:11:15:02:35:01,3071.53,3063.8,0,0,0,0,3.01315,7915.94,415739,11651.2,0,0,0,415739,0,0,4163.03,155.517,8366.32,7915.94,0,0
01:11:15:02:35:02,3072.1,3064.37,0,0,0,0,3.01315,7915.94,415739,11651.2,0,0,0,415739,0,0,4163.03,155.533,8366.32,7915.94,0,0
01:11:15:02:35:03,3072.67,3064.09,0,0,0,0,3.01315,7915.94,415739,11651.2,0,0,0,415739,0,0,4163.03,155.55,8366.32,7915.94,0,0
01:11:15:02:35:04,3072.96,3064.37,0,0,0,0,3.01315,7915.94,415739,11651.2,0,0,0,415739,0,0,4163.03,155.567,8366.32,7915.94,0,0
01:11:15:02:35:05,3073.24,3064.95,0,0.00133514,0,0,3.01315,7915.94,415739,11651.2,0,0,0,415739,0,0,4163.03,155.583,8366.32,7915.94,0,0
01:11:15:02:35:06,3073.24,3065.23,0,0,0,0,3.01315,7915.94,415739,11651.2,0,0,0,415739,0,0,4163.03,155.6,8366.32,7915.94,0,0
01:11:15:02:35:07,3073.24,3065.52,0,0,0,0,3.01315,7915.94,415739,11651.2,0,0,0,415739,0,0,4163.03,155.617,8366.32,7915.94,0,0
01:11:15:02:35:08,3072.96,3065.8,0,0,0,0,3.01315,7915.94,415739,11651.2,0,0,0,415739,0,0,4163.03,155.633,8366.32,7915.94,0,0
01:11:15:02:35:09,3073.53,3066.09,0,0,0,0,3.01315,7915.94,415739,11651.2,0,0,0,415739,0,0,4163.03,155.65,8366.32,7915.94,0,0
01:11:15:02:35:10,3073.81,3066.09,0,0,0,0,3.01315,7915.94,415739,11651.2,0,0,0,415739,0,0,4163.03,155.667,8366.32,7915.94,0,0
01:11:15:02:35:11,3073.81,3066.09,0,0,0,0,3.01315,7915.94,415739,11651.2,0,0,0,415739,0,0,4163.03,155.683,8366.32,7915.94,0,0
01:11:15:02:35:12,3074.39,3066.95,0,0,0,0,3.01315,7915.94,415739,11651.2,0,0,0,415739,0,0,4163.03,155.7,8366.32,7915.94,0,0
01:11:15:02:35:13,3074.39,3066.66,0,0,0,0,3.01315,7915.94,415739,11651.2,0,0,0,415739,0,0,4163.03,155.717,8366.32,7915.94,0,0
01:11:15:02:35:14,3074.67,3066.09,0,0,0,0,3.01315,7915.94,415739,11651.2,0,0,0,415739,0,0,4163.03,155.733,8366.32,7915.94,0,0
01:11:15:02:35:15,3075.24,3067.23,0,0,0,0,3.01315,7915.94,415739,11651.2,0,0,0,415739,0,0,4163.03,155.75,8366.32,7915.94,0,0
01:11:15:02:35:16,3075.24,3066.95,0,0,0,0,3.01315,7915.94,415739,11651.2,0,0,0,415739,0,0,4163.03,155.767,8366.32,7915.94,0,0
01:11:15:02:35:17,3074.96,3067.23,0,0,0,0,3.01315,7915.94,415739,11651.2,0,0,0,415739,0,0,4163.03,155.783,8366.32,7915.94,0,0
01:11:15:02:35:18,3075.24,3067.23,0,0,0,0,3.01315,7915.94,415739,11651.2,0,0,0,415739,0,0,4163.03,155.8,8366.32,7915.94,0,0
01:11:15:02:35:19,3075.82,3067.81,0,0,0,0,3.01315,7915.94,415739,11651.2,0,0,0,415739,0,0,4163.03,155.817,8366.32,7915.94,0,0
01:11:15:02:35:20,3075.82,3067.81,0,0,0,0,3.01315,7915.94,415739,11651.2,0,0,0,415739,0,0,4163.03,155.833,8366.32,7915.94,0,0
01:11:15:02:35:21,3075.82,3067.81,0,0,0,0,3.01315,7915.94,415739,11651.2,0,0,0,415739,0,0,4163.03,155.85,8366.32,7915.94,0,0
01:11:15:02:35:22,3076.68,3068.09,0,0,0,0,3.01315,7915.94,415739,11651.2,0,0,0,415739,0,0,4163.03,155.867,8366.32,7915.94,0,0
01:11:15:02:35:23,3076.1,3069.24,0,0,0,0,3.01315,7915.94,415739,11651.2,0,0,0,415739,0,0,4163.03,155.883,8366.32,7915.94,0,0
01:11:15:02:35:24,3142.19,3132.18,0,0,0,0,3.01315,7915.94,415739,11651.2,0,0,0,415739,0,0,4163.03,155.9,8366.32,7915.94,0,0
01:11:15:02:35:25,3132.47,3128.17,0,0,0,0,3.01315,7915.94,415739,11651.2,0,0,0,415739,0,0,4163.03,155.917,8366.32,7915.94,0,0
01:11:15:02:35:26,3079.54,3072.1,0.244264,0,0,0,3.01315,7915.94,415739,11651.2,0,0,0,415739,0,0,4163.03,155.933,8366.32,7915.94,0,0
01:11:15:02:35:27,3081.25,3073.81,1.22482,0,0.244264,0,3.01315,7915.94,415739,11651.2,0,0,0,415739,0,0,4163.03,155.95,8366.32,7915.94,0,0
01:11:15:02:35:28,3078.11,3070.95,1.22482,0.00801086,1.22482,0,3.01315,7915.94,415739,11651.2,0,0,0,415739,0,0,4163.03,155.967,8366.32,7915.94,0,0
01:11:15:02:35:29,3013.45,3006.87,2.39658,0,1.22482,0,3.01315,7915.94,415739,11651.2,0,0,0,415739,0,0,4163.03,155.983,8366.32,7915.94,0,0
01:11:15:02:35:30,3009.16,3000.29,2.99633,0,2.39658,0,3.01315,7915.94,415739,11651.2,0,0,0,415739,0,0,4163.03,156,8366.32,7915.94,0,0
01:11:15:02:35:31,3086.97,3078.68,2.88105,0,2.99633,0,3.01315,7915.94,415739,11651.2,0,0,0,415739,0,0,4163.03,156.017,8366.32,7915.94,0,0
01:11:15:02:35:32,3084.11,3076.96,2.83686,0,2.88105,0,3.01315,7915.94,415739,11651.2,0,0,0,415739,0,0,4163.03,156.033,8366.32,7915.94,0,0
01:11:15:02:35:33,3085.54,3077.53,2.82369,0,2.83686,0,3.01315,7915.94,415739,11651.2,0,0,0,415739,0,0,4163.03,156.05,8366.32,7915.94,0,0
01:11:15:02:35:34,3108.43,3098.7,3.5397,0,2.82369,0,3.01315,7915.94,415739,11651.2,0,0,0,415739,0,0,4163.03,156.067,8366.32,7915.94,0,0
01:11:15:02:35:35,3140.19,3133.61,3.86358,0,3.5397,0,3.01315,7915.94,415739,11651.2,0,0,0,415739,0,0,4163.03,156.083,8366.32,7915.94,0,0
01:11:15:02:35:36,3076.1,3067.23,4.00007,0,3.86358,0,3.01315,7915.94,415739,11651.2,0,0,0,415739,0,0,4163.03,156.1,8366.32,7915.94,0,0
01:11:15:02:35:37,3074.1,3067.52,4.21651,0,4.00007,0,3.01315,7915.94,415739,11651.2,0,0,0,415739,0,0,4163.03,156.117,8366.32,7915.94,0,0
01:11:15:02:35:38,3079.54,3068.66,4.32088,0,4.21651,0,3.01315,7915.94,415739,11651.2,0,0,0,415739,0,0,4163.03,156.133,8366.32,7915.94,0,0
01:11:15:02:35:39,3070.09,3059.8,4.42959,0,4.32088,0,3.01315,7916.01,415739,6347.12,0,0,0,415739,0,0,-1141,156.15,8366.39,7916.01,0,0
01:11:15:02:35:40,3041.2,3034.05,4.40717,0,4.42959,0,3.01315,7916.08,415739,6318.23,0,0,0,415739,0,0,-1169.9,156.167,8366.47,7916.08,0,0
01:11:15:02:35:41,3082.68,3074.39,4.39619,0,4.40717,0,3.01315,7916.16,415739,6359.71,0,0,0,415739,0,0,-1128.42,156.183,8366.54,7916.16,0,0
01:11:15:02:35:42,3090.12,3081.83,4.37831,0,4.39619,0,3.01315,7916.23,415739,6367.15,0,0,0,415739,0,0,-1120.98,156.2,8366.62,7916.23,0,0
01:11:15:02:35:43,3086.97,3076.96,4.36361,0,4.37831,0,3.01315,7916.3,415739,6364,0,0,0,415739,0,0,-1124.12,156.217,8366.69,7916.3,0,0
01:11:15:02:35:44,3088.12,3081.25,4.39988,0,4.36361,0,3.01315,7916.38,415739,6365.15,0,0,0,415739,0,0,-1122.98,156.233,8366.76,7916.38,0,0
01:11:15:02:35:45,3107.57,3096.99,4.51376,0,4.39988,0,3.01315,7916.45,415739,6384.6,0,0,0,415739,0,0,-1103.53,156.25,8366.83,7916.45,0,0
01:11:15:02:35:46,3086.4,3080.11,4.549,0,4.51376,0,3.01315,7916.52,415739,6363.43,0,0,0,415739,0,0,-1124.7,156.267,8366.91,7916.52,0,0
01:11:15:02:35:47,3075.82,3066.38,4.5553,0,4.549,0,3.01315,7916.6,415739,6352.85,0,0,0,415739,0,0,-1135.28,156.283,8366.99,7916.6,0,0
01:11:15:02:35:48,3078.68,3071.24,4.54772,0,4.5553,0,3.01315,7916.67,415739,6355.71,0,0,0,415739,0,0,-1132.42,156.3,8367.06,7916.67,0,0
01:11:15:02:35:49,3078.39,3070.67,4.54772,0,4.54772,0,3.01315,7916.75,415739,6355.42,0,0,0,415739,0,0,-1132.71,156.317,8367.14,7916.75,0,0
01:11:15:02:35:50,3070.09,3062.37,4.53799,0,4.54772,0,3.01315,7916.83,415739,6347.12,0,0,0,415739,0,0,-1141,156.333,8367.21,7916.83,0,0
01:11:15:02:35:51,3075.82,3066.38,4.54956,0,4.53799,0,3.01315,7916.9,415739,6352.85,0,0,0,415739,0,0,-1135.28,156.35,8367.29,7916.9,0,0
01:11:15:02:35:52,3090.69,3081.54,4.53999,0,4.54956,0,3.01315,7916.98,415739,6367.72,0,0,0,415739,0,0,-1120.41,156.367,8367.37,7916.98,0,0
01:11:15:02:35:53,3086.4,3079.25,4.76862,0,4.53999,0,3.01315,7917.05,415739,6363.43,0,0,0,415739,0,0,-1124.7,156.383,8367.44,7917.05,0,0
01:11:15:02:35:54,3086.97,3078.68,5.15688,0,4.76862,0,3.01315,7917.13,415739,6364,0,0,0,415739,0,0,-1124.12,156.4,8367.53,7917.13,0,0
01:11:15:02:35:55,3091.55,3082.4,5.10965,0,5.15688,0,3.01315,7917.21,415739,6368.58,0,0,0,415739,0,0,-1119.55,156.417,8367.61,7917.21,0,0
01:11:15:02:35:56,3090.41,3082.4,4.96944,0.0106792,5.10965,0,3.01315,7917.3,415739,6367.44,0,0,0,415739,0,0,-1120.69,156.433,8367.7,7917.3,0,0
01:11:15:02:35:57,3079.54,3071.81,4.85437,0,4.96944,0,3.01315,7917.38,415739,6356.56,0,0,0,415739,0,0,-1131.56,156.45,8367.78,7917.38,0,0
01:11:15:02:35:58,3210.86,3228.02,4.90146,0,4.85437,0,3.01315,7917.47,415739,6487.89,0,0,0,415739,0,0,-1000.24,156.467,8367.86,7917.47,0,0
01:11:15:02:35:59,3292.11,3284.38,4.88538,0,4.90146,0,3.01315,7917.55,415739,6569.14,0,0,0,415739,0,0,-918.99,156.483,8367.94,7917.55,0,0
01:11:15:02:36:00,3312.71,3302.12,4.88701,0,4.88538,0,3.01315,7917.63,415739,6589.74,0,0,0,415739,0,0,-898.391,156.5,8368.02,7917.63,0,0
01:11:15:02:36:01,3324.15,3316.71,4.90943,0,4.88701,0,3.01315,7917.71,415739,6601.18,0,0,0,415739,0,0,-886.947,156.517,8368.1,7917.71,0,0
01:11:15:02:36:02,3329.87,3326.44,4.26859,0.00400543,4.90943,0,3.01315,7917.79,415739,6606.9,0,0,0,415739,0,0,-881.225,156.533,8368.18,7917.79,0,0
01:11:15:02:36:03,3215.72,3213.15,4.20613,0,4.26859,0,3.01315,7917.87,415739,6492.75,0,0,0,415739,0,0,-995.379,156.55,8368.25,7917.87,0,0
01:11:15:02:36:04,3118.16,3116.16,4.43031,0,4.20613,0,3.01315,7917.94,415739,6395.19,0,0,0,415739,0,0,-1092.94,156.567,8368.32,7917.94,0,0
01:11:15:02:36:05,3144.48,3133.61,4.4811,0,4.43031,0,3.01315,7918.01,415739,6421.51,0,0,0,415739,0,0,-1066.62,156.583,8368.4,7918.01,0,0
01:11:15:02:36:06,3146.77,3140.19,4.47026,0,4.4811,0,3.01315,7918.08,415739,6423.8,0,0,0,415739,0,0,-1064.33,156.6,8368.47,7918.08,0,0
01:11:15:02:36:07,3150.78,3141.91,4.51514,0,4.47026,0,3.01315,7918.16,415739,6427.8,0,0,0,415739,0,0,-1060.32,156.617,8368.55,7918.16,0,0
01:11:15:02:36:08,3185.68,3167.66,4.52177,0,4.51514,0,3.01315,7918.23,415739,6462.71,0,0,0,415739,0,0,-1025.42,156.633,8368.62,7918.23,0,0
01:11:15:02:36:09,3270.08,3267.79,4.51046,0,4.52177,0,3.01315,7918.31,415739,6547.11,0,0,0,415739,0,0,-941.02,156.65,8368.7,7918.31,0,0
01:11:15:02:36:10,3260.07,3247.48,4.50001,0,4.51046,0,3.01315,7918.39,415739,6537.09,0,0,0,415739,0,0,-951.034,156.667,8368.77,7918.39,0,0
01:11:15:02:36:11,3270.08,3256.63,4.45871,0,4.50001,0,3.01315,7918.46,415739,6547.11,0,0,0,415739,0,0,-941.02,156.683,8368.85,7918.46,0,0
01:11:15:02:36:12,3277.52,3270.37,4.43926,0,4.45871,0,3.01315,7918.54,415739,6554.55,0,0,0,415739,0,0,-933.581,156.7,8368.92,7918.54,0,0
01:11:15:02:36:13,3277.23,3271.22,4.4215,0.0267029,4.43926,0,3.01315,7918.61,415739,6554.26,0,0,0,415739,0,0,-933.868,156.717,8369,7918.61,0,0
01:11:15:02:36:14,3232.89,3220.3,4.47979,0,4.4215,0,3.01315,7918.68,415739,6509.92,0,0,0,415739,0,0,-978.213,156.733,8369.07,7918.68,0,0
01:11:15:02:36:15,3246.62,3236.32,4.66197,0,4.47979,0,3.01315,7918.76,415739,6523.65,0,0,0,415739,0,0,-964.48,156.75,8369.15,7918.76,0,0
01:11:15:02:36:16,3243.47,3237.18,4.69698,0,4.66197,0,3.01315,7918.83,415739,6520.5,0,0,0,415739,0,0,-967.628,156.767,8369.22,7918.83,0,0
01:11:15:02:36:17,3243.76,3230.31,4.6919,0,4.69698,0,3.01315,7918.91,415739,6520.79,0,0,0,415739,0,0,-967.341,156.783,8369.3,7918.91,0,0
01:11:15:02:36:18,3251.2,3238.04,4.67473,0,4.6919,0,3.01315,7918.99,415739,6528.23,0,0,0,415739,0,0,-959.902,156.8,8369.38,7918.99,0,0
01:11:15:02:36:19,3276.95,3267.79,4.64573,0,4.67473,0,3.01315,7919.07,415739,6553.97,0,0,0,415739,0,0,-934.154,156.817,8369.46,7919.07,0,0
01:11:15:02:36:20,3277.52,3264.93,4.64957,0,4.64573,0,3.01315,7919.15,415739,6554.55,0,0,0,415739,0,0,-933.581,156.833,8369.54,7919.15,0,0
01:11:15:02:36:21,3277.23,3267.79,4.64254,0,4.64957,0,3.01315,7919.22,415739,6554.26,0,0,0,415739,0,0,-933.868,156.85,8369.61,7919.22,0,0
01:11:15:02:36:22,3288.68,3275.8,4.64254,0,4.64254,0,3.01315,7919.3,415739,6565.7,0,0,0,415739,0,0,-922.424,156.867,8369.69,7919.3,0,0
01:11:15:02:36:23,3285.82,3274.37,4.63557,0,4.64254,0,3.01315,7919.38,415739,6562.84,0,0,0,415739,0,0,-925.285,156.883,8369.77,7919.38,0,0
01:11:15:02:36:24,3276.09,3267.5,4.63557,0,4.63557,0,3.01315,7919.46,415739,6553.12,0,0,0,415739,0,0,-935.012,156.9,8369.85,7919.46,0,0
01:11:15:02:36:25,3284.38,3270.94,4.63209,0,4.63557,0,3.01315,7919.53,415739,6561.41,0,0,0,415739,0,0,-926.715,156.917,8369.92,7919.53,0,0
01:11:15:02:36:26,3286.1,3275.8,4.63648,0,4.63209,0,3.01315,7919.61,415739,6563.13,0,0,0,415739,0,0,-924.998,156.933,8370,7919.61,0,0
01:11:15:02:36:27,3285.24,3275.23,4.63644,0,4.63648,0,3.01315,7919.69,415739,6562.27,0,0,0,415739,0,0,-925.857,156.95,8370.08,7919.69,0,0
01:11:15:02:36:28,3296.11,3280.38,4.63006,0,4.63644,0,3.01315,7919.77,415739,6573.14,0,0,0,415739,0,0,-914.985,156.967,8370.16,7919.77,0,0
01:11:15:02:36:29,3298.12,3284.96,4.64518,0,4.63006,0,3.01315,7919.84,415739,6575.15,0,0,0,415739,0,0,-912.982,156.983,8370.23,7919.84,0,0
01:11:15:02:36:30,3301.84,3289.25,4.64808,0,4.64518,0,3.01315,7919.92,415739,6578.87,0,0,0,415739,0,0,-909.263,157,8370.31,7919.92,0,0
01:11:15:02:36:31,3308.13,3289.25,4.64257,0,4.64808,0,3.01315,7920,415739,6585.16,0,0,0,415739,0,0,-902.969,157.017,8370.39,7920,0,0
01:11:15:02:36:32,3307.84,3291.25,4.63909,0,4.64257,0,3.01315,7920.08,415739,6584.87,0,0,0,415739,0,0,-903.255,157.033,8370.47,7920.08,0,0
01:11:15:02:36:33,3308.42,3296.11,4.63387,0,4.63909,0,3.01315,7920.15,415739,6585.45,0,0,0,415739,0,0,-902.682,157.05,8370.54,7920.15,0,0
01:11:15:02:36:34,3314.71,3295.83,4.63098,0,4.63387,0,3.01315,7920.23,415739,6591.74,0,0,0,415739,0,0,-896.388,157.067,8370.62,7920.23,0,0
01:11:15:02:36:35,3310.42,3296.69,4.63704,0,4.63098,0,3.01315,7920.31,415739,6587.45,0,0,0,415739,0,0,-900.68,157.083,8370.7,7920.31,0,0
01:11:15:02:36:36,3313.28,3301.55,4.63299,0,4.63704,0,3.01315,7920.39,415739,6590.31,0,0,0,415739,0,0,-897.819,157.1,8370.78,7920.39,0,0
01:11:15:02:36:37,3320.72,3301.55,4.64142,0,4.63299,0,3.01315,7920.46,415739,6597.75,0,0,0,415739,0,0,-890.38,157.117,8370.85,7920.46,0,0
01:11:15:02:36:38,3317,3304.41,4.64836,0.0146866,4.64142,0,3.01315,7920.54,415739,6594.03,0,0,0,415739,0,0,-894.099,157.133,8370.93,7920.54,0,0
01:11:15:02:36:39,3326.16,3307.56,4.63008,0,4.64836,0,3.01315,7920.62,415739,6603.18,0,0,0,415739,0,0,-884.944,157.15,8371.01,7920.62,0,0
01:11:15:02:36:40,3324.15,3308.7,4.6347,0,4.63008,0,3.01315,7920.7,415739,6601.18,0,0,0,415739,0,0,-886.947,157.167,8371.09,7920.7,0,0
01:11:15:02:36:41,3326.44,3314.71,4.64052,0,4.6347,0,3.01315,7920.77,415739,6603.47,0,0,0,415739,0,0,-884.658,157.183,8371.17,7920.77,0,0
01:11:15:02:36:42,3335.6,3318.72,4.64312,0,4.64052,0,3.01315,7920.85,415739,6612.63,0,0,0,415739,0,0,-875.503,157.2,8371.24,7920.85,0,0
01:11:15:02:36:43,3339.6,3321.86,4.64379,0.00400543,4.64312,0,3.01315,7920.93,415739,6616.63,0,0,0,415739,0,0,-871.497,157.217,8371.32,7920.93,0,0
01:11:15:02:36:44,3341.89,3327.01,4.67956,0,4.64379,0,3.01315,7921.01,415739,6618.92,0,0,0,415739,0,0,-869.209,157.233,8371.4,7921.01,0,0
01:11:15:02:36:45,3366.78,3352.76,4.72689,0,4.67956,0,3.01315,7921.08,415739,6643.81,0,0,0,415739,0,0,-844.318,157.25,8371.48,7921.08,0,0
01:11:15:02:36:46,3373.36,3357.05,4.75995,0,4.72689,0,3.01315,7921.16,415739,6650.39,0,0,0,415739,0,0,-837.738,157.267,8371.55,7921.16,0,0
01:11:15:02:36:47,3373.08,3357.63,4.80437,0,4.75995,0,3.01315,7921.24,415739,6650.1,0,0,0,415739,0,0,-838.023,157.283,8371.63,7921.24,0,0
01:11:15:02:36:48,3372.5,3361.35,5.30251,0,4.80437,0,3.01315,7921.32,415739,6649.53,0,0,0,415739,0,0,-838.596,157.3,8371.72,7921.32,0,0
01:11:15:02:36:49,3376.8,3362.49,5.31845,0,5.30251,0,3.01315,7921.41,415739,6653.82,0,0,0,415739,0,0,-834.304,157.317,8371.81,7921.41,0,0
01:11:15:02:36:50,3359.34,3343.89,5.29603,0,5.31845,0,3.01315,7921.49,415739,6636.37,0,0,0,415739,0,0,-851.757,157.333,8371.9,7921.49,0,0
01:11:15:02:36:51,3359.34,3341.6,5.29417,0,5.29603,0,3.01315,7921.58,415739,6636.37,0,0,0,415739,0,0,-851.757,157.35,8371.98,7921.58,0,0
01:11:15:02:36:52,3362.49,3349.04,5.28775,0,5.29417,0,3.01315,7921.67,415739,6639.52,0,0,0,415739,0,0,-848.609,157.367,8372.07,7921.67,0,0
01:11:15:02:36:53,3367.93,3350.19,5.28097,0,5.28775,0,3.01315,7921.76,415739,6644.95,0,0,0,415739,0,0,-843.174,157.383,8372.16,7921.76,0,0
01:11:15:02:36:54,3371.07,3353.34,5.27232,0,5.28097,0,3.01315,7921.85,415739,6648.1,0,0,0,415739,0,0,-840.026,157.4,8372.25,7921.85,0,0
01:11:15:02:36:55,3383.66,3366.5,5.24807,0,5.27232,0,3.01315,7921.94,415739,6660.69,0,0,0,415739,0,0,-827.438,157.417,8372.34,7921.94,0,0
01:11:15:02:36:56,3393.96,3370.79,5.24807,0,5.24807,0,3.01315,7922.02,415739,6670.99,0,0,0,415739,0,0,-817.138,157.433,8372.42,7922.02,0,0
01:11:15:02:36:57,3390.81,3370.5,5.24734,0,5.24807,0,3.01315,7922.11,415739,6667.84,0,0,0,415739,0,0,-820.286,157.45,8372.51,7922.11,0,0
01:11:15:02:36:58,3393.68,3373.36,5.24771,0,5.24734,0,3.01315,7922.2,415739,6670.7,0,0,0,415739,0,0,-817.424,157.467,8372.6,7922.2,0,0
01:11:15:02:36:59,3400.26,3374.22,5.26632,0,5.24771,0,3.01315,7922.29,415739,6677.28,0,0,0,415739,0,0,-810.844,157.483,8372.69,7922.29,0,0
01:11:15:02:37:00,3395.11,3372.5,5.26931,0,5.26632,0,3.01315,7922.37,415739,6672.13,0,0,0,415739,0,0,-815.994,157.5,8372.77,7922.37,0,0
01:11:15:02:37:01,3403.98,3375.08,5.25476,0,5.26931,0,3.01315,7922.46,415739,6681,0,0,0,415739,0,0,-807.124,157.517,8372.86,7922.46,0,0
01:11:15:02:37:02,3413.7,3377.65,5.25476,0,5.25476,0,3.01315,7922.55,415739,6690.73,0,0,0,415739,0,0,-797.398,157.533,8372.95,7922.55,0,0
01:11:15:02:37:03,3416.85,3379.37,5.25924,0,5.25476,0,3.01315,7922.64,415739,6693.88,0,0,0,415739,0,0,-794.25,157.55,8373.04,7922.64,0,0
01:11:15:02:37:04,3420.57,3382.23,5.25178,0,5.25924,0,3.01315,7922.72,415739,6697.6,0,0,0,415739,0,0,-790.531,157.567,8373.12,7922.72,0,0
01:11:15:02:37:05,3427.72,3386.52,5.25736,0,5.25178,0,3.01315,7922.81,415739,6704.75,0,0,0,415739,0,0,-783.378,157.583,8373.21,7922.81,0,0
01:11:15:02:37:06,3432.3,3391.67,5.25888,0,5.25736,0,3.01315,7922.9,415739,6709.33,0,0,0,415739,0,0,-778.8,157.6,8373.3,7922.9,0,0
01:11:15:02:37:07,3434.02,3395.39,5.25663,0,5.25888,0,3.01315,7922.99,415739,6711.04,0,0,0,415739,0,0,-777.084,157.617,8373.39,7922.99,0,0
01:11:15:02:37:08,3441.45,3397.68,5.25141,0,5.25663,0,3.01315,7923.07,415739,6718.48,0,0,0,415739,0,0,-769.645,157.633,8373.47,7923.07,0,0
01:11:15:02:37:09,3439.17,3399.11,5.25588,0,5.25141,0,3.01315,7923.16,415739,6716.19,0,0,0,415739,0,0,-771.934,157.65,8373.56,7923.16,0,0
01:11:15:02:37:10,3440.6,3401.11,5.24472,0,5.25588,0,3.01315,7923.25,415739,6717.62,0,0,0,415739,0,0,-770.504,157.667,8373.65,7923.25,0,0
01:11:15:02:37:11,3446.03,3402.26,5.25476,0,5.24472,0,3.01315,7923.34,415739,6723.06,0,0,0,415739,0,0,-765.068,157.683,8373.74,7923.34,0,0
01:11:15:02:37:12,3452.33,3405.41,5.25924,0,5.25476,0,3.01315,7923.42,415739,6729.35,0,0,0,415739,0,0,-758.773,157.7,8373.82,7923.42,0,0
01:11:15:02:37:13,3446.03,3408.84,5.25923,0,5.25924,0,3.01315,7923.51,415739,6723.06,0,0,0,415739,0,0,-765.068,157.717,8373.91,7923.51,0,0
01:11:15:02:37:14,3458.91,3411.99,5.25513,0,5.25923,0,3.01315,7923.6,415739,6735.94,0,0,0,415739,0,0,-752.193,157.733,8374,7923.6,0,0
01:11:15:02:37:15,3466.06,3416.56,5.25178,0,5.25513,0,3.01315,7923.69,415739,6743.09,0,0,0,415739,0,0,-745.041,157.75,8374.09,7923.69,0,0
01:11:15:02:37:16,3472.07,3422.29,5.25699,0,5.25178,0,3.01315,7923.77,415739,6749.1,0,0,0,415739,0,0,-739.033,157.767,8374.17,7923.77,0,0
01:11:15:02:37:17,3478.65,3425.43,5.25067,0,5.25699,0,3.01315,7923.86,415739,6755.68,0,0,0,415739,0,0,-732.452,157.783,8374.26,7923.86,0,0
01:11:15:02:37:18,3481.51,3428.87,5.25364,0,5.25067,0,3.01315,7923.95,415739,6758.54,0,0,0,415739,0,0,-729.591,157.8,8374.35,7923.95,0,0
01:11:15:02:37:19,3484.66,3433.16,5.25253,0,5.25364,0,3.01315,7924.04,415739,6761.68,0,0,0,415739,0,0,-726.444,157.817,8374.44,7924.04,0,0
01:11:15:02:37:20,3491.81,3437.16,5.25513,0,5.25253,0,3.01315,7924.12,415739,6768.84,0,0,0,415739,0,0,-719.292,157.833,8374.52,7924.12,0,0
01:11:15:02:37:21,3489.23,3440.6,5.24992,0,5.25513,0,3.01315,7924.21,415739,6766.26,0,0,0,415739,0,0,-721.867,157.85,8374.61,7924.21,0,0
01:11:15:02:37:22,3493.24,3445.75,5.25067,0,5.24992,0,3.01315,7924.3,415739,6770.27,0,0,0,415739,0,0,-717.861,157.867,8374.7,7924.3,0,0
01:11:15:02:37:23,3494.67,3448.03,5.24995,0,5.25067,0,3.01315,7924.39,415739,6771.7,0,0,0,415739,0,0,-716.431,157.883,8374.79,7924.39,0,0
01:11:15:02:37:24,3496.67,3448.61,5.25886,0,5.24995,0,3.01315,7924.47,415739,6773.7,0,0,0,415739,0,0,-714.428,157.9,8374.88,7924.47,0,0
01:11:15:02:37:25,3501.54,3449.75,5.26408,0,5.25886,0,3.01315,7924.56,415739,6778.56,0,0,0,415739,0,0,-709.564,157.917,8374.96,7924.56,0,0
01:11:15:02:37:26,3497.24,3452.04,5.2492,0,5.26408,0,3.01315,7924.65,415739,6774.27,0,0,0,415739,0,0,-713.856,157.933,8375.05,7924.65,0,0
01:11:15:02:37:27,3501.54,3453.18,5.25179,0,5.2492,0,3.01315,7924.74,415739,6778.56,0,0,0,415739,0,0,-709.564,157.95,8375.14,7924.74,0,0
01:11:15:02:37:28,3502.97,3462.05,5.25924,0,5.25179,0,3.01315,7924.82,415739,6780,0,0,0,415739,0,0,-708.133,157.967,8375.22,7924.82,0,0
01:11:15:02:37:29,3507.54,3468.06,5.25814,0,5.25924,0,3.01315,7924.91,415739,6784.57,0,0,0,415739,0,0,-703.556,157.983,8375.31,7924.91,0,0
01:11:15:02:37:30,3506.97,3469.78,5.26221,0,5.25814,0,3.01315,7925,415739,6784,0,0,0,415739,0,0,-704.128,158,8375.4,7925,0,0
01:11:15:02:37:31,3504.4,3473.21,5.25216,0.00934601,5.26221,0,3.01315,7925.09,415739,6781.43,0,0,0,415739,0,0,-706.703,158.017,8375.49,7925.09,0,0
01:11:15:02:37:32,3508.12,3473.21,5.25328,0,5.25216,0,3.01315,7925.17,415739,6785.14,0,0,0,415739,0,0,-702.984,158.033,8375.58,7925.17,0,0
01:11:15:02:37:33,3504.11,3476.36,5.25328,0,5.25328,0,3.01315,7925.26,415739,6781.14,0,0,0,415739,0,0,-706.989,158.05,8375.66,7925.26,0,0
01:11:15:02:37:34,3508.69,3477.79,5.24992,0.00267029,5.25328,0,3.01315,7925.35,415739,6785.72,0,0,0,415739,0,0,-702.412,158.067,8375.75,7925.35,0,0
01:11:15:02:37:35,3512.12,3478.93,5.25327,0,5.24992,0,3.01315,7925.44,415739,6789.15,0,0,0,415739,0,0,-698.978,158.083,8375.84,7925.44,0,0
01:11:15:02:37:36,3510.4,3483.8,5.25178,0.0106792,5.25327,0,3.01315,7925.52,415739,6787.43,0,0,0,415739,0,0,-700.695,158.1,8375.92,7925.52,0,0
01:11:15:02:37:37,3513.55,3487.52,5.2611,0,5.25178,0,3.01315,7925.61,415739,6790.58,0,0,0,415739,0,0,-697.548,158.117,8376.01,7925.61,0,0
01:11:15:02:37:38,3512.12,3486.37,5.2611,0,5.2611,0,3.01315,7925.7,415739,6789.15,0,0,0,415739,0,0,-698.978,158.133,8376.1,7925.7,0,0
01:11:15:02:37:39,3511.26,3488.37,5.25664,0,5.2611,0,3.01315,7925.79,415739,6788.29,0,0,0,415739,0,0,-699.837,158.15,8376.19,7925.79,0,0
01:11:15:02:37:40,3514.98,3490.66,5.25327,0,5.25664,0,3.01315,7925.88,415739,6792.01,0,0,0,415739,0,0,-696.117,158.167,8376.28,7925.88,0,0
01:11:15:02:37:41,3514.7,3488.09,5.25327,0.0133514,5.25327,0,3.01315,7925.96,415739,6791.72,0,0,0,415739,0,0,-696.404,158.183,8376.36,7925.96,0,0
01:11:15:02:37:42,3538.16,3514.12,5.25216,0,5.25327,0,3.01315,7926.05,415739,6815.18,0,0,0,415739,0,0,-672.944,158.2,8376.45,7926.05,0,0
01:11:15:02:37:43,3563.05,3534.15,5.25699,0,5.25216,0,3.01315,7926.14,415739,6840.08,0,0,0,415739,0,0,-648.052,158.217,8376.54,7926.14,0,0
01:11:15:02:37:44,3569.91,3542.73,5.25402,0,5.25699,0,3.01315,7926.23,415739,6846.94,0,0,0,415739,0,0,-641.186,158.233,8376.63,7926.23,0,0
01:11:15:02:37:45,3575.92,3551.6,5.2585,0,5.25402,0,3.01315,7926.31,415739,6852.95,0,0,0,415739,0,0,-635.178,158.25,8376.71,7926.31,0,0
01:11:15:02:37:46,3583.65,3561.04,5.2488,0,5.2585,0,3.01315,7926.4,415739,6860.68,0,0,0,415739,0,0,-627.453,158.267,8376.8,7926.4,0,0
01:11:15:02:37:47,3579.36,3560.19,5.24324,0,5.2488,0,3.01315,7926.49,415739,6856.38,0,0,0,415739,0,0,-631.745,158.283,8376.89,7926.49,0,0
01:11:15:02:37:48,3573.63,3554.46,5.24438,0,5.24324,0,3.01315,7926.58,415739,6850.66,0,0,0,415739,0,0,-637.466,158.3,8376.98,7926.58,0,0
01:11:15:02:37:49,3579.64,3558.76,5.25587,0,5.24438,0,3.01315,7926.66,415739,6856.67,0,0,0,415739,0,0,-631.458,158.317,8377.06,7926.66,0,0
01:11:15:02:37:50,3579.64,3560.76,5.25438,0,5.25587,0,3.01315,7926.75,415739,6856.67,0,0,0,415739,0,0,-631.458,158.333,8377.15,7926.75,0,0
01:11:15:02:37:51,3577.07,3566.77,5.25626,0,5.25438,0,0,7926.84,415739,6854.09,0,0,0,415739,0,0,-634.033,158.35,8377.24,7926.84,0,0
01:11:15:02:37:52,3587.37,3572.49,5.26075,0,5.25626,0,0,7926.93,415739,6864.39,0,0,0,415739,0,0,-623.734,158.367,8377.33,7926.93,0,0
01:11:15:02:37:53,3594.8,3581.07,5.25626,0,5.26075,0,0,7927.01,415739,6871.83,0,0,0,415739,0,0,-616.295,158.383,8377.41,7927.01,0,0
01:11:15:02:37:54,3596.52,3585.94,5.25216,0,5.25626,0,0,7927.1,415739,6873.55,0,0,0,415739,0,0,-614.578,158.4,8377.5,7927.1,0,0
01:11:15:02:37:55,3602.53,3587.08,5.25588,0,5.25216,0,0,7927.19,415739,6879.56,0,0,0,415739,0,0,-608.57,158.417,8377.59,7927.19,0,0
01:11:15:02:37:56,3602.24,3587.65,5.25774,0,5.25588,0,0,7927.28,415739,6879.27,0,0,0,415739,0,0,-608.857,158.433,8377.68,7927.28,0,0
01:11:15:02:37:57,3604.25,3591.09,5.25625,0,5.25774,0,0,7927.36,415739,6881.27,0,0,0,415739,0,0,-606.854,158.45,8377.76,7927.36,0,0
01:11:15:02:37:58,3605.68,3588.51,5.2451,0,5.25625,0,0,7927.45,415739,6882.71,0,0,0,415739,0,0,-605.423,158.467,8377.85,7927.45,0,0
01:11:15:02:37:59,3607.39,3588.22,5.25327,0,5.2451,0,0,7927.54,415739,6884.42,0,0,0,415739,0,0,-603.707,158.483,8377.94,7927.54,0,0
01:11:15:02:38:00,3607.11,3592.8,5.25367,0,5.25327,0,0,7927.63,415739,6884.14,0,0,0,415739,0,0,-603.993,158.5,8378.03,7927.63,0,0
01:11:15:02:38:01,3614.55,3594.8,5.25699,0,5.25367,0,0,7927.71,415739,6891.57,0,0,0,415739,0,0,-596.554,158.517,8378.11,7927.71,0,0
01:11:15:02:38:02,3613.69,3595.38,5.24732,0,5.25699,0,0,7927.8,415739,6890.72,0,0,0,415739,0,0,-597.413,158.533,8378.2,7927.8,0,0
01:11:15:02:38:03,3614.83,3600.53,5.25551,0,5.24732,0,0,7927.89,415739,6891.86,0,0,0,415739,0,0,-596.268,158.55,8378.29,7927.89,0,0
01:11:15:02:38:04,3617.41,3601.96,5.25662,0,5.25551,0,0,7927.98,415739,6894.44,0,0,0,415739,0,0,-593.693,158.567,8378.38,7927.98,0,0
01:11:15:02:38:05,3620.55,3602.24,5.25364,0,5.25662,0,0,7928.06,415739,6897.58,0,0,0,415739,0,0,-590.546,158.583,8378.46,7928.06,0,0
01:11:15:02:38:06,3620.55,3608.25,5.25177,0,5.25364,0,0,7928.15,415739,6897.58,0,0,0,415739,0,0,-590.546,158.6,8378.55,7928.15,0,0
01:11:15:02:38:07,3625.13,3608.54,5.25477,0.0293751,5.25177,0,0,7928.24,415739,6902.16,0,0,0,415739,0,0,-585.969,158.617,8378.64,7928.24,0,0
01:11:15:02:38:08,3625.7,3607.39,5.25851,0.0293751,5.25477,0,0,7928.33,415739,6902.73,0,0,0,415739,0,0,-585.397,158.633,8378.73,7928.33,0,0
01:11:15:02:38:09,3626.28,3613.69,5.25851,0.00801086,5.25851,0,0,7928.41,415739,6903.3,0,0,0,415739,0,0,-584.824,158.65,8378.81,7928.41,0,0
01:11:15:02:38:10,3627.99,3614.83,5.25626,0.0253696,5.25851,0,0,7928.5,415739,6905.02,0,0,0,415739,0,0,-583.107,158.667,8378.9,7928.5,0,0
01:11:15:02:38:11,3628.28,3616.26,5.25811,0.00667572,5.25626,0,0,7928.59,415739,6905.31,0,0,0,415739,0,0,-582.821,158.683,8378.99,7928.59,0,0
01:11:15:02:38:12,3632.28,3619.7,5.2529,0,5.25811,0,0,7928.68,415739,6909.31,0,0,0,415739,0,0,-578.816,158.7,8379.08,7928.68,0,0
01:11:15:02:38:13,3637.15,3621.41,5.2529,0,5.2529,0,0,7928.76,415739,6914.18,0,0,0,415739,0,0,-573.952,158.717,8379.16,7928.76,0,0
01:11:15:02:38:14,3637.43,3622.56,5.25067,0,5.2529,0,0,7928.85,415739,6914.46,0,0,0,415739,0,0,-573.666,158.733,8379.25,7928.85,0,0
01:11:15:02:38:15,3636.86,3625.42,5.25438,0,5.25067,0,0,7928.94,415739,6913.89,0,0,0,415739,0,0,-574.238,158.75,8379.34,7928.94,0,0
01:11:15:02:38:16,3644.01,3627.13,5.25438,0,5.25438,0,0,7929.03,415739,6921.04,0,0,0,415739,0,0,-567.086,158.767,8379.43,7929.03,0,0
01:11:15:02:38:17,3641.73,3628.28,5.25736,0,5.25438,0,0,7929.11,415739,6918.75,0,0,0,415739,0,0,-569.375,158.783,8379.51,7929.11,0,0
01:11:15:02:38:18,3643.44,3631.43,5.24734,0,5.25736,0,0,7929.2,415739,6920.47,0,0,0,415739,0,0,-567.658,158.8,8379.6,7929.2,0,0
01:11:15:02:38:19,3648.59,3631.71,5.24734,0,5.24734,0,0,7929.29,415739,6925.62,0,0,0,415739,0,0,-562.508,158.817,8379.69,7929.29,0,0
01:11:15:02:38:20,3647.16,3633.43,5.25589,0,5.24734,0,0,7929.38,415739,6924.19,0,0,0,415739,0,0,-563.938,158.833,8379.78,7929.38,0,0
01:11:15:02:38:21,3646.3,3635.43,5.25551,0,5.25589,0,0,7929.46,415739,6923.33,0,0,0,415739,0,0,-564.797,158.85,8379.86,7929.46,0,0
01:11:15:02:38:22,3655.46,3637.43,5.25551,0,5.25551,0,0,7929.55,415739,6932.49,0,0,0,415739,0,0,-555.642,158.867,8379.95,7929.55,0,0
01:11:15:02:38:23,3651.17,3639.44,5.24955,0,5.25551,0,0,7929.64,415739,6928.2,0,0,0,415739,0,0,-559.933,158.883,8380.04,7929.64,0,0
01:11:15:02:38:24,3654.6,3642.87,5.25702,0,5.24955,0,0,7929.73,415739,6931.63,0,0,0,415739,0,0,-556.5,158.9,8380.13,7929.73,0,0
01:11:15:02:38:25,3658.89,3642.01,5.2488,0,5.25702,0,0,7929.81,415739,6935.92,0,0,0,415739,0,0,-552.208,158.917,8380.21,7929.81,0,0
01:11:15:02:38:26,3655.46,3643.73,5.25626,0,5.2488,0,0,7929.9,415739,6932.49,0,0,0,415739,0,0,-555.642,158.933,8380.3,7929.9,0,0
01:11:15:02:38:27,3659.46,3645.44,5.257,0,5.25626,0,0,7929.99,415739,6936.49,0,0,0,415739,0,0,-551.636,158.95,8380.39,7929.99,0,0
01:11:15:02:38:28,3662.32,3646.88,5.25476,0,5.257,0,0,7930.08,415739,6939.35,0,0,0,415739,0,0,-548.775,158.967,8380.48,7930.08,0,0
01:11:15:02:38:29,3660.61,3649.16,5.25625,0.0160217,5.25476,0,0,7930.16,415739,6937.64,0,0,0,415739,0,0,-550.492,158.983,8380.56,7930.16,0,0
01:11:15:02:38:30,3664.61,3651.74,5.24992,0,5.25625,0,0,7930.25,415739,6941.64,0,0,0,415739,0,0,-546.486,159,8380.65,7930.25,0,0
01:11:15:02:38:31,3669.76,3650.02,5.25886,0,5.24992,0,0,7930.34,415739,6946.79,0,0,0,415739,0,0,-541.336,159.017,8380.74,7930.34,0,0
01:11:15:02:38:32,3667.19,3653.46,5.24732,0,5.25886,0,0,7930.43,415739,6944.22,0,0,0,415739,0,0,-543.911,159.033,8380.83,7930.43,0,0
01:11:15:02:38:33,3666.9,3655.17,5.25438,0,5.24732,0,0,7930.51,415739,6943.93,0,0,0,415739,0,0,-544.198,159.05,8380.91,7930.51,0,0
01:11:15:02:38:34,3668.62,3655.46,5.26223,0,5.25438,0,0,7930.6,415739,6945.65,0,0,0,415739,0,0,-542.481,159.067,8381,7930.6,0,0
01:11:15:02:38:35,3666.04,3657.75,5.26297,0,5.26223,0,0,7930.69,415739,6943.07,0,0,0,415739,0,0,-545.056,159.083,8381.09,7930.69,0,0
01:11:15:02:38:36,3672.62,3661.75,5.25401,0,5.26297,0,0,7930.78,415739,6949.65,0,0,0,415739,0,0,-538.476,159.1,8381.18,7930.78,0,0
01:11:15:02:38:37,3679.78,3660.89,5.25104,0,5.25401,0,0,7930.86,415739,6956.81,0,0,0,415739,0,0,-531.323,159.117,8381.26,7930.86,0,0
01:11:15:02:38:38,3678.06,3663.47,5.25961,0,5.25104,0,0,7930.95,415739,6955.09,0,0,0,415739,0,0,-533.04,159.133,8381.35,7930.95,0,0
01:11:15:02:38:39,3681.21,3667.47,5.25441,0,5.25961,0,0,7931.04,415739,6958.24,0,0,0,415739,0,0,-529.892,159.15,8381.44,7931.04,0,0
01:11:15:02:38:40,3681.21,3668.05,5.25476,0,5.25441,0,0,7931.13,415739,6958.24,0,0,0,415739,0,0,-529.892,159.167,8381.53,7931.13,0,0
01:11:15:02:38:41,3677.2,3669.48,5.2611,0,5.25476,0,0,7931.21,415739,6954.23,0,0,0,415739,0,0,-533.898,159.183,8381.61,7931.21,0,0
01:11:15:02:38:42,3682.92,3672.05,5.25774,0,5.2611,0,0,7931.3,415739,6959.95,0,0,0,415739,0,0,-528.176,159.2,8381.7,7931.3,0,0
01:11:15:02:38:43,3689.22,3670.91,5.25998,0,5.25774,0,0,7931.39,415739,6966.25,0,0,0,415739,0,0,-521.882,159.217,8381.79,7931.39,0,0
01:11:15:02:38:44,3686.64,3672.62,5.2503,0,5.25998,0,0,7931.48,415739,6963.67,0,0,0,415739,0,0,-524.456,159.233,8381.88,7931.48,0,0
01:11:15:02:38:45,3690.36,3676.63,5.25289,0.00267029,5.2503,0,0,7931.56,415739,6967.39,0,0,0,415739,0,0,-520.738,159.25,8381.96,7931.56,0,0
01:11:15:02:38:46,3689.79,3675.77,5.25588,0.00133514,5.25289,0,0,7931.65,415739,6966.82,0,0,0,415739,0,0,-521.31,159.267,8382.05,7931.65,0,0
01:11:15:02:38:47,3689.79,3677.77,5.25327,0,5.25588,0,0,7931.74,415739,6966.82,0,0,0,415739,0,0,-521.31,159.283,8382.14,7931.74,0,0
01:11:15:02:38:48,3693.22,3680.06,5.25625,0,5.25327,0,0,7931.83,415739,6970.25,0,0,0,415739,0,0,-517.876,159.3,8382.23,7931.83,0,0
01:11:15:02:38:49,3692.65,3679.2,5.24588,0,5.25625,0,0,7931.91,415739,6969.68,0,0,0,415739,0,0,-518.448,159.317,8382.31,7931.91,0,0
01:11:15:02:38:50,3690.65,3683.21,5.25737,0,5.24588,0,0,7932,415739,6967.68,0,0,0,415739,0,0,-520.451,159.333,8382.4,7932,0,0
01:11:15:02:38:51,3694.65,3682.92,5.25737,0,5.25737,0,0,7932.09,415739,6971.68,0,0,0,415739,0,0,-516.446,159.35,8382.49,7932.09,0,0
01:11:15:02:38:52,3697.51,3681.21,5.24881,0,5.25737,0,0,7932.18,415739,6974.54,0,0,0,415739,0,0,-513.585,159.367,8382.58,7932.18,0,0
01:11:15:02:38:53,3698.37,3685.21,5.24993,0,5.24881,0,0,7932.26,415739,6975.4,0,0,0,415739,0,0,-512.727,159.383,8382.67,7932.26,0,0
01:11:15:02:38:54,3702.09,3687.79,5.25587,0.00400543,5.24993,0,0,7932.35,415739,6979.12,0,0,0,415739,0,0,-509.007,159.4,8382.75,7932.35,0,0
01:11:15:02:38:55,3703.52,3686.93,5.24992,0,5.25587,0,0,7932.44,415739,6980.55,0,0,0,415739,0,0,-507.576,159.417,8382.84,7932.44,0,0
01:11:15:02:38:56,3702.38,3691.51,5.24658,0,5.24992,0,0,7932.53,415739,6979.41,0,0,0,415739,0,0,-508.721,159.433,8382.93,7932.53,0,0
01:11:15:02:38:57,3703.81,3692.94,5.25142,0.00534058,5.24658,0,0,7932.61,415739,6980.84,0,0,0,415739,0,0,-507.291,159.45,8383.01,7932.61,0,0
01:11:15:02:38:58,3706.1,3691.79,5.25738,0,5.25142,0,0,7932.7,415739,6983.13,0,0,0,415739,0,0,-505.002,159.467,8383.1,7932.7,0,0
01:11:15:02:38:59,3709.25,3695.8,5.25178,0,5.25738,0,0,7932.79,415739,6986.27,0,0,0,415739,0,0,-501.855,159.483,8383.19,7932.79,0,0
01:11:15:02:39:00,3713.25,3697.8,5.25588,0,5.25178,0,0,7932.88,415739,6990.28,0,0,0,415739,0,0,-497.849,159.5,8383.28,7932.88,0,0
01:11:15:02:39:01,3710.96,3696.37,5.25365,0.00667572,5.25588,0,0,7932.96,415739,6987.99,0,0,0,415739,0,0,-500.138,159.517,8383.37,7932.96,0,0
01:11:15:02:39:02,3711.82,3699.52,5.24769,0,5.25365,0,0,7933.05,415739,6988.85,0,0,0,415739,0,0,-499.28,159.533,8383.45,7933.05,0,0
01:11:15:02:39:03,3716.11,3702.09,5.26558,0,5.24769,0,0,7933.14,415739,6993.14,0,0,0,415739,0,0,-494.988,159.55,8383.54,7933.14,0,0
01:11:15:02:39:04,3714.11,3700.38,5.24621,0,5.26558,0,0,7933.23,415739,6991.14,0,0,0,415739,0,0,-496.991,159.567,8383.63,7933.23,0,0
01:11:15:02:39:05,3711.53,3703.52,5.25662,0,5.24621,0,0,7933.31,415739,6988.56,0,0,0,415739,0,0,-499.566,159.583,8383.72,7933.31,0,0
01:11:15:02:39:06,3714.97,3705.81,5.25439,0,5.25662,0,0,7933.4,415739,6992,0,0,0,415739,0,0,-496.132,159.6,8383.8,7933.4,0,0
01:11:15:02:39:07,3716.68,3706.1,5.24956,0,5.25439,0,0,7933.49,415739,6993.71,0,0,0,415739,0,0,-494.416,159.617,8383.89,7933.49,0,0
01:11:15:02:39:08,3715.83,3710.1,5.26035,0.00400543,5.24956,0,0,7933.58,415739,6992.85,0,0,0,415739,0,0,-495.275,159.633,8383.98,7933.58,0,0
01:11:15:02:39:09,3720.4,3708.96,5.25849,0.00400543,5.26035,0,0,7933.67,415739,6997.43,0,0,0,415739,0,0,-490.697,159.65,8384.07,7933.67,0,0
01:11:15:02:39:10,3719.83,3709.25,5.25216,0.0307083,5.25849,0,0,7933.75,415739,6996.86,0,0,0,415739,0,0,-491.269,159.667,8384.15,7933.75,0,0
01:11:15:02:39:11,3718.11,3713.25,5.24843,0.0200272,5.25216,0,0,7933.84,415739,6995.14,0,0,0,415739,0,0,-492.985,159.683,8384.24,7933.84,0,0
01:11:15:02:39:12,3722.69,3714.11,5.25215,0.00667572,5.24843,0,0,7933.93,415739,6999.72,0,0,0,415739,0,0,-488.408,159.7,8384.33,7933.93,0,0
01:11:15:02:39:13,3721.26,3714.4,5.24806,0.0307083,5.25215,0,0,7934.02,415739,6998.29,0,0,0,415739,0,0,-489.839,159.717,8384.42,7934.02,0,0
01:11:15:02:39:14,3722.41,3715.83,5.24659,0.0480652,5.24806,0,0,7934.1,415739,6999.43,0,0,0,415739,0,0,-488.694,159.733,8384.5,7934.1,0,0
01:11:15:02:39:15,3725.55,3716.4,5.25252,0.0293751,5.24659,0,0,7934.19,415739,7002.58,0,0,0,415739,0,0,-485.547,159.75,8384.59,7934.19,0,0
01:11:15:02:39:16,3722.12,3718.11,5.25215,0.028038,5.25252,0,0,7934.28,415739,6999.15,0,0,0,415739,0,0,-488.98,159.767,8384.68,7934.28,0,0
01:11:15:02:39:17,3724.69,3720.12,5.25475,0,5.25215,0,0,7934.37,415739,7001.72,0,0,0,415739,0,0,-486.405,159.783,8384.77,7934.37,0,0
01:11:15:02:39:18,3730.99,3719.54,5.25029,0.0360508,5.25475,0,0,7934.45,415739,7008.02,0,0,0,415739,0,0,-480.111,159.8,8384.85,7934.45,0,0
01:11:15:02:39:19,3729.56,3720.4,5.25774,0,5.25029,0,0,7934.54,415739,7006.59,0,0,0,415739,0,0,-481.541,159.817,8384.94,7934.54,0,0
01:11:15:02:39:20,3729.56,3723.55,5.25663,0,5.25774,0,0,7934.63,415739,7006.59,0,0,0,415739,0,0,-481.541,159.833,8385.03,7934.63,0,0
01:11:15:02:39:21,3733.28,3724.69,5.25475,0.00534058,5.25663,0,0,7934.72,415739,7010.31,0,0,0,415739,0,0,-477.822,159.85,8385.12,7934.72,0,0
01:11:15:02:39:22,3731.85,3725.27,5.25475,0,5.25475,0,0,7934.8,415739,7008.88,0,0,0,415739,0,0,-479.253,159.867,8385.2,7934.8,0,0
01:11:15:02:39:23,3734.99,3729.27,5.25404,0,5.25475,0,0,7934.89,415739,7012.02,0,0,0,415739,0,0,-476.105,159.883,8385.29,7934.89,0,0
01:11:15:02:39:24,3737.86,3729.27,5.25998,0,5.25404,0,0,7934.98,415739,7014.88,0,0,0,415739,0,0,-473.244,159.9,8385.38,7934.98,0,0
01:11:15:02:39:25,3737.28,3729.84,5.25252,0.0253696,5.25998,0,0,7935.07,415739,7014.31,0,0,0,415739,0,0,-473.817,159.917,8385.47,7935.07,0,0
01:11:15:02:39:26,3735.57,3732.42,5.25252,0,5.25252,0,0,7935.15,415739,7012.59,0,0,0,415739,0,0,-475.533,159.933,8385.55,7935.15,0,0
01:11:15:02:39:27,3739.86,3732.99,5.24957,0.00267029,5.25252,0,0,7935.24,415739,7016.89,0,0,0,415739,0,0,-471.241,159.95,8385.64,7935.24,0,0
01:11:15:02:39:28,3740.72,3734.71,5.24957,0.0120163,5.24957,0,0,7935.33,415739,7017.74,0,0,0,415739,0,0,-470.384,159.967,8385.73,7935.33,0,0
01:11:15:02:39:29,3740.72,3737.86,5.25291,0,5.24957,0,0,7935.42,415739,7017.74,0,0,0,415739,0,0,-470.384,159.983,8385.82,7935.42,0,0
01:11:15:02:39:30,3744.44,3737.57,5.25923,0,5.25291,0,0,7935.5,415739,7021.46,0,0,0,415739,0,0,-466.664,160,8385.9,7935.5,0,0
01:11:15:02:39:31,3740.72,3738.71,5.25923,0,5.25923,0,0,7935.59,415739,7017.74,0,0,0,415739,0,0,-470.384,160.017,8385.99,7935.59,0,0
01:11:15:02:39:32,3744.72,3741.86,5.25364,0,5.25923,0,0,7935.68,415739,7021.75,0,0,0,415739,0,0,-466.378,160.033,8386.08,7935.68,0,0
01:11:15:02:39:33,3744.44,3741.86,5.25662,0,5.25364,0,0,7935.77,415739,7021.46,0,0,0,415739,0,0,-466.664,160.05,8386.17,7935.77,0,0
01:11:15:02:39:34,3742.72,3741.86,5.25812,0,5.25662,0,0,7935.85,415739,7019.75,0,0,0,415739,0,0,-468.381,160.067,8386.25,7935.85,0,0
01:11:15:02:39:35,3748.15,3745.29,5.25812,0,5.25812,0,0,7935.94,415739,7025.18,0,0,0,415739,0,0,-462.945,160.083,8386.34,7935.94,0,0
01:11:15:02:39:36,3751.87,3744.72,5.2626,0,5.25812,0,0,7936.03,415739,7028.9,0,0,0,415739,0,0,-459.225,160.1,8386.43,7936.03,0,0
01:11:15:02:39:37,3748.15,3744.44,5.24658,0,5.2626,0,0,7936.12,415739,7025.18,0,0,0,415739,0,0,-462.945,160.117,8386.52,7936.12,0,0
01:11:15:02:39:38,3749.87,3748.15,5.25774,0,5.24658,0,0,7936.2,415739,7026.9,0,0,0,415739,0,0,-461.228,160.133,8386.6,7936.2,0,0
01:11:15:02:39:39,3752.45,3748.44,5.25439,0,5.25774,0,0,7936.29,415739,7029.48,0,0,0,415739,0,0,-458.653,160.15,8386.69,7936.29,0,0
01:11:15:02:39:40,3751.87,3748.73,5.26485,0,5.25439,0,0,7936.38,415739,7028.9,0,0,0,415739,0,0,-459.225,160.167,8386.78,7936.38,0,0
01:11:15:02:39:41,3752.16,3749.59,5.25887,0,5.26485,0,0,7936.47,415739,7029.19,0,0,0,415739,0,0,-458.94,160.183,8386.87,7936.47,0,0
01:11:15:02:39:42,3755.31,3751.87,5.25587,0,5.25887,0,0,7936.55,415739,7032.34,0,0,0,415739,0,0,-455.792,160.2,8386.95,7936.55,0,0
01:11:15:02:39:43,3754.74,3752.16,5.26035,0,5.25587,0,0,7936.64,415739,7031.76,0,0,0,415739,0,0,-456.365,160.217,8387.04,7936.64,0,0
01:11:15:02:39:44,3759.6,3753.88,5.25104,0,5.26035,0,0,7936.73,415739,7036.63,0,0,0,415739,0,0,-451.501,160.233,8387.13,7936.73,0,0
01:11:15:02:39:45,3762.75,3754.45,5.24919,0,5.25104,0,0,7936.82,415739,7039.77,0,0,0,415739,0,0,-448.353,160.25,8387.22,7936.82,0,0
01:11:15:02:39:46,3759.31,3755.02,5.25252,0,5.24919,0,0,7936.9,415739,7036.34,0,0,0,415739,0,0,-451.787,160.267,8387.3,7936.9,0,0
01:11:15:02:39:47,3760.74,3758.17,5.25253,0,5.25252,0,0,7936.99,415739,7037.77,0,0,0,415739,0,0,-450.357,160.283,8387.39,7936.99,0,0
01:11:15:02:39:48,3763.03,3757.02,5.2667,0,5.25253,0,0,7937.08,415739,7040.06,0,0,0,415739,0,0,-448.068,160.3,8387.48,7937.08,0,0
01:11:15:02:39:49,3762.17,3758.74,5.25513,0,5.2667,0,0,7937.17,415739,7039.2,0,0,0,415739,0,0,-448.926,160.317,8387.57,7937.17,0,0
01:11:15:02:39:50,3763.03,3762.17,5.25289,0,5.25513,0,0,7937.25,415739,7040.06,0,0,0,415739,0,0,-448.068,160.333,8387.65,7937.25,0,0
01:11:15:02:39:51,3764.46,3759.03,5.25514,0,5.25289,0,0,7937.34,415739,7041.49,0,0,0,415739,0,0,-446.637,160.35,8387.74,7937.34,0,0
01:11:15:02:39:52,3763.6,3762.46,5.25811,0,5.25514,0,0,7937.43,415739,7040.63,0,0,0,415739,0,0,-447.496,160.367,8387.83,7937.43,0,0
01:11:15:02:39:53,3768.47,3763.03,5.2544,0,5.25811,0,0,7937.52,415739,7045.5,0,0,0,415739,0,0,-442.632,160.383,8387.92,7937.52,0,0
01:11:15:02:39:54,3768.18,3763.6,5.25552,0,5.2544,0,0,7937.6,415739,7045.21,0,0,0,415739,0,0,-442.918,160.4,8388,7937.6,0,0
01:11:15:02:39:55,3765.89,3765.03,5.26148,0,5.25552,0,0,7937.69,415739,7042.92,0,0,0,415739,0,0,-445.207,160.417,8388.09,7937.69,0,0
01:11:15:02:39:56,3770.47,3768.75,5.24771,0,5.26148,0,0,7937.78,415739,7047.5,0,0,0,415739,0,0,-440.629,160.433,8388.18,7937.78,0,0
01:11:15:02:39:57,3769.33,3767.61,5.26035,0,5.24771,0,0,7937.87,415739,7046.35,0,0,0,415739,0,0,-441.773,160.45,8388.27,7937.87,0,0
01:11:15:02:39:58,3773.05,3769.33,5.25443,0,5.26035,0,0,7937.95,415739,7050.07,0,0,0,415739,0,0,-438.054,160.467,8388.35,7937.95,0,0
01:11:15:02:39:59,3776.19,3771.62,5.25478,0,5.25443,0,0,7938.04,415739,7053.22,0,0,0,415739,0,0,-434.907,160.483,8388.44,7938.04,0,0
01:11:15:02:40:00,3776.19,3769.9,5.25401,0,5.25478,0,0,7938.13,415739,7053.22,0,0,0,415739,0,0,-434.907,160.5,8388.53,7938.13,0,0
01:11:15:02:40:01,3772.19,3772.19,5.25626,0.00400543,5.25401,0,0,7938.22,415739,7049.22,0,0,0,415739,0,0,-438.913,160.517,8388.62,7938.22,0,0
01:11:15:02:40:02,3778.2,3776.19,5.25104,0,5.25626,0,0,7938.3,415739,7055.22,0,0,0,415739,0,0,-432.904,160.533,8388.7,7938.3,0,0
01:11:15:02:40:03,3776.48,3773.9,5.25104,0,5.25104,0,0,7938.39,415739,7053.51,0,0,0,415739,0,0,-434.621,160.55,8388.79,7938.39,0,0
01:11:15:02:40:04,3776.48,3775.05,5.24881,0,5.25104,0,0,7938.48,415739,7053.51,0,0,0,415739,0,0,-434.621,160.567,8388.88,7938.48,0,0
01:11:15:02:40:05,3781.34,3777.34,5.25924,0,5.24881,0,0,7938.57,415739,7058.37,0,0,0,415739,0,0,-429.757,160.583,8388.97,7938.57,0,0
01:11:15:02:40:06,3784.2,3776.48,5.25439,0,5.25924,0,0,7938.65,415739,7061.23,0,0,0,415739,0,0,-426.896,160.6,8389.05,7938.65,0,0
01:11:15:02:40:07,3782.77,3780.48,5.2555,0,5.25439,0,0,7938.74,415739,7059.8,0,0,0,415739,0,0,-428.327,160.617,8389.14,7938.74,0,0
01:11:15:02:40:08,3783.63,3780.2,5.24881,0,5.2555,0,0,7938.83,415739,7060.66,0,0,0,415739,0,0,-427.468,160.633,8389.23,7938.83,0,0
01:11:15:02:40:09,3787.92,3780.48,5.25476,0,5.24881,0,0,7938.92,415739,7064.95,0,0,0,415739,0,0,-423.177,160.65,8389.32,7938.92,0,0
01:11:15:02:40:10,3785.63,3783.92,5.24882,0,5.25476,0,0,7939,415739,7062.66,0,0,0,415739,0,0,-425.465,160.667,8389.4,7939,0,0
01:11:15:02:40:11,3787.64,3784.78,5.25253,0,5.24882,0,0,7939.09,415739,7064.67,0,0,0,415739,0,0,-423.463,160.683,8389.49,7939.09,0,0
01:11:15:02:40:12,3785.63,3783.06,5.25626,0,5.25253,0,0,7939.18,415739,7062.66,0,0,0,415739,0,0,-425.465,160.7,8389.58,7939.18,0,0
01:11:15:02:40:13,3784.49,3787.92,5.25178,0,5.25626,0,0,7939.27,415739,7061.52,0,0,0,415739,0,0,-426.61,160.717,8389.67,7939.27,0,0
01:11:15:02:40:14,3787.06,3788.78,5.25736,0,5.25178,0,0,7939.35,415739,7064.09,0,0,0,415739,0,0,-424.035,160.733,8389.75,7939.35,0,0
01:11:15:02:40:15,3789.93,3786.49,5.26483,0,5.25736,0,0,7939.44,415739,7066.95,0,0,0,415739,0,0,-421.174,160.75,8389.84,7939.44,0,0
01:11:15:02:40:16,3792.21,3790.78,5.23879,0,5.26483,0,0,7939.53,415739,7069.24,0,0,0,415739,0,0,-418.885,160.767,8389.93,7939.53,0,0
01:11:15:02:40:17,3791.93,3791.93,5.2585,0,5.23879,0,0,7939.62,415739,7068.96,0,0,0,415739,0,0,-419.172,160.783,8390.02,7939.62,0,0
01:11:15:02:40:18,3791.07,3789.64,5.25402,0,5.2585,0,0,7939.7,415739,7068.1,0,0,0,415739,0,0,-420.03,160.8,8390.1,7939.7,0,0
01:11:15:02:40:19,3791.36,3793.65,5.25625,0.0106792,5.25402,0,0,7939.79,415739,7068.38,0,0,0,415739,0,0,-419.744,160.817,8390.19,7939.79,0,0
01:11:15:02:40:20,3790.78,3795.65,5.25811,0,5.25625,0,0,7939.88,415739,7067.81,0,0,0,415739,0,0,-420.316,160.833,8390.28,7939.88,0,0
01:11:15:02:40:21,3794.5,3793.36,5.25924,0.0120163,5.25811,0,0,7939.97,415739,7071.53,0,0,0,415739,0,0,-416.596,160.85,8390.37,7939.97,0,0
01:11:15:02:40:22,3793.36,3796.22,5.2596,0,5.25924,0,0,7940.05,415739,7070.39,0,0,0,415739,0,0,-417.741,160.867,8390.46,7940.05,0,0
01:11:15:02:40:23,3795.08,3798.22,5.25477,0,5.2596,0,0,7940.14,415739,7072.1,0,0,0,415739,0,0,-416.024,160.883,8390.54,7940.14,0,0
01:11:15:02:40:24,3793.36,3796.51,5.26259,0,5.25477,0,0,7940.23,415739,7070.39,0,0,0,415739,0,0,-417.741,160.9,8390.63,7940.23,0,0
01:11:15:02:40:25,3794.79,3799.08,5.2555,0,5.26259,0,0,7940.32,415739,7071.82,0,0,0,415739,0,0,-416.31,160.917,8390.72,7940.32,0,0
01:11:15:02:40:26,3801.37,3799.37,5.25068,0,5.2555,0,0,7940.4,415739,7078.4,0,0,0,415739,0,0,-409.73,160.933,8390.81,7940.4,0,0
01:11:15:02:40:27,3797.65,3800.8,5.25068,0,5.25068,0,0,7940.49,415739,7074.68,0,0,0,415739,0,0,-413.449,160.95,8390.89,7940.49,0,0
01:11:15:02:40:28,3799.08,3802.51,5.25253,0,5.25068,0,0,7940.58,415739,7076.11,0,0,0,415739,0,0,-412.018,160.967,8390.98,7940.58,0,0
01:11:15:02:40:29,3801.94,3803.09,5.25998,0.0106792,5.25253,0,0,7940.67,415739,7078.97,0,0,0,415739,0,0,-409.158,160.983,8391.07,7940.67,0,0
01:11:15:02:40:30,3800.8,3802.23,5.2555,0.0173569,5.25998,0,0,7940.75,415739,7077.83,0,0,0,415739,0,0,-410.302,161,8391.16,7940.75,0,0
01:11:15:02:40:31,3799.94,3804.52,5.25922,0.0200272,5.2555,0,0,7940.84,415739,7076.97,0,0,0,415739,0,0,-411.161,161.017,8391.24,7940.84,0,0
01:11:15:02:40:32,3803.09,3804.8,5.25922,0,5.25922,0,0,7940.93,415739,7080.12,0,0,0,415739,0,0,-408.013,161.033,8391.33,7940.93,0,0
01:11:15:02:40:33,3800.8,3804.52,5.24918,0,5.25922,0,0,7941.02,415739,7077.83,0,0,0,415739,0,0,-410.302,161.05,8391.42,7941.02,0,0
01:11:15:02:40:34,3800.51,3807.38,5.24882,0,5.24918,0,0,7941.1,415739,7077.54,0,0,0,415739,0,0,-410.588,161.067,8391.51,7941.1,0,0
01:11:15:02:40:35,3802.8,3805.95,5.25849,0,5.24882,0,0,7941.19,415739,7079.83,0,0,0,415739,0,0,-408.3,161.083,8391.59,7941.19,0,0
01:11:15:02:40:36,3803.94,3806.81,5.24621,0,5.25849,0,0,7941.28,415739,7080.97,0,0,0,415739,0,0,-407.155,161.1,8391.68,7941.28,0,0
01:11:15:02:40:37,3804.8,3810.24,5.2596,0,5.24621,0,0,7941.37,415739,7081.83,0,0,0,415739,0,0,-406.297,161.117,8391.77,7941.37,0,0
01:11:15:02:40:38,3807.66,3809.95,5.25551,0.00667572,5.2596,0,0,7941.46,415739,7084.69,0,0,0,415739,0,0,-403.436,161.133,8391.86,7941.46,0,0
01:11:15:02:40:39,3807.95,3809.38,5.25403,0,5.25551,0,0,7941.54,415739,7084.98,0,0,0,415739,0,0,-403.15,161.15,8391.94,7941.54,0,0
01:11:15:02:40:40,3805.38,3812.53,5.25923,0,5.25403,0,0,7941.63,415739,7082.4,0,0,0,415739,0,0,-405.725,161.167,8392.03,7941.63,0,0
01:11:15:02:40:41,3808.52,3812.24,5.25402,0,5.25923,0,0,7941.72,415739,7085.55,0,0,0,415739,0,0,-402.578,161.183,8392.12,7941.72,0,0
01:11:15:02:40:42,3807.09,3812.24,5.25737,0,5.25402,0,0,7941.81,415739,7084.12,0,0,0,415739,0,0,-404.008,161.2,8392.21,7941.81,0,0
01:11:15:02:40:43,3810.52,3814.53,5.24657,0,5.25737,0,0,7941.89,415739,7087.55,0,0,0,415739,0,0,-400.574,161.217,8392.29,7941.89,0,0
01:11:15:02:40:44,3813.96,3814.24,5.25997,0.0173569,5.24657,0,0,7941.98,415739,7090.99,0,0,0,415739,0,0,-397.142,161.233,8392.38,7941.98,0,0
01:11:15:02:40:45,3813.39,3815.39,5.25252,0,5.25997,0,0,7942.07,415739,7090.41,0,0,0,415739,0,0,-397.714,161.25,8392.47,7942.07,0,0
01:11:15:02:40:46,3809.67,3817.68,5.25364,0.0120163,5.25252,0,0,7942.16,415739,7086.7,0,0,0,415739,0,0,-401.433,161.267,8392.56,7942.16,0,0
01:11:15:02:40:47,3815.96,3816.82,5.25438,0.0146866,5.25364,0,0,7942.24,415739,7092.99,0,0,0,415739,0,0,-395.139,161.283,8392.64,7942.24,0,0
01:11:15:02:40:48,3813.39,3819.68,5.25364,0,5.25438,0,0,7942.33,415739,7090.41,0,0,0,415739,0,0,-397.714,161.3,8392.73,7942.33,0,0
01:11:15:02:40:49,3819.39,3820.54,5.25662,0,5.25364,0,0,7942.42,415739,7096.42,0,0,0,415739,0,0,-391.706,161.317,8392.82,7942.42,0,0
01:11:15:02:40:50,3820.54,3819.97,5.24919,0,5.25662,0,0,7942.51,415739,7097.57,0,0,0,415739,0,0,-390.561,161.333,8392.91,7942.51,0,0
01:11:15:02:40:51,3816.25,3821.11,5.26074,0,5.24919,0,0,7942.59,415739,7093.28,0,0,0,415739,0,0,-394.853,161.35,8392.99,7942.59,0,0
01:11:15:02:40:52,3815.1,3822.54,5.24993,0,5.26074,0,0,7942.68,415739,7092.13,0,0,0,415739,0,0,-395.997,161.367,8393.08,7942.68,0,0
01:11:15:02:40:53,3817.68,3821.97,5.25551,0,5.24993,0,0,7942.77,415739,7094.71,0,0,0,415739,0,0,-393.422,161.383,8393.17,7942.77,0,0
01:11:15:02:40:54,3816.53,3823.11,5.25292,0,5.25551,0,0,7942.86,415739,7093.56,0,0,0,415739,0,0,-394.566,161.4,8393.26,7942.86,0,0
01:11:15:02:40:55,3817.68,3824.26,5.25477,0,5.25292,0,0,7942.94,415739,7094.71,0,0,0,415739,0,0,-393.422,161.417,8393.34,7942.94,0,0
01:11:15:02:40:56,3820.25,3823.97,5.25587,0,5.25477,0,0,7943.03,415739,7097.28,0,0,0,415739,0,0,-390.848,161.433,8393.43,7943.03,0,0
01:11:15:02:40:57,3817.68,3824.83,5.2529,0,5.25587,0,0,7943.12,415739,7094.71,0,0,0,415739,0,0,-393.422,161.45,8393.52,7943.12,0,0
01:11:15:02:40:58,3821.4,3827.4,5.24735,0,5.2529,0,0,7943.21,415739,7098.43,0,0,0,415739,0,0,-389.703,161.467,8393.61,7943.21,0,0
01:11:15:02:40:59,3825.4,3827.12,5.25291,0,5.24735,0,0,7943.29,415739,7102.43,0,0,0,415739,0,0,-385.698,161.483,8393.69,7943.29,0,0
01:11:15:02:41:00,3822.83,3827.98,5.25291,0,5.25291,0,0,7943.38,415739,7099.86,0,0,0,415739,0,0,-388.273,161.5,8393.78,7943.38,0,0
01:11:15:02:41:01,3826.26,3828.26,5.24955,0,5.25291,0,0,7943.47,415739,7103.29,0,0,0,415739,0,0,-384.84,161.517,8393.87,7943.47,0,0
01:11:15:02:41:02,3829.69,3828.26,5.2596,0,5.24955,0,0,7943.56,415739,7106.72,0,0,0,415739,0,0,-381.406,161.533,8393.96,7943.56,0,0
01:11:15:02:41:03,3824.83,3830.27,5.2611,0,5.2596,0,0,7943.64,415739,7101.86,0,0,0,415739,0,0,-386.27,161.55,8394.04,7943.64,0,0
01:11:15:02:41:04,3827.12,3831.41,5.25513,0,5.2611,0,0,7943.73,415739,7104.15,0,0,0,415739,0,0,-383.981,161.567,8394.13,7943.73,0,0
01:11:15:02:41:05,3829.69,3829.12,5.25029,0.00667572,5.25513,0,0,7943.82,415739,7106.72,0,0,0,415739,0,0,-381.406,161.583,8394.22,7943.82,0,0
01:11:15:02:41:06,3824.83,3832.55,5.25215,0.0106792,5.25029,0,0,7943.91,415739,7101.86,0,0,0,415739,0,0,-386.27,161.6,8394.31,7943.91,0,0
01:11:15:02:41:07,3829.69,3833.41,5.25626,0.00267029,5.25215,0,0,7943.99,415739,7106.72,0,0,0,415739,0,0,-381.406,161.617,8394.39,7943.99,0,0
01:11:15:02:41:08,3828.26,3831.12,5.25477,0.00801086,5.25626,0,0,7944.08,415739,7105.29,0,0,0,415739,0,0,-382.837,161.633,8394.48,7944.08,0,0
01:11:15:02:41:09,3823.4,3833.7,5.25888,0.00801086,5.25477,0,0,7944.17,415739,7100.43,0,0,0,415739,0,0,-387.7,161.65,8394.57,7944.17,0,0
01:11:15:02:41:10,3826.26,3835.42,5.2529,0.00667572,5.25888,0,0,7944.26,415739,7103.29,0,0,0,415739,0,0,-384.84,161.667,8394.66,7944.26,0,0
01:11:15:02:41:11,3829.69,3834.27,5.25923,0.00267029,5.2529,0,0,7944.34,415739,7106.72,0,0,0,415739,0,0,-381.406,161.683,8394.74,7944.34,0,0
01:11:15:02:41:12,3829.98,3835.7,5.25742,0,5.25923,0,0,7944.43,415739,7107.01,0,0,0,415739,0,0,-381.12,161.7,8394.83,7944.43,0,0
01:11:15:02:41:13,3835.99,3837.7,5.26186,0.00133514,5.25742,0,0,7944.52,415739,7113.02,0,0,0,415739,0,0,-375.112,161.717,8394.92,7944.52,0,0
01:11:15:02:41:14,3836.85,3836.56,5.25699,0,5.26186,0,0,7944.61,415739,7113.87,0,0,0,415739,0,0,-374.254,161.733,8395.01,7944.61,0,0
01:11:15:02:41:15,3832.84,3838.28,5.2529,0,5.25699,0,0,7944.69,415739,7109.87,0,0,0,415739,0,0,-378.259,161.75,8395.09,7944.69,0,0
01:11:15:02:41:16,3837.42,3839.42,5.25963,0.0173569,5.2529,0,0,7944.78,415739,7114.45,0,0,0,415739,0,0,-373.681,161.767,8395.18,7944.78,0,0
01:11:15:02:41:17,3839.71,3840.28,5.24881,0.0120163,5.25963,0,0,7944.87,415739,7116.74,0,0,0,415739,0,0,-371.393,161.783,8395.27,7944.87,0,0
01:11:15:02:41:18,3836.56,3839.14,5.2585,0,5.24881,0,0,7944.96,415739,7113.59,0,0,0,415739,0,0,-374.54,161.8,8395.36,7944.96,0,0
01:11:15:02:41:19,3839.99,3840.57,5.25812,0,5.2585,0,0,7945.04,415739,7117.02,0,0,0,415739,0,0,-371.106,161.817,8395.44,7945.04,0,0
01:11:15:02:41:20,3841.14,3840.28,5.25812,0,5.25812,0,0,7945.13,415739,7118.17,0,0,0,415739,0,0,-369.962,161.833,8395.53,7945.13,0,0
01:11:15:02:41:21,3834.56,3841.42,5.25848,0,5.25812,0,0,7945.22,415739,7111.59,0,0,0,415739,0,0,-376.542,161.85,8395.62,7945.22,0,0
01:11:15:02:41:22,3842,3842.57,5.24732,0,5.25848,0,0,7945.31,415739,7119.02,0,0,0,415739,0,0,-369.104,161.867,8395.71,7945.31,0,0
01:11:15:02:41:23,3842.85,3840.57,5.24732,0,5.24732,0,0,7945.39,415739,7119.88,0,0,0,415739,0,0,-368.246,161.883,8395.79,7945.39,0,0
01:11:15:02:41:24,3840.85,3845.43,5.2529,0,5.24732,0,0,7945.48,415739,7117.88,0,0,0,415739,0,0,-370.248,161.9,8395.88,7945.48,0,0
01:11:15:02:41:25,3846.57,3846,5.25773,0,5.2529,0,0,7945.57,415739,7123.6,0,0,0,415739,0,0,-364.526,161.917,8395.97,7945.57,0,0
01:11:15:02:41:26,3844.86,3839.71,5.26072,0.00801086,5.25773,0,0,7945.66,415739,7121.89,0,0,0,415739,0,0,-366.242,161.933,8396.06,7945.66,0,0
01:11:15:02:41:27,3839.71,3843.43,5.25923,0.0213623,5.26072,0,0,7945.74,415739,7116.74,0,0,0,415739,0,0,-371.393,161.95,8396.14,7945.74,0,0
01:11:15:02:41:28,3843.14,3845.14,5.2451,0.0160217,5.25923,0,0,7945.83,415739,7120.17,0,0,0,415739,0,0,-367.959,161.967,8396.23,7945.83,0,0
01:11:15:02:41:29,3842,3843.43,5.25662,0.00667572,5.2451,0,0,7945.92,415739,7119.02,0,0,0,415739,0,0,-369.104,161.983,8396.32,7945.92,0,0
01:11:15:02:41:30,3842,3846,5.25662,0.00801086,5.25662,0,0,7946.01,415739,7119.02,0,0,0,415739,0,0,-369.104,162,8396.41,7946.01,0,0
01:11:15:02:41:31,3847.15,3850.29,5.24806,0.00934601,5.25662,0,0,7946.09,415739,7124.17,0,0,0,415739,0,0,-363.954,162.017,8396.49,7946.09,0,0
01:11:15:02:41:32,3845.14,3846.86,5.2555,0.0547428,5.24806,0,0,7946.18,415739,7122.17,0,0,0,415739,0,0,-365.957,162.033,8396.58,7946.18,0,0
01:11:15:02:41:33,3839.99,3849.72,5.25924,0.0293751,5.2555,0,0,7946.27,415739,7117.02,0,0,0,415739,0,0,-371.11,162.05,8396.67,7946.27,0,0
01:11:15:02:41:34,3844,3850.29,5.25364,0.00934601,5.25924,0,0,7946.36,415739,7121.02,0,0,0,415739,0,0,-367.108,162.067,8396.76,7946.36,0,0
01:11:15:02:41:35,3844.57,3849.43,5.25364,0.037384,5.25364,0,0,7946.44,415739,7121.59,0,0,0,415739,0,0,-366.539,162.083,8396.84,7946.44,0,0
01:11:15:02:41:36,3843.71,3850.87,5.24771,0.0146866,5.25364,0,0,7946.53,415739,7120.73,0,0,0,415739,0,0,-367.4,162.1,8396.93,7946.53,0,0
01:11:15:02:41:37,3845.14,3851.72,5.26259,0,5.24771,0,0,7946.62,415739,7122.16,0,0,0,415739,0,0,-365.972,162.117,8397.02,7946.62,0,0
01:11:15:02:41:38,3847.43,3851.15,5.24658,0,5.26259,0,0,7946.71,415739,7124.44,0,0,0,415739,0,0,-363.686,162.133,8397.11,7946.71,0,0
01:11:15:02:41:39,3847.72,3854.87,5.26185,0,5.24658,0,0,7946.79,415739,7124.73,0,0,0,415739,0,0,-363.403,162.15,8397.19,7946.79,0,0
01:11:15:02:41:40,3851.15,3855.44,5.25624,0.0120163,5.26185,0,0,7946.88,415739,7128.16,0,0,0,415739,0,0,-359.972,162.167,8397.28,7946.88,0,0
01:11:15:02:41:41,3851.44,3853.15,5.25066,0.00133514,5.25624,0,0,7946.97,415739,7128.44,0,0,0,415739,0,0,-359.689,162.183,8397.37,7946.97,0,0
01:11:15:02:41:42,3848.58,3856.59,5.25588,0.0106792,5.25066,0,0,7947.06,415739,7125.58,0,0,0,415739,0,0,-362.552,162.2,8397.46,7947.06,0,0
01:11:15:02:41:43,3853.15,3856.01,5.25624,0,5.25588,0,0,7947.14,415739,7130.15,0,0,0,415739,0,0,-357.977,162.217,8397.54,7947.14,0,0
01:11:15:02:41:44,3851.72,3855.73,5.26184,0,5.25624,0,0,7947.23,415739,7128.72,0,0,0,415739,0,0,-359.41,162.233,8397.63,7947.23,0,0
01:11:15:02:41:45,3848.29,3859.16,5.24992,0,5.26184,0,0,7947.32,415739,7125.28,0,0,0,415739,0,0,-362.846,162.25,8397.72,7947.32,0,0
01:11:15:02:41:46,3856.59,3858.59,5.25848,0,5.24992,0,0,7947.41,415739,7133.58,0,0,0,415739,0,0,-354.552,162.267,8397.81,7947.41,0,0
01:11:15:02:41:47,3856.3,3857.73,5.24769,0,5.25848,0,0,7947.49,415739,7133.29,0,0,0,415739,0,0,-354.841,162.283,8397.9,7947.49,0,0
01:11:15:02:41:48,3854.87,3860.59,5.25588,0,5.24769,0,0,7947.58,415739,7131.85,0,0,0,415739,0,0,-356.273,162.3,8397.98,7947.58,0,0
01:11:15:02:41:49,3857.16,3859.73,5.25142,0,5.25588,0,0,7947.67,415739,7134.14,0,0,0,415739,0,0,-353.987,162.317,8398.07,7947.67,0,0
01:11:15:02:41:50,3858.02,3860.31,5.24586,0.00667572,5.25142,0,0,7947.76,415739,7135,0,0,0,415739,0,0,-353.131,162.333,8398.16,7947.76,0,0
01:11:15:02:41:51,3860.02,3863.17,5.25775,0.00934601,5.24586,0,0,7947.84,415739,7137,0,0,0,415739,0,0,-351.13,162.35,8398.25,7947.84,0,0
01:11:15:02:41:52,3863.17,3862.6,5.25326,0,5.25775,0,0,7947.93,415739,7140.14,0,0,0,415739,0,0,-347.986,162.367,8398.33,7947.93,0,0
01:11:15:02:41:53,3859.45,3860.88,5.25105,0,5.25326,0,0,7948.02,415739,7136.42,0,0,0,415739,0,0,-351.707,162.383,8398.42,7948.02,0,0
01:11:15:02:41:54,3858.02,3863.74,5.26034,0,5.25105,0,0,7948.11,415739,7134.99,0,0,0,415739,0,0,-353.14,162.4,8398.51,7948.11,0,0
01:11:15:02:41:55,3862.31,3863.74,5.25292,0,5.26034,0,0,7948.19,415739,7139.28,0,0,0,415739,0,0,-348.85,162.417,8398.6,7948.19,0,0
01:11:15:02:41:56,3859.16,3863.45,5.25291,0.00267029,5.25292,0,0,7948.28,415739,7136.13,0,0,0,415739,0,0,-352,162.433,8398.68,7948.28,0,0
01:11:15:02:41:57,3862.88,3866.03,5.24992,0,5.25291,0,0,7948.37,415739,7139.85,0,0,0,415739,0,0,-348.283,162.45,8398.77,7948.37,0,0
01:11:15:02:41:58,3864.31,3866.89,5.25922,0.00267029,5.24992,0,0,7948.46,415739,7141.27,0,0,0,415739,0,0,-346.855,162.467,8398.86,7948.46,0,0
01:11:15:02:41:59,3864.88,3866.31,5.25289,0.0320435,5.25922,0,0,7948.55,415739,7141.84,0,0,0,415739,0,0,-346.284,162.483,8398.95,7948.55,0,0
01:11:15:02:42:00,3866.89,3868.89,5.25215,0.0574112,5.25289,0,0,7948.63,415739,7143.84,0,0,0,415739,0,0,-344.284,162.5,8399.03,7948.63,0,0
01:11:15:02:42:01,3868.89,3869.46,5.24993,0.0240326,5.25215,0,0,7948.72,415739,7145.85,0,0,0,415739,0,0,-342.283,162.517,8399.12,7948.72,0,0
01:11:15:02:42:02,3867.75,3869.18,5.25066,0,5.24993,0,0,7948.81,415739,7144.7,0,0,0,415739,0,0,-343.43,162.533,8399.21,7948.81,0,0
01:11:15:02:42:03,3867.75,3870.89,5.26371,0,5.25066,0,0,7948.9,415739,7144.7,0,0,0,415739,0,0,-343.431,162.55,8399.3,7948.9,0,0
01:11:15:02:42:04,3870.32,3871.46,5.26371,0,5.26371,0,0,7948.98,415739,7147.27,0,0,0,415739,0,0,-340.858,162.567,8399.38,7948.98,0,0
01:11:15:02:42:05,3867.75,3870.89,5.25775,0.00400543,5.26371,0,0,7949.07,415739,7144.69,0,0,0,415739,0,0,-343.435,162.583,8399.47,7949.07,0,0
01:11:15:02:42:06,3868.6,3872.9,5.26185,0.00267029,5.25775,0,0,7949.16,415739,7145.55,0,0,0,415739,0,0,-342.578,162.6,8399.56,7949.16,0,0
01:11:15:02:42:07,3871.46,3873.47,5.24955,0,5.26185,0,0,7949.25,415739,7148.41,0,0,0,415739,0,0,-339.719,162.617,8399.65,7949.25,0,0
01:11:15:02:42:08,3866.89,3873.18,5.25253,0,5.24955,0,0,7949.33,415739,7143.83,0,0,0,415739,0,0,-344.298,162.633,8399.73,7949.33,0,0
01:11:15:02:42:09,3868.89,3875.18,5.26036,0,5.25253,0,0,7949.42,415739,7145.83,0,0,0,415739,0,0,-342.297,162.65,8399.82,7949.42,0,0
01:11:15:02:42:10,3872.32,3875.47,5.25514,0,5.26036,0,0,7949.51,415739,7149.26,0,0,0,415739,0,0,-338.866,162.667,8399.91,7949.51,0,0
01:11:15:02:42:11,3870.89,3875.47,5.25514,0,5.25514,0,0,7949.6,415739,7147.83,0,0,0,415739,0,0,-340.298,162.683,8400,7949.6,0,0
01:11:15:02:42:12,3871.46,3877.47,5.25365,0,5.25514,0,0,7949.68,415739,7148.4,0,0,0,415739,0,0,-339.727,162.7,8400.08,7949.68,0,0
01:11:15:02:42:13,3877.19,3877.19,5.24769,0.00534058,5.25365,0,0,7949.77,415739,7154.12,0,0,0,415739,0,0,-334.007,162.717,8400.17,7949.77,0,0
01:11:15:02:42:14,3872.9,3876.9,5.25998,0,5.24769,0,0,7949.86,415739,7149.83,0,0,0,415739,0,0,-338.299,162.733,8400.26,7949.86,0,0
01:11:15:02:42:15,3874.33,3879.19,5.25364,0,5.25998,0,0,7949.95,415739,7151.26,0,0,0,415739,0,0,-336.87,162.75,8400.35,7949.95,0,0
01:11:15:02:42:16,3874.9,3878.33,5.25514,0,5.25364,0,0,7950.03,415739,7151.83,0,0,0,415739,0,0,-336.299,162.767,8400.43,7950.03,0,0
01:11:15:02:42:17,3869.18,3878.33,5.25253,0,5.25514,0,0,7950.12,415739,7146.1,0,0,0,415739,0,0,-342.023,162.783,8400.52,7950.12,0,0
01:11:15:02:42:18,3873.47,3879.48,5.25439,0,5.25253,0,0,7950.21,415739,7150.4,0,0,0,415739,0,0,-337.732,162.8,8400.61,7950.21,0,0
01:11:15:02:42:19,3880.62,3880.05,5.25736,0.00267029,5.25439,0,0,7950.3,415739,7157.55,0,0,0,415739,0,0,-330.582,162.817,8400.7,7950.3,0,0
01:11:15:02:42:20,3877.19,3881.19,5.25253,0.0213623,5.25736,0,0,7950.38,415739,7154.11,0,0,0,415739,0,0,-334.016,162.833,8400.78,7950.38,0,0
01:11:15:02:42:21,3878.9,3884.34,5.25886,0.00133514,5.25253,0,0,7950.47,415739,7155.83,0,0,0,415739,0,0,-332.301,162.85,8400.87,7950.47,0,0
01:11:15:02:42:22,3881.76,3882.91,5.25178,0.00133514,5.25886,0,0,7950.56,415739,7158.69,0,0,0,415739,0,0,-329.441,162.867,8400.96,7950.56,0,0
01:11:15:02:42:23,3879.48,3883.19,5.25217,0,5.25178,0,0,7950.65,415739,7156.4,0,0,0,415739,0,0,-331.73,162.883,8401.05,7950.65,0,0
01:11:15:02:42:24,3880.91,3885.48,5.25439,0.0253696,5.25217,0,0,7950.73,415739,7157.83,0,0,0,415739,0,0,-330.301,162.9,8401.13,7950.73,0,0
01:11:15:02:42:25,3879.76,3884.63,5.25776,0.0293751,5.25439,0,0,7950.82,415739,7156.68,0,0,0,415739,0,0,-331.447,162.917,8401.22,7950.82,0,0
01:11:15:02:42:26,3877.76,3885.77,5.25924,0.018692,5.25776,0,0,7950.91,415739,7154.68,0,0,0,415739,0,0,-333.45,162.933,8401.31,7950.91,0,0
01:11:15:02:42:27,3882.05,3887.49,5.25999,0,5.25924,0,0,7951,415739,7158.97,0,0,0,415739,0,0,-329.16,162.95,8401.4,7951,0,0
01:11:15:02:42:28,3882.62,3886.06,5.25664,0.0120163,5.25999,0,0,7951.08,415739,7159.54,0,0,0,415739,0,0,-328.589,162.967,8401.48,7951.08,0,0
01:11:15:02:42:29,3877.47,3886.34,5.25104,0,5.25664,0,0,7951.17,415739,7154.39,0,0,0,415739,0,0,-333.739,162.983,8401.57,7951.17,0,0
01:11:15:02:42:30,3882.91,3886.34,5.25404,0.0213623,5.25104,0,0,7951.26,415739,7159.82,0,0,0,415739,0,0,-328.304,163,8401.66,7951.26,0,0
01:11:15:02:42:31,3884.91,3886.34,5.25588,0.00267029,5.25404,0,0,7951.35,415739,7161.83,0,0,0,415739,0,0,-326.302,163.017,8401.75,7951.35,0,0
01:11:15:02:42:32,3881.76,3887.2,5.25775,0,5.25588,0,0,7951.43,415739,7158.68,0,0,0,415739,0,0,-329.45,163.033,8401.83,7951.43,0,0
01:11:15:02:42:33,3887.49,3890.06,5.2611,0,5.25775,0,0,7951.52,415739,7164.4,0,0,0,415739,0,0,-323.729,163.05,8401.92,7951.52,0,0
01:11:15:02:42:34,3890.06,3889.49,5.25887,0,5.2611,0,0,7951.61,415739,7166.97,0,0,0,415739,0,0,-321.155,163.067,8402.01,7951.61,0,0
01:11:15:02:42:35,3886.34,3891.21,5.25178,0,5.25887,0,0,7951.7,415739,7163.25,0,0,0,415739,0,0,-324.875,163.083,8402.1,7951.7,0,0
01:11:15:02:42:36,3888.92,3891.78,5.25513,0,5.25178,0,0,7951.78,415739,7165.83,0,0,0,415739,0,0,-322.3,163.1,8402.18,7951.78,0,0
01:11:15:02:42:37,3891.21,3892.35,5.25439,0.0160217,5.25513,0,0,7951.87,415739,7168.12,0,0,0,415739,0,0,-320.012,163.117,8402.27,7951.87,0,0
01:11:15:02:42:38,3886.34,3892.06,5.26371,0,5.25439,0,0,7951.96,415739,7163.25,0,0,0,415739,0,0,-324.876,163.133,8402.36,7951.96,0,0
01:11:15:02:42:39,3887.49,3894.35,5.24288,0,5.26371,0,0,7952.05,415739,7164.4,0,0,0,415739,0,0,-323.733,163.15,8402.45,7952.05,0,0
01:11:15:02:42:40,3889.49,3891.78,5.24288,0,5.24288,0,0,7952.13,415739,7166.4,0,0,0,415739,0,0,-321.731,163.167,8402.53,7952.13,0,0
01:11:15:02:42:41,3885.2,3895.5,5.2529,0,5.24288,0,0,7952.22,415739,7162.11,0,0,0,415739,0,0,-326.023,163.183,8402.62,7952.22,0,0
01:11:15:02:42:42,3884.91,3896.36,5.25067,0,5.2529,0,0,7952.31,415739,7161.82,0,0,0,415739,0,0,-326.309,163.2,8402.71,7952.31,0,0
01:11:15:02:42:43,3890.06,3894.64,5.25663,0.0253696,5.25067,0,0,7952.4,415739,7166.97,0,0,0,415739,0,0,-321.16,163.217,8402.8,7952.4,0,0
01:11:15:02:42:44,3890.63,3896.36,5.26299,0.018692,5.25663,0,0,7952.48,415739,7167.54,0,0,0,415739,0,0,-320.588,163.233,8402.88,7952.48,0,0
01:11:15:02:42:45,3893.49,3898.64,5.25438,0.0547428,5.26299,0,0,7952.57,415739,7170.4,0,0,0,415739,0,0,-317.728,163.25,8402.97,7952.57,0,0
01:11:15:02:42:46,3890.63,3896.93,5.25438,0.0160217,5.25438,0,0,7952.66,415739,7167.54,0,0,0,415739,0,0,-320.589,163.267,8403.06,7952.66,0,0
01:11:15:02:42:47,3888.06,3899.22,5.26,0,5.25438,0,0,7952.75,415739,7164.96,0,0,0,415739,0,0,-323.164,163.283,8403.15,7952.75,0,0
01:11:15:02:42:48,3889.78,3900.65,5.25963,0.0347137,5.26,0,0,7952.83,415739,7166.68,0,0,0,415739,0,0,-321.447,163.3,8403.23,7952.83,0,0
01:11:15:02:42:49,3891.49,3898.36,5.25664,0,5.25963,0,0,7952.92,415739,7168.4,0,0,0,415739,0,0,-319.731,163.317,8403.32,7952.92,0,0
01:11:15:02:42:50,3890.06,3899.5,5.25664,0,5.25664,0,0,7953.01,415739,7166.97,0,0,0,415739,0,0,-321.161,163.333,8403.41,7953.01,0,0
01:11:15:02:42:51,3896.07,3901.79,5.26146,0,5.25664,0,0,7953.1,415739,7172.98,0,0,0,415739,0,0,-315.153,163.35,8403.5,7953.1,0,0
01:11:15:02:42:52,3896.36,3899.5,5.25475,0.00133514,5.26146,0,0,7953.18,415739,7173.26,0,0,0,415739,0,0,-314.868,163.367,8403.58,7953.18,0,0
01:11:15:02:42:53,3892.92,3901.51,5.25475,0,5.25475,0,0,7953.27,415739,7169.83,0,0,0,415739,0,0,-318.301,163.383,8403.67,7953.27,0,0
01:11:15:02:42:54,3898.64,3903.79,5.24807,0,5.25475,0,0,7953.36,415739,7175.55,0,0,0,415739,0,0,-312.578,163.4,8403.76,7953.36,0,0
01:11:15:02:42:55,3898.36,3902.08,5.25141,0,5.24807,0,0,7953.45,415739,7175.26,0,0,0,415739,0,0,-312.864,163.417,8403.85,7953.45,0,0
01:11:15:02:42:56,3894.07,3902.94,5.26409,0,5.25141,0,0,7953.53,415739,7170.97,0,0,0,415739,0,0,-317.156,163.433,8403.93,7953.53,0,0
01:11:15:02:42:57,3897.5,3905.22,5.26409,0,5.26409,0,0,7953.62,415739,7174.41,0,0,0,415739,0,0,-313.722,163.45,8404.02,7953.62,0,0
01:11:15:02:42:58,3900.36,3901.79,5.25813,0,5.26409,0,0,7953.71,415739,7177.27,0,0,0,415739,0,0,-310.861,163.467,8404.11,7953.71,0,0
01:11:15:02:42:59,3894.92,3905.51,5.25997,0,5.25813,0,0,7953.8,415739,7171.83,0,0,0,415739,0,0,-316.297,163.483,8404.2,7953.8,0,0
01:11:15:02:43:00,3898.93,3905.22,5.25887,0,5.25997,0,0,7953.88,415739,7175.84,0,0,0,415739,0,0,-312.292,163.5,8404.29,7953.88,0,0
01:11:15:02:43:01,3900.93,3902.94,5.2555,0,5.25887,0,0,7953.97,415739,7177.84,0,0,0,415739,0,0,-310.289,163.517,8404.37,7953.97,0,0
01:11:15:02:43:02,3898.93,3906.65,5.25812,0,5.2555,0,0,7954.06,415739,7175.84,0,0,0,415739,0,0,-312.291,163.533,8404.46,7954.06,0,0
01:11:15:02:43:03,3901.51,3907.23,5.25365,0.00801086,5.25812,0,0,7954.15,415739,7178.41,0,0,0,415739,0,0,-309.716,163.55,8404.55,7954.15,0,0
01:11:15:02:43:04,3901.79,3905.22,5.2529,0.00667572,5.25365,0,0,7954.23,415739,7178.7,0,0,0,415739,0,0,-309.429,163.567,8404.63,7954.23,0,0
01:11:15:02:43:05,3899.22,3908.09,5.24806,0.00667572,5.2529,0,0,7954.32,415739,7176.12,0,0,0,415739,0,0,-312.004,163.583,8404.72,7954.32,0,0
01:11:15:02:43:06,3903.51,3908.09,5.2626,0.00400543,5.24806,0,0,7954.41,415739,7180.42,0,0,0,415739,0,0,-307.712,163.6,8404.81,7954.41,0,0
01:11:15:02:43:07,3901.22,3904.94,5.26224,0,5.2626,0,0,7954.5,415739,7178.13,0,0,0,415739,0,0,-310,163.617,8404.9,7954.5,0,0
01:11:15:02:43:08,3899.22,3908.37,5.26224,0,5.26224,0,0,7954.58,415739,7176.13,0,0,0,415739,0,0,-312.002,163.633,8404.99,7954.58,0,0
01:11:15:02:43:09,3905.22,3909.52,5.25476,0,5.26224,0,0,7954.67,415739,7182.13,0,0,0,415739,0,0,-305.994,163.65,8405.07,7954.67,0,0
01:11:15:02:43:10,3902.36,3907.23,5.25253,0.0267029,5.25476,0,0,7954.76,415739,7179.27,0,0,0,415739,0,0,-308.854,163.667,8405.16,7954.76,0,0
01:11:15:02:43:11,3900.93,3910.66,5.25255,0.00267029,5.25253,0,0,7954.85,415739,7177.84,0,0,0,415739,0,0,-310.284,163.683,8405.25,7954.85,0,0
01:11:15:02:43:12,3906.94,3912.95,5.26111,0.0240326,5.25255,0,0,7954.93,415739,7183.85,0,0,0,415739,0,0,-304.275,163.7,8405.33,7954.93,0,0
01:11:15:02:43:13,3904.37,3909.8,5.25699,0.0253696,5.26111,0,0,7955.02,415739,7181.28,0,0,0,415739,0,0,-306.849,163.717,8405.42,7955.02,0,0
01:11:15:02:43:14,3900.65,3911.8,5.25438,0.0333786,5.25699,0,0,7955.11,415739,7177.56,0,0,0,415739,0,0,-310.567,163.733,8405.51,7955.11,0,0
01:11:15:02:43:15,3906.94,3914.67,5.25662,0.0360508,5.25438,0,0,7955.2,415739,7183.86,0,0,0,415739,0,0,-304.272,163.75,8405.6,7955.2,0,0
01:11:15:02:43:16,3908.94,3911.52,5.25811,0.028038,5.25662,0,0,7955.29,415739,7185.86,0,0,0,415739,0,0,-302.269,163.767,8405.69,7955.29,0,0
01:11:15:02:43:17,3905.8,3914.67,5.25588,0.00667572,5.25811,0,0,7955.37,415739,7182.71,0,0,0,415739,0,0,-305.416,163.783,8405.77,7955.37,0,0
01:11:15:02:43:18,3909.52,3914.67,5.25811,0,5.25588,0,0,7955.46,415739,7186.43,0,0,0,415739,0,0,-301.695,163.8,8405.86,7955.46,0,0
01:11:15:02:43:19,3908.09,3913.52,5.25627,0.00534058,5.25811,0,0,7955.55,415739,7185,0,0,0,415739,0,0,-303.124,163.817,8405.95,7955.55,0,0
01:11:15:02:43:20,3905.51,3916.67,5.25513,0,5.25627,0,0,7955.64,415739,7182.43,0,0,0,415739,0,0,-305.699,163.833,8406.04,7955.64,0,0
01:11:15:02:43:21,3911.52,3915.81,5.257,0.0106792,5.25513,0,0,7955.72,415739,7188.44,0,0,0,415739,0,0,-299.69,163.85,8406.12,7955.72,0,0
01:11:15:02:43:22,3907.51,3914.38,5.26597,0,5.257,0,0,7955.81,415739,7184.43,0,0,0,415739,0,0,-303.694,163.867,8406.21,7955.81,0,0
01:11:15:02:43:23,3907.51,3918.1,5.26597,0,5.26597,0,0,7955.9,415739,7184.44,0,0,0,415739,0,0,-303.693,163.883,8406.3,7955.9,0,0
01:11:15:02:43:24,3912.09,3918.1,5.25588,0,5.26597,0,0,7955.99,415739,7189.01,0,0,0,415739,0,0,-299.114,163.9,8406.39,7955.99,0,0
01:11:15:02:43:25,3911.23,3917.24,5.26035,0,5.25588,0,0,7956.07,415739,7188.16,0,0,0,415739,0,0,-299.971,163.917,8406.47,7956.07,0,0
01:11:15:02:43:26,3910.37,3919.82,5.25178,0,5.26035,0,0,7956.16,415739,7187.3,0,0,0,415739,0,0,-300.828,163.933,8406.56,7956.16,0,0
01:11:15:02:43:27,3912.38,3919.82,5.25365,0.00400543,5.25178,0,0,7956.25,415739,7189.3,0,0,0,415739,0,0,-298.824,163.95,8406.65,7956.25,0,0
01:11:15:02:43:28,3912.38,3917.81,5.26484,0,5.25365,0,0,7956.34,415739,7189.31,0,0,0,415739,0,0,-298.823,163.967,8406.74,7956.34,0,0
01:11:15:02:43:29,3909.52,3922.1,5.25216,0,5.26484,0,0,7956.42,415739,7186.45,0,0,0,415739,0,0,-301.682,163.983,8406.82,7956.42,0,0
01:11:15:02:43:30,3914.38,3921.53,5.26184,0,5.25216,0,0,7956.51,415739,7191.31,0,0,0,415739,0,0,-296.818,164,8406.91,7956.51,0,0
01:11:15:02:43:31,3913.52,3920.1,5.25103,0,5.26184,0,0,7956.6,415739,7190.45,0,0,0,415739,0,0,-297.674,164.017,8407,7956.6,0,0
01:11:15:02:43:32,3913.24,3922.68,5.25289,0,5.25103,0,0,7956.69,415739,7190.17,0,0,0,415739,0,0,-297.959,164.033,8407.09,7956.69,0,0
01:11:15:02:43:33,3916.38,3923.53,5.25104,0,5.25289,0,0,7956.77,415739,7193.32,0,0,0,415739,0,0,-294.811,164.05,8407.17,7956.77,0,0
01:11:15:02:43:34,3915.24,3921.82,5.25401,0.0106792,5.25104,0,0,7956.86,415739,7192.17,0,0,0,415739,0,0,-295.953,164.067,8407.26,7956.86,0,0
01:11:15:02:43:35,3914.09,3925.54,5.2544,0.00133514,5.25401,0,0,7956.95,415739,7191.03,0,0,0,415739,0,0,-297.096,164.083,8407.35,7956.95,0,0
01:11:15:02:43:36,3916.95,3924.68,5.25476,0.0160217,5.2544,0,0,7957.04,415739,7193.89,0,0,0,415739,0,0,-294.234,164.1,8407.44,7957.04,0,0
01:11:15:02:43:37,3915.52,3924.39,5.26819,0,5.25476,0,0,7957.12,415739,7192.47,0,0,0,415739,0,0,-295.662,164.117,8407.52,7957.12,0,0
01:11:15:02:43:38,3911.8,3926.11,5.24881,0.0133514,5.26819,0,0,7957.21,415739,7188.75,0,0,0,415739,0,0,-299.38,164.133,8407.61,7957.21,0,0
01:11:15:02:43:39,3917.81,3925.54,5.25925,0.00400543,5.24881,0,0,7957.3,415739,7194.76,0,0,0,415739,0,0,-293.371,164.15,8407.7,7957.3,0,0
01:11:15:02:43:40,3914.38,3926.68,5.25365,0,5.25925,0,0,7957.39,415739,7191.33,0,0,0,415739,0,0,-296.802,164.167,8407.79,7957.39,0,0
01:11:15:02:43:41,3915.81,3927.83,5.25105,0.00534058,5.25365,0,0,7957.47,415739,7192.76,0,0,0,415739,0,0,-295.37,164.183,8407.87,7957.47,0,0
01:11:15:02:43:42,3921.53,3927.54,5.26371,0,5.25105,0,0,7957.56,415739,7198.48,0,0,0,415739,0,0,-289.646,164.2,8407.96,7957.56,0,0
01:11:15:02:43:43,3921.25,3927.25,5.25438,0,5.26371,0,0,7957.65,415739,7198.2,0,0,0,415739,0,0,-289.93,164.217,8408.05,7957.65,0,0
01:11:15:02:43:44,3921.53,3930.4,5.2529,0,5.25438,0,0,7957.74,415739,7198.49,0,0,0,415739,0,0,-289.641,164.233,8408.14,7957.74,0,0
01:11:15:02:43:45,3924.11,3929.54,5.25736,0,5.2529,0,0,7957.82,415739,7201.06,0,0,0,415739,0,0,-287.066,164.25,8408.22,7957.82,0,0
01:11:15:02:43:46,3919.82,3928.4,5.2555,0.0200272,5.25736,0,0,7957.91,415739,7196.77,0,0,0,415739,0,0,-291.355,164.267,8408.31,7957.91,0,0
01:11:15:02:43:47,3921.53,3931.83,5.2667,0,5.2555,0,0,7958,415739,7198.49,0,0,0,415739,0,0,-289.636,164.283,8408.4,7958,0,0
01:11:15:02:43:48,3924.68,3930.97,5.25326,0,5.2667,0,0,7958.09,415739,7201.64,0,0,0,415739,0,0,-286.487,164.3,8408.49,7958.09,0,0
01:11:15:02:43:49,3921.25,3929.54,5.25625,0.00534058,5.25326,0,0,7958.17,415739,7198.21,0,0,0,415739,0,0,-289.918,164.317,8408.57,7958.17,0,0
01:11:15:02:43:50,3918.1,3931.26,5.2544,0,5.25625,0,0,7958.26,415739,7195.06,0,0,0,415739,0,0,-293.063,164.333,8408.66,7958.26,0,0
01:11:15:02:43:51,3921.82,3931.83,5.25103,0,5.2544,0,0,7958.35,415739,7198.79,0,0,0,415739,0,0,-289.342,164.35,8408.75,7958.35,0,0
01:11:15:02:43:52,3917.24,3930.12,5.26259,0,5.25103,0,0,7958.44,415739,7194.21,0,0,0,415739,0,0,-293.917,164.367,8408.84,7958.44,0,0
01:11:15:02:43:53,3922.39,3933.26,5.25587,0,5.26259,0,0,7958.52,415739,7199.36,0,0,0,415739,0,0,-288.765,164.383,8408.92,7958.52,0,0
01:11:15:02:43:54,3926.11,3932.98,5.25587,0.0240326,5.25587,0,0,7958.61,415739,7203.08,0,0,0,415739,0,0,-285.043,164.4,8409.01,7958.61,0,0
01:11:15:02:43:55,3924.68,3932.4,5.25773,0.0106792,5.25587,0,0,7958.7,415739,7201.66,0,0,0,415739,0,0,-286.471,164.417,8409.1,7958.7,0,0
01:11:15:02:43:56,3924.11,3934.12,5.25141,0,5.25773,0,0,7958.79,415739,7201.09,0,0,0,415739,0,0,-287.042,164.433,8409.19,7958.79,0,0
01:11:15:02:43:57,3926.68,3933.55,5.25141,0,5.25141,0,0,7958.87,415739,7203.66,0,0,0,415739,0,0,-284.464,164.45,8409.27,7958.87,0,0
01:11:15:02:43:58,3923.82,3934.12,5.25327,0.00133514,5.25141,0,0,7958.96,415739,7200.81,0,0,0,415739,0,0,-287.323,164.467,8409.36,7958.96,0,0
01:11:15:02:43:59,3924.97,3935.26,5.26076,0.0200272,5.25327,0,0,7959.05,415739,7201.95,0,0,0,415739,0,0,-286.176,164.483,8409.45,7959.05,0,0
01:11:15:02:44:00,3929.26,3934.41,5.25515,0.0200272,5.26076,0,0,7959.14,415739,7206.25,0,0,0,415739,0,0,-281.882,164.5,8409.54,7959.14,0,0
01:11:15:02:44:01,3927.25,3934.12,5.25515,0.00934601,5.25515,0,0,7959.22,415739,7204.25,0,0,0,415739,0,0,-283.882,164.517,8409.62,7959.22,0,0
01:11:15:02:44:02,3926.97,3936.7,5.25589,0.0120163,5.25515,0,0,7959.31,415739,7203.96,0,0,0,415739,0,0,-284.166,164.533,8409.71,7959.31,0,0
01:11:15:02:44:03,3932.98,3937.55,5.26334,0.00133514,5.25589,0,0,7959.4,415739,7209.97,0,0,0,415739,0,0,-278.155,164.55,8409.8,7959.4,0,0
01:11:15:02:44:04,3928.68,3936.98,5.25105,0,5.26334,0,0,7959.49,415739,7205.68,0,0,0,415739,0,0,-282.444,164.567,8409.89,7959.49,0,0
01:11:15:02:44:05,3930.4,3939.56,5.26297,0,5.25105,0,0,7959.57,415739,7207.4,0,0,0,415739,0,0,-280.725,164.583,8409.97,7959.57,0,0
01:11:15:02:44:06,3932.12,3938.7,5.25289,0,5.26297,0,0,7959.66,415739,7209.12,0,0,0,415739,0,0,-279.005,164.6,8410.06,7959.66,0,0
01:11:15:02:44:07,3927.83,3938.7,5.25141,0.00133514,5.25289,0,0,7959.75,415739,7204.83,0,0,0,415739,0,0,-283.295,164.617,8410.15,7959.75,0,0
01:11:15:02:44:08,3931.83,3941.27,5.2555,0.00133514,5.25141,0,0,7959.84,415739,7208.84,0,0,0,415739,0,0,-279.286,164.633,8410.24,7959.84,0,0
01:11:15:02:44:09,3935.84,3939.84,5.25291,0,5.2555,0,0,7959.92,415739,7212.85,0,0,0,415739,0,0,-275.277,164.65,8410.32,7959.92,0,0
01:11:15:02:44:10,3931.55,3941.85,5.25774,0.0226975,5.25291,0,0,7960.01,415739,7208.56,0,0,0,415739,0,0,-279.567,164.667,8410.41,7960.01,0,0
01:11:15:02:44:11,3933.83,3944.13,5.25476,0.0173569,5.25774,0,0,7960.1,415739,7210.85,0,0,0,415739,0,0,-277.275,164.683,8410.5,7960.1,0,0
01:11:15:02:44:12,3936.7,3943.56,5.2652,0,5.25476,0,0,7960.19,415739,7213.72,0,0,0,415739,0,0,-274.411,164.7,8410.59,7960.19,0,0
01:11:15:02:44:13,3933.55,3942.99,5.24992,0,5.2652,0,0,7960.27,415739,7210.57,0,0,0,415739,0,0,-277.555,164.717,8410.67,7960.27,0,0
01:11:15:02:44:14,3933.83,3945.56,5.25401,0,5.24992,0,0,7960.36,415739,7210.86,0,0,0,415739,0,0,-277.266,164.733,8410.76,7960.36,0,0
01:11:15:02:44:15,3936.41,3942.99,5.25811,0,5.25401,0,0,7960.45,415739,7213.44,0,0,0,415739,0,0,-274.692,164.75,8410.85,7960.45,0,0
01:11:15:02:44:16,3934.41,3945.56,5.25588,0.0226975,5.25811,0,0,7960.54,415739,7211.43,0,0,0,415739,0,0,-276.696,164.767,8410.94,7960.54,0,0
01:11:15:02:44:17,3934.98,3946.42,5.25922,0.0120163,5.25588,0,0,7960.62,415739,7212,0,0,0,415739,0,0,-276.125,164.783,8411.02,7960.62,0,0
01:11:15:02:44:18,3937.84,3945.28,5.24917,0.0253696,5.25922,0,0,7960.71,415739,7214.86,0,0,0,415739,0,0,-273.265,164.8,8411.11,7960.71,0,0
01:11:15:02:44:19,3936.41,3947,5.25848,0.0267029,5.24917,0,0,7960.8,415739,7213.43,0,0,0,415739,0,0,-274.697,164.817,8411.2,7960.8,0,0
01:11:15:02:44:20,3941.56,3948.71,5.24325,0.0440617,5.25848,0,0,7960.89,415739,7218.58,0,0,0,415739,0,0,-269.548,164.833,8411.29,7960.89,0,0
01:11:15:02:44:21,3938.98,3947.28,5.25699,0.018692,5.24325,0,0,7960.97,415739,7216,0,0,0,415739,0,0,-272.125,164.85,8411.38,7960.97,0,0
01:11:15:02:44:22,3934.12,3948.14,5.25551,0.00133514,5.25699,0,0,7961.06,415739,7211.14,0,0,0,415739,0,0,-276.99,164.867,8411.46,7961.06,0,0
01:11:15:02:44:23,3941.56,3950.43,5.25327,0,5.25551,0,0,7961.15,415739,7218.58,0,0,0,415739,0,0,-269.552,164.883,8411.55,7961.15,0,0
01:11:15:02:44:24,3940.99,3949.57,5.25476,0,5.25327,0,0,7961.24,415739,7218,0,0,0,415739,0,0,-270.126,164.9,8411.64,7961.24,0,0
01:11:15:02:44:25,3936.7,3949.57,5.25476,0,5.25476,0,0,7961.32,415739,7213.71,0,0,0,415739,0,0,-274.418,164.917,8411.72,7961.32,0,0
01:11:15:02:44:26,3941.85,3953,5.25737,0.00667572,5.25476,0,0,7961.41,415739,7218.86,0,0,0,415739,0,0,-269.27,164.933,8411.81,7961.41,0,0
01:11:15:02:44:27,3941.85,3950.71,5.25178,0.0200272,5.25737,0,0,7961.5,415739,7218.86,0,0,0,415739,0,0,-269.271,164.95,8411.9,7961.5,0,0
01:11:15:02:44:28,3939.84,3952.43,5.25178,0.0440617,5.25178,0,0,7961.59,415739,7216.85,0,0,0,415739,0,0,-271.274,164.967,8411.99,7961.59,0,0
01:11:15:02:44:29,3943.56,3954.15,5.25178,0.0213623,5.25178,0,0,7961.67,415739,7220.57,0,0,0,415739,0,0,-267.556,164.983,8412.08,7961.67,0,0
01:11:15:02:44:30,3943.56,3953.86,5.25327,0.0106792,5.25178,0,0,7961.76,415739,7220.57,0,0,0,415739,0,0,-267.557,165,8412.16,7961.76,0,0
01:11:15:02:44:31,3938.7,3953.58,5.25181,0,5.25327,0,0,7961.85,415739,7215.71,0,0,0,415739,0,0,-272.421,165.017,8412.25,7961.85,0,0
01:11:15:02:44:32,3944.42,3955.58,5.25961,0,5.25181,0,0,7961.94,415739,7221.43,0,0,0,415739,0,0,-266.701,165.033,8412.34,7961.94,0,0
01:11:15:02:44:33,3946.42,3954.72,5.25551,0,5.25961,0,0,7962.02,415739,7223.43,0,0,0,415739,0,0,-264.698,165.05,8412.42,7962.02,0,0
01:11:15:02:44:34,3942.13,3957.58,5.25403,0,5.25551,0,0,7962.11,415739,7219.14,0,0,0,415739,0,0,-268.991,165.067,8412.51,7962.11,0,0
01:11:15:02:44:35,3943.56,3957.58,5.2555,0.00534058,5.25403,0,0,7962.2,415739,7220.57,0,0,0,415739,0,0,-267.561,165.083,8412.6,7962.2,0,0
01:11:15:02:44:36,3948.43,3954.72,5.26148,0.0226975,5.2555,0,0,7962.29,415739,7225.43,0,0,0,415739,0,0,-262.698,165.1,8412.69,7962.29,0,0
01:11:15:02:44:37,3946.42,3959.58,5.25438,0.00534058,5.26148,0,0,7962.38,415739,7223.43,0,0,0,415739,0,0,-264.702,165.117,8412.78,7962.38,0,0
01:11:15:02:44:38,3948.71,3959.87,5.26296,0.0133514,5.25438,0,0,7962.46,415739,7225.71,0,0,0,415739,0,0,-262.414,165.133,8412.86,7962.46,0,0
01:11:15:02:44:39,3948.14,3957.29,5.25553,0,5.26296,0,0,7962.55,415739,7225.14,0,0,0,415739,0,0,-262.986,165.15,8412.95,7962.55,0,0
01:11:15:02:44:40,3947.85,3959.58,5.26333,0,5.25553,0,0,7962.64,415739,7224.85,0,0,0,415739,0,0,-263.273,165.167,8413.04,7962.64,0,0
01:11:15:02:44:41,3951.29,3960.44,5.25811,0,5.26333,0,0,7962.73,415739,7228.29,0,0,0,415739,0,0,-259.84,165.183,8413.13,7962.73,0,0
01:11:15:02:44:42,3948.14,3957.58,5.25663,0,5.25811,0,0,7962.81,415739,7225.14,0,0,0,415739,0,0,-262.988,165.2,8413.21,7962.81,0,0
01:11:15:02:44:43,3947.57,3958.73,5.26112,0,5.25663,0,0,7962.9,415739,7224.57,0,0,0,415739,0,0,-263.56,165.217,8413.3,7962.9,0,0
01:11:15:02:44:44,3953.29,3961.59,5.25104,0,5.26112,0,0,7962.99,415739,7230.29,0,0,0,415739,0,0,-257.839,165.233,8413.39,7962.99,0,0
01:11:15:02:44:45,3953,3959.58,5.24993,0,5.25104,0,0,7963.08,415739,7230,0,0,0,415739,0,0,-258.125,165.25,8413.48,7963.08,0,0
01:11:15:02:44:46,3951.57,3961.59,5.24993,0,5.24993,0,0,7963.16,415739,7228.57,0,0,0,415739,0,0,-259.556,165.267,8413.56,7963.16,0,0
01:11:15:02:44:47,3956.44,3963.88,5.26074,0.00133514,5.24993,0,0,7963.25,415739,7233.44,0,0,0,415739,0,0,-254.693,165.283,8413.65,7963.25,0,0
01:11:15:02:44:48,3955.29,3961.3,5.25551,0,5.26074,0,0,7963.34,415739,7232.29,0,0,0,415739,0,0,-255.837,165.3,8413.74,7963.34,0,0
01:11:15:02:44:49,3952.43,3963.02,5.2555,0,5.25551,0,0,7963.43,415739,7229.43,0,0,0,415739,0,0,-258.699,165.317,8413.83,7963.43,0,0
01:11:15:02:44:50,3957.29,3965.31,5.25476,0.00267029,5.2555,0,0,7963.51,415739,7234.29,0,0,0,415739,0,0,-253.836,165.333,8413.91,7963.51,0,0
01:11:15:02:44:51,3956.72,3962.44,5.25626,0,5.25476,0,0,7963.6,415739,7233.72,0,0,0,415739,0,0,-254.408,165.35,8414,7963.6,0,0
01:11:15:02:44:52,3951.57,3963.3,5.25066,0,5.25626,0,0,7963.69,415739,7228.57,0,0,0,415739,0,0,-259.558,165.367,8414.09,7963.69,0,0
01:11:15:02:44:53,3957.58,3965.31,5.25848,0,5.25066,0,0,7963.78,415739,7234.58,0,0,0,415739,0,0,-253.549,165.383,8414.18,7963.78,0,0
01:11:15:02:44:54,3958.73,3963.59,5.26035,0,5.25848,0,0,7963.86,415739,7235.72,0,0,0,415739,0,0,-252.405,165.4,8414.26,7963.86,0,0
01:11:15:02:44:55,3952.72,3967.31,5.25924,0,5.26035,0,0,7963.95,415739,7229.72,0,0,0,415739,0,0,-258.413,165.417,8414.35,7963.95,0,0
01:11:15:02:44:56,3958.73,3967.31,5.2514,0,5.25924,0,0,7964.04,415739,7235.72,0,0,0,415739,0,0,-252.405,165.433,8414.44,7964.04,0,0
01:11:15:02:44:57,3958.44,3965.02,5.25588,0,5.2514,0,0,7964.13,415739,7235.44,0,0,0,415739,0,0,-252.692,165.45,8414.53,7964.13,0,0
01:11:15:02:44:58,3956.15,3968.74,5.25811,0,5.25588,0,0,7964.21,415739,7233.15,0,0,0,415739,0,0,-254.98,165.467,8414.61,7964.21,0,0
01:11:15:02:44:59,3958.73,3967.59,5.2529,0,5.25811,0,0,7964.3,415739,7235.72,0,0,0,415739,0,0,-252.405,165.483,8414.7,7964.3,0,0
01:11:15:02:45:00,3957.01,3965.88,5.25364,0,5.2529,0,0,7964.39,415739,7234.01,0,0,0,415739,0,0,-254.121,165.5,8414.79,7964.39,0,0
01:11:15:02:45:01,3958.15,3970.17,5.24621,0,5.25364,0,0,7964.48,415739,7235.15,0,0,0,415739,0,0,-252.977,165.517,8414.88,7964.48,0,0
01:11:15:02:45:02,3962.16,3970.17,5.25961,0,5.24621,0,0,7964.56,415739,7239.16,0,0,0,415739,0,0,-248.971,165.533,8414.96,7964.56,0,0
01:11:15:02:45:03,3960.44,3967.88,5.2544,0,5.25961,0,0,7964.65,415739,7237.44,0,0,0,415739,0,0,-250.687,165.55,8415.05,7964.65,0,0
01:11:15:02:45:04,3957.01,3971.31,5.25476,0.018692,5.2544,0,0,7964.74,415739,7234.01,0,0,0,415739,0,0,-254.12,165.567,8415.14,7964.74,0,0
01:11:15:02:45:05,3960.73,3971.89,5.25627,0,5.25476,0,0,7964.83,415739,7237.73,0,0,0,415739,0,0,-250.401,165.583,8415.23,7964.83,0,0
01:11:15:02:45:06,3960.16,3969.31,5.26037,0,5.25627,0,0,7964.91,415739,7237.16,0,0,0,415739,0,0,-250.972,165.6,8415.31,7964.91,0,0
01:11:15:02:45:07,3960.44,3972.17,5.26037,0,5.26037,0,0,7965,415739,7237.44,0,0,0,415739,0,0,-250.685,165.617,8415.4,7965,0,0
01:11:15:02:45:08,3962.44,3972.46,5.25961,0,5.26037,0,0,7965.09,415739,7239.45,0,0,0,415739,0,0,-248.683,165.633,8415.49,7965.09,0,0
01:11:15:02:45:09,3962.16,3971.6,5.24881,0,5.25961,0,0,7965.18,415739,7239.16,0,0,0,415739,0,0,-248.968,165.65,8415.58,7965.18,0,0
01:11:15:02:45:10,3959.87,3973.6,5.26221,0,5.24881,0,0,7965.26,415739,7236.87,0,0,0,415739,0,0,-251.256,165.667,8415.66,7965.26,0,0
01:11:15:02:45:11,3963.88,3973.89,5.2518,0,5.26221,0,0,7965.35,415739,7240.88,0,0,0,415739,0,0,-247.251,165.683,8415.75,7965.35,0,0
01:11:15:02:45:12,3960.73,3973.6,5.25289,0,5.2518,0,0,7965.44,415739,7237.73,0,0,0,415739,0,0,-250.397,165.7,8415.84,7965.44,0,0
01:11:15:02:45:13,3960.16,3975.61,5.25923,0,5.25289,0,0,7965.53,415739,7237.16,0,0,0,415739,0,0,-250.969,165.717,8415.93,7965.53,0,0
01:11:15:02:45:14,3962.73,3975.61,5.25664,0.00133514,5.25923,0,0,7965.61,415739,7239.74,0,0,0,415739,0,0,-248.393,165.733,8416.01,7965.61,0,0
01:11:15:02:45:15,3961.3,3975.32,5.25066,0.00801086,5.25664,0,0,7965.7,415739,7238.31,0,0,0,415739,0,0,-249.823,165.75,8416.1,7965.7,0,0
01:11:15:02:45:16,3961.59,3977.32,5.25141,0.0120163,5.25066,0,0,7965.79,415739,7238.59,0,0,0,415739,0,0,-249.536,165.767,8416.19,7965.79,0,0
01:11:15:02:45:17,3964.45,3977.32,5.25104,0,5.25141,0,0,7965.88,415739,7241.45,0,0,0,415739,0,0,-246.674,165.783,8416.28,7965.88,0,0
01:11:15:02:45:18,3961.59,3976.18,5.24881,0,5.25104,0,0,7965.96,415739,7238.59,0,0,0,415739,0,0,-249.534,165.8,8416.36,7965.96,0,0
01:11:15:02:45:19,3962.44,3978.75,5.25925,0.0200272,5.24881,0,0,7966.05,415739,7239.45,0,0,0,415739,0,0,-248.675,165.817,8416.45,7966.05,0,0
01:11:15:02:45:20,3966.45,3977.89,5.25404,0.00400543,5.25925,0,0,7966.14,415739,7243.46,0,0,0,415739,0,0,-244.669,165.833,8416.54,7966.14,0,0
01:11:15:02:45:21,3967.88,3977.32,5.25885,0.0400562,5.25404,0,0,7966.23,415739,7244.89,0,0,0,415739,0,0,-243.238,165.85,8416.63,7966.23,0,0
01:11:15:02:45:22,3967.88,3980.18,5.25216,0,5.25885,0,0,7966.31,415739,7244.89,0,0,0,415739,0,0,-243.236,165.867,8416.71,7966.31,0,0
01:11:15:02:45:23,3970.46,3978.47,5.2574,0.0133514,5.25216,0,0,7966.4,415739,7247.47,0,0,0,415739,0,0,-240.66,165.883,8416.8,7966.4,0,0
01:11:15:02:45:24,3967.31,3979.04,5.26261,0.0106792,5.2574,0,0,7966.49,415739,7244.32,0,0,0,415739,0,0,-243.806,165.9,8416.89,7966.49,0,0
01:11:15:02:45:25,3967.59,3981.9,5.25699,0,5.26261,0,0,7966.58,415739,7244.61,0,0,0,415739,0,0,-243.519,165.917,8416.98,7966.58,0,0
01:11:15:02:45:26,3970.74,3980.18,5.25663,0,5.25699,0,0,7966.66,415739,7247.76,0,0,0,415739,0,0,-240.371,165.933,8417.06,7966.66,0,0
01:11:15:02:45:27,3969.6,3979.9,5.2596,0.00801086,5.25663,0,0,7966.75,415739,7246.61,0,0,0,415739,0,0,-241.514,165.95,8417.15,7966.75,0,0
01:11:15:02:45:28,3969.6,3983.62,5.24881,0.018692,5.2596,0,0,7966.84,415739,7246.61,0,0,0,415739,0,0,-241.513,165.967,8417.24,7966.84,0,0
01:11:15:02:45:29,3971.89,3981.9,5.2503,0,5.24881,0,0,7966.93,415739,7248.91,0,0,0,415739,0,0,-239.223,165.983,8417.33,7966.93,0,0
01:11:15:02:45:30,3967.88,3981.04,5.26072,0.0293751,5.2503,0,0,7967.01,415739,7244.9,0,0,0,415739,0,0,-243.227,166,8417.41,7967.01,0,0
01:11:15:02:45:31,3967.59,3983.62,5.26072,0.00267029,5.26072,0,0,7967.1,415739,7244.62,0,0,0,415739,0,0,-243.511,166.017,8417.5,7967.1,0,0
01:11:15:02:45:32,3971.03,3983.04,5.26072,0,5.26072,0,0,7967.19,415739,7248.05,0,0,0,415739,0,0,-240.077,166.033,8417.59,7967.19,0,0
01:11:15:02:45:33,3967.88,3981.61,5.25141,0.00801086,5.26072,0,0,7967.28,415739,7244.91,0,0,0,415739,0,0,-243.223,166.05,8417.68,7967.28,0,0
01:11:15:02:45:34,3970.46,3983.04,5.25141,0.00667572,5.25141,0,0,7967.36,415739,7247.48,0,0,0,415739,0,0,-240.647,166.067,8417.76,7967.36,0,0
01:11:15:02:45:35,3972.17,3983.04,5.26072,0.018692,5.25141,0,0,7967.45,415739,7249.2,0,0,0,415739,0,0,-238.928,166.083,8417.85,7967.45,0,0
01:11:15:02:45:36,3967.59,3983.33,5.25923,0.0293751,5.26072,0,0,7967.54,415739,7244.62,0,0,0,415739,0,0,-243.506,166.1,8417.94,7967.54,0,0
01:11:15:02:45:37,3968.74,3985.05,5.25923,0.0146866,5.25923,0,0,7967.63,415739,7245.77,0,0,0,415739,0,0,-242.363,166.117,8418.03,7967.63,0,0
01:11:15:02:45:38,3975.03,3985.33,5.2503,0,5.25923,0,0,7967.71,415739,7252.06,0,0,0,415739,0,0,-236.07,166.133,8418.11,7967.71,0,0
01:11:15:02:45:39,3972.74,3985.33,5.25327,0.0200272,5.2503,0,0,7967.8,415739,7249.77,0,0,0,415739,0,0,-238.361,166.15,8418.2,7967.8,0,0
01:11:15:02:45:40,3976.18,3987.05,5.2529,0.00267029,5.25327,0,0,7967.89,415739,7253.2,0,0,0,415739,0,0,-234.929,166.167,8418.29,7967.89,0,0
01:11:15:02:45:41,3978.18,3986.76,5.24955,0.00801086,5.2529,0,0,7967.98,415739,7255.2,0,0,0,415739,0,0,-232.927,166.183,8418.38,7967.98,0,0
01:11:15:02:45:42,3976.75,3987.05,5.25402,0,5.24955,0,0,7968.06,415739,7253.77,0,0,0,415739,0,0,-234.359,166.2,8418.46,7968.06,0,0
01:11:15:02:45:43,3976.18,3988.19,5.25624,0,5.25402,0,0,7968.15,415739,7253.2,0,0,0,415739,0,0,-234.933,166.217,8418.55,7968.15,0,0
01:11:15:02:45:44,3981.61,3988.48,5.24585,0,5.25624,0,0,7968.24,415739,7258.63,0,0,0,415739,0,0,-229.498,166.233,8418.64,7968.24,0,0
01:11:15:02:45:45,3976.18,3989.34,5.25737,0,5.24585,0,0,7968.33,415739,7253.19,0,0,0,415739,0,0,-234.935,166.25,8418.73,7968.33,0,0
01:11:15:02:45:46,3978.75,3989.91,5.25476,0.00934601,5.25737,0,0,7968.41,415739,7255.77,0,0,0,415739,0,0,-232.361,166.267,8418.81,7968.41,0,0
01:11:15:02:45:47,3980.47,3989.05,5.26222,0.00801086,5.25476,0,0,7968.5,415739,7257.48,0,0,0,415739,0,0,-230.646,166.283,8418.9,7968.5,0,0
01:11:15:02:45:48,3977.32,3989.62,5.25439,0,5.26222,0,0,7968.59,415739,7254.33,0,0,0,415739,0,0,-233.794,166.3,8418.99,7968.59,0,0
01:11:15:02:45:49,3978.18,3992.49,5.25849,0.00267029,5.25439,0,0,7968.68,415739,7255.19,0,0,0,415739,0,0,-232.936,166.317,8419.08,7968.68,0,0
01:11:15:02:45:50,3980.47,3991.34,5.25849,0,5.25849,0,0,7968.76,415739,7257.48,0,0,0,415739,0,0,-230.649,166.333,8419.17,7968.76,0,0
01:11:15:02:45:51,3976.46,3991.63,5.25513,0,5.25849,0,0,7968.85,415739,7253.47,0,0,0,415739,0,0,-234.655,166.35,8419.25,7968.85,0,0
01:11:15:02:45:52,3979.9,3994.2,5.2529,0,5.25513,0,0,7968.94,415739,7256.91,0,0,0,415739,0,0,-231.223,166.367,8419.34,7968.94,0,0
01:11:15:02:45:53,3983.9,3991.91,5.2555,0,5.2529,0,0,7969.03,415739,7260.91,0,0,0,415739,0,0,-227.218,166.383,8419.43,7969.03,0,0
01:11:15:02:45:54,3980.47,3993.92,5.24992,0,5.2555,0,0,7969.11,415739,7257.48,0,0,0,415739,0,0,-230.653,166.4,8419.51,7969.11,0,0
01:11:15:02:45:55,3983.33,3995.63,5.26072,0,5.24992,0,0,7969.2,415739,7260.34,0,0,0,415739,0,0,-227.793,166.417,8419.6,7969.2,0,0
01:11:15:02:45:56,3985.05,3994.49,5.25365,0,5.26072,0,0,7969.29,415739,7262.05,0,0,0,415739,0,0,-226.077,166.433,8419.69,7969.29,0,0
01:11:15:02:45:57,3982.19,3994.2,5.2596,0,5.25365,0,0,7969.38,415739,7259.19,0,0,0,415739,0,0,-228.938,166.45,8419.78,7969.38,0,0
01:11:15:02:45:58,3986.76,3997.06,5.25329,0,5.2596,0,0,7969.46,415739,7263.77,0,0,0,415739,0,0,-224.361,166.467,8419.87,7969.46,0,0
01:11:15:02:45:59,3987.62,3996.2,5.25179,0,5.25329,0,0,7969.55,415739,7264.62,0,0,0,415739,0,0,-223.504,166.483,8419.95,7969.55,0,0
01:11:15:02:46:00,3983.33,3996.78,5.26408,0,5.25179,0,0,7969.64,415739,7260.33,0,0,0,415739,0,0,-227.796,166.5,8420.04,7969.64,0,0
01:11:15:02:46:01,3989.05,3999.35,5.257,0,5.26408,0,0,7969.73,415739,7266.05,0,0,0,415739,0,0,-222.075,166.517,8420.13,7969.73,0,0
01:11:15:02:46:02,3988.77,3997.64,5.25774,0,5.257,0,0,7969.81,415739,7265.77,0,0,0,415739,0,0,-222.361,166.533,8420.21,7969.81,0,0
01:11:15:02:46:03,3985.33,3997.64,5.25179,0,5.25774,0,0,7969.9,415739,7262.33,0,0,0,415739,0,0,-225.795,166.55,8420.3,7969.9,0,0
01:11:15:02:46:04,3988.77,4000.5,5.25774,0,5.25179,0,0,7969.99,415739,7265.77,0,0,0,415739,0,0,-222.362,166.567,8420.39,7969.99,0,0
01:11:15:02:46:05,3990.77,3999.35,5.25625,0,5.25774,0,0,7970.08,415739,7267.77,0,0,0,415739,0,0,-220.36,166.583,8420.48,7970.08,0,0
01:11:15:02:46:06,3984.76,3999.92,5.25364,0,5.25625,0,0,7970.17,415739,7261.76,0,0,0,415739,0,0,-226.368,166.6,8420.57,7970.17,0,0
01:11:15:02:46:07,3990.2,4000.78,5.25364,0,5.25364,0,0,7970.25,415739,7267.2,0,0,0,415739,0,0,-220.932,166.617,8420.65,7970.25,0,0
01:11:15:02:46:08,3982.47,3992.77,5.25215,0,5.25364,0,0,7970.34,415739,7259.47,0,0,0,415739,0,0,-228.657,166.633,8420.74,7970.34,0,0
01:11:15:02:46:09,3983.62,3994.77,5.25215,0.00934601,5.25215,0,0,7970.43,415739,7260.62,0,0,0,415739,0,0,-227.513,166.65,8420.83,7970.43,0,0
01:11:15:02:46:10,3988.48,3995.63,5.25665,0,5.25215,0,0,7970.52,415739,7265.48,0,0,0,415739,0,0,-222.65,166.667,8420.92,7970.52,0,0
01:11:15:02:46:11,3987.62,3992.49,5.24658,0,5.25665,0,0,7970.6,415739,7264.62,0,0,0,415739,0,0,-223.509,166.683,8421,7970.6,0,0
01:11:15:02:46:12,3985.62,3997.35,5.25439,0,5.24658,0,0,7970.69,415739,7262.62,0,0,0,415739,0,0,-225.512,166.7,8421.09,7970.69,0,0
01:11:15:02:46:13,3990.77,4000.21,5.25439,0,5.25439,0,0,7970.78,415739,7267.77,0,0,0,415739,0,0,-220.362,166.717,8421.18,7970.78,0,0
01:11:15:02:46:14,3991.05,3997.35,5.25066,0.00133514,5.25439,0,0,7970.87,415739,7268.05,0,0,0,415739,0,0,-220.076,166.733,8421.27,7970.87,0,0
01:11:15:02:46:15,3988.77,4001.64,5.25773,0,5.25066,0,0,7970.95,415739,7265.76,0,0,0,415739,0,0,-222.365,166.75,8421.35,7970.95,0,0
01:11:15:02:46:16,3991.91,4003.64,5.25588,0.0213623,5.25773,0,0,7971.04,415739,7268.91,0,0,0,415739,0,0,-219.218,166.767,8421.44,7971.04,0,0
01:11:15:02:46:17,3992.2,4000.5,5.257,0,5.25588,0,0,7971.13,415739,7269.2,0,0,0,415739,0,0,-218.932,166.783,8421.53,7971.13,0,0
01:11:15:02:46:18,3991.63,4002.21,5.24583,0,5.257,0,0,7971.22,415739,7268.62,0,0,0,415739,0,0,-219.504,166.8,8421.62,7971.22,0,0
01:11:15:02:46:19,3996.2,4004.22,5.2555,0,5.24583,0,0,7971.3,415739,7273.2,0,0,0,415739,0,0,-214.926,166.817,8421.7,7971.3,0,0
01:11:15:02:46:20,3993.92,4001.64,5.25476,0.00133514,5.2555,0,0,7971.39,415739,7270.91,0,0,0,415739,0,0,-217.214,166.833,8421.79,7971.39,0,0
01:11:15:02:46:21,3992.77,4003.93,5.25925,0,5.25476,0,0,7971.48,415739,7269.77,0,0,0,415739,0,0,-218.359,166.85,8421.88,7971.48,0,0
01:11:15:02:46:22,3996.78,4005.65,5.25329,0,5.25925,0,0,7971.57,415739,7273.78,0,0,0,415739,0,0,-214.353,166.867,8421.97,7971.57,0,0
01:11:15:02:46:23,3996.78,4003.64,5.25066,0,5.25329,0,0,7971.65,415739,7273.78,0,0,0,415739,0,0,-214.353,166.883,8422.05,7971.65,0,0
01:11:15:02:46:24,3991.34,4004.79,5.26744,0,5.25066,0,0,7971.74,415739,7268.34,0,0,0,415739,0,0,-219.788,166.9,8422.14,7971.74,0,0
01:11:15:02:46:25,3995.06,4005.93,5.26073,0,5.26744,0,0,7971.83,415739,7272.06,0,0,0,415739,0,0,-216.069,166.917,8422.23,7971.83,0,0
01:11:15:02:46:26,3995.63,4003.93,5.25848,0,5.26073,0,0,7971.92,415739,7272.63,0,0,0,415739,0,0,-215.496,166.933,8422.32,7971.92,0,0
01:11:15:02:46:27,3993.63,4005.93,5.25402,0,5.25848,0,0,7972,415739,7270.63,0,0,0,415739,0,0,-217.499,166.95,8422.4,7972,0,0
01:11:15:02:46:28,3998.49,4006.5,5.25141,0,5.25402,0,0,7972.09,415739,7275.49,0,0,0,415739,0,0,-212.635,166.967,8422.49,7972.09,0,0
01:11:15:02:46:29,3996.2,4005.36,5.25812,0,5.25141,0,0,7972.18,415739,7273.21,0,0,0,415739,0,0,-214.923,166.983,8422.58,7972.18,0,0
01:11:15:02:46:30,3993.63,4008.79,5.25216,0,5.25812,0,0,7972.27,415739,7270.63,0,0,0,415739,0,0,-217.497,167,8422.67,7972.27,0,0
01:11:15:02:46:31,4001.35,4009.65,5.2529,0,5.25216,0,0,7972.35,415739,7278.36,0,0,0,415739,0,0,-209.772,167.017,8422.75,7972.35,0,0
01:11:15:02:46:32,3996.49,4007.36,5.25962,0.0173569,5.2529,0,0,7972.44,415739,7273.49,0,0,0,415739,0,0,-214.635,167.033,8422.84,7972.44,0,0
01:11:15:02:46:33,3994.77,4010.51,5.2585,0.0226975,5.25962,0,0,7972.53,415739,7271.78,0,0,0,415739,0,0,-216.351,167.05,8422.93,7972.53,0,0
01:11:15:02:46:34,4001.64,4009.94,5.25773,0.0347137,5.2585,0,0,7972.62,415739,7278.64,0,0,0,415739,0,0,-209.484,167.067,8423.02,7972.62,0,0
01:11:15:02:46:35,3998.78,4008.22,5.24992,0.0213623,5.25773,0,0,7972.7,415739,7275.78,0,0,0,415739,0,0,-212.344,167.083,8423.1,7972.7,0,0
01:11:15:02:46:36,3998.78,4012.51,5.25887,0.0400562,5.24992,0,0,7972.79,415739,7275.78,0,0,0,415739,0,0,-212.343,167.1,8423.19,7972.79,0,0
01:11:15:02:46:37,4002.78,4011.65,5.25179,0.0347137,5.25887,0,0,7972.88,415739,7279.79,0,0,0,415739,0,0,-208.337,167.117,8423.28,7972.88,0,0
01:11:15:02:46:38,4001.93,4009.65,5.25811,0.0547428,5.25179,0,0,7972.97,415739,7278.93,0,0,0,415739,0,0,-209.195,167.133,8423.37,7972.97,0,0
01:11:15:02:46:39,4000.21,4012.51,5.25999,0.0574112,5.25811,0,0,7973.05,415739,7277.22,0,0,0,415739,0,0,-210.911,167.15,8423.45,7973.05,0,0
01:11:15:02:46:40,4002.78,4013.08,5.25999,0.0494003,5.25999,0,0,7973.14,415739,7279.79,0,0,0,415739,0,0,-208.335,167.167,8423.54,7973.14,0,0
01:11:15:02:46:41,4000.21,4011.08,5.25215,0.0253696,5.25999,0,0,7973.23,415739,7277.22,0,0,0,415739,0,0,-210.909,167.183,8423.63,7973.23,0,0
01:11:15:02:46:42,3998.21,4014.8,5.25513,0,5.25215,0,0,7973.32,415739,7275.22,0,0,0,415739,0,0,-212.911,167.2,8423.72,7973.32,0,0
01:11:15:02:46:43,4002.78,4014.52,5.2514,0,5.25513,0,0,7973.4,415739,7279.8,0,0,0,415739,0,0,-208.332,167.217,8423.8,7973.4,0,0
01:11:15:02:46:44,4000.78,4012.51,5.25738,0,5.2514,0,0,7973.49,415739,7277.79,0,0,0,415739,0,0,-210.334,167.233,8423.89,7973.49,0,0
01:11:15:02:46:45,3999.35,4016.52,5.25774,0.028038,5.25738,0,0,7973.58,415739,7276.37,0,0,0,415739,0,0,-211.763,167.25,8423.98,7973.58,0,0
01:11:15:02:46:46,4005.07,4017.66,5.25774,0,5.25774,0,0,7973.67,415739,7282.09,0,0,0,415739,0,0,-206.041,167.267,8424.07,7973.67,0,0
01:11:15:02:46:47,4004.22,4013.08,5.25813,0.00534058,5.25774,0,0,7973.75,415739,7281.23,0,0,0,415739,0,0,-206.897,167.283,8424.15,7973.75,0,0
01:11:15:02:46:48,4003.93,4017.09,5.25401,0.00400543,5.25813,0,0,7973.84,415739,7280.95,0,0,0,415739,0,0,-207.182,167.3,8424.24,7973.84,0,0
01:11:15:02:46:49,4007.36,4016.23,5.26146,0,5.25401,0,0,7973.93,415739,7284.38,0,0,0,415739,0,0,-203.748,167.317,8424.33,7973.93,0,0
01:11:15:02:46:50,4007.08,4016.52,5.24992,0.00267029,5.26146,0,0,7974.02,415739,7284.1,0,0,0,415739,0,0,-204.033,167.333,8424.42,7974.02,0,0
01:11:15:02:46:51,4007.36,4018.23,5.25999,0,5.24992,0,0,7974.1,415739,7284.38,0,0,0,415739,0,0,-203.745,167.35,8424.5,7974.1,0,0
01:11:15:02:46:52,4009.94,4018.23,5.25141,0.00133514,5.25999,0,0,7974.19,415739,7286.96,0,0,0,415739,0,0,-201.169,167.367,8424.59,7974.19,0,0
01:11:15:02:46:53,4006.22,4017.38,5.2555,0,5.25141,0,0,7974.28,415739,7283.24,0,0,0,415739,0,0,-204.887,167.383,8424.68,7974.28,0,0
01:11:15:02:46:54,4006.79,4019.09,5.25923,0,5.2555,0,0,7974.37,415739,7283.81,0,0,0,415739,0,0,-204.313,167.4,8424.77,7974.37,0,0
01:11:15:02:46:55,4008.51,4017.95,5.25589,0,5.25923,0,0,7974.45,415739,7285.53,0,0,0,415739,0,0,-202.596,167.417,8424.85,7974.45,0,0
01:11:15:02:46:56,4002.78,4017.09,5.26072,0.0173569,5.25589,0,0,7974.54,415739,7279.81,0,0,0,415739,0,0,-208.316,167.433,8424.94,7974.54,0,0
01:11:15:02:46:57,4003.64,4018.52,5.25327,0.0320435,5.26072,0,0,7974.63,415739,7280.67,0,0,0,415739,0,0,-207.457,167.45,8425.03,7974.63,0,0
01:11:15:02:46:58,4009.37,4017.95,5.2555,0.00667572,5.25327,0,0,7974.72,415739,7286.39,0,0,0,415739,0,0,-201.736,167.467,8425.12,7974.72,0,0
01:11:15:02:46:59,4006.5,4017.38,5.25997,0.00133514,5.2555,0,0,7974.8,415739,7283.53,0,0,0,415739,0,0,-204.599,167.483,8425.2,7974.8,0,0
01:11:15:02:47:00,4005.93,4020.24,5.2462,0.00133514,5.25997,0,0,7974.89,415739,7282.96,0,0,0,415739,0,0,-205.173,167.5,8425.29,7974.89,0,0
01:11:15:02:47:01,4012.51,4020.24,5.25216,0.0293751,5.2462,0,0,7974.98,415739,7289.53,0,0,0,415739,0,0,-198.594,167.517,8425.38,7974.98,0,0
01:11:15:02:47:02,4011.37,4019.95,5.25142,0.00400543,5.25216,0,0,7975.07,415739,7288.39,0,0,0,415739,0,0,-199.739,167.533,8425.47,7975.07,0,0
01:11:15:02:47:03,4010.22,4022.81,5.25997,0,5.25142,0,0,7975.15,415739,7287.24,0,0,0,415739,0,0,-200.885,167.55,8425.55,7975.15,0,0
01:11:15:02:47:04,4013.37,4021.38,5.26036,0.018692,5.25997,0,0,7975.24,415739,7290.39,0,0,0,415739,0,0,-197.739,167.567,8425.64,7975.24,0,0
01:11:15:02:47:05,4010.22,4022.24,5.25216,0.0173569,5.26036,0,0,7975.33,415739,7287.24,0,0,0,415739,0,0,-200.888,167.583,8425.73,7975.33,0,0
01:11:15:02:47:06,4011.37,4023.96,5.25663,0.0160217,5.25216,0,0,7975.42,415739,7288.38,0,0,0,415739,0,0,-199.744,167.6,8425.82,7975.42,0,0
01:11:15:02:47:07,4012.8,4022.81,5.24585,0.0253696,5.25663,0,0,7975.5,415739,7289.81,0,0,0,415739,0,0,-198.315,167.617,8425.9,7975.5,0,0
01:11:15:02:47:08,4008.22,4022.81,5.25438,0.0226975,5.24585,0,0,7975.59,415739,7285.23,0,0,0,415739,0,0,-202.894,167.633,8425.99,7975.59,0,0
01:11:15:02:47:09,4012.23,4025.1,5.25662,0.0173569,5.25438,0,0,7975.68,415739,7289.24,0,0,0,415739,0,0,-198.889,167.65,8426.08,7975.68,0,0
01:11:15:02:47:10,4015.09,4024.81,5.26296,0.0226975,5.25662,0,0,7975.77,415739,7292.1,0,0,0,415739,0,0,-196.029,167.667,8426.17,7975.77,0,0
01:11:15:02:47:11,4013.66,4024.24,5.26296,0.0494003,5.26296,0,0,7975.85,415739,7290.67,0,0,0,415739,0,0,-197.461,167.683,8426.25,7975.85,0,0
01:11:15:02:47:12,4014.8,4025.1,5.25215,0.0160217,5.26296,0,0,7975.94,415739,7291.81,0,0,0,415739,0,0,-196.317,167.7,8426.34,7975.94,0,0
01:11:15:02:47:13,4012.8,4025.1,5.26486,0.0106792,5.25215,0,0,7976.03,415739,7289.81,0,0,0,415739,0,0,-198.321,167.717,8426.43,7976.03,0,0
01:11:15:02:47:14,4011.65,4025.1,5.26486,0.00534058,5.26486,0,0,7976.12,415739,7288.66,0,0,0,415739,0,0,-199.466,167.733,8426.52,7976.12,0,0
01:11:15:02:47:15,4015.37,4027.1,5.25775,0,5.26486,0,0,7976.2,415739,7292.38,0,0,0,415739,0,0,-195.748,167.75,8426.6,7976.2,0,0
01:11:15:02:47:16,4018.23,4026.82,5.25811,0.0347137,5.25775,0,0,7976.29,415739,7295.24,0,0,0,415739,0,0,-192.887,167.767,8426.69,7976.29,0,0
01:11:15:02:47:17,4013.08,4026.53,5.25811,0,5.25811,0,0,7976.38,415739,7290.09,0,0,0,415739,0,0,-198.038,167.783,8426.78,7976.38,0,0
01:11:15:02:47:18,4015.95,4027.96,5.25439,0,5.25811,0,0,7976.47,415739,7292.95,0,0,0,415739,0,0,-195.178,167.8,8426.87,7976.47,0,0
01:11:15:02:47:19,4017.09,4027.39,5.25774,0,5.25439,0,0,7976.55,415739,7294.09,0,0,0,415739,0,0,-194.034,167.817,8426.96,7976.55,0,0
01:11:15:02:47:20,4014.23,4027.68,5.25774,0.00667572,5.25774,0,0,7976.64,415739,7291.23,0,0,0,415739,0,0,-196.896,167.833,8427.04,7976.64,0,0
01:11:15:02:47:21,4017.09,4029.96,5.25998,0.0507374,5.25774,0,0,7976.73,415739,7294.09,0,0,0,415739,0,0,-194.035,167.85,8427.13,7976.73,0,0
01:11:15:02:47:22,4018.23,4029.11,5.25178,0.0293751,5.25998,0,0,7976.82,415739,7295.24,0,0,0,415739,0,0,-192.892,167.867,8427.22,7976.82,0,0
01:11:15:02:47:23,4015.37,4027.96,5.25178,0.00534058,5.25178,0,0,7976.9,415739,7292.38,0,0,0,415739,0,0,-195.753,167.883,8427.3,7976.9,0,0
01:11:15:02:47:24,4016.23,4030.54,5.2611,0.0267029,5.25178,0,0,7976.99,415739,7293.23,0,0,0,415739,0,0,-194.896,167.9,8427.39,7976.99,0,0
01:11:15:02:47:25,4023.1,4029.68,5.24992,0.0213623,5.2611,0,0,7977.08,415739,7300.1,0,0,0,415739,0,0,-188.029,167.917,8427.48,7977.08,0,0
01:11:15:02:47:26,4019.67,4028.82,5.25588,0.0453949,5.24992,0,0,7977.17,415739,7296.67,0,0,0,415739,0,0,-191.463,167.933,8427.57,7977.17,0,0
01:11:15:02:47:27,4019.09,4031.11,5.25885,0.0133514,5.25588,0,0,7977.25,415739,7296.09,0,0,0,415739,0,0,-192.036,167.95,8427.66,7977.25,0,0
01:11:15:02:47:28,4021.38,4029.68,5.25848,0.0146866,5.25885,0,0,7977.34,415739,7298.38,0,0,0,415739,0,0,-189.748,167.967,8427.74,7977.34,0,0
01:11:15:02:47:29,4020.52,4030.54,5.26148,0,5.25848,0,0,7977.43,415739,7297.52,0,0,0,415739,0,0,-190.606,167.983,8427.83,7977.43,0,0
01:11:15:02:47:30,4019.67,4032.25,5.26409,0.0120163,5.26148,0,0,7977.52,415739,7296.66,0,0,0,415739,0,0,-191.465,168,8427.92,7977.52,0,0
01:11:15:02:47:31,4021.95,4030.54,5.25477,0.00534058,5.26409,0,0,7977.6,415739,7298.95,0,0,0,415739,0,0,-189.176,168.017,8428,7977.6,0,0
01:11:15:02:47:32,4017.38,4030.82,5.25181,0.0213623,5.25477,0,0,7977.69,415739,7294.37,0,0,0,415739,0,0,-193.754,168.033,8428.09,7977.69,0,0
01:11:15:02:47:33,4022.81,4033.68,5.24584,0,5.25181,0,0,7977.78,415739,7299.81,0,0,0,415739,0,0,-188.318,168.05,8428.18,7977.78,0,0
01:11:15:02:47:34,4023.96,4032.25,5.26109,0.0200272,5.24584,0,0,7977.87,415739,7300.95,0,0,0,415739,0,0,-187.174,168.067,8428.27,7977.87,0,0
01:11:15:02:47:35,4019.09,4032.54,5.2529,0.0160217,5.26109,0,0,7977.96,415739,7296.09,0,0,0,415739,0,0,-192.038,168.083,8428.36,7977.96,0,0
01:11:15:02:47:36,4016.8,4027.68,5.26035,0.0226975,5.2529,0,0,7978.04,415739,7293.8,0,0,0,415739,0,0,-194.326,168.1,8428.44,7978.04,0,0
01:11:15:02:47:37,4015.37,4024.81,5.25104,0.00534058,5.26035,0,0,7978.13,415739,7292.37,0,0,0,415739,0,0,-195.757,168.117,8428.53,7978.13,0,0
01:11:15:02:47:38,4010.51,4024.81,5.25477,0.0494003,5.25104,0,0,7978.22,415739,7287.51,0,0,0,415739,0,0,-200.621,168.133,8428.62,7978.22,0,0
01:11:15:02:47:39,4018.81,4029.11,5.26371,0.0226975,5.25477,0,0,7978.31,415739,7295.8,0,0,0,415739,0,0,-192.323,168.15,8428.71,7978.31,0,0
01:11:15:02:47:40,4019.38,4028.25,5.25476,0,5.26371,0,0,7978.39,415739,7296.38,0,0,0,415739,0,0,-191.751,168.167,8428.79,7978.39,0,0
01:11:15:02:47:41,4016.23,4029.39,5.25811,0,5.25476,0,0,7978.48,415739,7293.23,0,0,0,415739,0,0,-194.898,168.183,8428.88,7978.48,0,0
01:11:15:02:47:42,4023.96,4033.4,5.25066,0.0213623,5.25811,0,0,7978.57,415739,7300.95,0,0,0,415739,0,0,-187.174,168.2,8428.97,7978.57,0,0
01:11:15:02:47:43,4024.53,4032.83,5.25699,0.0106792,5.25066,0,0,7978.66,415739,7301.53,0,0,0,415739,0,0,-186.601,168.217,8429.06,7978.66,0,0
01:11:15:02:47:44,4018.81,4032.25,5.25475,0.0253696,5.25699,0,0,7978.74,415739,7295.81,0,0,0,415739,0,0,-192.323,168.233,8429.14,7978.74,0,0
01:11:15:02:47:45,4022.81,4034.26,5.257,0.0120163,5.25475,0,0,7978.83,415739,7299.81,0,0,0,415739,0,0,-188.318,168.25,8429.23,7978.83,0,0
01:11:15:02:47:46,4024.24,4031.68,5.25662,0.0440617,5.257,0,0,7978.92,415739,7301.24,0,0,0,415739,0,0,-186.887,168.267,8429.32,7978.92,0,0
01:11:15:02:47:47,4016.8,4034.26,5.25103,0.0413895,5.25662,0,0,7979.01,415739,7293.8,0,0,0,415739,0,0,-194.325,168.283,8429.41,7979.01,0,0
01:11:15:02:47:48,4021.38,4035.97,5.26261,0.00934601,5.25103,0,0,7979.09,415739,7298.38,0,0,0,415739,0,0,-189.747,168.3,8429.49,7979.09,0,0
01:11:15:02:47:49,4024.81,4032.54,5.25925,0.0320435,5.26261,0,0,7979.18,415739,7301.81,0,0,0,415739,0,0,-186.313,168.317,8429.58,7979.18,0,0
01:11:15:02:47:50,4020.52,4035.69,5.25178,0.0120163,5.25925,0,0,7979.27,415739,7297.52,0,0,0,415739,0,0,-190.604,168.333,8429.67,7979.27,0,0
01:11:15:02:47:51,4025.1,4036.83,5.25105,0.0226975,5.25178,0,0,7979.36,415739,7302.1,0,0,0,415739,0,0,-186.027,168.35,8429.76,7979.36,0,0
01:11:15:02:47:52,4023.67,4034.54,5.25479,0.0106792,5.25105,0,0,7979.44,415739,7300.67,0,0,0,415739,0,0,-187.456,168.367,8429.84,7979.44,0,0
01:11:15:02:47:53,4020.52,4037.12,5.25514,0.00400543,5.25479,0,0,7979.53,415739,7297.53,0,0,0,415739,0,0,-190.603,168.383,8429.93,7979.53,0,0
01:11:15:02:47:54,4023.38,4037.98,5.25514,0,5.25514,0,0,7979.62,415739,7300.39,0,0,0,415739,0,0,-187.741,168.4,8430.02,7979.62,0,0
01:11:15:02:47:55,4022.81,4034.26,5.25365,0.00667572,5.25514,0,0,7979.71,415739,7299.82,0,0,0,415739,0,0,-188.312,168.417,8430.11,7979.71,0,0
01:11:15:02:47:56,4021.38,4037.12,5.25625,0,5.25365,0,0,7979.79,415739,7298.39,0,0,0,415739,0,0,-189.743,168.433,8430.19,7979.79,0,0
01:11:15:02:47:57,4024.53,4037.69,5.25625,0.0146866,5.25625,0,0,7979.88,415739,7301.53,0,0,0,415739,0,0,-186.594,168.45,8430.28,7979.88,0,0
01:11:15:02:47:58,4021.1,4035.97,5.25328,0,5.25625,0,0,7979.97,415739,7298.1,0,0,0,415739,0,0,-190.027,168.467,8430.37,7979.97,0,0
01:11:15:02:47:59,4019.09,4038.55,5.25886,0,5.25328,0,0,7980.06,415739,7296.1,0,0,0,415739,0,0,-192.029,168.483,8430.46,7980.06,0,0
01:11:15:02:48:00,4025.39,4039.69,5.25439,0.00534058,5.25886,0,0,7980.14,415739,7302.39,0,0,0,415739,0,0,-185.734,168.5,8430.54,7980.14,0,0
01:11:15:02:48:01,4023.67,4037.4,5.25215,0,5.25439,0,0,7980.23,415739,7300.68,0,0,0,415739,0,0,-187.45,168.517,8430.63,7980.23,0,0
01:11:15:02:48:02,4024.24,4039.69,5.25215,0,5.25215,0,0,7980.32,415739,7301.25,0,0,0,415739,0,0,-186.877,168.533,8430.72,7980.32,0,0
01:11:15:02:48:03,4029.39,4041.69,5.257,0,5.25215,0,0,7980.41,415739,7306.4,0,0,0,415739,0,0,-181.726,168.55,8430.81,7980.41,0,0
01:11:15:02:48:04,4027.96,4038.55,5.25961,0,5.257,0,0,7980.49,415739,7304.97,0,0,0,415739,0,0,-183.156,168.567,8430.89,7980.49,0,0
01:11:15:02:48:05,4024.81,4041.69,5.25774,0,5.25961,0,0,7980.58,415739,7301.83,0,0,0,415739,0,0,-186.301,168.583,8430.98,7980.58,0,0
01:11:15:02:48:06,4029.39,4042.27,5.25887,0,5.25774,0,0,7980.67,415739,7306.41,0,0,0,415739,0,0,-181.723,168.6,8431.07,7980.67,0,0
01:11:15:02:48:07,4029.68,4039.69,5.24806,0.0106792,5.25887,0,0,7980.76,415739,7306.69,0,0,0,415739,0,0,-181.436,168.617,8431.16,7980.76,0,0
01:11:15:02:48:08,4024.81,4041.69,5.25699,0,5.24806,0,0,7980.84,415739,7301.83,0,0,0,415739,0,0,-186.298,168.633,8431.24,7980.84,0,0
01:11:15:02:48:09,4031.11,4043.41,5.25668,0,5.25699,0,0,7980.93,415739,7308.13,0,0,0,415739,0,0,-180.003,168.65,8431.33,7980.93,0,0
01:11:15:02:48:10,4029.39,4041.12,5.26411,0,5.25668,0,0,7981.02,415739,7306.41,0,0,0,415739,0,0,-181.718,168.667,8431.42,7981.02,0,0
01:11:15:02:48:11,4028.53,4043.13,5.2596,0,5.26411,0,0,7981.11,415739,7305.55,0,0,0,415739,0,0,-182.575,168.683,8431.51,7981.11,0,0
01:11:15:02:48:12,4031.11,4043.13,5.25403,0,5.2596,0,0,7981.19,415739,7308.13,0,0,0,415739,0,0,-179.999,168.7,8431.59,7981.19,0,0
01:11:15:02:48:13,4031.11,4041.12,5.2611,0.00934601,5.25403,0,0,7981.28,415739,7308.13,0,0,0,415739,0,0,-179.998,168.717,8431.68,7981.28,0,0
01:11:15:02:48:14,4029.96,4044.56,5.24995,0.0146866,5.2611,0,0,7981.37,415739,7306.99,0,0,0,415739,0,0,-181.141,168.733,8431.77,7981.37,0,0
01:11:15:02:48:15,4032.54,4043.7,5.25662,0.0106792,5.24995,0,0,7981.46,415739,7309.56,0,0,0,415739,0,0,-178.565,168.75,8431.86,7981.46,0,0
01:11:15:02:48:16,4031.68,4041.41,5.2544,0,5.25662,0,0,7981.54,415739,7308.71,0,0,0,415739,0,0,-179.421,168.767,8431.94,7981.54,0,0
01:11:15:02:48:17,4031.11,4045.99,5.25029,0,5.2544,0,0,7981.63,415739,7308.14,0,0,0,415739,0,0,-179.992,168.783,8432.03,7981.63,0,0
01:11:15:02:48:18,4035.11,4045.13,5.25255,0.028038,5.25029,0,0,7981.72,415739,7312.14,0,0,0,415739,0,0,-175.985,168.8,8432.12,7981.72,0,0
01:11:15:02:48:19,4031.97,4042.84,5.25066,0.0146866,5.25255,0,0,7981.81,415739,7308.99,0,0,0,415739,0,0,-179.134,168.817,8432.21,7981.81,0,0
01:11:15:02:48:20,4031.97,4046.27,5.25737,0.0333786,5.25066,0,0,7981.89,415739,7308.99,0,0,0,415739,0,0,-179.135,168.833,8432.29,7981.89,0,0
01:11:15:02:48:21,4035.69,4046.27,5.25999,0.0560761,5.25737,0,0,7981.98,415739,7312.71,0,0,0,415739,0,0,-175.418,168.85,8432.38,7981.98,0,0
01:11:15:02:48:22,4034.26,4043.7,5.25401,0.065424,5.25999,0,0,7982.07,415739,7311.28,0,0,0,415739,0,0,-176.85,168.867,8432.47,7982.07,0,0
01:11:15:02:48:23,4032.25,4046.84,5.25886,0.0333786,5.25401,0,0,7982.16,415739,7309.27,0,0,0,415739,0,0,-178.854,168.883,8432.56,7982.16,0,0
01:11:15:02:48:24,4036.26,4046.56,5.25662,0.0253696,5.25886,0,0,7982.24,415739,7313.28,0,0,0,415739,0,0,-174.849,168.9,8432.64,7982.24,0,0
01:11:15:02:48:25,4034.83,4046.27,5.25885,0.00934601,5.25662,0,0,7982.33,415739,7311.85,0,0,0,415739,0,0,-176.281,168.917,8432.73,7982.33,0,0
01:11:15:02:48:26,4032.25,4049.42,5.24584,0,5.25885,0,0,7982.42,415739,7309.27,0,0,0,415739,0,0,-178.857,168.933,8432.82,7982.42,0,0
01:11:15:02:48:27,4036.83,4047.42,5.25815,0,5.24584,0,0,7982.51,415739,7313.85,0,0,0,415739,0,0,-174.281,168.95,8432.91,7982.51,0,0
01:11:15:02:48:28,4035.69,4046.84,5.26035,0.00667572,5.25815,0,0,7982.59,415739,7312.7,0,0,0,415739,0,0,-175.427,168.967,8432.99,7982.59,0,0
01:11:15:02:48:29,4035.97,4049.42,5.26035,0,5.26035,0,0,7982.68,415739,7312.99,0,0,0,415739,0,0,-175.142,168.983,8433.08,7982.68,0,0
01:11:15:02:48:30,4037.98,4047.7,5.24843,0,5.26035,0,0,7982.77,415739,7314.99,0,0,0,415739,0,0,-173.14,169,8433.17,7982.77,0,0
01:11:15:02:48:31,4035.69,4047.99,5.26147,0.00400543,5.24843,0,0,7982.86,415739,7312.7,0,0,0,415739,0,0,-175.429,169.017,8433.26,7982.86,0,0
01:11:15:02:48:32,4035.97,4050.85,5.24955,0.0440617,5.26147,0,0,7982.94,415739,7312.98,0,0,0,415739,0,0,-175.145,169.033,8433.34,7982.94,0,0
01:11:15:02:48:33,4038.26,4049.42,5.25737,0.028038,5.24955,0,0,7983.03,415739,7315.27,0,0,0,415739,0,0,-172.857,169.05,8433.43,7983.03,0,0
01:11:15:02:48:34,4036.54,4048.85,5.25328,0,5.25737,0,0,7983.12,415739,7313.55,0,0,0,415739,0,0,-174.574,169.067,8433.52,7983.12,0,0
01:11:15:02:48:35,4037.12,4051.71,5.26074,0.00934601,5.25328,0,0,7983.21,415739,7314.13,0,0,0,415739,0,0,-174.003,169.083,8433.61,7983.21,0,0
01:11:15:02:48:36,4038.83,4050.85,5.25737,0.0120163,5.26074,0,0,7983.29,415739,7315.84,0,0,0,415739,0,0,-172.287,169.1,8433.69,7983.29,0,0
01:11:15:02:48:37,4039.69,4049.99,5.25105,0.00267029,5.25737,0,0,7983.38,415739,7316.7,0,0,0,415739,0,0,-171.43,169.117,8433.78,7983.38,0,0
01:11:15:02:48:38,4039.41,4052.85,5.25589,0,5.25105,0,0,7983.47,415739,7316.41,0,0,0,415739,0,0,-171.717,169.133,8433.87,7983.47,0,0
01:11:15:02:48:39,4041.98,4051.71,5.25554,0,5.25589,0,0,7983.56,415739,7318.99,0,0,0,415739,0,0,-169.143,169.15,8433.96,7983.56,0,0
01:11:15:02:48:40,4042.27,4050.85,5.25811,0.0133514,5.25554,0,0,7983.64,415739,7319.27,0,0,0,415739,0,0,-168.858,169.167,8434.04,7983.64,0,0
01:11:15:02:48:41,4039.69,4053.71,5.25699,0.028038,5.25811,0,0,7983.73,415739,7316.7,0,0,0,415739,0,0,-171.433,169.183,8434.13,7983.73,0,0
01:11:15:02:48:42,4043.41,4053.42,5.24881,0,5.25699,0,0,7983.82,415739,7320.41,0,0,0,415739,0,0,-167.715,169.2,8434.22,7983.82,0,0
01:11:15:02:48:43,4040.55,4052.85,5.25365,0.028038,5.24881,0,0,7983.91,415739,7317.55,0,0,0,415739,0,0,-170.576,169.217,8434.31,7983.91,0,0
01:11:15:02:48:44,4041.98,4054.86,5.25438,0.018692,5.25365,0,0,7983.99,415739,7318.98,0,0,0,415739,0,0,-169.146,169.233,8434.39,7983.99,0,0
01:11:15:02:48:45,4044.27,4054,5.24992,0.0226975,5.25438,0,0,7984.08,415739,7321.27,0,0,0,415739,0,0,-166.857,169.25,8434.48,7984.08,0,0
01:11:15:02:48:46,4043.13,4054,5.2488,0.028038,5.24992,0,0,7984.17,415739,7320.13,0,0,0,415739,0,0,-168.002,169.267,8434.57,7984.17,0,0
01:11:15:02:48:47,4043.98,4056,5.25737,0.00801086,5.2488,0,0,7984.26,415739,7320.98,0,0,0,415739,0,0,-167.145,169.283,8434.66,7984.26,0,0
01:11:15:02:48:48,4045.99,4055.14,5.25885,0.00267029,5.25737,0,0,7984.34,415739,7322.99,0,0,0,415739,0,0,-165.142,169.3,8434.75,7984.34,0,0
01:11:15:02:48:49,4045.99,4055.14,5.24882,0.00133514,5.25885,0,0,7984.43,415739,7322.99,0,0,0,415739,0,0,-165.142,169.317,8434.83,7984.43,0,0
01:11:15:02:48:50,4043.98,4056.86,5.24882,0.00133514,5.24882,0,0,7984.52,415739,7320.98,0,0,0,415739,0,0,-167.146,169.333,8434.92,7984.52,0,0
01:11:15:02:48:51,4045.99,4056.29,5.24846,0,5.24882,0,0,7984.61,415739,7322.98,0,0,0,415739,0,0,-165.143,169.35,8435.01,7984.61,0,0
01:11:15:02:48:52,4041.12,4056,5.26035,0,5.24846,0,0,7984.69,415739,7318.12,0,0,0,415739,0,0,-170.007,169.367,8435.09,7984.69,0,0
01:11:15:02:48:53,4044.84,4057.43,5.26035,0,5.26035,0,0,7984.78,415739,7321.84,0,0,0,415739,0,0,-166.288,169.383,8435.18,7984.78,0,0
01:11:15:02:48:54,4048.27,4056.57,5.25364,0,5.26035,0,0,7984.87,415739,7325.27,0,0,0,415739,0,0,-162.855,169.4,8435.27,7984.87,0,0
01:11:15:02:48:55,4043.13,4056.86,5.25067,0,5.25364,0,0,7984.96,415739,7320.12,0,0,0,415739,0,0,-168.005,169.417,8435.36,7984.96,0,0
01:11:15:02:48:56,4045.41,4059.72,5.26073,0,5.25067,0,0,7985.04,415739,7322.41,0,0,0,415739,0,0,-165.717,169.433,8435.45,7985.04,0,0
01:11:15:02:48:57,4047.7,4058.29,5.25141,0,5.26073,0,0,7985.13,415739,7324.7,0,0,0,415739,0,0,-163.427,169.45,8435.53,7985.13,0,0
01:11:15:02:48:58,4043.41,4058,5.25477,0,5.25141,0,0,7985.22,415739,7320.41,0,0,0,415739,0,0,-167.719,169.467,8435.62,7985.22,0,0
01:11:15:02:48:59,4045.13,4060.01,5.25141,0,5.25477,0,0,7985.31,415739,7322.13,0,0,0,415739,0,0,-166.003,169.483,8435.71,7985.31,0,0
01:11:15:02:49:00,4048.85,4059.15,5.26259,0.0226975,5.25141,0,0,7985.4,415739,7325.84,0,0,0,415739,0,0,-162.283,169.5,8435.79,7985.4,0,0
01:11:15:02:49:01,4046.27,4058.86,5.26259,0.0520706,5.26259,0,0,7985.48,415739,7323.27,0,0,0,415739,0,0,-164.858,169.517,8435.88,7985.48,0,0
01:11:15:02:49:02,4047.13,4060.58,5.26298,0.04673,5.26259,0,0,7985.57,415739,7324.13,0,0,0,415739,0,0,-164,169.533,8435.97,7985.57,0,0
01:11:15:02:49:03,4049.13,4059.43,5.25961,0.0293751,5.26298,0,0,7985.66,415739,7326.13,0,0,0,415739,0,0,-161.997,169.55,8436.06,7985.66,0,0
01:11:15:02:49:04,4045.99,4059.43,5.25513,0.0293751,5.25961,0,0,7985.75,415739,7322.98,0,0,0,415739,0,0,-165.144,169.567,8436.15,7985.75,0,0
01:11:15:02:49:05,4046.84,4061.72,5.25513,0.028038,5.25513,0,0,7985.83,415739,7323.84,0,0,0,415739,0,0,-164.285,169.583,8436.23,7985.83,0,0
01:11:15:02:49:06,4049.99,4060.01,5.25476,0.0400562,5.25513,0,0,7985.92,415739,7326.99,0,0,0,415739,0,0,-161.138,169.6,8436.32,7985.92,0,0
01:11:15:02:49:07,4046.27,4060.86,5.25476,0.00934601,5.25476,0,0,7986.01,415739,7323.27,0,0,0,415739,0,0,-164.857,169.617,8436.41,7986.01,0,0
01:11:15:02:49:08,4051.71,4062.58,5.24993,0.0400562,5.25476,0,0,7986.1,415739,7328.71,0,0,0,415739,0,0,-159.421,169.633,8436.5,7986.1,0,0
01:11:15:02:49:09,4050.56,4061.15,5.25588,0.0146866,5.24993,0,0,7986.18,415739,7327.56,0,0,0,415739,0,0,-160.565,169.65,8436.58,7986.18,0,0
01:11:15:02:49:10,4046.84,4061.72,5.24955,0.0400562,5.25588,0,0,7986.27,415739,7323.84,0,0,0,415739,0,0,-164.284,169.667,8436.67,7986.27,0,0
01:11:15:02:49:11,4051.71,4063.72,5.25516,0.0200272,5.24955,0,0,7986.36,415739,7328.71,0,0,0,415739,0,0,-159.42,169.683,8436.76,7986.36,0,0
01:11:15:02:49:12,4050.85,4062.29,5.26073,0.00801086,5.25516,0,0,7986.45,415739,7327.85,0,0,0,415739,0,0,-160.277,169.7,8436.85,7986.45,0,0
01:11:15:02:49:13,4048.27,4062.01,5.24918,0,5.26073,0,0,7986.53,415739,7325.28,0,0,0,415739,0,0,-162.852,169.717,8436.93,7986.53,0,0
01:11:15:02:49:14,4050.85,4064.3,5.25811,0.00400543,5.24918,0,0,7986.62,415739,7327.85,0,0,0,415739,0,0,-160.276,169.733,8437.02,7986.62,0,0
01:11:15:02:49:15,4052.57,4063.72,5.24732,0,5.25811,0,0,7986.71,415739,7329.57,0,0,0,415739,0,0,-158.559,169.75,8437.11,7986.71,0,0
01:11:15:02:49:16,4047.13,4063.44,5.26297,0.00667572,5.24732,0,0,7986.8,415739,7324.13,0,0,0,415739,0,0,-163.995,169.767,8437.2,7986.8,0,0
01:11:15:02:49:17,4051.99,4064.87,5.24917,0,5.26297,0,0,7986.88,415739,7329,0,0,0,415739,0,0,-159.13,169.783,8437.28,7986.88,0,0
01:11:15:02:49:18,4052.85,4063.72,5.26334,0,5.24917,0,0,7986.97,415739,7329.86,0,0,0,415739,0,0,-158.271,169.8,8437.37,7986.97,0,0
01:11:15:02:49:19,4048.85,4064.3,5.25475,0.00267029,5.26334,0,0,7987.06,415739,7325.85,0,0,0,415739,0,0,-162.276,169.817,8437.46,7987.06,0,0
01:11:15:02:49:20,4052.28,4065.73,5.25367,0.00534058,5.25475,0,0,7987.15,415739,7329.29,0,0,0,415739,0,0,-158.842,169.833,8437.55,7987.15,0,0
01:11:15:02:49:21,4053.71,4064.3,5.25923,0.00801086,5.25367,0,0,7987.23,415739,7330.72,0,0,0,415739,0,0,-157.41,169.85,8437.63,7987.23,0,0
01:11:15:02:49:22,4050.28,4066.01,5.25142,0,5.25923,0,0,7987.32,415739,7327.29,0,0,0,415739,0,0,-160.842,169.867,8437.72,7987.32,0,0
01:11:15:02:49:23,4053.42,4067.73,5.26259,0,5.25142,0,0,7987.41,415739,7330.43,0,0,0,415739,0,0,-157.694,169.883,8437.81,7987.41,0,0
01:11:15:02:49:24,4055.43,4063.72,5.25626,0,5.26259,0,0,7987.5,415739,7332.44,0,0,0,415739,0,0,-155.691,169.9,8437.9,7987.5,0,0
01:11:15:02:49:25,4051.14,4066.01,5.25476,0,5.25626,0,0,7987.58,415739,7328.15,0,0,0,415739,0,0,-159.982,169.917,8437.98,7987.58,0,0
01:11:15:02:49:26,4054,4068.3,5.25625,0.0120163,5.25476,0,0,7987.67,415739,7331.01,0,0,0,415739,0,0,-157.12,169.933,8438.07,7987.67,0,0
01:11:15:02:49:27,4053.14,4064.87,5.25662,0,5.25625,0,0,7987.76,415739,7330.15,0,0,0,415739,0,0,-157.977,169.95,8438.16,7987.76,0,0
01:11:15:02:49:28,4053.42,4067.16,5.25886,0.00267029,5.25662,0,0,7987.85,415739,7330.44,0,0,0,415739,0,0,-157.69,169.967,8438.25,7987.85,0,0
01:11:15:02:49:29,4057.43,4068.59,5.25327,0.0253696,5.25886,0,0,7987.93,415739,7334.45,0,0,0,415739,0,0,-153.683,169.983,8438.33,7987.93,0,0
01:11:15:02:49:30,4056.86,4066.01,5.26035,0.00534058,5.25327,0,0,7988.02,415739,7333.87,0,0,0,415739,0,0,-154.254,170,8438.42,7988.02,0,0
01:11:15:02:49:31,4053.14,4068.02,5.24808,0.00133514,5.26035,0,0,7988.11,415739,7330.16,0,0,0,415739,0,0,-157.972,170.017,8438.51,7988.11,0,0
01:11:15:02:49:32,4058,4070.3,5.25814,0.0106792,5.24808,0,0,7988.2,415739,7335.02,0,0,0,415739,0,0,-153.108,170.033,8438.6,7988.2,0,0
01:11:15:02:49:33,4056,4067.44,5.25588,0,5.25814,0,0,7988.28,415739,7333.02,0,0,0,415739,0,0,-155.109,170.05,8438.68,7988.28,0,0
01:11:15:02:49:34,4054.86,4068.02,5.25551,0.00534058,5.25588,0,0,7988.37,415739,7331.88,0,0,0,415739,0,0,-156.252,170.067,8438.77,7988.37,0,0
01:11:15:02:49:35,4058.57,4070.88,5.26111,0,5.25551,0,0,7988.46,415739,7335.6,0,0,0,415739,0,0,-152.531,170.083,8438.86,7988.46,0,0
01:11:15:02:49:36,4056.57,4068.02,5.26111,0,5.26111,0,0,7988.55,415739,7333.6,0,0,0,415739,0,0,-154.532,170.1,8438.95,7988.55,0,0
01:11:15:02:49:37,4053.71,4069.16,5.2529,0,5.26111,0,0,7988.63,415739,7330.74,0,0,0,415739,0,0,-157.393,170.117,8439.03,7988.63,0,0
01:11:15:02:49:38,4057.72,4070.59,5.25218,0,5.2529,0,0,7988.72,415739,7334.74,0,0,0,415739,0,0,-153.385,170.133,8439.12,7988.72,0,0
01:11:15:02:49:39,4056.57,4068.02,5.25811,0,5.25218,0,0,7988.81,415739,7333.6,0,0,0,415739,0,0,-154.528,170.15,8439.21,7988.81,0,0
01:11:15:02:49:40,4053.71,4069.73,5.24771,0,5.25811,0,0,7988.9,415739,7330.74,0,0,0,415739,0,0,-157.39,170.167,8439.3,7988.9,0,0
01:11:15:02:49:41,4058.29,4070.02,5.25404,0,5.24771,0,0,7988.98,415739,7335.31,0,0,0,415739,0,0,-152.814,170.183,8439.38,7988.98,0,0
01:11:15:02:49:42,4056,4069.16,5.25216,0,5.25404,0,0,7989.07,415739,7333.02,0,0,0,415739,0,0,-155.104,170.2,8439.47,7989.07,0,0
01:11:15:02:49:43,4054.86,4072.31,5.25997,0,5.25216,0,0,7989.16,415739,7331.88,0,0,0,415739,0,0,-156.25,170.217,8439.56,7989.16,0,0
01:11:15:02:49:44,4058.29,4070.88,5.25513,0,5.25997,0,0,7989.25,415739,7335.31,0,0,0,415739,0,0,-152.818,170.233,8439.65,7989.25,0,0
01:11:15:02:49:45,4059.15,4070.59,5.25439,0,5.25513,0,0,7989.33,415739,7336.17,0,0,0,415739,0,0,-151.961,170.25,8439.73,7989.33,0,0
01:11:15:02:49:46,4056.86,4073.74,5.25737,0,5.25439,0,0,7989.42,415739,7333.88,0,0,0,415739,0,0,-154.252,170.267,8439.82,7989.42,0,0
01:11:15:02:49:47,4060.01,4072.59,5.25215,0.0146866,5.25737,0,0,7989.51,415739,7337.02,0,0,0,415739,0,0,-151.105,170.283,8439.91,7989.51,0,0
01:11:15:02:49:48,4056.57,4071.16,5.25587,0,5.25215,0,0,7989.6,415739,7333.59,0,0,0,415739,0,0,-154.539,170.3,8440,7989.6,0,0
01:11:15:02:49:49,4058.86,4073.74,5.25069,0.00534058,5.25587,0,0,7989.68,415739,7335.88,0,0,0,415739,0,0,-152.252,170.317,8440.08,7989.68,0,0
01:11:15:02:49:50,4061.72,4074.02,5.25551,0.0213623,5.25069,0,0,7989.77,415739,7338.74,0,0,0,415739,0,0,-149.392,170.333,8440.17,7989.77,0,0
01:11:15:02:49:51,4060.01,4071.45,5.25104,0.0120163,5.25551,0,0,7989.86,415739,7337.02,0,0,0,415739,0,0,-151.11,170.35,8440.26,7989.86,0,0
01:11:15:02:49:52,4056.86,4073.17,5.25775,0.00801086,5.25104,0,0,7989.95,415739,7333.87,0,0,0,415739,0,0,-154.258,170.367,8440.35,7989.95,0,0
01:11:15:02:49:53,4061.15,4074.02,5.26448,0.00534058,5.25775,0,0,7990.03,415739,7338.16,0,0,0,415739,0,0,-149.968,170.383,8440.43,7990.03,0,0
01:11:15:02:49:54,4060.29,4070.88,5.25925,0.00133514,5.26448,0,0,7990.12,415739,7337.3,0,0,0,415739,0,0,-150.826,170.4,8440.52,7990.12,0,0
01:11:15:02:49:55,4058.86,4074.6,5.25998,0,5.25925,0,0,7990.21,415739,7335.87,0,0,0,415739,0,0,-152.258,170.417,8440.61,7990.21,0,0
01:11:15:02:49:56,4062.58,4074.88,5.25215,0,5.25998,0,0,7990.3,415739,7339.59,0,0,0,415739,0,0,-148.54,170.433,8440.7,7990.3,0,0
01:11:15:02:49:57,4062.01,4072.31,5.24621,0,5.25215,0,0,7990.38,415739,7339.02,0,0,0,415739,0,0,-149.113,170.45,8440.78,7990.38,0,0
01:11:15:02:49:58,4060.29,4076.6,5.25852,0.0106792,5.24621,0,0,7990.47,415739,7337.3,0,0,0,415739,0,0,-150.831,170.467,8440.87,7990.47,0,0
01:11:15:02:49:59,4064.87,4076.89,5.25663,0.0133514,5.25852,0,0,7990.56,415739,7341.87,0,0,0,415739,0,0,-146.254,170.483,8440.96,7990.56,0,0
01:11:15:02:50:00,4063.44,4075.74,5.26446,0.0200272,5.25663,0,0,7990.65,415739,7340.44,0,0,0,415739,0,0,-147.685,170.5,8441.05,7990.65,0,0
01:11:15:02:50:01,4062.29,4077.74,5.25029,0.00400543,5.26446,0,0,7990.73,415739,7339.3,0,0,0,415739,0,0,-148.83,170.517,8441.13,7990.73,0,0
01:11:15:02:50:02,4065.73,4076.31,5.25364,0.0120163,5.25029,0,0,7990.82,415739,7342.73,0,0,0,415739,0,0,-145.397,170.533,8441.22,7990.82,0,0
01:11:15:02:50:03,4064.3,4076.6,5.25326,0.00400543,5.25364,0,0,7990.91,415739,7341.3,0,0,0,415739,0,0,-146.829,170.55,8441.31,7990.91,0,0
01:11:15:02:50:04,4062.87,4078.03,5.24955,0,5.25326,0,0,7991,415739,7339.87,0,0,0,415739,0,0,-148.26,170.567,8441.4,7991,0,0
01:11:15:02:50:05,4065.73,4076.89,5.25813,0.00267029,5.24955,0,0,7991.08,415739,7342.73,0,0,0,415739,0,0,-145.399,170.583,8441.48,7991.08,0,0
01:11:15:02:50:06,4064.01,4077.17,5.26446,0.00267029,5.25813,0,0,7991.17,415739,7341.01,0,0,0,415739,0,0,-147.116,170.6,8441.57,7991.17,0,0
01:11:15:02:50:07,4062.01,4079.17,5.25774,0.00534058,5.26446,0,0,7991.26,415739,7339.01,0,0,0,415739,0,0,-149.12,170.617,8441.66,7991.26,0,0
01:11:15:02:50:08,4066.59,4078.6,5.24807,0,5.25774,0,0,7991.35,415739,7343.59,0,0,0,415739,0,0,-144.542,170.633,8441.75,7991.35,0,0
01:11:15:02:50:09,4066.59,4078.89,5.25812,0.00267029,5.24807,0,0,7991.43,415739,7343.59,0,0,0,415739,0,0,-144.543,170.65,8441.83,7991.43,0,0
01:11:15:02:50:10,4066.87,4080.32,5.25364,0,5.25812,0,0,7991.52,415739,7343.87,0,0,0,415739,0,0,-144.257,170.667,8441.92,7991.52,0,0
01:11:15:02:50:11,4068.87,4079.46,5.25364,0,5.25364,0,0,7991.61,415739,7345.87,0,0,0,415739,0,0,-142.255,170.683,8442.01,7991.61,0,0
01:11:15:02:50:12,4066.01,4078.03,5.26558,0,5.25364,0,0,7991.7,415739,7343.01,0,0,0,415739,0,0,-145.116,170.7,8442.1,7991.7,0,0
01:11:15:02:50:13,4065.44,4080.6,5.26558,0.00133514,5.26558,0,0,7991.78,415739,7342.44,0,0,0,415739,0,0,-145.689,170.717,8442.18,7991.78,0,0
01:11:15:02:50:14,4067.73,4079.46,5.26558,0,5.26558,0,0,7991.87,415739,7344.73,0,0,0,415739,0,0,-143.4,170.733,8442.27,7991.87,0,0
01:11:15:02:50:15,4064.87,4078.6,5.25104,0,5.26558,0,0,7991.96,415739,7341.87,0,0,0,415739,0,0,-146.261,170.75,8442.36,7991.96,0,0
01:11:15:02:50:16,4065.16,4082.03,5.2477,0,5.25104,0,0,7992.05,415739,7342.15,0,0,0,415739,0,0,-145.975,170.767,8442.45,7992.05,0,0
01:11:15:02:50:17,4065.44,4080.03,5.25664,0,5.2477,0,0,7992.13,415739,7342.44,0,0,0,415739,0,0,-145.69,170.783,8442.54,7992.13,0,0
01:11:15:02:50:18,4063.72,4078.6,5.25664,0.028038,5.25664,0,0,7992.22,415739,7340.72,0,0,0,415739,0,0,-147.406,170.8,8442.62,7992.22,0,0
01:11:15:02:50:19,4064.3,4080.32,5.25402,0,5.25664,0,0,7992.31,415739,7341.29,0,0,0,415739,0,0,-146.834,170.817,8442.71,7992.31,0,0
01:11:15:02:50:20,4067.73,4080.32,5.25514,0.0267029,5.25402,0,0,7992.4,415739,7344.73,0,0,0,415739,0,0,-143.401,170.833,8442.8,7992.4,0,0
01:11:15:02:50:21,4064.01,4079.17,5.25514,0.00133514,5.25514,0,0,7992.48,415739,7341.01,0,0,0,415739,0,0,-147.12,170.85,8442.88,7992.48,0,0
01:11:15:02:50:22,4064.58,4081.18,5.2503,0,5.25514,0,0,7992.57,415739,7341.58,0,0,0,415739,0,0,-146.547,170.867,8442.97,7992.57,0,0
01:11:15:02:50:23,4069.73,4080.32,5.2555,0.00934601,5.2503,0,0,7992.66,415739,7346.73,0,0,0,415739,0,0,-141.398,170.883,8443.06,7992.66,0,0
01:11:15:02:50:24,4065.16,4079.17,5.2585,0,5.2555,0,0,7992.75,415739,7342.15,0,0,0,415739,0,0,-145.975,170.9,8443.15,7992.75,0,0
01:11:15:02:50:25,4066.3,4080.89,5.25067,0,5.2585,0,0,7992.83,415739,7343.3,0,0,0,415739,0,0,-144.831,170.917,8443.24,7992.83,0,0
01:11:15:02:50:26,4067.44,4080.32,5.26109,0.00534058,5.25067,0,0,7992.92,415739,7344.44,0,0,0,415739,0,0,-143.686,170.933,8443.32,7992.92,0,0
01:11:15:02:50:27,4063.44,4080.32,5.25289,0.00667572,5.26109,0,0,7993.01,415739,7340.44,0,0,0,415739,0,0,-147.691,170.95,8443.41,7993.01,0,0
01:11:15:02:50:28,4066.59,4082.03,5.25737,0.0133514,5.25289,0,0,7993.1,415739,7343.58,0,0,0,415739,0,0,-144.543,170.967,8443.5,7993.1,0,0
01:11:15:02:50:29,4066.87,4081.46,5.25625,0.0173569,5.25737,0,0,7993.19,415739,7343.87,0,0,0,415739,0,0,-144.257,170.983,8443.58,7993.19,0,0
01:11:15:02:50:30,4064.87,4081.75,5.25438,0.0226975,5.25625,0,0,7993.27,415739,7341.87,0,0,0,415739,0,0,-146.259,171,8443.67,7993.27,0,0
01:11:15:02:50:31,4067.73,4083.18,5.25476,0.0293751,5.25438,0,0,7993.36,415739,7344.73,0,0,0,415739,0,0,-143.398,171.017,8443.76,7993.36,0,0
01:11:15:02:50:32,4070.88,4082.61,5.25328,0.0200272,5.25476,0,0,7993.45,415739,7347.88,0,0,0,415739,0,0,-140.251,171.033,8443.85,7993.45,0,0
01:11:15:02:50:33,4066.87,4082.32,5.24732,0.00133514,5.25328,0,0,7993.54,415739,7343.87,0,0,0,415739,0,0,-144.256,171.05,8443.94,7993.54,0,0
01:11:15:02:50:34,4068.59,4084.61,5.25775,0.018692,5.24732,0,0,7993.62,415739,7345.59,0,0,0,415739,0,0,-142.538,171.067,8444.02,7993.62,0,0
01:11:15:02:50:35,4070.59,4083.47,5.25216,0.00534058,5.25775,0,0,7993.71,415739,7347.59,0,0,0,415739,0,0,-140.536,171.083,8444.11,7993.71,0,0
01:11:15:02:50:36,4066.87,4083.47,5.25812,0.0253696,5.25216,0,0,7993.8,415739,7343.87,0,0,0,415739,0,0,-144.255,171.1,8444.2,7993.8,0,0
01:11:15:02:50:37,4068.59,4086.04,5.257,0.018692,5.25812,0,0,7993.89,415739,7345.59,0,0,0,415739,0,0,-142.537,171.117,8444.29,7993.89,0,0
01:11:15:02:50:38,4072.02,4083.75,5.26372,0,5.257,0,0,7993.97,415739,7349.03,0,0,0,415739,0,0,-139.103,171.133,8444.37,7993.97,0,0
01:11:15:02:50:39,4068.3,4085.18,5.24696,0.00801086,5.26372,0,0,7994.06,415739,7345.31,0,0,0,415739,0,0,-142.822,171.15,8444.46,7994.06,0,0
01:11:15:02:50:40,4069.73,4087.18,5.25811,0.0200272,5.24696,0,0,7994.15,415739,7346.74,0,0,0,415739,0,0,-141.39,171.167,8444.55,7994.15,0,0
01:11:15:02:50:41,4074.02,4084.61,5.25105,0.0413895,5.25811,0,0,7994.24,415739,7351.03,0,0,0,415739,0,0,-137.098,171.183,8444.64,7994.24,0,0
01:11:15:02:50:42,4070.3,4085.47,5.25848,0.0253696,5.25105,0,0,7994.32,415739,7347.31,0,0,0,415739,0,0,-140.817,171.2,8444.72,7994.32,0,0
01:11:15:02:50:43,4074.31,4088.33,5.25029,0.0293751,5.25848,0,0,7994.41,415739,7351.32,0,0,0,415739,0,0,-136.81,171.217,8444.81,7994.41,0,0
01:11:15:02:50:44,4074.02,4086.61,5.25885,0,5.25029,0,0,7994.5,415739,7351.03,0,0,0,415739,0,0,-137.095,171.233,8444.9,7994.5,0,0
01:11:15:02:50:45,4069.45,4086.61,5.25736,0,5.25885,0,0,7994.59,415739,7346.46,0,0,0,415739,0,0,-141.672,171.25,8444.99,7994.59,0,0
01:11:15:02:50:46,4073.17,4088.62,5.25736,0,5.25736,0,0,7994.67,415739,7350.18,0,0,0,415739,0,0,-137.952,171.267,8445.07,7994.67,0,0
01:11:15:02:50:47,4073.17,4086.9,5.25961,0,5.25736,0,0,7994.76,415739,7350.18,0,0,0,415739,0,0,-137.951,171.283,8445.16,7994.76,0,0
01:11:15:02:50:48,4070.3,4087.76,5.25961,0,5.25961,0,0,7994.85,415739,7347.32,0,0,0,415739,0,0,-140.811,171.3,8445.25,7994.85,0,0
01:11:15:02:50:49,4076.03,4089.47,5.25625,0.0200272,5.25961,0,0,7994.94,415739,7353.04,0,0,0,415739,0,0,-135.088,171.317,8445.34,7994.94,0,0
01:11:15:02:50:50,4075.45,4088.04,5.25849,0.0240326,5.25625,0,0,7995.02,415739,7352.47,0,0,0,415739,0,0,-135.659,171.333,8445.42,7995.02,0,0
01:11:15:02:50:51,4071.74,4088.33,5.25628,0.00267029,5.25849,0,0,7995.11,415739,7348.75,0,0,0,415739,0,0,-139.377,171.35,8445.51,7995.11,0,0
01:11:15:02:50:52,4075.74,4090.62,5.2529,0,5.25628,0,0,7995.2,415739,7352.76,0,0,0,415739,0,0,-135.371,171.367,8445.6,7995.2,0,0
01:11:15:02:50:53,4076.6,4089.19,5.2529,0.0120163,5.2529,0,0,7995.29,415739,7353.62,0,0,0,415739,0,0,-134.511,171.383,8445.69,7995.29,0,0
01:11:15:02:50:54,4072.59,4089.76,5.25326,0.028038,5.2529,0,0,7995.37,415739,7349.61,0,0,0,415739,0,0,-138.516,171.4,8445.77,7995.37,0,0
01:11:15:02:50:55,4077.17,4091.76,5.25588,0.0587482,5.25326,0,0,7995.46,415739,7354.19,0,0,0,415739,0,0,-133.936,171.417,8445.86,7995.46,0,0
01:11:15:02:50:56,4077.74,4090.9,5.25067,0.018692,5.25588,0,0,7995.55,415739,7354.77,0,0,0,415739,0,0,-133.363,171.433,8445.95,7995.55,0,0
01:11:15:02:50:57,4074.02,4090.62,5.26371,0.0307083,5.25067,0,0,7995.64,415739,7351.05,0,0,0,415739,0,0,-137.081,171.45,8446.04,7995.64,0,0
01:11:15:02:50:58,4076.6,4092.33,5.25811,0.0213623,5.26371,0,0,7995.72,415739,7353.62,0,0,0,415739,0,0,-134.504,171.467,8446.12,7995.72,0,0
01:11:15:02:50:59,4079.17,4090.05,5.25067,0.00934601,5.25811,0,0,7995.81,415739,7356.2,0,0,0,415739,0,0,-131.928,171.483,8446.21,7995.81,0,0
01:11:15:02:51:00,4072.88,4090.9,5.26036,0.0160217,5.25067,0,0,7995.9,415739,7349.91,0,0,0,415739,0,0,-138.221,171.5,8446.3,7995.9,0,0
01:11:15:02:51:01,4076.89,4093.19,5.25439,0,5.26036,0,0,7995.99,415739,7353.91,0,0,0,415739,0,0,-134.216,171.517,8446.39,7995.99,0,0
01:11:15:02:51:02,4078.6,4090.05,5.25886,0,5.25439,0,0,7996.07,415739,7355.63,0,0,0,415739,0,0,-132.501,171.533,8446.47,7996.07,0,0
01:11:15:02:51:03,4073.45,4092.62,5.25438,0,5.25886,0,0,7996.16,415739,7350.48,0,0,0,415739,0,0,-137.651,171.55,8446.56,7996.16,0,0
01:11:15:02:51:04,4079.46,4094.05,5.26035,0,5.25438,0,0,7996.25,415739,7356.48,0,0,0,415739,0,0,-131.645,171.567,8446.65,7996.25,0,0
01:11:15:02:51:05,4078.6,4092.05,5.25961,0,5.26035,0,0,7996.34,415739,7355.62,0,0,0,415739,0,0,-132.505,171.583,8446.74,7996.34,0,0
01:11:15:02:51:06,4076.31,4093.19,5.25888,0,5.25961,0,0,7996.42,415739,7353.33,0,0,0,415739,0,0,-134.795,171.6,8446.82,7996.42,0,0
01:11:15:02:51:07,4079.75,4095.77,5.25403,0,5.25888,0,0,7996.51,415739,7356.77,0,0,0,415739,0,0,-131.363,171.617,8446.91,7996.51,0,0
01:11:15:02:51:08,4079.46,4092.91,5.25364,0,5.25403,0,0,7996.6,415739,7356.48,0,0,0,415739,0,0,-131.65,171.633,8447,7996.6,0,0
01:11:15:02:51:09,4077.46,4094.62,5.2555,0,5.25364,0,0,7996.69,415739,7354.47,0,0,0,415739,0,0,-133.654,171.65,8447.09,7996.69,0,0
01:11:15:02:51:10,4080.6,4095.48,5.25737,0.0120163,5.2555,0,0,7996.77,415739,7357.62,0,0,0,415739,0,0,-130.508,171.667,8447.17,7996.77,0,0
01:11:15:02:51:11,4078.6,4092.33,5.25364,0.00667572,5.25737,0,0,7996.86,415739,7355.62,0,0,0,415739,0,0,-132.512,171.683,8447.26,7996.86,0,0
01:11:15:02:51:12,4076.6,4093.48,5.2544,0.00667572,5.25364,0,0,7996.95,415739,7353.61,0,0,0,415739,0,0,-134.516,171.7,8447.35,7996.95,0,0
01:11:15:02:51:13,4080.03,4095.2,5.24957,0.00534058,5.2544,0,0,7997.04,415739,7357.04,0,0,0,415739,0,0,-131.084,171.717,8447.44,7997.04,0,0
01:11:15:02:51:14,4077.46,4094.05,5.25886,0.018692,5.24957,0,0,7997.12,415739,7354.47,0,0,0,415739,0,0,-133.66,171.733,8447.52,7997.12,0,0
01:11:15:02:51:15,4075.17,4094.05,5.25886,0.0133514,5.25886,0,0,7997.21,415739,7352.18,0,0,0,415739,0,0,-135.949,171.75,8447.61,7997.21,0,0
01:11:15:02:51:16,4082.89,4097.48,5.26072,0.0360508,5.25886,0,0,7997.3,415739,7359.9,0,0,0,415739,0,0,-128.226,171.767,8447.7,7997.3,0,0
01:11:15:02:51:17,4083.47,4094.62,5.24918,0.0213623,5.26072,0,0,7997.39,415739,7360.47,0,0,0,415739,0,0,-127.654,171.783,8447.79,7997.39,0,0
01:11:15:02:51:18,4080.32,4098.06,5.24918,0.00934601,5.24918,0,0,7997.47,415739,7357.33,0,0,0,415739,0,0,-130.802,171.8,8447.87,7997.47,0,0
01:11:15:02:51:19,4084.32,4098.06,5.25475,0.0200272,5.24918,0,0,7997.56,415739,7361.33,0,0,0,415739,0,0,-126.798,171.817,8447.96,7997.56,0,0
01:11:15:02:51:20,4082.89,4095.2,5.25476,0.0226975,5.25475,0,0,7997.65,415739,7359.9,0,0,0,415739,0,0,-128.229,171.833,8448.05,7997.65,0,0
01:11:15:02:51:21,4079.75,4098.63,5.25513,0.00667572,5.25476,0,0,7997.74,415739,7356.75,0,0,0,415739,0,0,-131.377,171.85,8448.14,7997.74,0,0
01:11:15:02:51:22,4084.9,4097.77,5.26408,0.0146866,5.25513,0,0,7997.82,415739,7361.9,0,0,0,415739,0,0,-126.228,171.867,8448.22,7997.82,0,0
01:11:15:02:51:23,4082.89,4096.05,5.25178,0.00534058,5.26408,0,0,7997.91,415739,7359.9,0,0,0,415739,0,0,-128.231,171.883,8448.31,7997.91,0,0
01:11:15:02:51:24,4081.75,4098.91,5.25179,0.0253696,5.25178,0,0,7998,415739,7358.75,0,0,0,415739,0,0,-129.377,171.9,8448.4,7998,0,0
01:11:15:02:51:25,4084.9,4098.63,5.24959,0.0173569,5.25179,0,0,7998.09,415739,7361.9,0,0,0,415739,0,0,-126.23,171.917,8448.49,7998.09,0,0
01:11:15:02:51:26,4084.04,4096.63,5.24732,0.00400543,5.24959,0,0,7998.17,415739,7361.04,0,0,0,415739,0,0,-127.089,171.933,8448.57,7998.17,0,0
01:11:15:02:51:27,4082.89,4099.49,5.25665,0.0213623,5.24732,0,0,7998.26,415739,7359.89,0,0,0,415739,0,0,-128.234,171.95,8448.66,7998.26,0,0
01:11:15:02:51:28,4086.9,4099.77,5.25665,0.00133514,5.25665,0,0,7998.35,415739,7363.9,0,0,0,415739,0,0,-124.229,171.967,8448.75,7998.35,0,0
01:11:15:02:51:29,4085.18,4097.2,5.24694,0.028038,5.25665,0,0,7998.44,415739,7362.18,0,0,0,415739,0,0,-125.946,171.983,8448.84,7998.44,0,0
01:11:15:02:51:30,4083.18,4099.2,5.26184,0.0160217,5.24694,0,0,7998.52,415739,7360.18,0,0,0,415739,0,0,-127.949,172,8448.92,7998.52,0,0
01:11:15:02:51:31,4084.61,4099.2,5.25029,0.0106792,5.26184,0,0,7998.61,415739,7361.61,0,0,0,415739,0,0,-126.519,172.017,8449.01,7998.61,0,0
01:11:15:02:51:32,4084.04,4097.2,5.25774,0.0333786,5.25029,0,0,7998.7,415739,7361.04,0,0,0,415739,0,0,-127.091,172.033,8449.1,7998.7,0,0
01:11:15:02:51:33,4084.9,4099.77,5.25774,0.0213623,5.25774,0,0,7998.79,415739,7361.9,0,0,0,415739,0,0,-126.233,172.05,8449.19,7998.79,0,0
01:11:15:02:51:34,4086.9,4100.35,5.25811,0.00400543,5.25774,0,0,7998.87,415739,7363.9,0,0,0,415739,0,0,-124.231,172.067,8449.27,7998.87,0,0
01:11:15:02:51:35,4083.75,4095.77,5.25514,0,5.25811,0,0,7998.96,415739,7360.75,0,0,0,415739,0,0,-127.378,172.083,8449.36,7998.96,0,0
01:11:15:02:51:36,4083.75,4100.06,5.26072,0.0226975,5.25514,0,0,7999.05,415739,7360.75,0,0,0,415739,0,0,-127.378,172.1,8449.45,7999.05,0,0
01:11:15:02:51:37,4086.9,4098.63,5.25849,0,5.26072,0,0,7999.14,415739,7363.9,0,0,0,415739,0,0,-124.232,172.117,8449.54,7999.14,0,0
01:11:15:02:51:38,4086.04,4099.2,5.24955,0.0200272,5.25849,0,0,7999.22,415739,7363.04,0,0,0,415739,0,0,-125.09,172.133,8449.63,7999.22,0,0
01:11:15:02:51:39,4084.9,4100.92,5.26222,0,5.24955,0,0,7999.31,415739,7361.89,0,0,0,415739,0,0,-126.234,172.15,8449.71,7999.31,0,0
01:11:15:02:51:40,4089.76,4100.92,5.26857,0,5.26222,0,0,7999.4,415739,7366.76,0,0,0,415739,0,0,-121.371,172.167,8449.8,7999.4,0,0
01:11:15:02:51:41,4086.9,4099.49,5.26558,0,5.26857,0,0,7999.49,415739,7363.9,0,0,0,415739,0,0,-124.232,172.183,8449.89,7999.49,0,0
01:11:15:02:51:42,4086.33,4102.92,5.2611,0.0320435,5.26558,0,0,7999.57,415739,7363.32,0,0,0,415739,0,0,-124.804,172.2,8449.97,7999.57,0,0
01:11:15:02:51:43,4089.76,4101.78,5.24919,0.0160217,5.2611,0,0,7999.66,415739,7366.76,0,0,0,415739,0,0,-121.371,172.217,8450.06,7999.66,0,0
01:11:15:02:51:44,4088.9,4100.63,5.25551,0,5.24919,0,0,7999.75,415739,7365.9,0,0,0,415739,0,0,-122.229,172.233,8450.15,7999.75,0,0
01:11:15:02:51:45,4086.61,4102.92,5.2503,0.0400562,5.25551,0,0,7999.84,415739,7363.61,0,0,0,415739,0,0,-124.518,172.25,8450.24,7999.84,0,0
01:11:15:02:51:46,4091.48,4102.63,5.25774,0,5.2503,0,0,7999.92,415739,7368.47,0,0,0,415739,0,0,-119.654,172.267,8450.33,7999.92,0,0
01:11:15:02:51:47,4088.04,4101.2,5.25812,0.00934601,5.25774,0,0,8000.01,415739,7365.04,0,0,0,415739,0,0,-123.087,172.283,8450.41,8000.01,0,0
01:11:15:02:51:48,4088.33,4104.64,5.25514,0,5.25812,0,0,8000.1,415739,7365.33,0,0,0,415739,0,0,-122.801,172.3,8450.5,8000.1,0,0
01:11:15:02:51:49,4091.48,4103.49,5.25588,0.018692,5.25514,0,0,8000.19,415739,7368.48,0,0,0,415739,0,0,-119.653,172.317,8450.59,8000.19,0,0
01:11:15:02:51:50,4089.76,4101.78,5.25514,0.00934601,5.25588,0,0,8000.27,415739,7366.76,0,0,0,415739,0,0,-121.37,172.333,8450.67,8000.27,0,0
01:11:15:02:51:51,4088.62,4105.5,5.25962,0.0120163,5.25514,0,0,8000.36,415739,7365.61,0,0,0,415739,0,0,-122.514,172.35,8450.76,8000.36,0,0
01:11:15:02:51:52,4089.47,4104.64,5.25551,0.0213623,5.25962,0,0,8000.45,415739,7366.47,0,0,0,415739,0,0,-121.655,172.367,8450.85,8000.45,0,0
01:11:15:02:51:53,4090.62,4102.06,5.25477,0,5.25551,0,0,8000.54,415739,7367.62,0,0,0,415739,0,0,-120.51,172.383,8450.94,8000.54,0,0
01:11:15:02:51:54,4090.9,4106.35,5.25104,0.00534058,5.25477,0,0,8000.63,415739,7367.9,0,0,0,415739,0,0,-120.223,172.4,8451.03,8000.63,0,0
01:11:15:02:51:55,4092.62,4105.5,5.25364,0,5.25104,0,0,8000.71,415739,7369.62,0,0,0,415739,0,0,-118.506,172.417,8451.11,8000.71,0,0
01:11:15:02:51:56,4090.9,4105.5,5.25364,0.0200272,5.25364,0,0,8000.8,415739,7367.91,0,0,0,415739,0,0,-120.222,172.433,8451.2,8000.8,0,0
01:11:15:02:51:57,4090.62,4106.93,5.25141,0,5.25364,0,0,8000.89,415739,7367.62,0,0,0,415739,0,0,-120.508,172.45,8451.29,8000.89,0,0
01:11:15:02:51:58,4093.48,4105.5,5.25289,0,5.25141,0,0,8000.98,415739,7370.48,0,0,0,415739,0,0,-117.646,172.467,8451.38,8000.98,0,0
01:11:15:02:51:59,4090.62,4105.5,5.25289,0,5.25289,0,0,8001.06,415739,7367.62,0,0,0,415739,0,0,-120.507,172.483,8451.46,8001.06,0,0
01:11:15:02:52:00,4088.33,4106.07,5.25923,0,5.25289,0,0,8001.15,415739,7365.33,0,0,0,415739,0,0,-122.795,172.5,8451.55,8001.15,0,0
01:11:15:02:52:01,4091.48,4104.92,5.25773,0,5.25923,0,0,8001.24,415739,7368.48,0,0,0,415739,0,0,-119.647,172.517,8451.64,8001.24,0,0
01:11:15:02:52:02,4090.62,4105.5,5.25848,0,5.25773,0,0,8001.33,415739,7367.62,0,0,0,415739,0,0,-120.504,172.533,8451.73,8001.33,0,0
01:11:15:02:52:03,4092.05,4106.93,5.25476,0,5.25848,0,0,8001.41,415739,7369.05,0,0,0,415739,0,0,-119.074,172.55,8451.81,8001.41,0,0
01:11:15:02:52:04,4096.05,4107.21,5.25662,0,5.25476,0,0,8001.5,415739,7373.06,0,0,0,415739,0,0,-115.067,172.567,8451.9,8001.5,0,0
01:11:15:02:52:05,4092.05,4106.93,5.25365,0,5.25662,0,0,8001.59,415739,7369.06,0,0,0,415739,0,0,-119.071,172.583,8451.99,8001.59,0,0
01:11:15:02:52:06,4093.77,4108.64,5.25551,0.00400543,5.25365,0,0,8001.68,415739,7370.77,0,0,0,415739,0,0,-117.354,172.6,8452.08,8001.68,0,0
01:11:15:02:52:07,4097.48,4107.78,5.26333,0,5.25551,0,0,8001.76,415739,7374.49,0,0,0,415739,0,0,-113.634,172.617,8452.16,8001.76,0,0
01:11:15:02:52:08,4093.77,4108.36,5.25331,0.00934601,5.26333,0,0,8001.85,415739,7370.78,0,0,0,415739,0,0,-117.352,172.633,8452.25,8001.85,0,0
01:11:15:02:52:09,4094.62,4110.07,5.25661,0.0160217,5.25331,0,0,8001.94,415739,7371.64,0,0,0,415739,0,0,-116.493,172.65,8452.34,8001.94,0,0
01:11:15:02:52:10,4096.34,4108.36,5.25217,0,5.25661,0,0,8002.03,415739,7373.35,0,0,0,415739,0,0,-114.775,172.667,8452.43,8002.03,0,0
01:11:15:02:52:11,4094.05,4108.93,5.25849,0,5.25217,0,0,8002.11,415739,7371.07,0,0,0,415739,0,0,-117.063,172.683,8452.51,8002.11,0,0
01:11:15:02:52:12,4092.91,4108.64,5.2611,0,5.25849,0,0,8002.2,415739,7369.92,0,0,0,415739,0,0,-118.206,172.7,8452.6,8002.2,0,0
01:11:15:02:52:13,4095.2,4108.93,5.25104,0,5.2611,0,0,8002.29,415739,7372.21,0,0,0,415739,0,0,-115.916,172.717,8452.69,8002.29,0,0
01:11:15:02:52:14,4094.62,4109.21,5.25401,0,5.25104,0,0,8002.38,415739,7371.64,0,0,0,415739,0,0,-116.487,172.733,8452.78,8002.38,0,0
01:11:15:02:52:15,4095.2,4110.93,5.24287,0,5.25401,0,0,8002.46,415739,7372.21,0,0,0,415739,0,0,-115.914,172.75,8452.86,8002.46,0,0
01:11:15:02:52:16,4098.34,4109.5,5.25774,0,5.24287,0,0,8002.55,415739,7375.36,0,0,0,415739,0,0,-112.765,172.767,8452.95,8002.55,0,0
01:11:15:02:52:17,4096.34,4111.5,5.24992,0.00801086,5.25774,0,0,8002.64,415739,7373.36,0,0,0,415739,0,0,-114.767,172.783,8453.04,8002.64,0,0
01:11:15:02:52:18,4094.91,4112.93,5.26333,0,5.24992,0,0,8002.73,415739,7371.93,0,0,0,415739,0,0,-116.196,172.8,8453.13,8002.73,0,0
01:11:15:02:52:19,4098.63,4110.93,5.25662,0,5.26333,0,0,8002.81,415739,7375.65,0,0,0,415739,0,0,-112.475,172.817,8453.21,8002.81,0,0
01:11:15:02:52:20,4094.62,4111.5,5.25588,0,5.25662,0,0,8002.9,415739,7371.65,0,0,0,415739,0,0,-116.479,172.833,8453.3,8002.9,0,0
01:11:15:02:52:21,4100.63,4112.65,5.25811,0,5.25588,0,0,8002.99,415739,7377.66,0,0,0,415739,0,0,-110.47,172.85,8453.39,8002.99,0,0
01:11:15:02:52:22,4100.06,4112.08,5.24324,0,5.25811,0,0,8003.08,415739,7377.09,0,0,0,415739,0,0,-111.041,172.867,8453.48,8003.08,0,0
01:11:15:02:52:23,4096.34,4112.08,5.25923,0,5.24324,0,0,8003.16,415739,7373.37,0,0,0,415739,0,0,-114.761,172.883,8453.56,8003.16,0,0
01:11:15:02:52:24,4099.77,4114.08,5.2555,0.0293751,5.25923,0,0,8003.25,415739,7376.8,0,0,0,415739,0,0,-111.33,172.9,8453.65,8003.25,0,0
01:11:15:02:52:25,4099.2,4112.93,5.2555,0,5.2555,0,0,8003.34,415739,7376.23,0,0,0,415739,0,0,-111.903,172.917,8453.74,8003.34,0,0
01:11:15:02:52:26,4097.2,4112.93,5.25588,0.00801086,5.2555,0,0,8003.43,415739,7374.22,0,0,0,415739,0,0,-113.907,172.933,8453.83,8003.43,0,0
01:11:15:02:52:27,4101.2,4114.94,5.25439,0.0160217,5.25588,0,0,8003.51,415739,7378.22,0,0,0,415739,0,0,-109.904,172.95,8453.91,8003.51,0,0
01:11:15:02:52:28,4102.63,4114.08,5.25364,0.0253696,5.25439,0,0,8003.6,415739,7379.65,0,0,0,415739,0,0,-108.474,172.967,8454,8003.6,0,0
01:11:15:02:52:29,4098.63,4114.36,5.25476,0.04673,5.25364,0,0,8003.69,415739,7375.65,0,0,0,415739,0,0,-112.481,172.983,8454.09,8003.69,0,0
01:11:15:02:52:30,4101.2,4116.08,5.25067,0.0133514,5.25476,0,0,8003.78,415739,7378.22,0,0,0,415739,0,0,-109.907,173,8454.18,8003.78,0,0
01:11:15:02:52:31,4102.92,4115.51,5.26147,0.0267029,5.25067,0,0,8003.86,415739,7379.94,0,0,0,415739,0,0,-108.192,173.017,8454.26,8003.86,0,0
01:11:15:02:52:32,4099.2,4115.79,5.25478,0.00667572,5.26147,0,0,8003.95,415739,7376.22,0,0,0,415739,0,0,-111.912,173.033,8454.35,8003.95,0,0
01:11:15:02:52:33,4100.35,4116.65,5.26074,0.00267029,5.25478,0,0,8004.04,415739,7377.36,0,0,0,415739,0,0,-110.769,173.05,8454.44,8004.04,0,0
01:11:15:02:52:34,4102.63,4115.22,5.25551,0.00667572,5.26074,0,0,8004.13,415739,7379.65,0,0,0,415739,0,0,-108.481,173.067,8454.53,8004.13,0,0
01:11:15:02:52:35,4099.2,4116.65,5.25402,0.00934601,5.25551,0,0,8004.21,415739,7376.21,0,0,0,415739,0,0,-111.916,173.083,8454.61,8004.21,0,0
01:11:15:02:52:36,4099.49,4116.08,5.26373,0,5.25402,0,0,8004.3,415739,7376.5,0,0,0,415739,0,0,-111.63,173.1,8454.7,8004.3,0,0
01:11:15:02:52:37,4102.06,4115.22,5.25662,0.0440617,5.26373,0,0,8004.39,415739,7379.07,0,0,0,415739,0,0,-109.057,173.117,8454.79,8004.39,0,0
01:11:15:02:52:38,4100.06,4116.65,5.24622,0.0333786,5.25662,0,0,8004.48,415739,7377.07,0,0,0,415739,0,0,-111.06,173.133,8454.88,8004.48,0,0
01:11:15:02:52:39,4104.92,4117.8,5.25736,0.018692,5.24622,0,0,8004.56,415739,7381.93,0,0,0,415739,0,0,-106.197,173.15,8454.96,8004.56,0,0
01:11:15:02:52:40,4102.35,4116.37,5.2544,0.00801086,5.25736,0,0,8004.65,415739,7379.35,0,0,0,415739,0,0,-108.773,173.167,8455.05,8004.65,0,0
01:11:15:02:52:41,4099.77,4118.66,5.25849,0,5.2544,0,0,8004.74,415739,7376.78,0,0,0,415739,0,0,-111.349,173.183,8455.14,8004.74,0,0
01:11:15:02:52:42,4104.92,4120.09,5.25103,0.0160217,5.25849,0,0,8004.83,415739,7381.93,0,0,0,415739,0,0,-106.2,173.2,8455.23,8004.83,0,0
01:11:15:02:52:43,4104.35,4118.08,5.25923,0.0133514,5.25103,0,0,8004.91,415739,7381.36,0,0,0,415739,0,0,-106.773,173.217,8455.31,8004.91,0,0
01:11:15:02:52:44,4102.35,4118.94,5.25029,0.0146866,5.25923,0,0,8005,415739,7379.35,0,0,0,415739,0,0,-108.776,173.233,8455.4,8005,0,0
01:11:15:02:52:45,4105.78,4121.52,5.24844,0.0133514,5.25029,0,0,8005.09,415739,7382.78,0,0,0,415739,0,0,-105.344,173.25,8455.49,8005.09,0,0
01:11:15:02:52:46,4105.5,4117.8,5.26259,0,5.24844,0,0,8005.18,415739,7382.5,0,0,0,415739,0,0,-105.63,173.267,8455.58,8005.18,0,0
01:11:15:02:52:47,4100.92,4119.51,5.25217,0.00267029,5.26259,0,0,8005.26,415739,7377.92,0,0,0,415739,0,0,-110.208,173.283,8455.66,8005.26,0,0
01:11:15:02:52:48,4105.78,4120.94,5.25478,0.0106792,5.25217,0,0,8005.35,415739,7382.78,0,0,0,415739,0,0,-105.345,173.3,8455.75,8005.35,0,0
01:11:15:02:52:49,4106.35,4118.94,5.25587,0.0213623,5.25478,0,0,8005.44,415739,7383.35,0,0,0,415739,0,0,-104.774,173.317,8455.84,8005.44,0,0
01:11:15:02:52:50,4102.92,4119.8,5.257,0.00133514,5.25587,0,0,8005.53,415739,7379.92,0,0,0,415739,0,0,-108.207,173.333,8455.93,8005.53,0,0
01:11:15:02:52:51,4107.21,4121.52,5.25737,0.0200272,5.257,0,0,8005.61,415739,7384.21,0,0,0,415739,0,0,-103.917,173.35,8456.01,8005.61,0,0
01:11:15:02:52:52,4106.35,4119.8,5.25775,0.00801086,5.25737,0,0,8005.7,415739,7383.35,0,0,0,415739,0,0,-104.775,173.367,8456.1,8005.7,0,0
01:11:15:02:52:53,4101.49,4120.37,5.25365,0.00934601,5.25775,0,0,8005.79,415739,7378.49,0,0,0,415739,0,0,-109.639,173.383,8456.19,8005.79,0,0
01:11:15:02:52:54,4104.92,4119.8,5.25551,0.0360508,5.25365,0,0,8005.88,415739,7381.92,0,0,0,415739,0,0,-106.206,173.4,8456.28,8005.88,0,0
01:11:15:02:52:55,4106.35,4118.08,5.2611,0.0120163,5.25551,0,0,8005.96,415739,7383.35,0,0,0,415739,0,0,-104.776,173.417,8456.36,8005.96,0,0
01:11:15:02:52:56,4104.64,4122.66,5.24696,0.0160217,5.2611,0,0,8006.05,415739,7381.64,0,0,0,415739,0,0,-106.493,173.433,8456.45,8006.05,0,0
01:11:15:02:52:57,4107.21,4122.09,5.26147,0.0240326,5.24696,0,0,8006.14,415739,7384.21,0,0,0,415739,0,0,-103.918,173.45,8456.54,8006.14,0,0
01:11:15:02:52:58,4107.21,4120.94,5.25179,0,5.26147,0,0,8006.23,415739,7384.21,0,0,0,415739,0,0,-103.918,173.467,8456.63,8006.23,0,0
01:11:15:02:52:59,4107.5,4123.23,5.25179,0.00934601,5.25179,0,0,8006.31,415739,7384.5,0,0,0,415739,0,0,-103.632,173.483,8456.71,8006.31,0,0
01:11:15:02:53:00,4110.65,4123.81,5.25179,0.0320435,5.25179,0,0,8006.4,415739,7387.64,0,0,0,415739,0,0,-100.486,173.5,8456.8,8006.4,0,0
01:11:15:02:53:01,4108.36,4121.23,5.25515,0.0320435,5.25179,0,0,8006.49,415739,7385.35,0,0,0,415739,0,0,-102.774,173.517,8456.89,8006.49,0,0
01:11:15:02:53:02,4106.64,4124.09,5.25515,0.0120163,5.25515,0,0,8006.58,415739,7383.64,0,0,0,415739,0,0,-104.491,173.533,8456.98,8006.58,0,0
01:11:15:02:53:03,4110.36,4124.95,5.25626,0.0173569,5.25515,0,0,8006.66,415739,7387.36,0,0,0,415739,0,0,-100.772,173.55,8457.06,8006.66,0,0
01:11:15:02:53:04,4109.21,4121.23,5.25142,0.00534058,5.25626,0,0,8006.75,415739,7386.21,0,0,0,415739,0,0,-101.916,173.567,8457.15,8006.75,0,0
01:11:15:02:53:05,4108.36,4125.52,5.26783,0.0226975,5.25142,0,0,8006.84,415739,7385.35,0,0,0,415739,0,0,-102.774,173.583,8457.24,8006.84,0,0
01:11:15:02:53:06,4112.36,4125.81,5.26783,0.0200272,5.26783,0,0,8006.93,415739,7389.36,0,0,0,415739,0,0,-98.7684,173.6,8457.33,8006.93,0,0
01:11:15:02:53:07,4109.5,4121.8,5.25738,0.0200272,5.26783,0,0,8007.01,415739,7386.5,0,0,0,415739,0,0,-101.63,173.617,8457.42,8007.01,0,0
01:11:15:02:53:08,4108.64,4125.24,5.25029,0.00534058,5.25738,0,0,8007.1,415739,7385.64,0,0,0,415739,0,0,-102.488,173.633,8457.5,8007.1,0,0
01:11:15:02:53:09,4111.79,4126.38,5.26296,0.00667572,5.25029,0,0,8007.19,415739,7388.79,0,0,0,415739,0,0,-99.3404,173.65,8457.59,8007.19,0,0
01:11:15:02:53:10,4110.65,4123.52,5.24769,0.00667572,5.26296,0,0,8007.28,415739,7387.64,0,0,0,415739,0,0,-100.484,173.667,8457.68,8007.28,0,0
01:11:15:02:53:11,4109.79,4126.95,5.25291,0.0307083,5.24769,0,0,8007.36,415739,7386.79,0,0,0,415739,0,0,-101.342,173.683,8457.76,8007.36,0,0
01:11:15:02:53:12,4112.65,4126.09,5.25178,0.0320435,5.25291,0,0,8007.45,415739,7389.65,0,0,0,415739,0,0,-98.4812,173.7,8457.85,8007.45,0,0
01:11:15:02:53:13,4111.22,4125.52,5.25328,0.00400543,5.25178,0,0,8007.54,415739,7388.22,0,0,0,415739,0,0,-99.9112,173.717,8457.94,8007.54,0,0
01:11:15:02:53:14,4109.79,4127.24,5.25105,0,5.25328,0,0,8007.63,415739,7386.79,0,0,0,415739,0,0,-101.341,173.733,8458.03,8007.63,0,0
01:11:15:02:53:15,4115.22,4127.24,5.26036,0.00934601,5.25105,0,0,8007.71,415739,7392.22,0,0,0,415739,0,0,-95.9047,173.75,8458.12,8007.71,0,0
01:11:15:02:53:16,4112.93,4126.95,5.2555,0,5.26036,0,0,8007.8,415739,7389.93,0,0,0,415739,0,0,-98.1934,173.767,8458.2,8007.8,0,0
01:11:15:02:53:17,4109.79,4129.24,5.24919,0.0173569,5.2555,0,0,8007.89,415739,7386.79,0,0,0,415739,0,0,-101.34,173.783,8458.29,8007.89,0,0
01:11:15:02:53:18,4114.65,4128.67,5.25811,0,5.24919,0,0,8007.98,415739,7391.65,0,0,0,415739,0,0,-96.4756,173.8,8458.38,8007.98,0,0
01:11:15:02:53:19,4110.07,4126.09,5.25476,0.00801086,5.25811,0,0,8008.06,415739,7387.08,0,0,0,415739,0,0,-101.053,173.817,8458.46,8008.06,0,0
01:11:15:02:53:20,4111.79,4129.24,5.25961,0.0307083,5.25476,0,0,8008.15,415739,7388.79,0,0,0,415739,0,0,-99.3357,173.833,8458.55,8008.15,0,0
01:11:15:02:53:21,4113.22,4127.81,5.25365,0.00801086,5.25961,0,0,8008.24,415739,7390.22,0,0,0,415739,0,0,-97.9039,173.85,8458.64,8008.24,0,0
01:11:15:02:53:22,4111.5,4126.67,5.2488,0.0226975,5.25365,0,0,8008.33,415739,7388.51,0,0,0,415739,0,0,-99.62,173.867,8458.73,8008.33,0,0
01:11:15:02:53:23,4113.79,4130.39,5.25551,0.00534058,5.2488,0,0,8008.42,415739,7390.8,0,0,0,415739,0,0,-97.3307,173.883,8458.82,8008.42,0,0
01:11:15:02:53:24,4117.23,4129.24,5.25404,0.00267029,5.25551,0,0,8008.5,415739,7394.23,0,0,0,415739,0,0,-93.8962,173.9,8458.9,8008.5,0,0
01:11:15:02:53:25,4114.65,4127.81,5.25886,0.0133514,5.25404,0,0,8008.59,415739,7391.66,0,0,0,415739,0,0,-96.471,173.917,8458.99,8008.59,0,0
01:11:15:02:53:26,4114.65,4130.67,5.26035,0.0160217,5.25886,0,0,8008.68,415739,7391.66,0,0,0,415739,0,0,-96.4698,173.933,8459.08,8008.68,0,0
01:11:15:02:53:27,4115.79,4130.39,5.26185,0.0173569,5.26035,0,0,8008.77,415739,7392.8,0,0,0,415739,0,0,-95.3246,173.95,8459.17,8008.77,0,0
01:11:15:02:53:28,4114.36,4127.81,5.26147,0.0213623,5.26185,0,0,8008.85,415739,7391.37,0,0,0,415739,0,0,-96.7541,173.967,8459.25,8008.85,0,0
01:11:15:02:53:29,4112.65,4131.24,5.24844,0.0253696,5.26147,0,0,8008.94,415739,7389.66,0,0,0,415739,0,0,-98.4696,173.983,8459.34,8008.94,0,0
01:11:15:02:53:30,4114.65,4131.24,5.26035,0.00400543,5.24844,0,0,8009.03,415739,7391.66,0,0,0,415739,0,0,-96.4663,174,8459.43,8009.03,0,0
01:11:15:02:53:31,4113.22,4130.96,5.24957,0,5.26035,0,0,8009.12,415739,7390.23,0,0,0,415739,0,0,-97.8958,174.017,8459.52,8009.12,0,0
01:11:15:02:53:32,4114.65,4132.39,5.24957,0,5.24957,0,0,8009.2,415739,7391.66,0,0,0,415739,0,0,-96.464,174.033,8459.6,8009.2,0,0
01:11:15:02:53:33,4117.8,4131.24,5.25737,0.0387192,5.24957,0,0,8009.29,415739,7394.81,0,0,0,415739,0,0,-93.3155,174.05,8459.69,8009.29,0,0
01:11:15:02:53:34,4118.08,4130.96,5.25737,0.0320435,5.25737,0,0,8009.38,415739,7395.1,0,0,0,415739,0,0,-93.0283,174.067,8459.78,8009.38,0,0
01:11:15:02:53:35,4117.23,4132.67,5.2585,0.0160217,5.25737,0,0,8009.47,415739,7394.24,0,0,0,415739,0,0,-93.8852,174.083,8459.87,8009.47,0,0
01:11:15:02:53:36,4118.94,4131.82,5.24844,0.0253696,5.2585,0,0,8009.55,415739,7395.96,0,0,0,415739,0,0,-92.1674,174.1,8459.95,8009.55,0,0
01:11:15:02:53:37,4116.65,4131.82,5.25737,0.0200272,5.24844,0,0,8009.64,415739,7393.67,0,0,0,415739,0,0,-94.4555,174.117,8460.04,8009.64,0,0
01:11:15:02:53:38,4103.21,4120.37,5.25662,0.018692,5.25737,0,0,8009.73,415739,7380.23,0,0,0,415739,0,0,-107.901,174.133,8460.13,8009.73,0,0
01:11:15:02:53:39,4107.5,4121.8,5.25662,0.018692,5.25662,0,0,8009.82,415739,7384.52,0,0,0,415739,0,0,-103.608,174.15,8460.22,8009.82,0,0
01:11:15:02:53:40,4104.64,4121.23,5.25442,0,5.25662,0,0,8009.9,415739,7381.66,0,0,0,415739,0,0,-106.468,174.167,8460.3,8009.9,0,0
01:11:15:02:53:41,4106.64,4124.09,5.25662,0.0253696,5.25442,0,0,8009.99,415739,7383.67,0,0,0,415739,0,0,-104.463,174.183,8460.39,8009.99,0,0
01:11:15:02:53:42,4110.07,4124.66,5.25178,0.0173569,5.25662,0,0,8010.08,415739,7387.1,0,0,0,415739,0,0,-101.029,174.2,8460.48,8010.08,0,0
01:11:15:02:53:43,4111.22,4127.81,5.25627,0.0146866,5.25178,0,0,8010.17,415739,7388.25,0,0,0,415739,0,0,-99.8828,174.217,8460.57,8010.17,0,0
01:11:15:02:53:44,4111.5,4130.67,5.24658,0.00133514,5.25627,0,0,8010.25,415739,7388.53,0,0,0,415739,0,0,-99.598,174.233,8460.65,8010.25,0,0
01:11:15:02:53:45,4116.08,4127.24,5.26373,0.018692,5.24658,0,0,8010.34,415739,7393.11,0,0,0,415739,0,0,-95.0217,174.25,8460.74,8010.34,0,0
01:11:15:02:53:46,4113.51,4127.81,5.25513,0,5.26373,0,0,8010.43,415739,7390.53,0,0,0,415739,0,0,-97.5976,174.267,8460.83,8010.43,0,0
01:11:15:02:53:47,4113.22,4130.67,5.25439,0.00400543,5.25513,0,0,8010.52,415739,7390.24,0,0,0,415739,0,0,-97.8854,174.283,8460.92,8010.52,0,0
01:11:15:02:53:48,4115.22,4129.24,5.26036,0.0120163,5.25439,0,0,8010.6,415739,7392.24,0,0,0,415739,0,0,-95.8838,174.3,8461,8010.6,0,0
01:11:15:02:53:49,4112.93,4128.96,5.25329,0,5.26036,0,0,8010.69,415739,7389.95,0,0,0,415739,0,0,-98.1743,174.317,8461.09,8010.69,0,0
01:11:15:02:53:50,4113.79,4133.53,5.25961,0,5.25329,0,0,8010.78,415739,7390.81,0,0,0,415739,0,0,-97.3168,174.333,8461.18,8010.78,0,0
01:11:15:02:53:51,4118.08,4132.39,5.25217,0.0106792,5.25961,0,0,8010.87,415739,7395.1,0,0,0,415739,0,0,-93.0272,174.35,8461.27,8010.87,0,0
01:11:15:02:53:52,4115.22,4131.24,5.25999,0.00801086,5.25217,0,0,8010.95,415739,7392.24,0,0,0,415739,0,0,-95.8891,174.367,8461.35,8010.95,0,0
01:11:15:02:53:53,4116.08,4133.82,5.25514,0.00934601,5.25999,0,0,8011.04,415739,7393.1,0,0,0,415739,0,0,-95.0322,174.383,8461.44,8011.04,0,0
01:11:15:02:53:54,4118.08,4132.67,5.24917,0.00267029,5.25514,0,0,8011.13,415739,7395.1,0,0,0,415739,0,0,-93.0307,174.4,8461.53,8011.13,0,0
01:11:15:02:53:55,4116.08,4133.25,5.2555,0.0240326,5.24917,0,0,8011.22,415739,7393.09,0,0,0,415739,0,0,-95.0345,174.417,8461.62,8011.22,0,0
01:11:15:02:53:56,4119.23,4135.82,5.25403,0,5.2555,0,0,8011.3,415739,7396.24,0,0,0,415739,0,0,-91.8878,174.433,8461.7,8011.3,0,0
01:11:15:02:53:57,4122.09,4135.54,5.25588,0,5.25403,0,0,8011.39,415739,7399.1,0,0,0,415739,0,0,-89.0282,174.45,8461.79,8011.39,0,0
01:11:15:02:53:58,4116.94,4134.96,5.25811,0.0387192,5.25588,0,0,8011.48,415739,7393.95,0,0,0,415739,0,0,-94.1794,174.467,8461.88,8011.48,0,0
01:11:15:02:53:59,4120.94,4137.25,5.25587,0.0400562,5.25811,0,0,8011.57,415739,7397.95,0,0,0,415739,0,0,-90.174,174.483,8461.97,8011.57,0,0
01:11:15:02:54:00,4123.23,4135.82,5.25068,0.0440617,5.25587,0,0,8011.65,415739,7400.24,0,0,0,415739,0,0,-87.8865,174.5,8462.05,8011.65,0,0
01:11:15:02:54:01,4117.51,4136.39,5.24843,0.037384,5.25068,0,0,8011.74,415739,7394.52,0,0,0,415739,0,0,-93.6096,174.517,8462.14,8011.74,0,0
01:11:15:02:54:02,4120.66,4139.26,5.24621,0,5.24843,0,0,8011.83,415739,7397.67,0,0,0,415739,0,0,-90.4629,174.533,8462.23,8011.83,0,0
01:11:15:02:54:03,4124.09,4138.4,5.24621,0.0226975,5.24621,0,0,8011.92,415739,7401.1,0,0,0,415739,0,0,-87.0307,174.55,8462.32,8011.92,0,0
01:11:15:02:54:04,4121.52,4137.54,5.25588,0,5.24621,0,0,8012,415739,7398.52,0,0,0,415739,0,0,-89.6066,174.567,8462.4,8012,0,0
01:11:15:02:54:05,4123.81,4139.83,5.25588,0,5.25588,0,0,8012.09,415739,7400.81,0,0,0,415739,0,0,-87.3185,174.583,8462.49,8012.09,0,0
01:11:15:02:54:06,4125.24,4138.68,5.25476,0,5.25588,0,0,8012.18,415739,7402.24,0,0,0,415739,0,0,-85.8884,174.6,8462.58,8012.18,0,0
01:11:15:02:54:07,4121.8,4139.83,5.25738,0,5.25476,0,0,8012.27,415739,7398.81,0,0,0,415739,0,0,-89.3223,174.617,8462.67,8012.27,0,0
01:11:15:02:54:08,4125.24,4140.69,5.25403,0,5.25738,0,0,8012.35,415739,7402.24,0,0,0,415739,0,0,-85.8902,174.633,8462.75,8012.35,0,0
01:11:15:02:54:09,4122.38,4135.54,5.25179,0,5.25403,0,0,8012.44,415739,7399.38,0,0,0,415739,0,0,-88.7515,174.65,8462.84,8012.44,0,0
01:11:15:02:54:10,4120.66,4138.11,5.2544,0,5.25179,0,0,8012.53,415739,7397.66,0,0,0,415739,0,0,-90.4687,174.667,8462.93,8012.53,0,0
01:11:15:02:54:11,4122.95,4140.11,5.24918,0,5.2544,0,0,8012.62,415739,7399.95,0,0,0,415739,0,0,-88.18,174.683,8463.02,8012.62,0,0
01:11:15:02:54:12,4124.95,4136.39,5.26596,0.00400543,5.24918,0,0,8012.7,415739,7401.95,0,0,0,415739,0,0,-86.1779,174.7,8463.1,8012.7,0,0
01:11:15:02:54:13,4123.23,4139.26,5.25402,0.00267029,5.26596,0,0,8012.79,415739,7400.23,0,0,0,415739,0,0,-87.8952,174.717,8463.19,8012.79,0,0
01:11:15:02:54:14,4124.66,4143.83,5.25142,0,5.25402,0,0,8012.88,415739,7401.66,0,0,0,415739,0,0,-86.4645,174.733,8463.28,8012.88,0,0
01:11:15:02:54:15,4127.24,4140.69,5.24844,0.0307083,5.25142,0,0,8012.97,415739,7404.24,0,0,0,415739,0,0,-83.8904,174.75,8463.37,8012.97,0,0
01:11:15:02:54:16,4125.24,4141.83,5.25737,0.028038,5.24844,0,0,8013.05,415739,7402.23,0,0,0,415739,0,0,-85.8936,174.767,8463.45,8013.05,0,0
01:11:15:02:54:17,4129.81,4144.69,5.25625,0.00400543,5.25737,0,0,8013.14,415739,7406.81,0,0,0,415739,0,0,-81.3163,174.783,8463.54,8013.14,0,0
01:11:15:02:54:18,4129.53,4142.12,5.26333,0.0333786,5.25625,0,0,8013.23,415739,7406.53,0,0,0,415739,0,0,-81.6017,174.8,8463.63,8013.23,0,0
01:11:15:02:54:19,4125.24,4142.69,5.2626,0.0200272,5.26333,0,0,8013.32,415739,7402.23,0,0,0,415739,0,0,-85.8936,174.817,8463.72,8013.32,0,0
01:11:15:02:54:20,4129.24,4144.98,5.25478,0.0333786,5.2626,0,0,8013.4,415739,7406.24,0,0,0,415739,0,0,-81.8889,174.833,8463.8,8013.4,0,0
01:11:15:02:54:21,4129.24,4142.12,5.25254,0.0307083,5.25478,0,0,8013.49,415739,7406.24,0,0,0,415739,0,0,-81.8889,174.85,8463.89,8013.49,0,0
01:11:15:02:54:22,4126.38,4144.4,5.25774,0.0667572,5.25254,0,0,8013.58,415739,7403.38,0,0,0,415739,0,0,-84.7496,174.867,8463.98,8013.58,0,0
01:11:15:02:54:23,4131.24,4145.84,5.25141,0.0160217,5.25774,0,0,8013.67,415739,7408.24,0,0,0,415739,0,0,-79.8862,174.883,8464.07,8013.67,0,0
01:11:15:02:54:24,4131.53,4143.83,5.25773,0.0307083,5.25141,0,0,8013.75,415739,7408.53,0,0,0,415739,0,0,-79.6002,174.9,8464.15,8013.75,0,0
01:11:15:02:54:25,4126.09,4144.69,5.25664,0.00400543,5.25773,0,0,8013.84,415739,7403.09,0,0,0,415739,0,0,-85.0362,174.917,8464.24,8013.84,0,0
01:11:15:02:54:26,4130.96,4145.84,5.25477,0.0213623,5.25664,0,0,8013.93,415739,7407.96,0,0,0,415739,0,0,-80.1722,174.933,8464.33,8013.93,0,0
01:11:15:02:54:27,4132.1,4145.84,5.25588,0,5.25477,0,0,8014.02,415739,7409.1,0,0,0,415739,0,0,-79.0281,174.95,8464.42,8014.02,0,0
01:11:15:02:54:28,4127.24,4144.98,5.25701,0,5.25588,0,0,8014.1,415739,7404.24,0,0,0,415739,0,0,-83.891,174.967,8464.5,8014.1,0,0
01:11:15:02:54:29,4130.39,4147.55,5.26039,0,5.25701,0,0,8014.19,415739,7407.38,0,0,0,415739,0,0,-80.7442,174.983,8464.59,8014.19,0,0
01:11:15:02:54:30,4132.39,4144.4,5.26039,0,5.26039,0,0,8014.28,415739,7409.39,0,0,0,415739,0,0,-78.741,175,8464.68,8014.28,0,0
01:11:15:02:54:31,4130.67,4148.41,5.2529,0,5.26039,0,0,8014.37,415739,7407.67,0,0,0,415739,0,0,-80.4576,175.017,8464.77,8014.37,0,0
01:11:15:02:54:32,4133.25,4148.98,5.25516,0,5.2529,0,0,8014.45,415739,7410.25,0,0,0,415739,0,0,-77.8823,175.033,8464.85,8014.45,0,0
01:11:15:02:54:33,4133.53,4145.84,5.25365,0,5.25516,0,0,8014.54,415739,7410.53,0,0,0,415739,0,0,-77.5957,175.05,8464.94,8014.54,0,0
01:11:15:02:54:34,4131.82,4149.84,5.25514,0.00267029,5.25365,0,0,8014.63,415739,7408.82,0,0,0,415739,0,0,-79.3124,175.067,8465.03,8014.63,0,0
01:11:15:02:54:35,4134.96,4150.13,5.2529,0.00267029,5.25514,0,0,8014.72,415739,7411.96,0,0,0,415739,0,0,-76.1645,175.083,8465.12,8014.72,0,0
01:11:15:02:54:36,4132.1,4147.55,5.25476,0.0480652,5.2529,0,0,8014.8,415739,7409.1,0,0,0,415739,0,0,-79.0252,175.1,8465.21,8014.8,0,0
01:11:15:02:54:37,4131.82,4148.98,5.26223,0.0200272,5.25476,0,0,8014.89,415739,7408.82,0,0,0,415739,0,0,-79.3107,175.117,8465.29,8014.89,0,0
01:11:15:02:54:38,4134.11,4149.55,5.26223,0.0213623,5.26223,0,0,8014.98,415739,7411.11,0,0,0,415739,0,0,-77.0214,175.133,8465.38,8014.98,0,0
01:11:15:02:54:39,4130.67,4146.69,5.26484,0.028038,5.26223,0,0,8015.07,415739,7407.67,0,0,0,415739,0,0,-80.4542,175.15,8465.47,8015.07,0,0
01:11:15:02:54:40,4130.39,4149.55,5.26484,0,5.26484,0,0,8015.15,415739,7407.39,0,0,0,415739,0,0,-80.7396,175.167,8465.55,8015.15,0,0
01:11:15:02:54:41,4136.39,4151.56,5.25216,0,5.26484,0,0,8015.24,415739,7413.4,0,0,0,415739,0,0,-74.7304,175.183,8465.64,8015.24,0,0
01:11:15:02:54:42,4133.53,4148.98,5.25625,0,5.25216,0,0,8015.33,415739,7410.54,0,0,0,415739,0,0,-77.5911,175.2,8465.73,8015.33,0,0
01:11:15:02:54:43,4132.1,4150.7,5.25068,0,5.25625,0,0,8015.42,415739,7409.11,0,0,0,415739,0,0,-79.0212,175.217,8465.82,8015.42,0,0
01:11:15:02:54:44,4138.11,4152.42,5.25626,0.00133514,5.25068,0,0,8015.5,415739,7415.12,0,0,0,415739,0,0,-73.012,175.233,8465.91,8015.5,0,0
01:11:15:02:54:45,4137.25,4149.84,5.25514,0.0213623,5.25626,0,0,8015.59,415739,7414.26,0,0,0,415739,0,0,-73.8694,175.25,8465.99,8015.59,0,0
01:11:15:02:54:46,4131.24,4149.84,5.25514,0,5.25514,0,0,8015.68,415739,7408.25,0,0,0,415739,0,0,-79.8775,175.267,8466.08,8015.68,0,0
01:11:15:02:54:47,4136.11,4151.56,5.25625,0.0226975,5.25514,0,0,8015.77,415739,7413.12,0,0,0,415739,0,0,-75.0123,175.283,8466.17,8015.77,0,0
01:11:15:02:54:48,4134.11,4148.98,5.25477,0,5.25625,0,0,8015.85,415739,7411.11,0,0,0,415739,0,0,-77.0144,175.3,8466.25,8015.85,0,0
01:11:15:02:54:49,4132.67,4152.42,5.25662,0,5.25477,0,0,8015.94,415739,7409.69,0,0,0,415739,0,0,-78.4434,175.317,8466.34,8015.94,0,0
01:11:15:02:54:50,4137.54,4151.84,5.25513,0.0213623,5.25662,0,0,8016.03,415739,7414.55,0,0,0,415739,0,0,-73.5794,175.333,8466.43,8016.03,0,0
01:11:15:02:54:51,4137.54,4150.99,5.25031,0.0213623,5.25513,0,0,8016.12,415739,7414.55,0,0,0,415739,0,0,-73.5782,175.35,8466.52,8016.12,0,0
01:11:15:02:54:52,4134.39,4153.85,5.26259,0.0106792,5.25031,0,0,8016.21,415739,7411.4,0,0,0,415739,0,0,-76.7238,175.367,8466.61,8016.21,0,0
01:11:15:02:54:53,4139.26,4153.27,5.25551,0.0267029,5.26259,0,0,8016.29,415739,7416.27,0,0,0,415739,0,0,-71.8592,175.383,8466.69,8016.29,0,0
01:11:15:02:54:54,4137.82,4151.84,5.25401,0.0507374,5.25551,0,0,8016.38,415739,7414.84,0,0,0,415739,0,0,-73.2887,175.4,8466.78,8016.38,0,0
01:11:15:02:54:55,4137.54,4155.56,5.25476,0.018692,5.25401,0,0,8016.47,415739,7414.55,0,0,0,415739,0,0,-73.5736,175.417,8466.87,8016.47,0,0
01:11:15:02:54:56,4140.4,4154.13,5.25737,0.018692,5.25476,0,0,8016.56,415739,7417.42,0,0,0,415739,0,0,-70.7111,175.433,8466.96,8016.56,0,0
01:11:15:02:54:57,4138.68,4152.99,5.2529,0.0200272,5.25737,0,0,8016.64,415739,7415.7,0,0,0,415739,0,0,-72.4272,175.45,8467.04,8016.64,0,0
01:11:15:02:54:58,4136.97,4156.14,5.24769,0.028038,5.2529,0,0,8016.73,415739,7413.99,0,0,0,415739,0,0,-74.1421,175.467,8467.13,8016.73,0,0
01:11:15:02:54:59,4116.37,4137.54,5.25626,0.0160217,5.24769,0,0,8016.82,415739,7393.39,0,0,0,415739,0,0,-94.7398,175.483,8467.22,8016.82,0,0
01:11:15:02:55:00,4146.41,4157.28,5.24994,0.0534058,5.25626,0,0,8016.91,415739,7423.43,0,0,0,415739,0,0,-64.6984,175.5,8467.31,8016.91,0,0
01:11:15:02:55:01,4179.88,4193.9,5.25215,0.0133514,5.24994,0,0,8016.99,415739,7456.91,0,0,0,415739,0,0,-31.2231,175.517,8467.39,8016.99,0,0
01:11:15:02:55:02,4175.02,4190.18,5.25774,0.0347137,5.25215,0,0,8017.08,415739,7452.04,0,0,0,415739,0,0,-36.0854,175.533,8467.48,8017.08,0,0
01:11:15:02:55:03,4227.09,4239.96,4.20239,0.0240326,5.25774,0,0,8017.17,415739,7504.11,0,0,0,415739,0,0,15.9866,175.55,8467.56,8017.17,0,0
01:11:15:02:55:04,4261.13,4274.58,6.11496,0,4.20239,0,0,8017.25,415739,7538.16,0,0,0,415739,0,0,50.0339,175.567,8467.65,8017.25,0,0
01:11:15:02:55:05,4235.67,4249.98,6.08164,0,6.11496,0,0,8017.33,415739,7512.7,0,0,0,415739,0,0,24.5711,175.583,8467.75,8017.33,0,0
01:11:15:02:55:06,4213.64,4229.95,6.88041,0,6.08164,0,0,8017.43,415739,7490.67,0,0,0,415739,0,0,2.5399,175.6,8467.86,8017.43,0,0
01:11:15:02:55:07,4230.81,4245.11,7.26661,0,6.88041,0,0,8017.54,415739,7507.83,0,0,0,415739,0,0,19.7042,175.617,8467.97,8017.54,0,0
01:11:15:02:55:08,4201.05,4213.64,7.07545,0.0146866,7.26661,0,0,8017.66,415739,7478.08,0,0,0,415739,0,0,-10.0529,175.633,8468.09,8017.66,0,0
01:11:15:02:55:09,4191.33,4211.07,7.00899,0.0213623,7.07545,0,0,8017.78,415739,7468.35,0,0,0,415739,0,0,-19.782,175.65,8468.21,8017.78,0,0
01:11:15:02:55:10,4237.39,4258.85,6.99907,0.00133514,7.00899,0,0,8017.9,415739,7514.41,0,0,0,415739,0,0,26.2785,175.667,8468.33,8017.9,0,0
01:11:15:02:55:11,4272.58,4285.74,7.0143,0,6.99907,0,0,8018.01,415739,7549.6,0,0,0,415739,0,0,61.4676,175.683,8468.44,8018.01,0,0
01:11:15:02:55:12,4272.29,4283.74,7.20982,0.00400543,7.0143,0,0,8018.13,415739,7549.31,0,0,0,415739,0,0,61.1798,175.7,8468.56,8018.13,0,0
01:11:15:02:55:13,4293.18,4303.48,7.79506,0,7.20982,0,0,8018.25,415739,7570.19,0,0,0,415739,0,0,82.0635,175.717,8468.69,8018.25,0,0
01:11:15:02:55:14,4299.19,4309.49,7.79506,0.00534058,7.79506,0,0,8018.38,415739,7576.2,0,0,0,415739,0,0,88.0704,175.733,8468.82,8018.38,0,0
01:11:15:02:55:15,4281.45,4291.75,8.12053,0,7.79506,0,0,8018.5,415739,7558.46,0,0,0,415739,0,0,70.3305,175.75,8468.95,8018.5,0,0
01:11:15:02:55:16,4271.15,4281.73,7.97378,0,8.12053,0,0,8018.64,415739,7548.16,0,0,0,415739,0,0,60.0294,175.767,8469.08,8018.64,0,0
01:11:15:02:55:17,4274.29,4286.88,7.90064,0.00534058,7.97378,0,0,8018.77,415739,7551.3,0,0,0,415739,0,0,63.1749,175.783,8469.22,8018.77,0,0
01:11:15:02:55:18,4239.1,4253.98,7.88213,0.00534058,7.90064,0,0,8018.9,415739,7516.11,0,0,0,415739,0,0,27.983,175.8,8469.35,8018.9,0,0
01:11:15:02:55:19,4251.41,4264,7.90566,0,7.88213,0,0,8019.04,415739,7528.41,0,0,0,415739,0,0,40.2845,175.817,8469.48,8019.04,0,0
01:11:15:02:55:20,4274.29,4290.32,7.92851,0.0146866,7.90566,0,0,8019.17,415739,7551.3,0,0,0,415739,0,0,63.1715,175.833,8469.61,8019.17,0,0
01:11:15:02:55:21,4291.17,4303.76,7.39896,0.0160217,7.92851,0,0,8019.3,415739,7568.18,0,0,0,415739,0,0,80.0504,175.85,8469.74,8019.3,0,0
01:11:15:02:55:22,4295.47,4310.92,7.22325,0.0480652,7.39896,0,0,8019.43,415739,7572.47,0,0,0,415739,0,0,84.3412,175.867,8469.86,8019.43,0,0
01:11:15:02:55:23,4316.07,4332.95,7.74886,0,7.22325,0,0,8019.55,415739,7593.07,0,0,0,415739,0,0,104.939,175.883,8469.99,8019.55,0,0
01:11:15:02:55:24,4334.95,4348.68,8.01274,0.0427246,7.74886,0,0,8019.67,415739,7611.95,0,0,0,415739,0,0,123.822,175.9,8470.12,8019.67,0,0
01:11:15:02:55:25,4337.81,4352.11,8.08585,0.00267029,8.01274,0,0,8019.8,415739,7614.81,0,0,0,415739,0,0,126.682,175.917,8470.25,8019.8,0,0
01:11:15:02:55:26,4338.67,4350.11,8.04467,0,8.08585,0,0,8019.94,415739,7615.67,0,0,0,415739,0,0,127.539,175.933,8470.39,8019.94,0,0
01:11:15:02:55:27,4357.55,4372.14,8.28413,0,8.04467,0,0,8020.07,415739,7634.55,0,0,0,415739,0,0,146.421,175.95,8470.52,8020.07,0,0
01:11:15:02:55:28,4371.28,4387.59,8.51674,0,8.28413,0,0,8020.21,415739,7648.28,0,0,0,415739,0,0,160.154,175.967,8470.66,8020.21,0,0
01:11:15:02:55:29,4362.41,4378.15,8.47204,0,8.51674,0,0,8020.35,415739,7639.41,0,0,0,415739,0,0,151.284,175.983,8470.8,8020.35,0,0
01:11:15:02:55:30,4366.42,4381.58,8.52192,0.0173569,8.47204,0,0,8020.49,415739,7643.42,0,0,0,415739,0,0,155.29,176,8470.94,8020.49,0,0
01:11:15:02:55:31,4409.62,4420.78,8.91908,0.00801086,8.52192,0,0,8020.63,415739,7686.62,0,0,0,415739,0,0,198.49,176.017,8471.09,8020.63,0,0
01:11:15:02:55:32,4410.19,4419.06,8.97276,0.0240326,8.91908,0,0,8020.78,415739,7687.19,0,0,0,415739,0,0,199.063,176.033,8471.24,8020.78,0,0
01:11:15:02:55:33,4400.75,4420.49,8.93568,0.00133514,8.97276,0,0,8020.93,415739,7677.75,0,0,0,415739,0,0,189.621,176.05,8471.39,8020.93,0,0
01:11:15:02:55:34,4423.93,4427.36,9.34353,0.0307083,8.93568,0,0,8021.07,415739,7700.92,0,0,0,415739,0,0,212.796,176.067,8471.54,8021.07,0,0
01:11:15:02:55:35,4417.92,4438.52,9.49185,0.0133514,9.34353,0,0,8021.23,415739,7694.92,0,0,0,415739,0,0,206.788,176.083,8471.7,8021.23,0,0
01:11:15:02:55:36,4412.77,4417.92,9.41769,0.0360508,9.49185,0,0,8021.38,415739,7689.77,0,0,0,415739,0,0,201.638,176.1,8471.85,8021.38,0,0
01:11:15:02:55:37,4413.91,4433.08,9.41769,0.00667572,9.41769,0,0,8021.54,415739,7690.91,0,0,0,415739,0,0,202.782,176.117,8472.01,8021.54,0,0
01:11:15:02:55:38,4430.22,4436.8,9.38061,0.0120163,9.41769,0,0,8021.7,415739,7707.22,0,0,0,415739,0,0,219.091,176.133,8472.17,8021.7,0,0
01:11:15:02:55:39,4425.93,4445.96,9.38061,0,9.38061,0,0,8021.85,415739,7702.93,0,0,0,415739,0,0,214.801,176.15,8472.32,8021.85,0,0
01:11:15:02:55:40,4437.37,4443.95,9.41769,0.0240326,9.38061,0,0,8022.01,415739,7714.37,0,0,0,415739,0,0,226.245,176.167,8472.48,8022.01,0,0
01:11:15:02:55:41,4441.66,4460.26,9.41769,0.0200272,9.41769,0,0,8022.17,415739,7718.67,0,0,0,415739,0,0,230.538,176.183,8472.64,8022.17,0,0
01:11:15:02:55:42,4452.54,4459.12,9.41769,0,9.41769,0,0,8022.32,415739,7729.54,0,0,0,415739,0,0,241.411,176.2,8472.79,8022.32,0,0
01:11:15:02:55:43,4450.53,4467.41,9.41769,0.0146866,9.41769,0,0,8022.48,415739,7727.54,0,0,0,415739,0,0,239.409,176.217,8472.95,8022.48,0,0
01:11:15:02:55:44,4460.83,4468.56,9.38061,0.00667572,9.41769,0,0,8022.64,415739,7737.84,0,0,0,415739,0,0,249.71,176.233,8473.11,8022.64,0,0
01:11:15:02:55:45,4461.41,4476.85,9.38061,0,9.38061,0,0,8022.79,415739,7738.41,0,0,0,415739,0,0,250.283,176.25,8473.26,8022.79,0,0
01:11:15:02:55:46,4457.4,4473.42,9.38061,0.0480652,9.38061,0,0,8022.95,415739,7734.41,0,0,0,415739,0,0,246.28,176.267,8473.42,8022.95,0,0
01:11:15:02:55:47,4461.98,4471.13,9.38061,0.0120163,9.38061,0,0,8023.11,415739,7738.99,0,0,0,415739,0,0,250.859,176.283,8473.58,8023.11,0,0
01:11:15:02:55:48,4467.7,4482.86,9.38061,0,9.38061,0,0,8023.26,415739,7744.71,0,0,0,415739,0,0,256.583,176.3,8473.73,8023.26,0,0
01:11:15:02:55:49,4470.27,4480.86,9.41769,0,9.38061,0,0,8023.42,415739,7747.29,0,0,0,415739,0,0,259.159,176.317,8473.89,8023.42,0,0
01:11:15:02:55:50,4478,4491.45,9.38061,0.0106792,9.41769,0,0,8023.58,415739,7755.01,0,0,0,415739,0,0,266.886,176.333,8474.05,8023.58,0,0
01:11:15:02:55:51,4486.58,4494.31,9.38061,0.0146866,9.38061,0,0,8023.73,415739,7763.6,0,0,0,415739,0,0,275.471,176.35,8474.2,8023.73,0,0
01:11:15:02:55:52,4490.02,4502.89,9.38061,0.0200272,9.38061,0,0,8023.89,415739,7767.04,0,0,0,415739,0,0,278.907,176.367,8474.36,8023.89,0,0
01:11:15:02:55:53,4489.16,4500.03,9.38061,0.0200272,9.38061,0,0,8024.05,415739,7766.18,0,0,0,415739,0,0,278.051,176.383,8474.52,8024.05,0,0
01:11:15:02:55:54,4492.59,4507.75,9.41769,0,9.38061,0,0,8024.2,415739,7769.62,0,0,0,415739,0,0,281.487,176.4,8474.67,8024.2,0,0
01:11:15:02:55:55,4496.88,4506.9,9.38061,0,9.41769,0,0,8024.36,415739,7773.91,0,0,0,415739,0,0,285.781,176.417,8474.83,8024.36,0,0
01:11:15:02:55:56,4501.46,4512.33,9.41769,0.00934601,9.38061,0,0,8024.52,415739,7778.49,0,0,0,415739,0,0,290.359,176.433,8474.99,8024.52,0,0
01:11:15:02:55:57,4500.6,4511.47,9.38061,0,9.41769,0,0,8024.67,415739,7777.63,0,0,0,415739,0,0,289.498,176.45,8475.14,8024.67,0,0
01:11:15:02:55:58,4507.18,4520.06,9.41769,0.0160217,9.38061,0,0,8024.83,415739,7784.2,0,0,0,415739,0,0,296.075,176.467,8475.3,8024.83,0,0
01:11:15:02:55:59,4508.61,4520.91,9.41769,0.0106792,9.41769,0,0,8024.99,415739,7785.63,0,0,0,415739,0,0,297.503,176.483,8475.46,8024.99,0,0
01:11:15:02:56:00,4514.05,4526.92,9.41769,0.0453949,9.41769,0,0,8025.14,415739,7791.07,0,0,0,415739,0,0,302.937,176.5,8475.61,8025.14,0,0
01:11:15:02:56:01,4502.32,4516.62,9.34353,0.0453949,9.41769,0,0,8025.3,415739,7779.33,0,0,0,415739,0,0,291.204,176.517,8475.77,8025.3,0,0
01:11:15:02:56:02,4512.62,4525.21,9.41769,0.0106792,9.34353,0,0,8025.46,415739,7789.63,0,0,0,415739,0,0,301.503,176.533,8475.93,8025.46,0,0
01:11:15:02:56:03,4510.04,4524.35,9.41769,0.0160217,9.41769,0,0,8025.61,415739,7787.05,0,0,0,415739,0,0,298.926,176.55,8476.08,8025.61,0,0
01:11:15:02:56:04,4516.34,4530.07,9.38061,0,9.41769,0,0,8025.77,415739,7793.35,0,0,0,415739,0,0,305.218,176.567,8476.24,8025.77,0,0
01:11:15:02:56:05,4517.77,4534.65,9.41769,0,9.38061,0,0,8025.93,415739,7794.77,0,0,0,415739,0,0,306.647,176.583,8476.4,8025.93,0,0
01:11:15:02:56:06,4527.49,4538.08,9.41769,0.018692,9.41769,0,0,8026.08,415739,7804.5,0,0,0,415739,0,0,316.372,176.6,8476.55,8026.08,0,0
01:11:15:02:56:07,4526.06,4542.66,9.34353,0,9.41769,0,0,8026.24,415739,7803.07,0,0,0,415739,0,0,314.941,176.617,8476.71,8026.24,0,0
01:11:15:02:56:08,4533.5,4544.95,9.41769,0,9.34353,0,0,8026.4,415739,7810.51,0,0,0,415739,0,0,322.378,176.633,8476.87,8026.4,0,0
01:11:15:02:56:09,4530.93,4548.95,9.41769,0,9.41769,0,0,8026.55,415739,7807.93,0,0,0,415739,0,0,319.802,176.65,8477.02,8026.55,0,0
01:11:15:02:56:10,4536.36,4550.96,9.34353,0,9.41769,0,0,8026.71,415739,7813.37,0,0,0,415739,0,0,325.237,176.667,8477.18,8026.71,0,0
01:11:15:02:56:11,4540.94,4554.96,9.41769,0.0106792,9.34353,0,0,8026.87,415739,7817.94,0,0,0,415739,0,0,329.813,176.683,8477.33,8026.87,0,0
01:11:15:02:56:12,4539.51,4555.82,9.38061,0.00934601,9.41769,0,0,8027.02,415739,7816.51,0,0,0,415739,0,0,328.383,176.7,8477.49,8027.02,0,0
01:11:15:02:56:13,4546.38,4558.11,9.38061,0.00400543,9.38061,0,0,8027.18,415739,7823.38,0,0,0,415739,0,0,335.248,176.717,8477.65,8027.18,0,0
01:11:15:02:56:14,4534.65,4551.53,9.38061,0.00133514,9.38061,0,0,8027.34,415739,7811.65,0,0,0,415739,0,0,323.518,176.733,8477.81,8027.34,0,0
01:11:15:02:56:15,4545.52,4555.82,9.34353,0.0133514,9.38061,0,0,8027.49,415739,7822.52,0,0,0,415739,0,0,334.389,176.75,8477.96,8027.49,0,0
01:11:15:02:56:16,4543.52,4562.11,9.38061,0.0200272,9.34353,0,0,8027.65,415739,7820.51,0,0,0,415739,0,0,332.386,176.767,8478.12,8027.65,0,0
01:11:15:02:56:17,4551.53,4563.54,9.38061,0,9.38061,0,0,8027.8,415739,7828.52,0,0,0,415739,0,0,340.397,176.783,8478.27,8027.8,0,0
01:11:15:02:56:18,4550.38,4569.55,9.38061,0.00400543,9.38061,0,0,8027.96,415739,7827.38,0,0,0,415739,0,0,339.252,176.8,8478.43,8027.96,0,0
01:11:15:02:56:19,4561.54,4572.41,9.41769,0.0507374,9.38061,0,0,8028.12,415739,7838.54,0,0,0,415739,0,0,350.41,176.817,8478.59,8028.12,0,0
01:11:15:02:56:20,4557.82,4576.42,9.38061,0,9.41769,0,0,8028.27,415739,7834.82,0,0,0,415739,0,0,346.691,176.833,8478.74,8028.27,0,0
01:11:15:02:56:21,4566.12,4576.99,9.38061,0,9.38061,0,0,8028.43,415739,7843.12,0,0,0,415739,0,0,354.988,176.85,8478.9,8028.43,0,0
01:11:15:02:56:22,4562.11,4581.28,9.38061,0.0240326,9.38061,0,0,8028.59,415739,7839.11,0,0,0,415739,0,0,350.983,176.867,8479.06,8028.59,0,0
01:11:15:02:56:23,4567.55,4578.71,9.38061,0,9.38061,0,0,8028.74,415739,7844.55,0,0,0,415739,0,0,356.419,176.883,8479.21,8028.74,0,0
01:11:15:02:56:24,4565.26,4581.85,9.38061,0.0494003,9.38061,0,0,8028.9,415739,7842.26,0,0,0,415739,0,0,354.131,176.9,8479.37,8028.9,0,0
01:11:15:02:56:25,4574.7,4587.29,9.38061,0.00934601,9.38061,0,0,8029.06,415739,7851.7,0,0,0,415739,0,0,363.574,176.917,8479.53,8029.06,0,0
01:11:15:02:56:26,4566.12,4586.43,9.38061,0.0160217,9.38061,0,0,8029.21,415739,7843.12,0,0,0,415739,0,0,354.991,176.933,8479.68,8029.21,0,0
01:11:15:02:56:27,4577.85,4592.15,9.34353,0.00667572,9.38061,0,0,8029.37,415739,7854.85,0,0,0,415739,0,0,366.723,176.95,8479.84,8029.37,0,0
01:11:15:02:56:28,4573.84,4590.72,9.38061,0.0453949,9.34353,0,0,8029.53,415739,7850.85,0,0,0,415739,0,0,362.718,176.967,8480,8029.53,0,0
01:11:15:02:56:29,4572.98,4593.58,9.38061,0.018692,9.38061,0,0,8029.68,415739,7849.99,0,0,0,415739,0,0,361.861,176.983,8480.15,8029.68,0,0
01:11:15:02:56:30,4581.57,4590.44,9.38061,0.0333786,9.38061,0,0,8029.84,415739,7858.57,0,0,0,415739,0,0,370.445,177,8480.31,8029.84,0,0
01:11:15:02:56:31,4580.14,4600.45,9.38061,0.0400562,9.38061,0,0,8030,415739,7857.14,0,0,0,415739,0,0,369.017,177.017,8480.46,8030,0,0
01:11:15:02:56:32,4590.44,4597.02,9.41769,0.0761051,9.38061,0,0,8030.15,415739,7867.45,0,0,0,415739,0,0,379.318,177.033,8480.62,8030.15,0,0
01:11:15:02:56:33,4584.14,4606.46,9.41769,0.0413895,9.41769,0,0,8030.31,415739,7861.15,0,0,0,415739,0,0,373.025,177.05,8480.78,8030.31,0,0
01:11:15:02:56:34,4596.16,4604.17,9.38061,0.0293751,9.41769,0,0,8030.47,415739,7873.17,0,0,0,415739,0,0,385.043,177.067,8480.93,8030.47,0,0
01:11:15:02:56:35,4590.44,4613.32,9.41769,0.0333786,9.38061,0,0,8030.62,415739,7867.45,0,0,0,415739,0,0,379.323,177.083,8481.09,8030.62,0,0
01:11:15:02:56:36,4599.88,4606.17,9.38061,0.0333786,9.41769,0,0,8030.78,415739,7876.89,0,0,0,415739,0,0,388.766,177.1,8481.25,8030.78,0,0
01:11:15:02:56:37,4589.86,4613.32,9.41769,0.0160217,9.38061,0,0,8030.94,415739,7866.88,0,0,0,415739,0,0,378.755,177.117,8481.4,8030.94,0,0
01:11:15:02:56:38,4600.16,4607.89,9.38061,0,9.41769,0,0,8031.09,415739,7877.19,0,0,0,415739,0,0,389.057,177.133,8481.56,8031.09,0,0
01:11:15:02:56:39,4595.01,4619.33,9.41769,0.0253696,9.38061,0,0,8031.25,415739,7872.04,0,0,0,415739,0,0,383.91,177.15,8481.72,8031.25,0,0
01:11:15:02:56:40,4608.46,4614.18,9.34353,0.0173569,9.41769,0,0,8031.41,415739,7885.49,0,0,0,415739,0,0,397.359,177.167,8481.88,8031.41,0,0
01:11:15:02:56:41,4603.6,4624.77,9.38061,0.0293751,9.34353,0,0,8031.56,415739,7880.63,0,0,0,415739,0,0,392.498,177.183,8482.03,8031.56,0,0
01:11:15:02:56:42,4613.9,4620.76,9.38061,0,9.38061,0,0,8031.72,415739,7890.92,0,0,0,415739,0,0,402.795,177.2,8482.19,8031.72,0,0
01:11:15:02:56:43,4607.89,4623.91,9.38061,0,9.38061,0,0,8031.87,415739,7884.91,0,0,0,415739,0,0,396.784,177.217,8482.34,8031.87,0,0
01:11:15:02:56:44,4617.62,4632.49,9.41769,0,9.38061,0,0,8032.03,415739,7894.64,0,0,0,415739,0,0,406.509,177.233,8482.5,8032.03,0,0
01:11:15:02:56:45,4612.47,4627.63,9.38061,0,9.41769,0,0,8032.19,415739,7889.49,0,0,0,415739,0,0,401.357,177.25,8482.66,8032.19,0,0
01:11:15:02:56:46,4621.91,4636.21,9.41769,0,9.38061,0,0,8032.34,415739,7898.92,0,0,0,415739,0,0,410.796,177.267,8482.81,8032.34,0,0
01:11:15:02:56:47,4613.61,4627.06,9.38061,0.0226975,9.41769,0,0,8032.5,415739,7890.63,0,0,0,415739,0,0,402.497,177.283,8482.97,8032.5,0,0
01:11:15:02:56:48,4616.19,4639.07,9.38061,0.00667572,9.38061,0,0,8032.66,415739,7893.2,0,0,0,415739,0,0,405.07,177.3,8483.13,8032.66,0,0
01:11:15:02:56:49,4626.2,4633.35,9.41769,0.0133514,9.38061,0,0,8032.81,415739,7903.21,0,0,0,415739,0,0,415.082,177.317,8483.28,8032.81,0,0
01:11:15:02:56:50,4620.19,4642.79,9.38061,0.0173569,9.41769,0,0,8032.97,415739,7897.2,0,0,0,415739,0,0,409.072,177.333,8483.44,8032.97,0,0
01:11:15:02:56:51,4629.92,4636.79,9.38061,0.0293751,9.38061,0,0,8033.13,415739,7906.93,0,0,0,415739,0,0,418.798,177.35,8483.6,8033.13,0,0
01:11:15:02:56:52,4624.2,4647.08,9.41769,0.0146866,9.38061,0,0,8033.28,415739,7901.2,0,0,0,415739,0,0,413.074,177.367,8483.75,8033.28,0,0
01:11:15:02:56:53,4634.5,4640.79,9.38061,0.0253696,9.41769,0,0,8033.44,415739,7911.5,0,0,0,415739,0,0,423.373,177.383,8483.91,8033.44,0,0
01:11:15:02:56:54,4630.21,4651.95,9.38061,0.0320435,9.38061,0,0,8033.6,415739,7907.21,0,0,0,415739,0,0,419.08,177.4,8484.07,8033.6,0,0
01:11:15:02:56:55,4638.79,4646.23,9.38061,0.0307083,9.38061,0,0,8033.75,415739,7915.79,0,0,0,415739,0,0,427.662,177.417,8484.22,8033.75,0,0
01:11:15:02:56:56,4632.78,4654.81,9.38061,0.0240326,9.38061,0,0,8033.91,415739,7909.78,0,0,0,415739,0,0,421.652,177.433,8484.38,8033.91,0,0
01:11:15:02:56:57,4642.22,4649.09,9.38061,0.0587482,9.38061,0,0,8034.07,415739,7919.22,0,0,0,415739,0,0,431.093,177.45,8484.54,8034.07,0,0
01:11:15:02:56:58,4638.79,4660.25,9.38061,0.04673,9.38061,0,0,8034.22,415739,7915.79,0,0,0,415739,0,0,427.659,177.467,8484.69,8034.22,0,0
01:11:15:02:56:59,4647.37,4655.67,9.41769,0.00267029,9.38061,0,0,8034.38,415739,7924.37,0,0,0,415739,0,0,436.242,177.483,8484.85,8034.38,0,0
01:11:15:02:57:00,4644.51,4664.54,9.41769,0.028038,9.41769,0,0,8034.54,415739,7921.51,0,0,0,415739,0,0,433.38,177.5,8485.01,8034.54,0,0
01:11:15:02:57:01,4651.95,4661.68,9.38061,0.028038,9.41769,0,0,8034.69,415739,7928.95,0,0,0,415739,0,0,440.818,177.517,8485.16,8034.69,0,0
01:11:15:02:57:02,4652.23,4669.69,9.38061,0.00801086,9.38061,0,0,8034.85,415739,7929.23,0,0,0,415739,0,0,441.104,177.533,8485.32,8034.85,0,0
01:11:15:02:57:03,4657.67,4672.83,9.38061,0.00534058,9.38061,0,0,8035.01,415739,7934.67,0,0,0,415739,0,0,446.54,177.55,8485.48,8035.01,0,0
01:11:15:02:57:04,4657.1,4667.97,9.41769,0.0226975,9.38061,0,0,8035.16,415739,7934.1,0,0,0,415739,0,0,445.968,177.567,8485.63,8035.16,0,0
01:11:15:02:57:05,4662.53,4678.56,9.38061,0.00133514,9.41769,0,0,8035.32,415739,7939.53,0,0,0,415739,0,0,451.404,177.583,8485.79,8035.32,0,0
01:11:15:02:57:06,4661.39,4673.69,9.38061,0,9.38061,0,0,8035.48,415739,7938.39,0,0,0,415739,0,0,450.26,177.6,8485.95,8035.48,0,0
01:11:15:02:57:07,4663.39,4683.13,9.38061,0,9.38061,0,0,8035.63,415739,7940.39,0,0,0,415739,0,0,452.262,177.617,8486.1,8035.63,0,0
01:11:15:02:57:08,4671.4,4679.41,9.38061,0,9.38061,0,0,8035.79,415739,7948.4,0,0,0,415739,0,0,460.274,177.633,8486.26,8035.79,0,0
01:11:15:02:57:09,4670.26,4689.14,9.38061,0.00267029,9.38061,0,0,8035.95,415739,7947.26,0,0,0,415739,0,0,459.13,177.65,8486.42,8035.95,0,0
01:11:15:02:57:10,4676.27,4683.71,9.38061,0.00400543,9.38061,0,0,8036.1,415739,7953.27,0,0,0,415739,0,0,465.139,177.667,8486.57,8036.1,0,0
01:11:15:02:57:11,4674.84,4694.01,9.38061,0.00267029,9.38061,0,0,8036.26,415739,7951.84,0,0,0,415739,0,0,463.709,177.683,8486.73,8036.26,0,0
01:11:15:02:57:12,4672.55,4680.84,9.38061,0,9.38061,0,0,8036.42,415739,7949.55,0,0,0,415739,0,0,461.422,177.7,8486.89,8036.42,0,0
01:11:15:02:57:13,4669.11,4688,9.38061,0.018692,9.38061,0,0,8036.57,415739,7946.12,0,0,0,415739,0,0,457.989,177.717,8487.04,8036.57,0,0
01:11:15:02:57:14,4675.41,4685.99,9.41769,0.00400543,9.38061,0,0,8036.73,415739,7952.41,0,0,0,415739,0,0,464.284,177.733,8487.2,8036.73,0,0
01:11:15:02:57:15,4667.97,4686.57,9.38061,0.0146866,9.41769,0,0,8036.89,415739,7944.98,0,0,0,415739,0,0,456.847,177.75,8487.36,8036.89,0,0
01:11:15:02:57:16,4677.13,4685.42,9.38061,0.0267029,9.38061,0,0,8037.04,415739,7954.13,0,0,0,415739,0,0,466.004,177.767,8487.51,8037.04,0,0
01:11:15:02:57:17,4676.55,4693.15,9.41769,0.0427246,9.38061,0,0,8037.2,415739,7953.56,0,0,0,415739,0,0,465.433,177.783,8487.67,8037.2,0,0
01:11:15:02:57:18,4680.56,4691.72,9.38061,0.0440617,9.41769,0,0,8037.36,415739,7957.57,0,0,0,415739,0,0,469.44,177.8,8487.83,8037.36,0,0
01:11:15:02:57:19,4683.71,4700.3,9.38061,0.0333786,9.38061,0,0,8037.51,415739,7960.72,0,0,0,415739,0,0,472.589,177.817,8487.98,8037.51,0,0
01:11:15:02:57:20,4686.85,4699.44,9.38061,0.0293751,9.38061,0,0,8037.67,415739,7963.87,0,0,0,415739,0,0,475.738,177.833,8488.14,8037.67,0,0
01:11:15:02:57:21,4691.43,4705.74,9.41769,0.037384,9.38061,0,0,8037.83,415739,7968.45,0,0,0,415739,0,0,480.318,177.85,8488.3,8037.83,0,0
01:11:15:02:57:22,4692.29,4709.74,9.41769,0.00267029,9.41769,0,0,8037.98,415739,7969.31,0,0,0,415739,0,0,481.178,177.867,8488.45,8037.98,0,0
01:11:15:02:57:23,4697.72,4707.45,9.38061,0.0253696,9.41769,0,0,8038.14,415739,7974.74,0,0,0,415739,0,0,486.617,177.883,8488.61,8038.14,0,0
01:11:15:02:57:24,4696.29,4714.6,9.41769,0,9.38061,0,0,8038.3,415739,7973.32,0,0,0,415739,0,0,485.188,177.9,8488.77,8038.3,0,0
01:11:15:02:57:25,4702.02,4712.32,9.34353,0.0106792,9.41769,0,0,8038.45,415739,7979.04,0,0,0,415739,0,0,490.913,177.917,8488.92,8038.45,0,0
01:11:15:02:57:26,4702.02,4719.47,9.41769,0.018692,9.34353,0,0,8038.61,415739,7979.04,0,0,0,415739,0,0,490.915,177.933,8489.08,8038.61,0,0
01:11:15:02:57:27,4704.31,4715.75,9.38061,0.0106792,9.41769,0,0,8038.77,415739,7981.33,0,0,0,415739,0,0,493.204,177.95,8489.24,8038.77,0,0
01:11:15:02:57:28,4702.87,4718.9,9.38061,0,9.38061,0,0,8038.92,415739,7979.9,0,0,0,415739,0,0,491.771,177.967,8489.39,8038.92,0,0
01:11:15:02:57:29,4704.59,4717.47,9.38061,0.0106792,9.38061,0,0,8039.08,415739,7981.61,0,0,0,415739,0,0,493.486,177.983,8489.55,8039.08,0,0
01:11:15:02:57:30,4704.31,4719.75,9.38061,0.00934601,9.38061,0,0,8039.24,415739,7981.32,0,0,0,415739,0,0,493.197,178,8489.71,8039.24,0,0
01:11:15:02:57:31,4706.02,4720.04,9.41769,0.00934601,9.38061,0,0,8039.39,415739,7983.04,0,0,0,415739,0,0,494.911,178.017,8489.86,8039.39,0,0
01:11:15:02:57:32,4691.43,4707.74,9.34353,0.028038,9.41769,0,0,8039.55,415739,7968.45,0,0,0,415739,0,0,480.318,178.033,8490.02,8039.55,0,0
01:11:15:02:57:33,4697.72,4710.89,9.41769,0.0213623,9.34353,0,0,8039.71,415739,7974.74,0,0,0,415739,0,0,486.61,178.05,8490.18,8039.71,0,0
01:11:15:02:57:34,4704.02,4719.75,9.38061,0.0253696,9.41769,0,0,8039.86,415739,7981.03,0,0,0,415739,0,0,492.902,178.067,8490.33,8039.86,0,0
01:11:15:02:57:35,4706.59,4721.47,9.38061,0,9.38061,0,0,8040.02,415739,7983.6,0,0,0,415739,0,0,495.475,178.083,8490.49,8040.02,0,0
01:11:15:02:57:36,4712.89,4726.62,9.38061,0,9.38061,0,0,8040.18,415739,7989.9,0,0,0,415739,0,0,501.768,178.1,8490.65,8040.18,0,0
01:11:15:02:57:37,4716.89,4729.77,9.38061,0,9.38061,0,0,8040.33,415739,7993.9,0,0,0,415739,0,0,505.772,178.117,8490.8,8040.33,0,0
01:11:15:02:57:38,4722.9,4736.06,9.34353,0,9.38061,0,0,8040.49,415739,7999.91,0,0,0,415739,0,0,511.779,178.133,8490.96,8040.49,0,0
01:11:15:02:57:39,4720.9,4736.63,9.38061,0.0120163,9.34353,0,0,8040.65,415739,7997.9,0,0,0,415739,0,0,509.775,178.15,8491.11,8040.65,0,0
01:11:15:02:57:40,4727.48,4738.92,9.38061,0.0120163,9.38061,0,0,8040.8,415739,8004.48,0,0,0,415739,0,0,516.354,178.167,8491.27,8040.8,0,0
01:11:15:02:57:41,4724.62,4742.93,9.38061,0.0267029,9.38061,0,0,8040.96,415739,8001.62,0,0,0,415739,0,0,513.491,178.183,8491.43,8040.96,0,0
01:11:15:02:57:42,4732.92,4742.07,9.41769,0.0267029,9.38061,0,0,8041.11,415739,8009.92,0,0,0,415739,0,0,521.788,178.2,8491.58,8041.11,0,0
01:11:15:02:57:43,4727.19,4746.08,9.41769,0.00801086,9.41769,0,0,8041.27,415739,8004.19,0,0,0,415739,0,0,516.065,178.217,8491.74,8041.27,0,0
01:11:15:02:57:44,4736.92,4749.22,9.41769,0.0213623,9.41769,0,0,8041.43,415739,8013.92,0,0,0,415739,0,0,525.792,178.233,8491.9,8041.43,0,0
01:11:15:02:57:45,4732.06,4750.94,9.41769,0.00267029,9.41769,0,0,8041.58,415739,8009.06,0,0,0,415739,0,0,520.927,178.25,8492.05,8041.58,0,0
01:11:15:02:57:46,4736.06,4754.66,9.41769,0.0267029,9.41769,0,0,8041.74,415739,8013.06,0,0,0,415739,0,0,524.932,178.267,8492.21,8041.74,0,0
01:11:15:02:57:47,4745.5,4756.09,9.34353,0.00934601,9.41769,0,0,8041.9,415739,8022.5,0,0,0,415739,0,0,534.373,178.283,8492.37,8041.9,0,0
01:11:15:02:57:48,4743.21,4760.67,9.41769,0,9.34353,0,0,8042.05,415739,8020.21,0,0,0,415739,0,0,532.084,178.3,8492.52,8042.05,0,0
01:11:15:02:57:49,4747.22,4758.38,9.41769,0,9.41769,0,0,8042.21,415739,8024.22,0,0,0,415739,0,0,536.089,178.317,8492.68,8042.21,0,0
01:11:15:02:57:50,4741.5,4759.24,9.34353,0,9.41769,0,0,8042.37,415739,8018.5,0,0,0,415739,0,0,530.368,178.333,8492.84,8042.37,0,0
01:11:15:02:57:51,4748.36,4759.52,9.38061,0,9.34353,0,0,8042.52,415739,8025.36,0,0,0,415739,0,0,537.234,178.35,8492.99,8042.52,0,0
01:11:15:02:57:52,4744.07,4762.96,9.41769,0,9.38061,0,0,8042.68,415739,8021.07,0,0,0,415739,0,0,532.943,178.367,8493.15,8042.68,0,0
01:11:15:02:57:53,4753.23,4763.24,9.41769,0.0173569,9.41769,0,0,8042.84,415739,8030.23,0,0,0,415739,0,0,542.099,178.383,8493.31,8042.84,0,0
01:11:15:02:57:54,4751.51,4768.96,9.34353,0.0293751,9.41769,0,0,8042.99,415739,8028.51,0,0,0,415739,0,0,540.383,178.4,8493.46,8042.99,0,0
01:11:15:02:57:55,4757.81,4767.82,9.41769,0,9.34353,0,0,8043.15,415739,8034.81,0,0,0,415739,0,0,546.677,178.417,8493.62,8043.15,0,0
01:11:15:02:57:56,4755.23,4772.97,9.41769,0.00534058,9.41769,0,0,8043.31,415739,8032.23,0,0,0,415739,0,0,544.104,178.433,8493.78,8043.31,0,0
01:11:15:02:57:57,4764.1,4773.83,9.38061,0.0106792,9.41769,0,0,8043.46,415739,8041.1,0,0,0,415739,0,0,552.973,178.45,8493.93,8043.46,0,0
01:11:15:02:57:58,4758.95,4777.26,9.38061,0,9.38061,0,0,8043.62,415739,8035.95,0,0,0,415739,0,0,547.825,178.467,8494.09,8043.62,0,0
01:11:15:02:57:59,4767.25,4776.97,9.41769,0,9.38061,0,0,8043.78,415739,8044.25,0,0,0,415739,0,0,556.122,178.483,8494.25,8043.78,0,0
01:11:15:02:58:00,4761.24,4777.83,9.34353,0,9.41769,0,0,8043.93,415739,8038.24,0,0,0,415739,0,0,550.116,178.5,8494.4,8043.93,0,0
01:11:15:02:58:01,4773.26,4783.56,9.41769,0,9.34353,0,0,8044.09,415739,8050.26,0,0,0,415739,0,0,562.133,178.517,8494.56,8044.09,0,0
01:11:15:02:58:02,4765.53,4782.98,9.38061,0.0173569,9.41769,0,0,8044.25,415739,8042.54,0,0,0,415739,0,0,554.409,178.533,8494.71,8044.25,0,0
01:11:15:02:58:03,4776.97,4788.13,9.38061,0.0293751,9.38061,0,0,8044.4,415739,8053.98,0,0,0,415739,0,0,565.856,178.55,8494.87,8044.4,0,0
01:11:15:02:58:04,4770.97,4789.56,9.41769,0.0133514,9.38061,0,0,8044.56,415739,8047.98,0,0,0,415739,0,0,559.849,178.567,8495.03,8044.56,0,0
01:11:15:02:58:05,4777.83,4797.57,9.38061,0.0293751,9.41769,0,0,8044.72,415739,8054.85,0,0,0,415739,0,0,566.717,178.583,8495.19,8044.72,0,0
01:11:15:02:58:06,4792.71,4799.58,9.41769,0.00934601,9.38061,0,0,8044.87,415739,8069.72,0,0,0,415739,0,0,581.597,178.6,8495.34,8044.87,0,0
01:11:15:02:58:07,4787.27,4808.45,9.38061,0.0253696,9.41769,0,0,8045.03,415739,8064.29,0,0,0,415739,0,0,576.163,178.617,8495.5,8045.03,0,0
01:11:15:02:58:08,4799.86,4806.44,9.38061,0.0213623,9.38061,0,0,8045.19,415739,8076.88,0,0,0,415739,0,0,588.753,178.633,8495.66,8045.19,0,0
01:11:15:02:58:09,4799.58,4820.18,9.38061,0.0146866,9.38061,0,0,8045.34,415739,8076.6,0,0,0,415739,0,0,588.47,178.65,8495.81,8045.34,0,0
01:11:15:02:58:10,4813.02,4817.03,9.41769,0.0226975,9.38061,0,0,8045.5,415739,8090.05,0,0,0,415739,0,0,601.919,178.667,8495.97,8045.5,0,0
01:11:15:02:58:11,4806.73,4827.61,9.38061,0.018692,9.41769,0,0,8045.66,415739,8083.75,0,0,0,415739,0,0,595.627,178.683,8496.13,8045.66,0,0
01:11:15:02:58:12,4820.46,4824.18,9.38061,0.00133514,9.38061,0,0,8045.81,415739,8097.49,0,0,0,415739,0,0,609.363,178.7,8496.28,8045.81,0,0
01:11:15:02:58:13,4816.74,4837.06,9.38061,0.0240326,9.38061,0,0,8045.97,415739,8093.77,0,0,0,415739,0,0,605.64,178.717,8496.44,8045.97,0,0
01:11:15:02:58:14,4826.47,4831.05,9.38061,0.0387192,9.38061,0,0,8046.13,415739,8103.49,0,0,0,415739,0,0,615.365,178.733,8496.59,8046.13,0,0
01:11:15:02:58:15,4824.47,4844.21,9.38061,0.018692,9.38061,0,0,8046.28,415739,8101.49,0,0,0,415739,0,0,613.36,178.75,8496.75,8046.28,0,0
01:11:15:02:58:16,4839.63,4841.92,9.38061,0.00534058,9.38061,0,0,8046.44,415739,8116.65,0,0,0,415739,0,0,628.521,178.767,8496.91,8046.44,0,0
01:11:15:02:58:17,4832.48,4851.93,9.38061,0.0146866,9.38061,0,0,8046.6,415739,8109.49,0,0,0,415739,0,0,621.366,178.783,8497.06,8046.6,0,0
01:11:15:02:58:18,4844.78,4847.07,9.38061,0.00801086,9.38061,0,0,8046.75,415739,8121.79,0,0,0,415739,0,0,633.667,178.8,8497.22,8046.75,0,0
01:11:15:02:58:19,4840.49,4852.79,9.38061,0,9.38061,0,0,8046.91,415739,8117.5,0,0,0,415739,0,0,629.373,178.817,8497.38,8046.91,0,0
01:11:15:02:58:20,4853.65,4865.38,9.38061,0,9.38061,0,0,8047.07,415739,8130.66,0,0,0,415739,0,0,642.532,178.833,8497.53,8047.07,0,0
01:11:15:02:58:21,4849.64,4859.66,9.41769,0.0173569,9.38061,0,0,8047.22,415739,8126.65,0,0,0,415739,0,0,638.525,178.85,8497.69,8047.22,0,0
01:11:15:02:58:22,4861.38,4873.1,9.38061,0.00400543,9.41769,0,0,8047.38,415739,8138.38,0,0,0,415739,0,0,650.254,178.867,8497.85,8047.38,0,0
01:11:15:02:58:23,4862.81,4871.39,9.41769,0,9.38061,0,0,8047.54,415739,8139.81,0,0,0,415739,0,0,651.683,178.883,8498,8047.54,0,0
01:11:15:02:58:24,4865.67,4884.26,9.41769,0.0307083,9.41769,0,0,8047.69,415739,8142.67,0,0,0,415739,0,0,654.542,178.9,8498.16,8047.69,0,0
01:11:15:02:58:25,4878.54,4879.69,9.38061,0,9.41769,0,0,8047.85,415739,8155.54,0,0,0,415739,0,0,667.416,178.917,8498.32,8047.85,0,0
01:11:15:02:58:26,4874.25,4891.99,9.41769,0,9.38061,0,0,8048,415739,8151.25,0,0,0,415739,0,0,663.123,178.933,8498.47,8048,0,0
01:11:15:02:58:27,4886.55,4888.27,9.38061,0.018692,9.41769,0,0,8048.16,415739,8163.55,0,0,0,415739,0,0,675.424,178.95,8498.63,8048.16,0,0
01:11:15:02:58:28,4883.4,4899.71,9.38061,0.0106792,9.38061,0,0,8048.32,415739,8160.4,0,0,0,415739,0,0,672.276,178.967,8498.79,8048.32,0,0
01:11:15:02:58:29,4885.98,4891.42,9.38061,0.018692,9.38061,0,0,8048.48,415739,8162.98,0,0,0,415739,0,0,674.851,178.983,8498.94,8048.48,0,0
01:11:15:02:58:30,4888.55,4903.43,9.41769,0,9.38061,0,0,8048.63,415739,8165.55,0,0,0,415739,0,0,677.425,179,8499.1,8048.63,0,0
01:11:15:02:58:31,4896.28,4900.57,9.38061,0,9.41769,0,0,8048.79,415739,8173.28,0,0,0,415739,0,0,685.149,179.017,8499.26,8048.79,0,0
01:11:15:02:58:32,4896.85,4911.73,9.41769,0.00400543,9.38061,0,0,8048.94,415739,8173.85,0,0,0,415739,0,0,685.721,179.033,8499.41,8048.94,0,0
01:11:15:02:58:33,4903.43,4909.44,9.38061,0,9.41769,0,0,8049.1,415739,8180.43,0,0,0,415739,0,0,692.301,179.05,8499.57,8049.1,0,0
01:11:15:02:58:34,4906.87,4920.6,9.38061,0.0213623,9.38061,0,0,8049.26,415739,8183.86,0,0,0,415739,0,0,695.734,179.067,8499.73,8049.26,0,0
01:11:15:02:58:35,4911.16,4919.17,9.41769,0.0307083,9.38061,0,0,8049.42,415739,8188.15,0,0,0,415739,0,0,700.026,179.083,8499.88,8049.42,0,0
01:11:15:02:58:36,4910.01,4921.74,9.38061,0.0106792,9.41769,0,0,8049.57,415739,8187.01,0,0,0,415739,0,0,698.881,179.1,8500.04,8049.57,0,0
01:11:15:02:58:37,4914.02,4922.31,9.41769,0,9.38061,0,0,8049.73,415739,8191.02,0,0,0,415739,0,0,702.887,179.117,8500.2,8049.73,0,0
01:11:15:02:58:38,4919.17,4931.18,9.34353,0.0106792,9.41769,0,0,8049.88,415739,8196.17,0,0,0,415739,0,0,708.037,179.133,8500.35,8049.88,0,0
01:11:15:02:58:39,4906.58,4920.6,9.41769,0.0200272,9.34353,0,0,8050.04,415739,8183.58,0,0,0,415739,0,0,695.449,179.15,8500.51,8050.04,0,0
01:11:15:02:58:40,4915.16,4923.17,9.41769,0.0413895,9.41769,0,0,8050.2,415739,8192.16,0,0,0,415739,0,0,704.033,179.167,8500.67,8050.2,0,0
01:11:15:02:58:41,4922.31,4934.62,9.34353,0.0574112,9.41769,0,0,8050.35,415739,8199.31,0,0,0,415739,0,0,711.186,179.183,8500.82,8050.35,0,0
01:11:15:02:58:42,4926.61,4933.76,9.41769,0,9.34353,0,0,8050.51,415739,8203.61,0,0,0,415739,0,0,715.479,179.2,8500.98,8050.51,0,0
01:11:15:02:58:43,4928.89,4943.2,9.41769,0.0347137,9.41769,0,0,8050.67,415739,8205.9,0,0,0,415739,0,0,717.768,179.217,8501.14,8050.67,0,0
01:11:15:02:58:44,4935.48,4943.2,9.41769,0.0200272,9.41769,0,0,8050.82,415739,8212.48,0,0,0,415739,0,0,724.35,179.233,8501.29,8050.82,0,0
01:11:15:02:58:45,4938.34,4954.07,9.34353,0.00934601,9.41769,0,0,8050.98,415739,8215.34,0,0,0,415739,0,0,727.212,179.25,8501.45,8050.98,0,0
01:11:15:02:58:46,4942.63,4949.49,9.41769,0.0400562,9.34353,0,0,8051.14,415739,8219.63,0,0,0,415739,0,0,731.504,179.267,8501.61,8051.14,0,0
01:11:15:02:58:47,4947.21,4959.22,9.41769,0,9.41769,0,0,8051.29,415739,8224.21,0,0,0,415739,0,0,736.084,179.283,8501.76,8051.29,0,0
01:11:15:02:58:48,4948.35,4959.79,9.38061,0.00400543,9.41769,0,0,8051.45,415739,8225.36,0,0,0,415739,0,0,737.229,179.3,8501.92,8051.45,0,0
01:11:15:02:58:49,4952.64,4967.23,9.41769,0,9.38061,0,0,8051.61,415739,8229.65,0,0,0,415739,0,0,741.523,179.317,8502.08,8051.61,0,0
01:11:15:02:58:50,4952.93,4964.94,9.38061,0.0146866,9.41769,0,0,8051.76,415739,8229.94,0,0,0,415739,0,0,741.811,179.333,8502.23,8051.76,0,0
01:11:15:02:58:51,4961.22,4973.81,9.41769,0.0120163,9.38061,0,0,8051.92,415739,8238.24,0,0,0,415739,0,0,750.109,179.35,8502.39,8051.92,0,0
01:11:15:02:58:52,4963.8,4974.96,9.41769,0.00534058,9.41769,0,0,8052.08,415739,8240.81,0,0,0,415739,0,0,752.686,179.367,8502.55,8052.08,0,0
01:11:15:02:58:53,4971.24,4981.25,9.38061,0.0307083,9.41769,0,0,8052.23,415739,8248.25,0,0,0,415739,0,0,760.127,179.383,8502.7,8052.23,0,0
01:11:15:02:58:54,4972.95,4985.54,9.41769,0.0226975,9.38061,0,0,8052.39,415739,8249.97,0,0,0,415739,0,0,761.846,179.4,8502.86,8052.39,0,0
01:11:15:02:58:55,4978.68,4987.83,9.38061,0,9.41769,0,0,8052.55,415739,8255.7,0,0,0,415739,0,0,767.57,179.417,8503.02,8052.55,0,0
01:11:15:02:58:56,4976.96,4991.26,9.41769,0,9.38061,0,0,8052.7,415739,8253.98,0,0,0,415739,0,0,765.856,179.433,8503.17,8052.7,0,0
01:11:15:02:58:57,4983.54,4991.84,9.41769,0.00400543,9.41769,0,0,8052.86,415739,8260.57,0,0,0,415739,0,0,772.439,179.45,8503.33,8052.86,0,0
01:11:15:02:58:58,4982.97,4998.7,9.38061,0.0120163,9.41769,0,0,8053.02,415739,8259.99,0,0,0,415739,0,0,771.866,179.467,8503.49,8053.02,0,0
01:11:15:02:58:59,4988.12,4997.27,9.38061,0.00667572,9.38061,0,0,8053.17,415739,8265.14,0,0,0,415739,0,0,777.013,179.483,8503.64,8053.17,0,0
01:11:15:02:59:00,4984.68,5000.42,9.38061,0,9.38061,0,0,8053.33,415739,8261.71,0,0,0,415739,0,0,773.578,179.5,8503.8,8053.33,0,0
01:11:15:02:59:01,4994.41,5002.42,9.41769,0.0146866,9.38061,0,0,8053.49,415739,8271.43,0,0,0,415739,0,0,783.303,179.517,8503.96,8053.49,0,0
01:11:15:02:59:02,4990.12,5004.43,9.38061,0,9.41769,0,0,8053.64,415739,8267.14,0,0,0,415739,0,0,779.009,179.533,8504.11,8053.64,0,0
01:11:15:02:59:03,4994.41,5008.15,9.41769,0,9.38061,0,0,8053.8,415739,8271.43,0,0,0,415739,0,0,783.299,179.55,8504.27,8053.8,0,0
01:11:15:02:59:04,4999.28,5008.15,9.38061,0,9.41769,0,0,8053.96,415739,8276.29,0,0,0,415739,0,0,788.16,179.567,8504.43,8053.96,0,0
01:11:15:02:59:05,4996.99,5013.29,9.41769,0.018692,9.38061,0,0,8054.11,415739,8274,0,0,0,415739,0,0,785.87,179.583,8504.58,8054.11,0,0
01:11:15:02:59:06,5007,5013.58,9.38061,0,9.41769,0,0,8054.27,415739,8284.01,0,0,0,415739,0,0,795.882,179.6,8504.74,8054.27,0,0
01:11:15:02:59:07,4999.28,5016.44,9.38061,0.00400543,9.38061,0,0,8054.43,415739,8276.28,0,0,0,415739,0,0,788.155,179.617,8504.9,8054.43,0,0
01:11:15:02:59:08,5010.72,5018.16,9.41769,0,9.38061,0,0,8054.58,415739,8287.73,0,0,0,415739,0,0,799.597,179.633,8505.05,8054.58,0,0
01:11:15:02:59:09,4986.69,5004.14,9.38061,0,9.41769,0,0,8054.74,415739,8263.69,0,0,0,415739,0,0,775.564,179.65,8505.21,8054.74,0,0
01:11:15:02:59:10,5002.42,5009,9.41769,0,9.38061,0,0,8054.9,415739,8279.43,0,0,0,415739,0,0,791.298,179.667,8505.37,8054.9,0,0
01:11:15:02:59:11,5003.57,5020.45,9.38061,0,9.41769,0,0,8055.05,415739,8280.57,0,0,0,415739,0,0,792.441,179.683,8505.52,8055.05,0,0
01:11:15:02:59:12,5016.16,5021.59,9.38061,0,9.38061,0,0,8055.21,415739,8293.16,0,0,0,415739,0,0,805.029,179.7,8505.68,8055.21,0,0
01:11:15:02:59:13,5009,5026.74,9.38061,0,9.38061,0,0,8055.37,415739,8286,0,0,0,415739,0,0,797.876,179.717,8505.84,8055.37,0,0
01:11:15:02:59:14,5027.03,5028.74,9.38061,0,9.38061,0,0,8055.52,415739,8304.03,0,0,0,415739,0,0,815.899,179.733,8505.99,8055.52,0,0
01:11:15:02:59:15,5021.88,5038.76,9.38061,0,9.38061,0,0,8055.68,415739,8298.88,0,0,0,415739,0,0,810.749,179.75,8506.15,8055.68,0,0
01:11:15:02:59:16,5034.75,5035.9,9.38061,0.0507374,9.38061,0,0,8055.84,415739,8311.75,0,0,0,415739,0,0,823.623,179.767,8506.31,8055.84,0,0
01:11:15:02:59:17,5027.6,5039.33,9.41769,0.0226975,9.38061,0,0,8055.99,415739,8304.6,0,0,0,415739,0,0,816.469,179.783,8506.46,8055.99,0,0
01:11:15:02:59:18,5039.9,5047.63,9.38061,0.0120163,9.41769,0,0,8056.15,415739,8316.9,0,0,0,415739,0,0,828.771,179.8,8506.62,8056.15,0,0
01:11:15:02:59:19,5027.31,5037.9,9.41769,0,9.38061,0,0,8056.31,415739,8304.31,0,0,0,415739,0,0,816.183,179.817,8506.78,8056.31,0,0
01:11:15:02:59:20,5041.05,5049.06,9.41769,0,9.41769,0,0,8056.46,415739,8318.04,0,0,0,415739,0,0,829.916,179.833,8506.93,8056.46,0,0
01:11:15:02:59:21,5033.32,5045.34,9.38061,0,9.41769,0,0,8056.62,415739,8310.32,0,0,0,415739,0,0,822.191,179.85,8507.09,8056.62,0,0
01:11:15:02:59:22,5039.62,5058.5,9.41769,0,9.38061,0,0,8056.78,415739,8316.61,0,0,0,415739,0,0,828.486,179.867,8507.25,8056.78,0,0
01:11:15:02:59:23,5049.63,5049.92,9.34353,0,9.41769,0,0,8056.93,415739,8326.63,0,0,0,415739,0,0,838.499,179.883,8507.4,8056.93,0,0
01:11:15:02:59:24,5047.05,5065.65,9.34353,0,9.34353,0,0,8057.09,415739,8324.05,0,0,0,415739,0,0,835.924,179.9,8507.56,8057.09,0,0
01:11:15:02:59:25,5055.92,5054.78,9.34353,0,9.34353,0,0,8057.25,415739,8332.92,0,0,0,415739,0,0,844.795,179.917,8507.71,8057.25,0,0
01:11:15:02:59:26,5053.35,5070.23,9.34353,0,9.34353,0,0,8057.4,415739,8330.35,0,0,0,415739,0,0,842.22,179.933,8507.87,8057.4,0,0
01:11:15:02:59:27,5065.08,5063.08,9.38061,0.0173569,9.34353,0,0,8057.56,415739,8342.08,0,0,0,415739,0,0,853.951,179.95,8508.03,8057.56,0,0
01:11:15:02:59:28,5060.22,5077.38,9.41769,0.0133514,9.38061,0,0,8057.71,415739,8337.22,0,0,0,415739,0,0,849.088,179.967,8508.18,8057.71,0,0
01:11:15:02:59:29,5071.37,5069.66,9.38061,0.0173569,9.41769,0,0,8057.87,415739,8348.38,0,0,0,415739,0,0,860.247,179.983,8508.34,8057.87,0,0
01:11:15:02:59:30,5068.23,5083.96,9.38061,0.00801086,9.38061,0,0,8058.03,415739,8345.23,0,0,0,415739,0,0,857.101,180,8508.5,8058.03,0,0
01:11:15:02:59:31,5074.81,5075.09,9.41769,0,9.38061,0,0,8058.18,415739,8351.81,0,0,0,415739,0,0,863.683,180.017,8508.65,8058.18,0,0
01:11:15:02:59:32,5067.65,5085.68,9.41769,0.0133514,9.41769,0,0,8058.34,415739,8344.66,0,0,0,415739,0,0,856.531,180.033,8508.81,8058.34,0,0
01:11:15:02:59:33,5081.1,5080.53,9.34353,0.0173569,9.41769,0,0,8058.5,415739,8358.11,0,0,0,415739,0,0,869.98,180.05,8508.97,8058.5,0,0
01:11:15:02:59:34,5077.67,5092.54,9.41769,0.0240326,9.34353,0,0,8058.65,415739,8354.68,0,0,0,415739,0,0,866.548,180.067,8509.12,8058.65,0,0
01:11:15:02:59:35,5081.39,5082.53,9.41769,0,9.41769,0,0,8058.81,415739,8358.4,0,0,0,415739,0,0,870.269,180.083,8509.28,8058.81,0,0
01:11:15:02:59:36,5078.24,5085.11,9.34353,0.0293751,9.41769,0,0,8058.97,415739,8355.25,0,0,0,415739,0,0,867.124,180.1,8509.44,8058.97,0,0
01:11:15:02:59:37,5092.54,5101.41,9.38061,0.00934601,9.34353,0,0,8059.12,415739,8369.56,0,0,0,415739,0,0,881.431,180.117,8509.59,8059.12,0,0
01:11:15:02:59:38,5086.82,5096.26,9.41769,0.0160217,9.38061,0,0,8059.28,415739,8363.84,0,0,0,415739,0,0,875.711,180.133,8509.75,8059.28,0,0
01:11:15:02:59:39,5095.69,5106.85,9.38061,0.0480652,9.41769,0,0,8059.44,415739,8372.71,0,0,0,415739,0,0,884.581,180.15,8509.9,8059.44,0,0
01:11:15:02:59:40,5095.69,5102.56,9.34353,0.0494003,9.38061,0,0,8059.59,415739,8372.71,0,0,0,415739,0,0,884.584,180.167,8510.06,8059.59,0,0
01:11:15:02:59:41,5097.69,5115.43,9.41769,0.0226975,9.34353,0,0,8059.75,415739,8374.72,0,0,0,415739,0,0,886.59,180.183,8510.22,8059.75,0,0
01:11:15:02:59:42,5107.71,5106.85,9.38061,0.00534058,9.41769,0,0,8059.9,415739,8384.73,0,0,0,415739,0,0,896.606,180.2,8510.37,8059.9,0,0
01:11:15:02:59:43,5098.27,5116,9.38061,0.00534058,9.38061,0,0,8060.06,415739,8375.29,0,0,0,415739,0,0,887.167,180.217,8510.53,8060.06,0,0
01:11:15:02:59:44,5107.99,5110.85,9.38061,0,9.38061,0,0,8060.22,415739,8385.02,0,0,0,415739,0,0,896.891,180.233,8510.69,8060.22,0,0
01:11:15:02:59:45,5101.99,5118.87,9.38061,0,9.38061,0,0,8060.37,415739,8379.01,0,0,0,415739,0,0,890.881,180.25,8510.84,8060.37,0,0
01:11:15:02:59:46,5109.14,5110.57,9.41769,0.0120163,9.38061,0,0,8060.53,415739,8386.16,0,0,0,415739,0,0,898.031,180.267,8511,8060.53,0,0
01:11:15:02:59:47,5106.56,5124.02,9.41769,0.0387192,9.41769,0,0,8060.69,415739,8383.58,0,0,0,415739,0,0,895.453,180.283,8511.16,8060.69,0,0
01:11:15:02:59:48,5116.29,5120.87,9.41769,0.0146866,9.41769,0,0,8060.84,415739,8393.31,0,0,0,415739,0,0,905.179,180.3,8511.31,8060.84,0,0
01:11:15:02:59:49,5116.29,5131.45,9.38061,0.0453949,9.41769,0,0,8061,415739,8393.3,0,0,0,415739,0,0,905.177,180.317,8511.47,8061,0,0
01:11:15:02:59:50,5126.3,5128.02,9.41769,0.0347137,9.38061,0,0,8061.16,415739,8403.32,0,0,0,415739,0,0,915.188,180.333,8511.63,8061.16,0,0
01:11:15:02:59:51,5126.02,5139.18,9.38061,0.0400562,9.41769,0,0,8061.31,415739,8403.03,0,0,0,415739,0,0,914.9,180.35,8511.78,8061.31,0,0
01:11:15:02:59:52,5134.6,5136.32,9.38061,0.0293751,9.38061,0,0,8061.47,415739,8411.61,0,0,0,415739,0,0,923.482,180.367,8511.94,8061.47,0,0
01:11:15:02:59:53,5131.17,5145.76,9.38061,0.0307083,9.38061,0,0,8061.63,415739,8408.18,0,0,0,415739,0,0,920.047,180.383,8512.1,8061.63,0,0
01:11:15:02:59:54,5138.32,5143.18,9.41769,0.0347137,9.38061,0,0,8061.78,415739,8415.33,0,0,0,415739,0,0,927.198,180.4,8512.25,8061.78,0,0
01:11:15:02:59:55,5139.75,5146.05,9.38061,0.0267029,9.41769,0,0,8061.94,415739,8416.76,0,0,0,415739,0,0,928.628,180.417,8512.41,8061.94,0,0
01:11:15:02:59:56,5145.76,5157.78,9.38061,0.0307083,9.38061,0,0,8062.1,415739,8422.76,0,0,0,415739,0,0,934.635,180.433,8512.57,8062.1,0,0
01:11:15:02:59:57,5144.33,5151.2,9.38061,0.00801086,9.38061,0,0,8062.25,415739,8421.33,0,0,0,415739,0,0,933.203,180.45,8512.72,8062.25,0,0
01:11:15:02:59:58,5145.47,5159.21,9.38061,0.00801086,9.38061,0,0,8062.41,415739,8422.47,0,0,0,415739,0,0,934.347,180.467,8512.88,8062.41,0,0
01:11:15:02:59:59,5146.33,5150.91,9.38061,0.00934601,9.38061,0,0,8062.57,415739,8423.33,0,0,0,415739,0,0,935.204,180.483,8513.04,8062.57,0,0
01:11:15:03:00:00,5144.61,5157.2,9.38061,0,9.38061,0,0,8062.72,415739,8421.61,0,0,0,415739,0,0,933.486,180.5,8513.19,8062.72,0,0
01:11:15:03:00:01,5147.76,5154.63,9.38061,0,9.38061,0,0,8062.88,415739,8424.76,0,0,0,415739,0,0,936.633,180.517,8513.35,8062.88,0,0
01:11:15:03:00:02,5148.62,5160.92,9.38061,0,9.38061,0,0,8063.04,415739,8425.62,0,0,0,415739,0,0,937.49,180.533,8513.51,8063.04,0,0
01:11:15:03:00:03,5152.34,5157.49,9.38061,0,9.38061,0,0,8063.19,415739,8429.34,0,0,0,415739,0,0,941.209,180.55,8513.66,8063.19,0,0
01:11:15:03:00:04,5152.63,5163.5,9.41769,0.0226975,9.38061,0,0,8063.35,415739,8429.62,0,0,0,415739,0,0,941.495,180.567,8513.82,8063.35,0,0
01:11:15:03:00:05,5156.63,5164.07,9.41769,0.018692,9.41769,0,0,8063.51,415739,8433.63,0,0,0,415739,0,0,945.501,180.583,8513.98,8063.51,0,0
01:11:15:03:00:06,5154.91,5166.36,9.41769,0.0213623,9.41769,0,0,8063.66,415739,8431.91,0,0,0,415739,0,0,943.784,180.6,8514.13,8063.66,0,0
01:11:15:03:00:07,5154.63,5165.21,9.38061,0,9.41769,0,0,8063.82,415739,8431.63,0,0,0,415739,0,0,943.498,180.617,8514.29,8063.82,0,0
01:11:15:03:00:08,5164.93,5176.37,9.41769,0,9.38061,0,0,8063.98,415739,8441.93,0,0,0,415739,0,0,953.798,180.633,8514.45,8063.98,0,0
01:11:15:03:00:09,5166.93,5175.8,9.38061,0,9.41769,0,0,8064.13,415739,8443.93,0,0,0,415739,0,0,955.801,180.65,8514.6,8064.13,0,0
01:11:15:03:00:10,5172.94,5181.24,9.38061,0.018692,9.38061,0,0,8064.29,415739,8449.94,0,0,0,415739,0,0,961.809,180.667,8514.76,8064.29,0,0
01:11:15:03:00:11,5168.65,5181.52,9.41769,0.0347137,9.38061,0,0,8064.45,415739,8445.65,0,0,0,415739,0,0,957.519,180.683,8514.92,8064.45,0,0
01:11:15:03:00:12,5178.09,5187.24,9.38061,0.0133514,9.41769,0,0,8064.6,415739,8455.09,0,0,0,415739,0,0,966.961,180.7,8515.07,8064.6,0,0
01:11:15:03:00:13,5176.94,5188.96,9.41769,0.00667572,9.38061,0,0,8064.76,415739,8453.95,0,0,0,415739,0,0,965.817,180.717,8515.23,8064.76,0,0
01:11:15:03:00:14,5182.09,5193.82,9.34353,0,9.41769,0,0,8064.92,415739,8459.1,0,0,0,415739,0,0,970.968,180.733,8515.39,8064.92,0,0
01:11:15:03:00:15,5180.09,5197.26,9.41769,0,9.34353,0,0,8065.07,415739,8457.09,0,0,0,415739,0,0,968.967,180.75,8515.54,8065.07,0,0
01:11:15:03:00:16,5187.82,5195.54,9.41769,0,9.41769,0,0,8065.23,415739,8464.82,0,0,0,415739,0,0,976.692,180.767,8515.7,8065.23,0,0
01:11:15:03:00:17,5175.51,5189.25,9.38061,0.00400543,9.41769,0,0,8065.39,415739,8452.52,0,0,0,415739,0,0,964.391,180.783,8515.86,8065.39,0,0
01:11:15:03:00:18,5178.66,5186.96,9.41769,0.00534058,9.38061,0,0,8065.54,415739,8455.67,0,0,0,415739,0,0,967.54,180.8,8516.01,8065.54,0,0
01:11:15:03:00:19,5184.96,5193.82,9.38061,0,9.41769,0,0,8065.7,415739,8461.96,0,0,0,415739,0,0,973.835,180.817,8516.17,8065.7,0,0
01:11:15:03:00:20,5183.24,5193.82,9.38061,0.0173569,9.38061,0,0,8065.86,415739,8460.25,0,0,0,415739,0,0,972.12,180.833,8516.33,8065.86,0,0
01:11:15:03:00:21,5187.82,5200.69,9.41769,0.00801086,9.38061,0,0,8066.01,415739,8464.83,0,0,0,415739,0,0,976.7,180.85,8516.48,8066.01,0,0
01:11:15:03:00:22,5194.97,5204.7,9.41769,0.00267029,9.41769,0,0,8066.17,415739,8471.98,0,0,0,415739,0,0,983.853,180.867,8516.64,8066.17,0,0
01:11:15:03:00:23,5200.98,5209.27,9.41769,0,9.41769,0,0,8066.33,415739,8477.99,0,0,0,415739,0,0,989.864,180.883,8516.8,8066.33,0,0
01:11:15:03:00:24,5198.12,5209.56,9.34353,0,9.41769,0,0,8066.48,415739,8475.13,0,0,0,415739,0,0,987.005,180.9,8516.95,8066.48,0,0
01:11:15:03:00:25,5204.98,5210.13,9.41769,0.0120163,9.34353,0,0,8066.64,415739,8482,0,0,0,415739,0,0,993.874,180.917,8517.11,8066.64,0,0
01:11:15:03:00:26,5196.97,5208.99,9.41769,0.037384,9.41769,0,0,8066.8,415739,8473.99,0,0,0,415739,0,0,985.865,180.933,8517.27,8066.8,0,0
01:11:15:03:00:27,5204.7,5212.99,9.34353,0.0360508,9.41769,0,0,8066.95,415739,8481.72,0,0,0,415739,0,0,993.593,180.95,8517.42,8066.95,0,0
01:11:15:03:00:28,5203.27,5213.57,9.41769,0.00667572,9.34353,0,0,8067.11,415739,8480.29,0,0,0,415739,0,0,992.165,180.967,8517.58,8067.11,0,0
01:11:15:03:00:29,5206.99,5215,9.41769,0.0200272,9.41769,0,0,8067.27,415739,8484.01,0,0,0,415739,0,0,995.883,180.983,8517.74,8067.27,0,0
01:11:15:03:00:30,5207.27,5219.86,9.41769,0.00801086,9.41769,0,0,8067.42,415739,8484.29,0,0,0,415739,0,0,996.167,181,8517.89,8067.42,0,0
01:11:15:03:00:31,5214.71,5220.15,9.38061,0.0200272,9.41769,0,0,8067.58,415739,8491.73,0,0,0,415739,0,0,1003.6,181.017,8518.05,8067.58,0,0
01:11:15:03:00:32,5210.13,5225.3,9.38061,0.0146866,9.38061,0,0,8067.74,415739,8487.15,0,0,0,415739,0,0,999.023,181.033,8518.21,8067.74,0,0
01:11:15:03:00:33,5221.86,5225.58,9.41769,0.0267029,9.38061,0,0,8067.89,415739,8498.88,0,0,0,415739,0,0,1010.75,181.05,8518.36,8067.89,0,0
01:11:15:03:00:34,5213.57,5228.44,9.38061,0.0173569,9.41769,0,0,8068.05,415739,8490.58,0,0,0,415739,0,0,1002.45,181.067,8518.52,8068.05,0,0
01:11:15:03:00:35,5224.44,5230.45,9.41769,0.0120163,9.38061,0,0,8068.21,415739,8501.45,0,0,0,415739,0,0,1013.32,181.083,8518.67,8068.21,0,0
01:11:15:03:00:36,5218.14,5233.88,9.41769,0.0133514,9.41769,0,0,8068.36,415739,8495.15,0,0,0,415739,0,0,1007.03,181.1,8518.83,8068.36,0,0
01:11:15:03:00:37,5225.3,5231.59,9.34353,0.00934601,9.41769,0,0,8068.52,415739,8502.3,0,0,0,415739,0,0,1014.18,181.117,8518.99,8068.52,0,0
01:11:15:03:00:38,5218.72,5236.74,9.38061,0.00801086,9.34353,0,0,8068.68,415739,8495.72,0,0,0,415739,0,0,1007.59,181.133,8519.14,8068.68,0,0
01:11:15:03:00:39,5228.44,5240.46,9.41769,0.0347137,9.38061,0,0,8068.83,415739,8505.45,0,0,0,415739,0,0,1017.32,181.15,8519.3,8068.83,0,0
01:11:15:03:00:40,5236.45,5242.18,9.38061,0.0213623,9.41769,0,0,8068.99,415739,8513.46,0,0,0,415739,0,0,1025.33,181.167,8519.46,8068.99,0,0
01:11:15:03:00:41,5234.45,5249.04,9.38061,0.0320435,9.38061,0,0,8069.15,415739,8511.45,0,0,0,415739,0,0,1023.33,181.183,8519.61,8069.15,0,0
01:11:15:03:00:42,5242.75,5248.47,9.41769,0.0240326,9.38061,0,0,8069.3,415739,8519.75,0,0,0,415739,0,0,1031.62,181.2,8519.77,8069.3,0,0
01:11:15:03:00:43,5235.6,5252.76,9.41769,0.0240326,9.41769,0,0,8069.46,415739,8512.6,0,0,0,415739,0,0,1024.47,181.217,8519.93,8069.46,0,0
01:11:15:03:00:44,5247.61,5251.33,9.38061,0.0440617,9.41769,0,0,8069.61,415739,8524.61,0,0,0,415739,0,0,1036.48,181.233,8520.08,8069.61,0,0
01:11:15:03:00:45,5243.03,5259.34,9.41769,0.0320435,9.38061,0,0,8069.77,415739,8520.03,0,0,0,415739,0,0,1031.91,181.25,8520.24,8069.77,0,0
01:11:15:03:00:46,5249.9,5253.33,9.38061,0.0413895,9.41769,0,0,8069.93,415739,8526.9,0,0,0,415739,0,0,1038.77,181.267,8520.4,8069.93,0,0
01:11:15:03:00:47,5241.89,5262.49,9.41769,0.0146866,9.38061,0,0,8070.08,415739,8518.89,0,0,0,415739,0,0,1030.76,181.283,8520.55,8070.08,0,0
01:11:15:03:00:48,5247.04,5249.04,9.41769,0.0226975,9.41769,0,0,8070.24,415739,8524.04,0,0,0,415739,0,0,1035.91,181.3,8520.71,8070.24,0,0
01:11:15:03:00:49,5242.46,5261.63,9.38061,0.0200272,9.41769,0,0,8070.4,415739,8519.46,0,0,0,415739,0,0,1031.33,181.317,8520.87,8070.4,0,0
01:11:15:03:00:50,5258.2,5259.06,9.38061,0.00667572,9.38061,0,0,8070.55,415739,8535.19,0,0,0,415739,0,0,1047.07,181.333,8521.02,8070.55,0,0
01:11:15:03:00:51,5249.04,5265.06,9.41769,0.0240326,9.38061,0,0,8070.71,415739,8526.04,0,0,0,415739,0,0,1037.91,181.35,8521.18,8070.71,0,0
01:11:15:03:00:52,5260.77,5262.49,9.38061,0.0547428,9.41769,0,0,8070.87,415739,8537.77,0,0,0,415739,0,0,1049.64,181.367,8521.34,8070.87,0,0
01:11:15:03:00:53,5257.05,5269.64,9.41769,0.0320435,9.38061,0,0,8071.02,415739,8534.05,0,0,0,415739,0,0,1045.92,181.383,8521.49,8071.02,0,0
01:11:15:03:00:54,5270.5,5279.37,9.41769,0.0480652,9.41769,0,0,8071.18,415739,8547.5,0,0,0,415739,0,0,1059.37,181.4,8521.65,8071.18,0,0
01:11:15:03:00:55,5257.34,5271.36,9.41769,0.028038,9.41769,0,0,8071.34,415739,8534.34,0,0,0,415739,0,0,1046.21,181.417,8521.81,8071.34,0,0
01:11:15:03:00:56,5272.79,5280.23,9.38061,0.00267029,9.38061,0,0,8071.49,415739,8549.79,0,0,0,415739,0,0,1061.66,181.433,8521.96,8071.49,0,0
01:11:15:03:00:57,5265.06,5278.22,9.38061,0.00267029,9.38061,0,0,8071.65,415739,8542.06,0,0,0,415739,0,0,1053.94,181.45,8522.12,8071.65,0,0
01:11:15:03:00:58,5267.07,5287.38,9.38061,0,9.38061,0,0,8071.81,415739,8544.07,0,0,0,415739,0,0,1055.94,181.467,8522.28,8071.81,0,0
01:11:15:03:00:59,5277.94,5279.37,9.41769,0,9.38061,0,0,8071.96,415739,8554.94,0,0,0,415739,0,0,1066.81,181.483,8522.43,8071.96,0,0
01:11:15:03:01:00,5271.07,5288.24,9.38061,0,9.41769,0,0,8072.12,415739,8548.07,0,0,0,415739,0,0,1059.95,181.5,8522.59,8072.12,0,0
01:11:15:03:01:01,5281.37,5280.8,9.41769,0,9.38061,0,0,8072.28,415739,8558.38,0,0,0,415739,0,0,1070.25,181.517,8522.75,8072.28,0,0
01:11:15:03:01:02,5274.79,5291.38,9.41769,0,9.41769,0,0,8072.43,415739,8551.79,0,0,0,415739,0,0,1063.67,181.533,8522.9,8072.43,0,0
01:11:15:03:01:03,5282.23,5283.37,9.38061,0.00667572,9.41769,0,0,8072.59,415739,8559.24,0,0,0,415739,0,0,1071.11,181.55,8523.06,8072.59,0,0
01:11:15:03:01:04,5276.22,5296.53,9.38061,0.0106792,9.38061,0,0,8072.75,415739,8553.23,0,0,0,415739,0,0,1065.1,181.567,8523.22,8072.75,0,0
01:11:15:03:01:05,5288.81,5289.1,9.41769,0.00667572,9.38061,0,0,8072.9,415739,8565.82,0,0,0,415739,0,0,1077.69,181.583,8523.37,8072.9,0,0
01:11:15:03:01:06,5281.09,5302.83,9.41769,0.0333786,9.41769,0,0,8073.06,415739,8558.1,0,0,0,415739,0,0,1069.97,181.6,8523.53,8073.06,0,0
01:11:15:03:01:07,5294.53,5295.39,9.38061,0.0707626,9.41769,0,0,8073.22,415739,8571.54,0,0,0,415739,0,0,1083.42,181.617,8523.69,8073.22,0,0
01:11:15:03:01:08,5289.1,5309.98,9.38061,0.037384,9.38061,0,0,8073.37,415739,8566.11,0,0,0,415739,0,0,1077.98,181.633,8523.84,8073.37,0,0
01:11:15:03:01:09,5303.11,5302.54,9.38061,0.0694294,9.38061,0,0,8073.53,415739,8580.13,0,0,0,415739,0,0,1092,181.65,8524,8073.53,0,0
01:11:15:03:01:10,5287.67,5310.55,9.41769,0.0547428,9.38061,0,0,8073.69,415739,8564.68,0,0,0,415739,0,0,1076.56,181.667,8524.16,8073.69,0,0
01:11:15:03:01:11,5296.25,5295.96,9.41769,0.0440617,9.41769,0,0,8073.84,415739,8573.27,0,0,0,415739,0,0,1085.14,181.683,8524.31,8073.84,0,0
01:11:15:03:01:12,5293.67,5302.26,9.41769,0.0507374,9.41769,0,0,8074,415739,8570.7,0,0,0,415739,0,0,1082.57,181.7,8524.47,8074,0,0
01:11:15:03:01:13,5304.83,5315.7,9.38061,0.0427246,9.41769,0,0,8074.16,415739,8581.86,0,0,0,415739,0,0,1093.73,181.717,8524.63,8074.16,0,0
01:11:15:03:01:14,5296.82,5302.83,9.41769,0.0320435,9.38061,0,0,8074.31,415739,8573.85,0,0,0,415739,0,0,1085.72,181.733,8524.78,8074.31,0,0
01:11:15:03:01:15,5300.25,5311.13,9.41769,0.0347137,9.41769,0,0,8074.47,415739,8577.28,0,0,0,415739,0,0,1089.15,181.75,8524.94,8074.47,0,0
01:11:15:03:01:16,5296.25,5305.4,9.41769,0.0440617,9.41769,0,0,8074.63,415739,8573.27,0,0,0,415739,0,0,1085.14,181.767,8525.1,8074.63,0,0
01:11:15:03:01:17,5293.96,5315.42,9.41769,0.0253696,9.41769,0,0,8074.78,415739,8570.98,0,0,0,415739,0,0,1082.85,181.783,8525.25,8074.78,0,0
01:11:15:03:01:18,5302.54,5301.68,9.34353,0.0173569,9.41769,0,0,8074.94,415739,8579.56,0,0,0,415739,0,0,1091.43,181.8,8525.41,8074.94,0,0
01:11:15:03:01:19,5276.79,5294.53,9.38061,0.0253696,9.34353,0,0,8075.1,415739,8553.81,0,0,0,415739,0,0,1065.68,181.817,8525.57,8075.1,0,0
01:11:15:03:01:20,5294.53,5290.81,9.38061,0.0120163,9.38061,0,0,8075.25,415739,8571.55,0,0,0,415739,0,0,1083.42,181.833,8525.72,8075.25,0,0
01:11:15:03:01:21,5286.81,5305.98,9.38061,0.0120163,9.38061,0,0,8075.41,415739,8563.82,0,0,0,415739,0,0,1075.69,181.85,8525.88,8075.41,0,0
01:11:15:03:01:22,5301.11,5300.83,9.41769,0.0200272,9.38061,0,0,8075.57,415739,8578.12,0,0,0,415739,0,0,1089.99,181.867,8526.04,8075.57,0,0
01:11:15:03:01:23,5295.1,5314.27,9.41769,0,9.41769,0,0,8075.72,415739,8572.11,0,0,0,415739,0,0,1083.99,181.883,8526.19,8075.72,0,0
01:11:15:03:01:24,5314.56,5314.56,9.41769,0,9.41769,0,0,8075.88,415739,8591.57,0,0,0,415739,0,0,1103.44,181.9,8526.35,8075.88,0,0
01:11:15:03:01:25,5307.41,5329.44,9.41769,0.0133514,9.41769,0,0,8076.04,415739,8584.41,0,0,0,415739,0,0,1096.28,181.917,8526.5,8076.04,0,0
01:11:15:03:01:26,5323.71,5320,9.38061,0.0226975,9.41769,0,0,8076.19,415739,8600.72,0,0,0,415739,0,0,1112.59,181.933,8526.66,8076.19,0,0
01:11:15:03:01:27,5314.56,5331.44,9.38061,0.0440617,9.38061,0,0,8076.35,415739,8591.56,0,0,0,415739,0,0,1103.43,181.95,8526.82,8076.35,0,0
01:11:15:03:01:28,5319.71,5319.14,9.38061,0.0240326,9.38061,0,0,8076.51,415739,8596.71,0,0,0,415739,0,0,1108.58,181.967,8526.98,8076.51,0,0
01:11:15:03:01:29,5317.13,5335.44,9.38061,0.0213623,9.38061,0,0,8076.66,415739,8594.13,0,0,0,415739,0,0,1106.01,181.983,8527.13,8076.66,0,0
01:11:15:03:01:30,5326,5324.57,9.38061,0.0320435,9.38061,0,0,8076.82,415739,8603,0,0,0,415739,0,0,1114.88,182,8527.29,8076.82,0,0
01:11:15:03:01:31,5320.57,5328.29,9.38061,0.018692,9.38061,0,0,8076.98,415739,8597.57,0,0,0,415739,0,0,1109.44,182.017,8527.45,8076.98,0,0
01:11:15:03:01:32,5330.01,5342.31,9.38061,0.0333786,9.38061,0,0,8077.13,415739,8607.01,0,0,0,415739,0,0,1118.88,182.033,8527.6,8077.13,0,0
01:11:15:03:01:33,5327.15,5338.02,9.38061,0.0520706,9.38061,0,0,8077.29,415739,8604.15,0,0,0,415739,0,0,1116.02,182.05,8527.76,8077.29,0,0
01:11:15:03:01:34,5333.73,5347.46,9.38061,0.0267029,9.38061,0,0,8077.45,415739,8610.73,0,0,0,415739,0,0,1122.6,182.067,8527.92,8077.45,0,0
01:11:15:03:01:35,5329.44,5337.73,9.38061,0.0293751,9.38061,0,0,8077.6,415739,8606.43,0,0,0,415739,0,0,1118.31,182.083,8528.07,8077.6,0,0
01:11:15:03:01:36,5326.86,5346.6,9.41769,0.0200272,9.38061,0,0,8077.76,415739,8603.86,0,0,0,415739,0,0,1115.73,182.1,8528.23,8077.76,0,0
01:11:15:03:01:37,5334.59,5336.88,9.38061,0.0160217,9.41769,0,0,8077.92,415739,8611.58,0,0,0,415739,0,0,1123.46,182.117,8528.38,8077.92,0,0
01:11:15:03:01:38,5330.87,5349.46,9.38061,0.0333786,9.38061,0,0,8078.07,415739,8607.87,0,0,0,415739,0,0,1119.74,182.133,8528.54,8078.07,0,0
01:11:15:03:01:39,5338.88,5342.31,9.41769,0.0307083,9.38061,0,0,8078.23,415739,8615.88,0,0,0,415739,0,0,1127.75,182.15,8528.7,8078.23,0,0
01:11:15:03:01:40,5336.02,5355.47,9.41769,0.0146866,9.41769,0,0,8078.39,415739,8613.01,0,0,0,415739,0,0,1124.89,182.167,8528.85,8078.39,0,0
01:11:15:03:01:41,5340.88,5345.46,9.41769,0.0427246,9.41769,0,0,8078.54,415739,8617.88,0,0,0,415739,0,0,1129.75,182.183,8529.01,8078.54,0,0
01:11:15:03:01:42,5339.45,5358.33,9.41769,0.0400562,9.41769,0,0,8078.7,415739,8616.45,0,0,0,415739,0,0,1128.32,182.2,8529.17,8078.7,0,0
01:11:15:03:01:43,5348.32,5352.32,9.41769,0.0226975,9.41769,0,0,8078.86,415739,8625.32,0,0,0,415739,0,0,1137.19,182.217,8529.32,8078.86,0,0
01:11:15:03:01:44,5345.46,5361.77,9.34353,0.0173569,9.41769,0,0,8079.01,415739,8622.46,0,0,0,415739,0,0,1134.33,182.233,8529.48,8079.01,0,0
01:11:15:03:01:45,5354.04,5356.9,9.38061,0.00534058,9.34353,0,0,8079.17,415739,8631.04,0,0,0,415739,0,0,1142.92,182.25,8529.64,8079.17,0,0
01:11:15:03:01:46,5344.31,5359.19,9.41769,0.0133514,9.38061,0,0,8079.32,415739,8621.32,0,0,0,415739,0,0,1133.19,182.267,8529.79,8079.32,0,0
01:11:15:03:01:47,5349.46,5353.76,9.41769,0.00400543,9.41769,0,0,8079.48,415739,8626.47,0,0,0,415739,0,0,1138.34,182.283,8529.95,8079.48,0,0
01:11:15:03:01:48,5351.47,5365.2,9.41769,0.0200272,9.41769,0,0,8079.64,415739,8628.47,0,0,0,415739,0,0,1140.34,182.3,8530.11,8079.64,0,0
01:11:15:03:01:49,5352.32,5359.48,9.34353,0.0213623,9.41769,0,0,8079.79,415739,8629.33,0,0,0,415739,0,0,1141.2,182.317,8530.26,8079.79,0,0
01:11:15:03:01:50,5351.47,5363.2,9.41769,0.0333786,9.34353,0,0,8079.95,415739,8628.47,0,0,0,415739,0,0,1140.35,182.333,8530.42,8079.95,0,0
01:11:15:03:01:51,5354.33,5372.07,9.38061,0.0494003,9.41769,0,0,8080.11,415739,8631.34,0,0,0,415739,0,0,1143.21,182.35,8530.58,8080.11,0,0
01:11:15:03:01:52,5353.18,5359.76,9.41769,0.0494003,9.38061,0,0,8080.26,415739,8630.19,0,0,0,415739,0,0,1142.07,182.367,8530.73,8080.26,0,0
01:11:15:03:01:53,5355.76,5371.78,9.38061,0.0520706,9.41769,0,0,8080.42,415739,8632.77,0,0,0,415739,0,0,1144.64,182.383,8530.89,8080.42,0,0
01:11:15:03:01:54,5359.76,5366.34,9.38061,0.0520706,9.38061,0,0,8080.58,415739,8636.78,0,0,0,415739,0,0,1148.65,182.4,8531.05,8080.58,0,0
01:11:15:03:01:55,5362.62,5379.5,9.41769,0.0173569,9.38061,0,0,8080.73,415739,8639.64,0,0,0,415739,0,0,1151.51,182.417,8531.2,8080.73,0,0
01:11:15:03:01:56,5361.77,5373.78,9.41769,0.0160217,9.41769,0,0,8080.89,415739,8638.79,0,0,0,415739,0,0,1150.66,182.433,8531.36,8080.89,0,0
01:11:15:03:01:57,5370.63,5382.94,9.41769,0.00534058,9.41769,0,0,8081.05,415739,8647.66,0,0,0,415739,0,0,1159.53,182.45,8531.52,8081.05,0,0
01:11:15:03:01:58,5363.2,5373.5,9.38061,0.00534058,9.41769,0,0,8081.2,415739,8640.22,0,0,0,415739,0,0,1152.09,182.467,8531.67,8081.2,0,0
01:11:15:03:01:59,5368.63,5380.93,9.38061,0.0387192,9.38061,0,0,8081.36,415739,8645.66,0,0,0,415739,0,0,1157.53,182.483,8531.83,8081.36,0,0
01:11:15:03:02:00,5367.77,5380.65,9.38061,0.00267029,9.38061,0,0,8081.52,415739,8644.8,0,0,0,415739,0,0,1156.67,182.5,8531.99,8081.52,0,0
01:11:15:03:02:01,5376.36,5386.94,9.38061,0,9.38061,0,0,8081.67,415739,8653.38,0,0,0,415739,0,0,1165.25,182.517,8532.14,8081.67,0,0
01:11:15:03:02:02,5372.92,5385.23,9.38061,0.0133514,9.38061,0,0,8081.83,415739,8649.95,0,0,0,415739,0,0,1161.82,182.533,8532.3,8081.83,0,0
01:11:15:03:02:03,5382.08,5392.38,9.41769,0,9.38061,0,0,8081.99,415739,8659.1,0,0,0,415739,0,0,1170.97,182.55,8532.46,8081.99,0,0
01:11:15:03:02:04,5377.22,5391.23,9.38061,0.0253696,9.41769,0,0,8082.14,415739,8654.23,0,0,0,415739,0,0,1166.1,182.567,8532.61,8082.14,0,0
01:11:15:03:02:05,5383.22,5388.95,9.38061,0,9.38061,0,0,8082.3,415739,8660.24,0,0,0,415739,0,0,1172.11,182.583,8532.77,8082.3,0,0
01:11:15:03:02:06,5378.93,5392.95,9.41769,0,9.38061,0,0,8082.46,415739,8655.95,0,0,0,415739,0,0,1167.82,182.6,8532.93,8082.46,0,0
01:11:15:03:02:07,5386.66,5393.81,9.38061,0,9.41769,0,0,8082.61,415739,8663.67,0,0,0,415739,0,0,1175.54,182.617,8533.08,8082.61,0,0
01:11:15:03:02:08,5374.93,5393.24,9.38061,0,9.38061,0,0,8082.77,415739,8651.94,0,0,0,415739,0,0,1163.81,182.633,8533.24,8082.77,0,0
01:11:15:03:02:09,5386.08,5392.95,9.38061,0,9.38061,0,0,8082.93,415739,8663.09,0,0,0,415739,0,0,1174.96,182.65,8533.4,8082.93,0,0
01:11:15:03:02:10,5378.36,5395.53,9.38061,0.0293751,9.38061,0,0,8083.08,415739,8655.37,0,0,0,415739,0,0,1167.24,182.667,8533.55,8083.08,0,0
01:11:15:03:02:11,5388.66,5397.24,9.41769,0.0160217,9.38061,0,0,8083.24,415739,8665.66,0,0,0,415739,0,0,1177.54,182.683,8533.71,8083.24,0,0
01:11:15:03:02:12,5382.94,5400.96,9.41769,0,9.41769,0,0,8083.4,415739,8659.94,0,0,0,415739,0,0,1171.81,182.7,8533.87,8083.4,0,0
01:11:15:03:02:13,5393.81,5403.54,9.41769,0.00133514,9.41769,0,0,8083.55,415739,8670.81,0,0,0,415739,0,0,1182.68,182.717,8534.02,8083.55,0,0
01:11:15:03:02:14,5390.66,5408.97,9.38061,0,9.41769,0,0,8083.71,415739,8667.66,0,0,0,415739,0,0,1179.54,182.733,8534.18,8083.71,0,0
01:11:15:03:02:15,5398.39,5411.83,9.38061,0.0160217,9.38061,0,0,8083.87,415739,8675.39,0,0,0,415739,0,0,1187.26,182.75,8534.34,8083.87,0,0
01:11:15:03:02:16,5395.81,5406.11,9.41769,0.0360508,9.38061,0,0,8084.02,415739,8672.81,0,0,0,415739,0,0,1184.68,182.767,8534.49,8084.02,0,0
01:11:15:03:02:17,5366.92,5384.37,9.41769,0.037384,9.41769,0,0,8084.18,415739,8643.91,0,0,0,415739,0,0,1155.79,182.783,8534.65,8084.18,0,0
01:11:15:03:02:18,5384.94,5396.38,9.38061,0.0253696,9.41769,0,0,8084.34,415739,8661.94,0,0,0,415739,0,0,1173.81,182.8,8534.81,8084.34,0,0
01:11:15:03:02:19,5381.22,5400.39,9.38061,0.0160217,9.38061,0,0,8084.49,415739,8658.22,0,0,0,415739,0,0,1170.09,182.817,8534.96,8084.49,0,0
01:11:15:03:02:20,5392.38,5402.96,9.38061,0.0160217,9.38061,0,0,8084.65,415739,8669.38,0,0,0,415739,0,0,1181.25,182.833,8535.12,8084.65,0,0
01:11:15:03:02:21,5387.51,5405.54,9.38061,0.0120163,9.38061,0,0,8084.81,415739,8664.51,0,0,0,415739,0,0,1176.38,182.85,8535.28,8084.81,0,0
01:11:15:03:02:22,5403.54,5412.69,9.41769,0.0106792,9.38061,0,0,8084.96,415739,8680.53,0,0,0,415739,0,0,1192.41,182.867,8535.43,8084.96,0,0
01:11:15:03:02:23,5392.38,5414.12,9.41769,0.0200272,9.41769,0,0,8085.12,415739,8669.38,0,0,0,415739,0,0,1181.25,182.883,8535.59,8085.12,0,0
01:11:15:03:02:24,5400.39,5409.54,9.38061,0.0213623,9.41769,0,0,8085.28,415739,8677.39,0,0,0,415739,0,0,1189.26,182.9,8535.75,8085.28,0,0
01:11:15:03:02:25,5388.37,5411.83,9.41769,0.0200272,9.38061,0,0,8085.43,415739,8665.37,0,0,0,415739,0,0,1177.24,182.917,8535.9,8085.43,0,0
01:11:15:03:02:26,5399.53,5407.26,9.41769,0.0293751,9.41769,0,0,8085.59,415739,8676.53,0,0,0,415739,0,0,1188.4,182.933,8536.06,8085.59,0,0
01:11:15:03:02:27,5390.38,5413.84,9.38061,0.00801086,9.41769,0,0,8085.75,415739,8667.38,0,0,0,415739,0,0,1179.25,182.95,8536.22,8085.75,0,0
01:11:15:03:02:28,5402.11,5411.26,9.41769,0.00133514,9.38061,0,0,8085.9,415739,8679.11,0,0,0,415739,0,0,1190.98,182.967,8536.37,8085.9,0,0
01:11:15:03:02:29,5391.81,5414.12,9.41769,0,9.41769,0,0,8086.06,415739,8668.81,0,0,0,415739,0,0,1180.68,182.983,8536.53,8086.06,0,0
01:11:15:03:02:30,5403.82,5419.56,9.41769,0.00934601,9.41769,0,0,8086.22,415739,8680.82,0,0,0,415739,0,0,1192.7,183,8536.69,8086.22,0,0
01:11:15:03:02:31,5389.23,5412.41,9.41769,0,9.41769,0,0,8086.37,415739,8666.23,0,0,0,415739,0,0,1178.11,183.017,8536.84,8086.37,0,0
01:11:15:03:02:32,5404.11,5418.7,9.34353,0,9.41769,0,0,8086.53,415739,8681.11,0,0,0,415739,0,0,1192.98,183.033,8537,8086.53,0,0
01:11:15:03:02:33,5391.81,5412.69,9.41769,0,9.34353,0,0,8086.69,415739,8668.81,0,0,0,415739,0,0,1180.68,183.05,8537.16,8086.69,0,0
01:11:15:03:02:34,5389.8,5416.7,9.34353,0,9.41769,0,0,8086.84,415739,8666.81,0,0,0,415739,0,0,1178.68,183.067,8537.31,8086.84,0,0
01:11:15:03:02:35,5404.4,5416.13,9.34353,0,9.34353,0,0,8087,415739,8681.4,0,0,0,415739,0,0,1193.27,183.083,8537.47,8087,0,0
01:11:15:03:02:36,5399.24,5426.14,9.41769,0.00133514,9.34353,0,0,8087.16,415739,8676.25,0,0,0,415739,0,0,1188.13,183.1,8537.63,8087.16,0,0
01:11:15:03:02:37,5407.26,5418.7,9.34353,0,9.41769,0,0,8087.31,415739,8684.27,0,0,0,415739,0,0,1196.14,183.117,8537.78,8087.31,0,0
01:11:15:03:02:38,5395.53,5421.56,9.38061,0.028038,9.34353,0,0,8087.47,415739,8672.54,0,0,0,415739,0,0,1184.41,183.133,8537.94,8087.47,0,0
01:11:15:03:02:39,5411.55,5422.71,9.38061,0.00667572,9.38061,0,0,8087.62,415739,8688.56,0,0,0,415739,0,0,1200.43,183.15,8538.09,8087.62,0,0
01:11:15:03:02:40,5404.68,5434.15,9.38061,0.0160217,9.38061,0,0,8087.78,415739,8681.7,0,0,0,415739,0,0,1193.57,183.167,8538.25,8087.78,0,0
01:11:15:03:02:41,5417.27,5427.85,9.38061,0,9.38061,0,0,8087.94,415739,8694.29,0,0,0,415739,0,0,1206.16,183.183,8538.41,8087.94,0,0
01:11:15:03:02:42,5410.69,5442.16,9.41769,0.00667572,9.38061,0,0,8088.09,415739,8687.71,0,0,0,415739,0,0,1199.58,183.2,8538.56,8088.09,0,0
01:11:15:03:02:43,5418.7,5429.86,9.38061,0,9.41769,0,0,8088.25,415739,8695.72,0,0,0,415739,0,0,1207.6,183.217,8538.72,8088.25,0,0
01:11:15:03:02:44,5414.98,5445.31,9.41769,0.0427246,9.38061,0,0,8088.41,415739,8692.01,0,0,0,415739,0,0,1203.88,183.233,8538.88,8088.41,0,0
01:11:15:03:02:45,5426.71,5438.44,9.34353,0,9.41769,0,0,8088.56,415739,8703.74,0,0,0,415739,0,0,1215.61,183.25,8539.03,8088.56,0,0
01:11:15:03:02:46,5407.54,5441.59,9.38061,0,9.34353,0,0,8088.72,415739,8684.57,0,0,0,415739,0,0,1196.44,183.267,8539.19,8088.72,0,0
01:11:15:03:02:47,5427.28,5438.73,9.41769,0.0133514,9.38061,0,0,8088.88,415739,8704.31,0,0,0,415739,0,0,1216.18,183.283,8539.35,8088.88,0,0
01:11:15:03:02:48,5417.27,5440.73,9.34353,0.00400543,9.41769,0,0,8089.03,415739,8694.29,0,0,0,415739,0,0,1206.16,183.3,8539.5,8089.03,0,0
01:11:15:03:02:49,5427.85,5449.88,9.41769,0.0253696,9.34353,0,0,8089.19,415739,8704.87,0,0,0,415739,0,0,1216.74,183.317,8539.66,8089.19,0,0
01:11:15:03:02:50,5418.99,5441.02,9.38061,0,9.41769,0,0,8089.35,415739,8696,0,0,0,415739,0,0,1207.87,183.333,8539.82,8089.35,0,0
01:11:15:03:02:51,5427.57,5447.6,9.38061,0.0213623,9.38061,0,0,8089.5,415739,8704.58,0,0,0,415739,0,0,1216.46,183.35,8539.97,8089.5,0,0
01:11:15:03:02:52,5421.27,5441.3,9.38061,0.00667572,9.38061,0,0,8089.66,415739,8698.29,0,0,0,415739,0,0,1210.16,183.367,8540.13,8089.66,0,0
01:11:15:03:02:53,5421.56,5454.46,9.41769,0.00667572,9.38061,0,0,8089.82,415739,8698.57,0,0,0,415739,0,0,1210.44,183.383,8540.29,8089.82,0,0
01:11:15:03:02:54,5435.58,5447.6,9.38061,0,9.41769,0,0,8089.97,415739,8712.59,0,0,0,415739,0,0,1224.46,183.4,8540.44,8089.97,0,0
01:11:15:03:02:55,5431,5460.47,9.38061,0,9.38061,0,0,8090.13,415739,8708.01,0,0,0,415739,0,0,1219.88,183.417,8540.6,8090.13,0,0
01:11:15:03:02:56,5445.31,5453.32,9.41769,0.0440617,9.38061,0,0,8090.29,415739,8722.31,0,0,0,415739,0,0,1234.18,183.433,8540.76,8090.29,0,0
01:11:15:03:02:57,5439.58,5466.19,9.41769,0.0360508,9.41769,0,0,8090.44,415739,8716.59,0,0,0,415739,0,0,1228.46,183.45,8540.91,8090.44,0,0
01:11:15:03:02:58,5451.32,5457.32,9.38061,0.00267029,9.41769,0,0,8090.6,415739,8728.32,0,0,0,415739,0,0,1240.19,183.467,8541.07,8090.6,0,0
01:11:15:03:02:59,5374.07,5399.24,9.38061,0.00133514,9.38061,0,0,8090.76,415739,8651.07,0,0,0,415739,0,0,1162.94,183.483,8541.23,8090.76,0,0
01:11:15:03:03:00,5397.24,5402.11,9.38061,0,9.38061,0,0,8090.91,415739,8674.24,0,0,0,415739,0,0,1186.12,183.5,8541.38,8090.91,0,0
01:11:15:03:03:01,5392.95,5417.84,9.38061,0.0200272,9.38061,0,0,8091.07,415739,8669.95,0,0,0,415739,0,0,1181.82,183.517,8541.54,8091.07,0,0
01:11:15:03:03:02,5411.26,5417.56,9.41769,0.00534058,9.38061,0,0,8091.23,415739,8688.26,0,0,0,415739,0,0,1200.13,183.533,8541.7,8091.23,0,0
01:11:15:03:03:03,5401.53,5427,9.45477,0,9.41769,0,0,8091.38,415739,8678.53,0,0,0,415739,0,0,1190.41,183.55,8541.85,8091.38,0,0
01:11:15:03:03:04,5429,5433.86,9.41769,0.0120163,9.45477,0,0,8091.54,415739,8706,0,0,0,415739,0,0,1217.87,183.567,8542.01,8091.54,0,0
01:11:15:03:03:05,5425.85,5447.88,9.38061,0,9.41769,0,0,8091.7,415739,8702.85,0,0,0,415739,0,0,1214.72,183.583,8542.17,8091.7,0,0
01:11:15:03:03:06,5441.02,5442.73,9.41769,0,9.38061,0,0,8091.85,415739,8718.01,0,0,0,415739,0,0,1229.89,183.6,8542.32,8091.85,0,0
01:11:15:03:03:07,5433.86,5450.17,9.41769,0,9.41769,0,0,8092.01,415739,8710.86,0,0,0,415739,0,0,1222.73,183.617,8542.48,8092.01,0,0
01:11:15:03:03:08,5452.46,5465.33,9.38061,0,9.41769,0,0,8092.17,415739,8729.46,0,0,0,415739,0,0,1241.33,183.633,8542.64,8092.17,0,0
01:11:15:03:03:09,5439.3,5451.6,9.34353,0,9.38061,0,0,8092.32,415739,8716.3,0,0,0,415739,0,0,1228.17,183.65,8542.79,8092.32,0,0
01:11:15:03:03:10,5454.75,5464.48,9.41769,0.0267029,9.34353,0,0,8092.48,415739,8731.75,0,0,0,415739,0,0,1243.62,183.667,8542.95,8092.48,0,0
01:11:15:03:03:11,5446.74,5455.04,9.38061,0,9.41769,0,0,8092.64,415739,8723.74,0,0,0,415739,0,0,1235.61,183.683,8543.11,8092.64,0,0
01:11:15:03:03:12,5443.59,5463.05,9.38061,0,9.38061,0,0,8092.79,415739,8720.59,0,0,0,415739,0,0,1232.46,183.7,8543.26,8092.79,0,0
01:11:15:03:03:13,5457.32,5456.46,9.41769,0.018692,9.38061,0,0,8092.95,415739,8734.32,0,0,0,415739,0,0,1246.2,183.717,8543.42,8092.95,0,0
01:11:15:03:03:14,5453.6,5471.34,9.38061,0.0173569,9.41769,0,0,8093.11,415739,8730.61,0,0,0,415739,0,0,1242.48,183.733,8543.58,8093.11,0,0
01:11:15:03:03:15,5465.62,5461.62,9.41769,0.00133514,9.38061,0,0,8093.26,415739,8742.62,0,0,0,415739,0,0,1254.49,183.75,8543.73,8093.26,0,0
01:11:15:03:03:16,5459.61,5474.2,9.34353,0.0106792,9.41769,0,0,8093.42,415739,8736.62,0,0,0,415739,0,0,1248.49,183.767,8543.89,8093.42,0,0
01:11:15:03:03:17,5469.05,5464.76,9.41769,0.0160217,9.34353,0,0,8093.58,415739,8746.06,0,0,0,415739,0,0,1257.93,183.783,8544.05,8093.58,0,0
01:11:15:03:03:18,5462.47,5476.78,9.34353,0.00801086,9.41769,0,0,8093.73,415739,8739.48,0,0,0,415739,0,0,1251.35,183.8,8544.2,8093.73,0,0
01:11:15:03:03:19,5469.05,5467.05,9.38061,0.00400543,9.34353,0,0,8093.89,415739,8746.06,0,0,0,415739,0,0,1257.93,183.817,8544.36,8093.89,0,0
01:11:15:03:03:20,5466.19,5480.5,9.41769,0.00667572,9.38061,0,0,8094.05,415739,8743.2,0,0,0,415739,0,0,1255.07,183.833,8544.51,8094.05,0,0
01:11:15:03:03:21,5473.63,5469.91,9.34353,0.00934601,9.41769,0,0,8094.2,415739,8750.64,0,0,0,415739,0,0,1262.51,183.85,8544.67,8094.2,0,0
01:11:15:03:03:22,5467.91,5478.78,9.41769,0.0413895,9.34353,0,0,8094.36,415739,8744.92,0,0,0,415739,0,0,1256.79,183.867,8544.83,8094.36,0,0
01:11:15:03:03:23,5480.21,5475.06,9.41769,0.0440617,9.41769,0,0,8094.52,415739,8757.22,0,0,0,415739,0,0,1269.1,183.883,8544.98,8094.52,0,0
01:11:15:03:03:24,5477.92,5488.51,9.41769,0.00133514,9.41769,0,0,8094.67,415739,8754.94,0,0,0,415739,0,0,1266.81,183.9,8545.14,8094.67,0,0
01:11:15:03:03:25,5482.5,5477.92,9.38061,0.0160217,9.41769,0,0,8094.83,415739,8759.52,0,0,0,415739,0,0,1271.39,183.917,8545.3,8094.83,0,0
01:11:15:03:03:26,5481.93,5491.37,9.38061,0.0267029,9.38061,0,0,8094.99,415739,8758.95,0,0,0,415739,0,0,1270.82,183.933,8545.45,8094.99,0,0
01:11:15:03:03:27,5490.23,5498.24,9.38061,0.0427246,9.38061,0,0,8095.14,415739,8767.25,0,0,0,415739,0,0,1279.12,183.95,8545.61,8095.14,0,0
01:11:15:03:03:28,5487.08,5490.23,9.38061,0.00934601,9.38061,0,0,8095.3,415739,8764.1,0,0,0,415739,0,0,1275.97,183.967,8545.77,8095.3,0,0
01:11:15:03:03:29,5492.8,5503.96,9.38061,0.0293751,9.38061,0,0,8095.46,415739,8769.83,0,0,0,415739,0,0,1281.7,183.983,8545.92,8095.46,0,0
01:11:15:03:03:30,5495.66,5498.81,9.38061,0.00934601,9.38061,0,0,8095.61,415739,8772.69,0,0,0,415739,0,0,1284.56,184,8546.08,8095.61,0,0
01:11:15:03:03:31,5494.23,5509.39,9.38061,0.018692,9.38061,0,0,8095.77,415739,8771.26,0,0,0,415739,0,0,1283.13,184.017,8546.24,8095.77,0,0
01:11:15:03:03:32,5499.67,5499.09,9.41769,0,9.38061,0,0,8095.92,415739,8776.69,0,0,0,415739,0,0,1288.56,184.033,8546.39,8095.92,0,0
01:11:15:03:03:33,5499.95,5511.97,9.38061,0,9.41769,0,0,8096.08,415739,8776.98,0,0,0,415739,0,0,1288.85,184.05,8546.55,8096.08,0,0
01:11:15:03:03:34,5501.67,5504.53,9.38061,0.0120163,9.38061,0,0,8096.24,415739,8778.69,0,0,0,415739,0,0,1290.56,184.067,8546.71,8096.24,0,0
01:11:15:03:03:35,5500.24,5512.54,9.41769,0,9.38061,0,0,8096.4,415739,8777.26,0,0,0,415739,0,0,1289.13,184.083,8546.86,8096.4,0,0
01:11:15:03:03:36,5501.67,5501.96,9.38061,0.0106792,9.41769,0,0,8096.55,415739,8778.69,0,0,0,415739,0,0,1290.56,184.1,8547.02,8096.55,0,0
01:11:15:03:03:37,5504.53,5513.69,9.38061,0.00267029,9.38061,0,0,8096.71,415739,8781.55,0,0,0,415739,0,0,1293.42,184.117,8547.18,8096.71,0,0
01:11:15:03:03:38,5509.97,5507.96,9.38061,0,9.38061,0,0,8096.86,415739,8786.98,0,0,0,415739,0,0,1298.85,184.133,8547.33,8096.86,0,0
01:11:15:03:03:39,5509.39,5517.4,9.41769,0,9.38061,0,0,8097.02,415739,8786.41,0,0,0,415739,0,0,1298.28,184.15,8547.49,8097.02,0,0
01:11:15:03:03:40,5511.68,5513.97,9.38061,0.00934601,9.41769,0,0,8097.18,415739,8788.7,0,0,0,415739,0,0,1300.57,184.167,8547.65,8097.18,0,0
01:11:15:03:03:41,5515.69,5525.13,9.38061,0.00267029,9.38061,0,0,8097.33,415739,8792.7,0,0,0,415739,0,0,1304.57,184.183,8547.8,8097.33,0,0
01:11:15:03:03:42,5514.26,5516.55,9.41769,0.018692,9.38061,0,0,8097.49,415739,8791.27,0,0,0,415739,0,0,1303.14,184.2,8547.96,8097.49,0,0
01:11:15:03:03:43,5518.26,5525.7,9.38061,0.0106792,9.41769,0,0,8097.65,415739,8795.28,0,0,0,415739,0,0,1307.15,184.217,8548.12,8097.65,0,0
01:11:15:03:03:44,5516.26,5521.7,9.38061,0.00400543,9.38061,0,0,8097.8,415739,8793.27,0,0,0,415739,0,0,1305.14,184.233,8548.27,8097.8,0,0
01:11:15:03:03:45,5518.84,5526.85,9.38061,0,9.38061,0,0,8097.96,415739,8795.85,0,0,0,415739,0,0,1307.72,184.25,8548.43,8097.96,0,0
01:11:15:03:03:46,5515.4,5524.27,9.41769,0,9.38061,0,0,8098.12,415739,8792.41,0,0,0,415739,0,0,1304.28,184.267,8548.59,8098.12,0,0
01:11:15:03:03:47,5517.98,5519.98,9.38061,0.0160217,9.41769,0,0,8098.27,415739,8794.99,0,0,0,415739,0,0,1306.86,184.283,8548.74,8098.27,0,0
01:11:15:03:03:48,5516.55,5526.56,9.41769,0,9.38061,0,0,8098.43,415739,8793.56,0,0,0,415739,0,0,1305.43,184.3,8548.9,8098.43,0,0
01:11:15:03:03:49,5518.26,5521.12,9.38061,0,9.41769,0,0,8098.59,415739,8795.27,0,0,0,415739,0,0,1307.14,184.317,8549.06,8098.59,0,0
01:11:15:03:03:50,5519.98,5530.57,9.38061,0.0307083,9.38061,0,0,8098.74,415739,8796.99,0,0,0,415739,0,0,1308.86,184.333,8549.21,8098.74,0,0
01:11:15:03:03:51,5525.42,5529.42,9.38061,0.0106792,9.38061,0,0,8098.9,415739,8802.42,0,0,0,415739,0,0,1314.3,184.35,8549.37,8098.9,0,0
01:11:15:03:03:52,5528.28,5535.43,9.38061,0.018692,9.38061,0,0,8099.06,415739,8805.28,0,0,0,415739,0,0,1317.16,184.367,8549.53,8099.06,0,0
01:11:15:03:03:53,5530.28,5534.57,9.41769,0.0173569,9.38061,0,0,8099.21,415739,8807.29,0,0,0,415739,0,0,1319.16,184.383,8549.68,8099.21,0,0
01:11:15:03:03:54,5511.97,5520.55,9.41769,0.0173569,9.41769,0,0,8099.37,415739,8788.98,0,0,0,415739,0,0,1300.85,184.4,8549.84,8099.37,0,0
01:11:15:03:03:55,5510.82,5512.25,9.41769,0.00801086,9.41769,0,0,8099.53,415739,8787.83,0,0,0,415739,0,0,1299.7,184.417,8550,8099.53,0,0
01:11:15:03:03:56,5520.84,5527.42,9.34353,0,9.41769,0,0,8099.68,415739,8797.85,0,0,0,415739,0,0,1309.72,184.433,8550.15,8099.68,0,0
01:11:15:03:03:57,5517.98,5525.99,9.45477,0.0360508,9.34353,0,0,8099.84,415739,8794.99,0,0,0,415739,0,0,1306.86,184.45,8550.31,8099.84,0,0
01:11:15:03:03:58,5524.84,5529.42,9.38061,0.0240326,9.45477,0,0,8100,415739,8801.85,0,0,0,415739,0,0,1313.72,184.467,8550.47,8100,0,0
01:11:15:03:03:59,5519.12,5529.42,9.34353,0.0267029,9.38061,0,0,8100.15,415739,8796.13,0,0,0,415739,0,0,1308,184.483,8550.62,8100.15,0,0
01:11:15:03:04:00,5534.86,5536.86,9.38061,0,9.34353,0,0,8100.31,415739,8811.87,0,0,0,415739,0,0,1323.74,184.5,8550.78,8100.31,0,0
01:11:15:03:04:01,5532.57,5547.16,9.38061,0,9.38061,0,0,8100.47,415739,8809.58,0,0,0,415739,0,0,1321.45,184.517,8550.94,8100.47,0,0
01:11:15:03:04:02,5546.3,5542.3,9.38061,0.0253696,9.38061,0,0,8100.62,415739,8823.31,0,0,0,415739,0,0,1335.18,184.533,8551.09,8100.62,0,0
01:11:15:03:04:03,5539.43,5551.45,9.41769,0.0173569,9.38061,0,0,8100.78,415739,8816.45,0,0,0,415739,0,0,1328.32,184.55,8551.25,8100.78,0,0
01:11:15:03:04:04,5548.02,5546.59,9.38061,0.0106792,9.41769,0,0,8100.94,415739,8825.03,0,0,0,415739,0,0,1336.9,184.567,8551.41,8100.94,0,0
01:11:15:03:04:05,5534.28,5544.87,9.38061,0.0267029,9.38061,0,0,8101.09,415739,8811.3,0,0,0,415739,0,0,1323.17,184.583,8551.56,8101.09,0,0
01:11:15:03:04:06,5542.3,5546.87,9.41769,0.0133514,9.38061,0,0,8101.25,415739,8819.31,0,0,0,415739,0,0,1331.18,184.6,8551.72,8101.25,0,0
01:11:15:03:04:07,5537.15,5545.73,9.34353,0.00534058,9.41769,0,0,8101.41,415739,8814.16,0,0,0,415739,0,0,1326.03,184.617,8551.88,8101.41,0,0
01:11:15:03:04:08,5549.45,5550.88,9.41769,0.0160217,9.34353,0,0,8101.56,415739,8826.46,0,0,0,415739,0,0,1338.34,184.633,8552.03,8101.56,0,0
01:11:15:03:04:09,5540.29,5550.59,9.41769,0.00267029,9.41769,0,0,8101.72,415739,8817.31,0,0,0,415739,0,0,1329.18,184.65,8552.19,8101.72,0,0
01:11:15:03:04:10,5541.15,5553.45,9.34353,0.00267029,9.41769,0,0,8101.88,415739,8818.17,0,0,0,415739,0,0,1330.04,184.667,8552.34,8101.88,0,0
01:11:15:03:04:11,5551.45,5550.88,9.41769,0.0160217,9.34353,0,0,8102.03,415739,8828.47,0,0,0,415739,0,0,1340.34,184.683,8552.5,8102.03,0,0
01:11:15:03:04:12,5543.15,5554.03,9.38061,0.00133514,9.41769,0,0,8102.19,415739,8820.18,0,0,0,415739,0,0,1332.05,184.7,8552.66,8102.19,0,0
01:11:15:03:04:13,5556.6,5553.74,9.38061,0.0106792,9.38061,0,0,8102.35,415739,8833.62,0,0,0,415739,0,0,1345.5,184.717,8552.81,8102.35,0,0
01:11:15:03:04:14,5550.31,5562.04,9.41769,0.0267029,9.38061,0,0,8102.5,415739,8827.33,0,0,0,415739,0,0,1339.2,184.733,8552.97,8102.5,0,0
01:11:15:03:04:15,5560.89,5556.89,9.34353,0.00133514,9.41769,0,0,8102.66,415739,8837.92,0,0,0,415739,0,0,1349.79,184.75,8553.13,8102.66,0,0
01:11:15:03:04:16,5551.74,5566.61,9.41769,0,9.34353,0,0,8102.82,415739,8828.76,0,0,0,415739,0,0,1340.64,184.767,8553.28,8102.82,0,0
01:11:15:03:04:17,5568.33,5563.75,9.38061,0.0133514,9.41769,0,0,8102.97,415739,8845.36,0,0,0,415739,0,0,1357.23,184.783,8553.44,8102.97,0,0
01:11:15:03:04:18,5558.6,5574.34,9.38061,0,9.38061,0,0,8103.13,415739,8835.63,0,0,0,415739,0,0,1347.5,184.8,8553.6,8103.13,0,0
01:11:15:03:04:19,5568.9,5566.33,9.38061,0,9.38061,0,0,8103.29,415739,8845.93,0,0,0,415739,0,0,1357.8,184.817,8553.75,8103.29,0,0
01:11:15:03:04:20,5564.33,5578.06,9.41769,0.0106792,9.38061,0,0,8103.44,415739,8841.35,0,0,0,415739,0,0,1353.22,184.833,8553.91,8103.44,0,0
01:11:15:03:04:21,5565.18,5559.18,9.38061,0.0333786,9.41769,0,0,8103.6,415739,8842.21,0,0,0,415739,0,0,1354.08,184.85,8554.07,8103.6,0,0
01:11:15:03:04:22,5559.18,5570.62,9.38061,0.037384,9.38061,0,0,8103.75,415739,8836.2,0,0,0,415739,0,0,1348.07,184.867,8554.22,8103.75,0,0
01:11:15:03:04:23,5565.76,5558.03,9.38061,0.0213623,9.38061,0,0,8103.91,415739,8842.78,0,0,0,415739,0,0,1354.65,184.883,8554.38,8103.91,0,0
01:11:15:03:04:24,5556.6,5563.75,9.41769,0.0160217,9.38061,0,0,8104.07,415739,8833.63,0,0,0,415739,0,0,1345.5,184.9,8554.54,8104.07,0,0
01:11:15:03:04:25,5571.48,5572.91,9.38061,0.0400562,9.41769,0,0,8104.23,415739,8848.5,0,0,0,415739,0,0,1360.37,184.917,8554.69,8104.23,0,0
01:11:15:03:04:26,5554.03,5561.46,9.41769,0.0413895,9.38061,0,0,8104.38,415739,8831.05,0,0,0,415739,0,0,1342.92,184.933,8554.85,8104.38,0,0
01:11:15:03:04:27,5563.75,5565.18,9.38061,0.028038,9.41769,0,0,8104.54,415739,8840.78,0,0,0,415739,0,0,1352.65,184.95,8555.01,8104.54,0,0
01:11:15:03:04:28,5556.31,5561.75,9.38061,0.0160217,9.38061,0,0,8104.69,415739,8833.34,0,0,0,415739,0,0,1345.21,184.967,8555.16,8104.69,0,0
01:11:15:03:04:29,5558.03,5570.91,9.41769,0.0360508,9.38061,0,0,8104.85,415739,8835.05,0,0,0,415739,0,0,1346.93,184.983,8555.32,8104.85,0,0
01:11:15:03:04:30,5569.76,5565.47,9.38061,0.00801086,9.41769,0,0,8105.01,415739,8846.78,0,0,0,415739,0,0,1358.66,185,8555.48,8105.01,0,0
01:11:15:03:04:31,5556.89,5570.33,9.38061,0,9.38061,0,0,8105.16,415739,8833.91,0,0,0,415739,0,0,1345.78,185.017,8555.63,8105.16,0,0
01:11:15:03:04:32,5564.61,5558.6,9.38061,0.0120163,9.38061,0,0,8105.32,415739,8841.63,0,0,0,415739,0,0,1353.51,185.033,8555.79,8105.32,0,0
01:11:15:03:04:33,5550.59,5565.47,9.41769,0.0200272,9.38061,0,0,8105.48,415739,8827.62,0,0,0,415739,0,0,1339.49,185.05,8555.95,8105.48,0,0
01:11:15:03:04:34,5564.33,5558.6,9.38061,0.0173569,9.41769,0,0,8105.63,415739,8841.35,0,0,0,415739,0,0,1353.22,185.067,8556.1,8105.63,0,0
01:11:15:03:04:35,5553.17,5568.33,9.38061,0,9.38061,0,0,8105.79,415739,8830.19,0,0,0,415739,0,0,1342.06,185.083,8556.26,8105.79,0,0
01:11:15:03:04:36,5564.9,5556.89,9.38061,0.0160217,9.38061,0,0,8105.95,415739,8841.92,0,0,0,415739,0,0,1353.79,185.1,8556.42,8105.95,0,0
01:11:15:03:04:37,5561.46,5576.34,9.41769,0.0226975,9.38061,0,0,8106.1,415739,8838.49,0,0,0,415739,0,0,1350.36,185.117,8556.57,8106.1,0,0
01:11:15:03:04:38,5574.63,5569.76,9.38061,0.0293751,9.41769,0,0,8106.26,415739,8851.65,0,0,0,415739,0,0,1363.52,185.133,8556.73,8106.26,0,0
01:11:15:03:04:39,5566.33,5583.78,9.38061,0.0387192,9.38061,0,0,8106.42,415739,8843.35,0,0,0,415739,0,0,1355.22,185.15,8556.89,8106.42,0,0
01:11:15:03:04:40,5577.49,5571.48,9.41769,0.018692,9.38061,0,0,8106.57,415739,8854.51,0,0,0,415739,0,0,1366.38,185.167,8557.04,8106.57,0,0
01:11:15:03:04:41,5567.47,5584.92,9.38061,0.0133514,9.41769,0,0,8106.73,415739,8844.49,0,0,0,415739,0,0,1356.37,185.183,8557.2,8106.73,0,0
01:11:15:03:04:42,5580.35,5576.06,9.38061,0.0320435,9.38061,0,0,8106.89,415739,8857.37,0,0,0,415739,0,0,1369.24,185.2,8557.36,8106.89,0,0
01:11:15:03:04:43,5570.62,5579.2,9.38061,0.0226975,9.38061,0,0,8107.04,415739,8847.64,0,0,0,415739,0,0,1359.51,185.217,8557.51,8107.04,0,0
01:11:15:03:04:44,5578.06,5585.21,9.34353,0.00400543,9.38061,0,0,8107.2,415739,8855.08,0,0,0,415739,0,0,1366.95,185.233,8557.67,8107.2,0,0
01:11:15:03:04:45,5567.47,5575.77,9.41769,0.00133514,9.34353,0,0,8107.36,415739,8844.49,0,0,0,415739,0,0,1356.37,185.25,8557.83,8107.36,0,0
01:11:15:03:04:46,5581.78,5588.07,9.38061,0.028038,9.41769,0,0,8107.51,415739,8858.8,0,0,0,415739,0,0,1370.67,185.267,8557.98,8107.51,0,0
01:11:15:03:04:47,5576.06,5581.78,9.38061,0.00801086,9.38061,0,0,8107.67,415739,8853.08,0,0,0,415739,0,0,1364.95,185.283,8558.14,8107.67,0,0
01:11:15:03:04:48,5577.77,5595.51,9.41769,0.00934601,9.38061,0,0,8107.83,415739,8854.79,0,0,0,415739,0,0,1366.67,185.3,8558.3,8107.83,0,0
01:11:15:03:04:49,5594.65,5590.93,9.38061,0.0240326,9.41769,0,0,8107.98,415739,8871.68,0,0,0,415739,0,0,1383.55,185.317,8558.45,8107.98,0,0
01:11:15:03:04:50,5588.36,5605.81,9.34353,0,9.38061,0,0,8108.14,415739,8865.38,0,0,0,415739,0,0,1377.25,185.333,8558.61,8108.14,0,0
01:11:15:03:04:51,5600.95,5598.08,9.41769,0.0307083,9.34353,0,0,8108.3,415739,8877.97,0,0,0,415739,0,0,1389.84,185.35,8558.76,8108.3,0,0
01:11:15:03:04:52,5594.94,5612.68,9.38061,0.00801086,9.41769,0,0,8108.45,415739,8871.96,0,0,0,415739,0,0,1383.83,185.367,8558.92,8108.45,0,0
01:11:15:03:04:53,5607.81,5606.38,9.41769,0.0387192,9.38061,0,0,8108.61,415739,8884.84,0,0,0,415739,0,0,1396.71,185.383,8559.08,8108.61,0,0
01:11:15:03:04:54,5599.23,5616.68,9.41769,0.0387192,9.41769,0,0,8108.77,415739,8876.25,0,0,0,415739,0,0,1388.13,185.4,8559.24,8108.77,0,0
01:11:15:03:04:55,5611.82,5610.1,9.34353,0.0307083,9.41769,0,0,8108.92,415739,8888.84,0,0,0,415739,0,0,1400.72,185.417,8559.39,8108.92,0,0
01:11:15:03:04:56,5604.67,5619.26,9.41769,0.0133514,9.34353,0,0,8109.08,415739,8881.69,0,0,0,415739,0,0,1393.56,185.433,8559.55,8109.08,0,0
01:11:15:03:04:57,5605.81,5606.38,9.34353,0.0267029,9.41769,0,0,8109.24,415739,8882.84,0,0,0,415739,0,0,1394.71,185.45,8559.71,8109.24,0,0
01:11:15:03:04:58,5593.51,5609.24,9.41769,0.0413895,9.34353,0,0,8109.39,415739,8870.54,0,0,0,415739,0,0,1382.41,185.467,8559.86,8109.39,0,0
01:11:15:03:04:59,5599.23,5599.23,9.41769,0.018692,9.41769,0,0,8109.55,415739,8876.26,0,0,0,415739,0,0,1388.13,185.483,8560.02,8109.55,0,0
01:11:15:03:05:00,5594.08,5610.1,9.34353,0.0173569,9.41769,0,0,8109.71,415739,8871.11,0,0,0,415739,0,0,1382.98,185.5,8560.17,8109.71,0,0
01:11:15:03:05:01,5606.38,5605.81,9.38061,0.0240326,9.34353,0,0,8109.86,415739,8883.41,0,0,0,415739,0,0,1395.28,185.517,8560.33,8109.86,0,0
01:11:15:03:05:02,5597.8,5618.97,9.41769,0.0267029,9.38061,0,0,8110.02,415739,8874.83,0,0,0,415739,0,0,1386.7,185.533,8560.49,8110.02,0,0
01:11:15:03:05:03,5614.97,5623.83,9.38061,0.0146866,9.41769,0,0,8110.17,415739,8891.99,0,0,0,415739,0,0,1403.87,185.55,8560.64,8110.17,0,0
01:11:15:03:05:04,5613.82,5619.83,9.38061,0.0146866,9.38061,0,0,8110.33,415739,8890.85,0,0,0,415739,0,0,1402.72,185.567,8560.8,8110.33,0,0
01:11:15:03:05:05,5620.69,5629.84,9.38061,0.0173569,9.38061,0,0,8110.49,415739,8897.71,0,0,0,415739,0,0,1409.59,185.583,8560.96,8110.49,0,0
01:11:15:03:05:06,5618.4,5624.41,9.41769,0.0120163,9.38061,0,0,8110.64,415739,8895.43,0,0,0,415739,0,0,1407.3,185.6,8561.11,8110.64,0,0
01:11:15:03:05:07,5614.97,5632.13,9.38061,0.00133514,9.41769,0,0,8110.8,415739,8891.99,0,0,0,415739,0,0,1403.86,185.617,8561.27,8110.8,0,0
01:11:15:03:05:08,5625.84,5629.84,9.41769,0,9.38061,0,0,8110.96,415739,8902.86,0,0,0,415739,0,0,1414.74,185.633,8561.43,8110.96,0,0
01:11:15:03:05:09,5623.26,5642.14,9.38061,0.0146866,9.41769,0,0,8111.11,415739,8900.29,0,0,0,415739,0,0,1412.16,185.65,8561.58,8111.11,0,0
01:11:15:03:05:10,5632.42,5634.71,9.38061,0.0133514,9.38061,0,0,8111.27,415739,8909.44,0,0,0,415739,0,0,1421.32,185.667,8561.74,8111.27,0,0
01:11:15:03:05:11,5621.83,5640.43,9.38061,0.0160217,9.38061,0,0,8111.43,415739,8898.86,0,0,0,415739,0,0,1410.73,185.683,8561.9,8111.43,0,0
01:11:15:03:05:12,5618.97,5622.98,9.41769,0,9.38061,0,0,8111.58,415739,8896,0,0,0,415739,0,0,1407.87,185.7,8562.05,8111.58,0,0
01:11:15:03:05:13,5608.1,5625.84,9.38061,0,9.41769,0,0,8111.74,415739,8885.13,0,0,0,415739,0,0,1397,185.717,8562.21,8111.74,0,0
01:11:15:03:05:14,5615.82,5617.54,9.41769,0,9.38061,0,0,8111.9,415739,8892.85,0,0,0,415739,0,0,1404.72,185.733,8562.37,8111.9,0,0
01:11:15:03:05:15,5609.82,5626.7,9.38061,0,9.41769,0,0,8112.05,415739,8886.84,0,0,0,415739,0,0,1398.71,185.75,8562.52,8112.05,0,0
01:11:15:03:05:16,5619.26,5619.26,9.38061,0,9.38061,0,0,8112.21,415739,8896.28,0,0,0,415739,0,0,1408.15,185.767,8562.68,8112.21,0,0
01:11:15:03:05:17,5612.68,5630.13,9.38061,0.0307083,9.38061,0,0,8112.37,415739,8889.7,0,0,0,415739,0,0,1401.57,185.783,8562.84,8112.37,0,0
01:11:15:03:05:18,5622.69,5628.13,9.41769,0,9.38061,0,0,8112.52,415739,8899.71,0,0,0,415739,0,0,1411.59,185.8,8562.99,8112.52,0,0
01:11:15:03:05:19,5618.68,5634.42,9.38061,0,9.41769,0,0,8112.68,415739,8895.71,0,0,0,415739,0,0,1407.58,185.817,8563.15,8112.68,0,0
01:11:15:03:05:20,5623.55,5625.55,9.38061,0.0226975,9.38061,0,0,8112.84,415739,8900.57,0,0,0,415739,0,0,1412.45,185.833,8563.31,8112.84,0,0
01:11:15:03:05:21,5621.55,5637.28,9.38061,0.0360508,9.38061,0,0,8112.99,415739,8898.57,0,0,0,415739,0,0,1410.44,185.85,8563.46,8112.99,0,0
01:11:15:03:05:22,5627.55,5640.43,9.38061,0,9.38061,0,0,8113.15,415739,8904.58,0,0,0,415739,0,0,1416.45,185.867,8563.62,8113.15,0,0
01:11:15:03:05:23,5623.55,5631.27,9.38061,0.0120163,9.38061,0,0,8113.31,415739,8900.57,0,0,0,415739,0,0,1412.45,185.883,8563.78,8113.31,0,0
01:11:15:03:05:24,5628.41,5641.29,9.41769,0.0333786,9.38061,0,0,8113.46,415739,8905.44,0,0,0,415739,0,0,1417.31,185.9,8563.93,8113.46,0,0
01:11:15:03:05:25,5629.84,5638.71,9.41769,0.0133514,9.41769,0,0,8113.62,415739,8906.87,0,0,0,415739,0,0,1418.74,185.917,8564.09,8113.62,0,0
01:11:15:03:05:26,5634.71,5652.16,9.38061,0.0226975,9.41769,0,0,8113.78,415739,8911.73,0,0,0,415739,0,0,1423.6,185.933,8564.25,8113.78,0,0
01:11:15:03:05:27,5640.43,5650.44,9.38061,0.0146866,9.38061,0,0,8113.93,415739,8917.45,0,0,0,415739,0,0,1429.33,185.95,8564.4,8113.93,0,0
01:11:15:03:05:28,5644.15,5660.46,9.38061,0.0106792,9.38061,0,0,8114.09,415739,8921.17,0,0,0,415739,0,0,1433.05,185.967,8564.56,8114.09,0,0
01:11:15:03:05:29,5651.87,5659.88,9.38061,0.028038,9.38061,0,0,8114.25,415739,8928.9,0,0,0,415739,0,0,1440.77,185.983,8564.72,8114.25,0,0
01:11:15:03:05:30,5641.29,5658.17,9.38061,0.00534058,9.38061,0,0,8114.4,415739,8918.31,0,0,0,415739,0,0,1430.18,186,8564.87,8114.4,0,0
01:11:15:03:05:31,5634.99,5645.01,9.41769,0,9.38061,0,0,8114.56,415739,8912.02,0,0,0,415739,0,0,1423.89,186.017,8565.03,8114.56,0,0
01:11:15:03:05:32,5641.86,5656.45,9.38061,0,9.41769,0,0,8114.72,415739,8918.88,0,0,0,415739,0,0,1430.76,186.033,8565.19,8114.72,0,0
01:11:15:03:05:33,5645.86,5654.45,9.38061,0,9.38061,0,0,8114.87,415739,8922.89,0,0,0,415739,0,0,1434.76,186.05,8565.34,8114.87,0,0
01:11:15:03:05:34,5647.01,5663.03,9.38061,0.0146866,9.38061,0,0,8115.03,415739,8924.03,0,0,0,415739,0,0,1435.91,186.067,8565.5,8115.03,0,0
01:11:15:03:05:35,5650.73,5661.31,9.41769,0,9.38061,0,0,8115.19,415739,8927.75,0,0,0,415739,0,0,1439.63,186.083,8565.66,8115.19,0,0
01:11:15:03:05:36,5659.88,5676.19,9.38061,0.0106792,9.41769,0,0,8115.34,415739,8936.91,0,0,0,415739,0,0,1448.78,186.1,8565.81,8115.34,0,0
01:11:15:03:05:37,5663.03,5675.62,9.41769,0.00534058,9.38061,0,0,8115.5,415739,8940.06,0,0,0,415739,0,0,1451.93,186.117,8565.97,8115.5,0,0
01:11:15:03:05:38,5663.6,5680.2,9.38061,0.0160217,9.41769,0,0,8115.66,415739,8940.63,0,0,0,415739,0,0,1452.5,186.133,8566.13,8115.66,0,0
01:11:15:03:05:39,5666.18,5681.91,9.41769,0.0200272,9.38061,0,0,8115.81,415739,8943.2,0,0,0,415739,0,0,1455.08,186.15,8566.28,8115.81,0,0
01:11:15:03:05:40,5672.76,5688.21,9.41769,0.028038,9.41769,0,0,8115.97,415739,8949.78,0,0,0,415739,0,0,1461.66,186.167,8566.44,8115.97,0,0
01:11:15:03:05:41,5669.9,5687.35,9.38061,0.0347137,9.41769,0,0,8116.13,415739,8946.92,0,0,0,415739,0,0,1458.8,186.183,8566.6,8116.13,0,0
01:11:15:03:05:42,5672.19,5684.2,9.34353,0.0253696,9.38061,0,0,8116.28,415739,8949.21,0,0,0,415739,0,0,1461.08,186.2,8566.75,8116.28,0,0
01:11:15:03:05:43,5671.9,5691.35,9.34353,0.0146866,9.34353,0,0,8116.44,415739,8948.93,0,0,0,415739,0,0,1460.8,186.217,8566.91,8116.44,0,0
01:11:15:03:05:44,5679.62,5692.21,9.38061,0,9.34353,0,0,8116.59,415739,8956.65,0,0,0,415739,0,0,1468.52,186.233,8567.06,8116.59,0,0
01:11:15:03:05:45,5673.33,5694.79,9.38061,0.0133514,9.38061,0,0,8116.75,415739,8950.36,0,0,0,415739,0,0,1462.23,186.25,8567.22,8116.75,0,0
01:11:15:03:05:46,5680.2,5695.93,9.41769,0.0400562,9.38061,0,0,8116.91,415739,8957.22,0,0,0,415739,0,0,1469.1,186.267,8567.38,8116.91,0,0
01:11:15:03:05:47,5685.06,5698.51,9.34353,0.00534058,9.41769,0,0,8117.06,415739,8962.09,0,0,0,415739,0,0,1473.96,186.283,8567.53,8117.06,0,0
01:11:15:03:05:48,5682.49,5697.94,9.34353,0.0106792,9.34353,0,0,8117.22,415739,8959.51,0,0,0,415739,0,0,1471.39,186.3,8567.69,8117.22,0,0
01:11:15:03:05:49,5691.93,5705.95,9.41769,0.00801086,9.34353,0,0,8117.38,415739,8968.96,0,0,0,415739,0,0,1480.83,186.317,8567.85,8117.38,0,0
01:11:15:03:05:50,5682.77,5698.79,9.41769,0.0173569,9.41769,0,0,8117.53,415739,8959.8,0,0,0,415739,0,0,1471.67,186.333,8568,8117.53,0,0
01:11:15:03:05:51,5677.05,5690.5,9.38061,0.0173569,9.41769,0,0,8117.69,415739,8954.08,0,0,0,415739,0,0,1465.95,186.35,8568.16,8117.69,0,0
01:11:15:03:05:52,5671.04,5688.49,9.41769,0,9.38061,0,0,8117.85,415739,8948.07,0,0,0,415739,0,0,1459.94,186.367,8568.32,8117.85,0,0
01:11:15:03:05:53,5677.91,5691.93,9.34353,0,9.41769,0,0,8118,415739,8954.94,0,0,0,415739,0,0,1466.81,186.383,8568.47,8118,0,0
01:11:15:03:05:54,5678.77,5695.65,9.41769,0,9.34353,0,0,8118.16,415739,8955.79,0,0,0,415739,0,0,1467.66,186.4,8568.63,8118.16,0,0
01:11:15:03:05:55,5687.35,5700.51,9.34353,0,9.41769,0,0,8118.32,415739,8964.38,0,0,0,415739,0,0,1476.25,186.417,8568.79,8118.32,0,0
01:11:15:03:05:56,5689.92,5706.52,9.41769,0,9.34353,0,0,8118.47,415739,8966.95,0,0,0,415739,0,0,1478.82,186.433,8568.94,8118.47,0,0
01:11:15:03:05:57,5701.94,5715.39,9.41769,0,9.41769,0,0,8118.63,415739,8978.97,0,0,0,415739,0,0,1490.84,186.45,8569.1,8118.63,0,0
01:11:15:03:05:58,5698.79,5720.25,9.41769,0,9.41769,0,0,8118.79,415739,8975.82,0,0,0,415739,0,0,1487.69,186.467,8569.26,8118.79,0,0
01:11:15:03:05:59,5712.53,5722.54,9.38061,0,9.41769,0,0,8118.94,415739,8989.55,0,0,0,415739,0,0,1501.42,186.483,8569.41,8118.94,0,0
01:11:15:03:06:00,5709.09,5728.26,9.38061,0,9.38061,0,0,8119.1,415739,8986.12,0,0,0,415739,0,0,1497.99,186.5,8569.57,8119.1,0,0
01:11:15:03:06:01,5720.25,5732.55,9.41769,0,9.38061,0,0,8119.26,415739,8997.28,0,0,0,415739,0,0,1509.15,186.517,8569.73,8119.26,0,0
01:11:15:03:06:02,5714.53,5733.41,9.34353,0.00667572,9.41769,0,0,8119.41,415739,8991.55,0,0,0,415739,0,0,1503.43,186.533,8569.88,8119.41,0,0
01:11:15:03:06:03,5726.83,5739.99,9.38061,0.00534058,9.34353,0,0,8119.57,415739,9003.86,0,0,0,415739,0,0,1515.73,186.55,8570.04,8119.57,0,0
01:11:15:03:06:04,5723.97,5741.42,9.34353,0.0240326,9.38061,0,0,8119.73,415739,9001,0,0,0,415739,0,0,1512.87,186.567,8570.19,8119.73,0,0
01:11:15:03:06:05,5728.83,5750.29,9.41769,0.0240326,9.34353,0,0,8119.88,415739,9005.86,0,0,0,415739,0,0,1517.73,186.583,8570.35,8119.88,0,0
01:11:15:03:06:06,5741.42,5752.01,9.34353,0,9.41769,0,0,8120.04,415739,9018.45,0,0,0,415739,0,0,1530.32,186.6,8570.51,8120.04,0,0
01:11:15:03:06:07,5740.28,5760.88,9.41769,0,9.34353,0,0,8120.19,415739,9017.3,0,0,0,415739,0,0,1529.18,186.617,8570.66,8120.19,0,0
01:11:15:03:06:08,5754.01,5760.59,9.38061,0,9.41769,0,0,8120.35,415739,9031.04,0,0,0,415739,0,0,1542.91,186.633,8570.82,8120.35,0,0
01:11:15:03:06:09,5744,5766.89,9.38061,0,9.38061,0,0,8120.51,415739,9021.02,0,0,0,415739,0,0,1532.89,186.65,8570.98,8120.51,0,0
01:11:15:03:06:10,5750.29,5755.16,9.41769,0.0173569,9.38061,0,0,8120.66,415739,9027.32,0,0,0,415739,0,0,1539.19,186.667,8571.13,8120.66,0,0
01:11:15:03:06:11,5738.56,5759.73,9.38061,0.0333786,9.41769,0,0,8120.82,415739,9015.59,0,0,0,415739,0,0,1527.46,186.683,8571.29,8120.82,0,0
01:11:15:03:06:12,5743.42,5747.72,9.34353,0,9.38061,0,0,8120.98,415739,9020.45,0,0,0,415739,0,0,1532.32,186.7,8571.45,8120.98,0,0
01:11:15:03:06:13,5738.56,5760.59,9.41769,0,9.34353,0,0,8121.13,415739,9015.59,0,0,0,415739,0,0,1527.46,186.717,8571.6,8121.13,0,0
01:11:15:03:06:14,5752.29,5758.59,9.38061,0,9.41769,0,0,8121.29,415739,9029.32,0,0,0,415739,0,0,1541.19,186.733,8571.76,8121.29,0,0
01:11:15:03:06:15,5738.27,5762.02,9.38061,0,9.38061,0,0,8121.45,415739,9015.3,0,0,0,415739,0,0,1527.17,186.75,8571.92,8121.45,0,0
01:11:15:03:06:16,5755.16,5762.02,9.41769,0.0387192,9.38061,0,0,8121.6,415739,9032.18,0,0,0,415739,0,0,1544.05,186.767,8572.07,8121.6,0,0
01:11:15:03:06:17,5754.01,5773.75,9.38061,0.0440617,9.41769,0,0,8121.76,415739,9031.04,0,0,0,415739,0,0,1542.91,186.783,8572.23,8121.76,0,0
01:11:15:03:06:18,5766.89,5773.18,9.41769,0.0413895,9.38061,0,0,8121.92,415739,9043.91,0,0,0,415739,0,0,1555.78,186.8,8572.39,8121.92,0,0
01:11:15:03:06:19,5758.3,5776.61,9.38061,0.00534058,9.41769,0,0,8122.07,415739,9035.33,0,0,0,415739,0,0,1547.2,186.817,8572.54,8122.07,0,0
01:11:15:03:06:20,5776.61,5788.91,9.38061,0,9.38061,0,0,8122.23,415739,9053.64,0,0,0,415739,0,0,1565.51,186.833,8572.7,8122.23,0,0
01:11:15:03:06:21,5770.89,5785.77,9.41769,0,9.38061,0,0,8122.39,415739,9047.92,0,0,0,415739,0,0,1559.79,186.85,8572.86,8122.39,0,0
01:11:15:03:06:22,5778.04,5790.63,9.38061,0.00801086,9.41769,0,0,8122.54,415739,9055.07,0,0,0,415739,0,0,1566.94,186.867,8573.01,8122.54,0,0
01:11:15:03:06:23,5774.9,5789.2,9.41769,0.0307083,9.38061,0,0,8122.7,415739,9051.92,0,0,0,415739,0,0,1563.79,186.883,8573.17,8122.7,0,0
01:11:15:03:06:24,5777.47,5800.93,9.38061,0.0133514,9.41769,0,0,8122.86,415739,9054.5,0,0,0,415739,0,0,1566.37,186.9,8573.33,8122.86,0,0
01:11:15:03:06:25,5797.21,5802.36,9.38061,0.0240326,9.38061,0,0,8123.01,415739,9074.24,0,0,0,415739,0,0,1586.11,186.917,8573.48,8123.01,0,0
01:11:15:03:06:26,5793.49,5819.53,9.38061,0,9.38061,0,0,8123.17,415739,9070.52,0,0,0,415739,0,0,1582.39,186.933,8573.64,8123.17,0,0
01:11:15:03:06:27,5818.38,5822.67,9.38061,0,9.38061,0,0,8123.33,415739,9095.41,0,0,0,415739,0,0,1607.28,186.95,8573.8,8123.33,0,0
01:11:15:03:06:28,5816.09,5838.98,9.38061,0,9.38061,0,0,8123.48,415739,9093.12,0,0,0,415739,0,0,1604.99,186.967,8573.95,8123.48,0,0
01:11:15:03:06:29,5830.97,5838.41,9.38061,0,9.38061,0,0,8123.64,415739,9108,0,0,0,415739,0,0,1619.87,186.983,8574.11,8123.64,0,0
01:11:15:03:06:30,5831.54,5854.72,9.38061,0,9.38061,0,0,8123.8,415739,9108.57,0,0,0,415739,0,0,1620.44,187,8574.27,8123.8,0,0
01:11:15:03:06:31,5847.85,5856.44,9.38061,0.0146866,9.38061,0,0,8123.95,415739,9124.88,0,0,0,415739,0,0,1636.75,187.017,8574.42,8123.95,0,0
01:11:15:03:06:32,5840.7,5863.59,9.38061,0.0213623,9.38061,0,0,8124.11,415739,9117.73,0,0,0,415739,0,0,1629.6,187.033,8574.58,8124.11,0,0
01:11:15:03:06:33,5853.86,5861.01,9.38061,0.0120163,9.38061,0,0,8124.27,415739,9130.89,0,0,0,415739,0,0,1642.76,187.05,8574.74,8124.27,0,0
01:11:15:03:06:34,5851.86,5872.46,9.38061,0.00934601,9.38061,0,0,8124.42,415739,9128.88,0,0,0,415739,0,0,1640.76,187.067,8574.89,8124.42,0,0
01:11:15:03:06:35,5860.15,5869.88,9.38061,0,9.38061,0,0,8124.58,415739,9137.18,0,0,0,415739,0,0,1649.05,187.083,8575.05,8124.58,0,0
01:11:15:03:06:36,5861.01,5881.9,9.38061,0.0160217,9.38061,0,0,8124.74,415739,9138.04,0,0,0,415739,0,0,1649.91,187.1,8575.21,8124.74,0,0
01:11:15:03:06:37,5859.58,5872.46,9.38061,0.0253696,9.38061,0,0,8124.89,415739,9136.61,0,0,0,415739,0,0,1648.48,187.117,8575.36,8124.89,0,0
01:11:15:03:06:38,5862.73,5882.18,9.38061,0.028038,9.38061,0,0,8125.05,415739,9139.76,0,0,0,415739,0,0,1651.63,187.133,8575.52,8125.05,0,0
01:11:15:03:06:39,5865.02,5886.48,9.38061,0.0226975,9.38061,0,0,8125.21,415739,9142.04,0,0,0,415739,0,0,1653.92,187.15,8575.67,8125.21,0,0
01:11:15:03:06:40,5870.74,5883.33,9.38061,0,9.38061,0,0,8125.36,415739,9147.77,0,0,0,415739,0,0,1659.64,187.167,8575.83,8125.36,0,0
01:11:15:03:06:41,5873.31,5893.06,9.38061,0.00133514,9.38061,0,0,8125.52,415739,9150.34,0,0,0,415739,0,0,1662.21,187.183,8575.99,8125.52,0,0
01:11:15:03:06:42,5877.89,5890.77,9.41769,0,9.38061,0,0,8125.68,415739,9154.92,0,0,0,415739,0,0,1666.79,187.2,8576.14,8125.68,0,0
01:11:15:03:06:43,5891.63,5910.22,9.38061,0.00133514,9.41769,0,0,8125.83,415739,9168.65,0,0,0,415739,0,0,1680.52,187.217,8576.3,8125.83,0,0
01:11:15:03:06:44,5879.04,5892.2,9.38061,0.0146866,9.38061,0,0,8125.99,415739,9156.06,0,0,0,415739,0,0,1667.93,187.233,8576.46,8125.99,0,0
01:11:15:03:06:45,5887.91,5905.64,9.38061,0.0226975,9.38061,0,0,8126.15,415739,9164.93,0,0,0,415739,0,0,1676.8,187.25,8576.62,8126.15,0,0
01:11:15:03:06:46,5891.63,5906.22,9.38061,0.037384,9.38061,0,0,8126.3,415739,9168.65,0,0,0,415739,0,0,1680.52,187.267,8576.77,8126.3,0,0
01:11:15:03:06:47,5895.34,5913.66,9.38061,0.037384,9.38061,0,0,8126.46,415739,9172.37,0,0,0,415739,0,0,1684.24,187.283,8576.93,8126.46,0,0
01:11:15:03:06:48,5888.19,5901.35,9.41769,0.0400562,9.38061,0,0,8126.62,415739,9165.22,0,0,0,415739,0,0,1677.09,187.3,8577.08,8126.62,0,0
01:11:15:03:06:49,5901.35,5917.37,9.38061,0.037384,9.41769,0,0,8126.77,415739,9178.38,0,0,0,415739,0,0,1690.25,187.317,8577.24,8126.77,0,0
01:11:15:03:06:50,5895.63,5911.37,9.38061,0.037384,9.38061,0,0,8126.93,415739,9172.66,0,0,0,415739,0,0,1684.53,187.333,8577.4,8126.93,0,0
01:11:15:03:06:51,5911.08,5928.53,9.38061,0.04673,9.38061,0,0,8127.09,415739,9188.11,0,0,0,415739,0,0,1699.98,187.35,8577.55,8127.09,0,0
01:11:15:03:06:52,5916.23,5929.96,9.38061,0.0627537,9.38061,0,0,8127.24,415739,9193.26,0,0,0,415739,0,0,1705.13,187.367,8577.71,8127.24,0,0
01:11:15:03:06:53,5921.09,5937.12,9.38061,0.0520706,9.38061,0,0,8127.4,415739,9198.12,0,0,0,415739,0,0,1709.99,187.383,8577.87,8127.4,0,0
01:11:15:03:06:54,5918.52,5935.68,9.38061,0.0453949,9.38061,0,0,8127.56,415739,9195.54,0,0,0,415739,0,0,1707.42,187.4,8578.02,8127.56,0,0
01:11:15:03:06:55,5918.8,5931.39,9.38061,0.0160217,9.38061,0,0,8127.71,415739,9195.83,0,0,0,415739,0,0,1707.7,187.417,8578.18,8127.71,0,0
01:11:15:03:06:56,5909.94,5926.24,9.38061,0.0213623,9.38061,0,0,8127.87,415739,9186.96,0,0,0,415739,0,0,1698.83,187.433,8578.34,8127.87,0,0
01:11:15:03:06:57,5911.37,5925.67,9.38061,0.0120163,9.38061,0,0,8128.03,415739,9188.39,0,0,0,415739,0,0,1700.26,187.45,8578.49,8128.03,0,0
01:11:15:03:06:58,5902.78,5920.81,9.41769,0.037384,9.38061,0,0,8128.18,415739,9179.81,0,0,0,415739,0,0,1691.68,187.467,8578.65,8128.18,0,0
01:11:15:03:06:59,5898.49,5909.65,9.41769,0.0293751,9.41769,0,0,8128.34,415739,9175.52,0,0,0,415739,0,0,1687.39,187.483,8578.81,8128.34,0,0
01:11:15:03:07:00,5889.05,5908.22,9.41769,0.0226975,9.41769,0,0,8128.5,415739,9166.08,0,0,0,415739,0,0,1677.95,187.5,8578.96,8128.5,0,0
01:11:15:03:07:01,5884.47,5898.21,9.38061,0.0240326,9.41769,0,0,8128.65,415739,9161.5,0,0,0,415739,0,0,1673.37,187.517,8579.12,8128.65,0,0
01:11:15:03:07:02,5874.75,5893.91,9.38061,0.00667572,9.38061,0,0,8128.81,415739,9151.77,0,0,0,415739,0,0,1663.64,187.533,8579.28,8128.81,0,0
01:11:15:03:07:03,5865.02,5881.04,9.41769,0.0160217,9.38061,0,0,8128.96,415739,9142.04,0,0,0,415739,0,0,1653.92,187.55,8579.43,8128.96,0,0
01:11:15:03:07:04,5858.44,5876.18,9.41769,0.0253696,9.41769,0,0,8129.12,415739,9135.46,0,0,0,415739,0,0,1647.34,187.567,8579.59,8129.12,0,0
01:11:15:03:07:05,5854.15,5866.73,9.41769,0.0627537,9.41769,0,0,8129.28,415739,9131.17,0,0,0,415739,0,0,1643.04,187.583,8579.75,8129.28,0,0
01:11:15:03:07:06,5842.99,5860.73,9.41769,0.0253696,9.41769,0,0,8129.44,415739,9120.01,0,0,0,415739,0,0,1631.89,187.6,8579.9,8129.44,0,0
01:11:15:03:07:07,5838.98,5849.57,9.34353,0.0213623,9.41769,0,0,8129.59,415739,9116.01,0,0,0,415739,0,0,1627.88,187.617,8580.06,8129.59,0,0
01:11:15:03:07:08,5831.26,5847.85,9.38061,0.037384,9.34353,0,0,8129.75,415739,9108.28,0,0,0,415739,0,0,1620.16,187.633,8580.22,8129.75,0,0
01:11:15:03:07:09,5824.96,5837.84,9.41769,0.0253696,9.38061,0,0,8129.9,415739,9101.99,0,0,0,415739,0,0,1613.86,187.65,8580.37,8129.9,0,0
01:11:15:03:07:10,5818.96,5838.98,9.41769,0,9.41769,0,0,8130.06,415739,9095.98,0,0,0,415739,0,0,1607.85,187.667,8580.53,8130.06,0,0
01:11:15:03:07:11,5815.81,5827.82,9.41769,0.018692,9.41769,0,0,8130.22,415739,9092.84,0,0,0,415739,0,0,1604.71,187.683,8580.69,8130.22,0,0
01:11:15:03:07:12,5815.52,5833.83,9.38061,0.037384,9.41769,0,0,8130.37,415739,9092.55,0,0,0,415739,0,0,1604.42,187.7,8580.84,8130.37,0,0
01:11:15:03:07:13,5817.52,5828.4,9.34353,0.0387192,9.38061,0,0,8130.53,415739,9094.55,0,0,0,415739,0,0,1606.42,187.717,8581,8130.53,0,0
01:11:15:03:07:14,5812.38,5831.26,9.41769,0.0360508,9.34353,0,0,8130.69,415739,9089.4,0,0,0,415739,0,0,1601.28,187.733,8581.16,8130.69,0,0
01:11:15:03:07:15,5814.66,5825.82,9.41769,0.0120163,9.41769,0,0,8130.84,415739,9091.69,0,0,0,415739,0,0,1603.56,187.75,8581.31,8130.84,0,0
01:11:15:03:07:16,5810.94,5828.4,9.38061,0,9.41769,0,0,8131,415739,9087.97,0,0,0,415739,0,0,1599.84,187.767,8581.47,8131,0,0
01:11:15:03:07:17,5812.38,5831.54,9.38061,0.00267029,9.38061,0,0,8131.16,415739,9089.4,0,0,0,415739,0,0,1601.28,187.783,8581.63,8131.16,0,0
01:11:15:03:07:18,5812.38,5824.68,9.38061,0.00934601,9.38061,0,0,8131.31,415739,9089.4,0,0,0,415739,0,0,1601.28,187.8,8581.78,8131.31,0,0
01:11:15:03:07:19,5815.24,5833.26,9.41769,0.0133514,9.38061,0,0,8131.47,415739,9092.26,0,0,0,415739,0,0,1604.14,187.817,8581.94,8131.47,0,0
01:11:15:03:07:20,5814.66,5824.68,9.38061,0.00267029,9.41769,0,0,8131.63,415739,9091.69,0,0,0,415739,0,0,1603.56,187.833,8582.1,8131.63,0,0
01:11:15:03:07:21,5814.95,5834.12,9.41769,0,9.38061,0,0,8131.78,415739,9091.98,0,0,0,415739,0,0,1603.85,187.85,8582.25,8131.78,0,0
01:11:15:03:07:22,5822.1,5834.4,9.38061,0,9.41769,0,0,8131.94,415739,9099.13,0,0,0,415739,0,0,1611,187.867,8582.41,8131.94,0,0
01:11:15:03:07:23,5830.97,5849.85,9.41769,0,9.38061,0,0,8132.1,415739,9108,0,0,0,415739,0,0,1619.87,187.883,8582.57,8132.1,0,0
01:11:15:03:07:24,5832.97,5844.71,9.38061,0.0133514,9.41769,0,0,8132.25,415739,9110,0,0,0,415739,0,0,1621.87,187.9,8582.72,8132.25,0,0
01:11:15:03:07:25,5833.55,5853,9.38061,0,9.38061,0,0,8132.41,415739,9110.57,0,0,0,415739,0,0,1622.45,187.917,8582.88,8132.41,0,0
01:11:15:03:07:26,5844.13,5857.87,9.38061,0.0240326,9.38061,0,0,8132.57,415739,9121.16,0,0,0,415739,0,0,1633.03,187.933,8583.04,8132.57,0,0
01:11:15:03:07:27,5848.14,5866.16,9.38061,0.00934601,9.38061,0,0,8132.72,415739,9125.17,0,0,0,415739,0,0,1637.04,187.95,8583.19,8132.72,0,0
01:11:15:03:07:28,5851.86,5866.16,9.38061,0.0293751,9.38061,0,0,8132.88,415739,9128.88,0,0,0,415739,0,0,1640.76,187.967,8583.35,8132.88,0,0
01:11:15:03:07:29,5857.01,5872.46,9.38061,0,9.38061,0,0,8133.04,415739,9134.03,0,0,0,415739,0,0,1645.91,187.983,8583.5,8133.04,0,0
01:11:15:03:07:30,5858.72,5877.61,9.38061,0,9.38061,0,0,8133.19,415739,9135.75,0,0,0,415739,0,0,1647.62,188,8583.66,8133.19,0,0
01:11:15:03:07:31,5864.73,5881.9,9.38061,0.0226975,9.38061,0,0,8133.35,415739,9141.76,0,0,0,415739,0,0,1653.63,188.017,8583.82,8133.35,0,0
01:11:15:03:07:32,5867.02,5885.04,9.38061,0.037384,9.38061,0,0,8133.51,415739,9144.05,0,0,0,415739,0,0,1655.92,188.033,8583.97,8133.51,0,0
01:11:15:03:07:33,5870.74,5887.62,9.38061,0.0133514,9.38061,0,0,8133.66,415739,9147.77,0,0,0,415739,0,0,1659.64,188.05,8584.13,8133.66,0,0
01:11:15:03:07:34,5870.17,5889.05,9.38061,0.0267029,9.38061,0,0,8133.82,415739,9147.19,0,0,0,415739,0,0,1659.07,188.067,8584.29,8133.82,0,0
01:11:15:03:07:35,5876.18,5894.2,9.41769,0,9.38061,0,0,8133.98,415739,9153.2,0,0,0,415739,0,0,1665.07,188.083,8584.45,8133.98,0,0
01:11:15:03:07:36,5878.18,5896.77,9.38061,0.0253696,9.41769,0,0,8134.13,415739,9155.21,0,0,0,415739,0,0,1667.08,188.1,8584.6,8134.13,0,0
01:11:15:03:07:37,5882.76,5895.34,9.38061,0.0267029,9.38061,0,0,8134.29,415739,9159.78,0,0,0,415739,0,0,1671.65,188.117,8584.76,8134.29,0,0
01:11:15:03:07:38,5879.32,5901.35,9.38061,0.00267029,9.38061,0,0,8134.45,415739,9156.35,0,0,0,415739,0,0,1668.22,188.133,8584.92,8134.45,0,0
01:11:15:03:07:39,5889.62,5903.35,9.41769,0.00400543,9.38061,0,0,8134.6,415739,9166.65,0,0,0,415739,0,0,1678.52,188.15,8585.07,8134.6,0,0
01:11:15:03:07:40,5881.61,5903.64,9.38061,0.0106792,9.41769,0,0,8134.76,415739,9158.64,0,0,0,415739,0,0,1670.51,188.167,8585.23,8134.76,0,0
01:11:15:03:07:41,5882.76,5901.92,9.38061,0.0320435,9.38061,0,0,8134.92,415739,9159.78,0,0,0,415739,0,0,1671.65,188.183,8585.38,8134.92,0,0
01:11:15:03:07:42,5868.74,5884.76,9.38061,0.0387192,9.38061,0,0,8135.07,415739,9145.76,0,0,0,415739,0,0,1657.64,188.2,8585.54,8135.07,0,0
01:11:15:03:07:43,5885.04,5904.21,9.38061,0.0333786,9.38061,0,0,8135.23,415739,9162.07,0,0,0,415739,0,0,1673.94,188.217,8585.7,8135.23,0,0
01:11:15:03:07:44,5881.61,5899.35,9.41769,0.00267029,9.38061,0,0,8135.39,415739,9158.64,0,0,0,415739,0,0,1670.51,188.233,8585.85,8135.39,0,0
01:11:15:03:07:45,5871.6,5891.05,9.38061,0.0293751,9.41769,0,0,8135.54,415739,9148.63,0,0,0,415739,0,0,1660.5,188.25,8586.01,8135.54,0,0
01:11:15:03:07:46,5881.33,5894.49,9.38061,0.0320435,9.38061,0,0,8135.7,415739,9158.35,0,0,0,415739,0,0,1670.23,188.267,8586.17,8135.7,0,0
01:11:15:03:07:47,5885.62,5905.07,9.38061,0.00801086,9.38061,0,0,8135.85,415739,9162.64,0,0,0,415739,0,0,1674.52,188.283,8586.32,8135.85,0,0
01:11:15:03:07:48,5899.35,5913.37,9.38061,0.0133514,9.38061,0,0,8136.01,415739,9176.38,0,0,0,415739,0,0,1688.25,188.3,8586.48,8136.01,0,0
01:11:15:03:07:49,5903.35,5925.39,9.38061,0.0133514,9.38061,0,0,8136.17,415739,9180.38,0,0,0,415739,0,0,1692.25,188.317,8586.64,8136.17,0,0
01:11:15:03:07:50,5918.52,5927.67,9.38061,0.0213623,9.38061,0,0,8136.33,415739,9195.55,0,0,0,415739,0,0,1707.42,188.333,8586.79,8136.33,0,0
01:11:15:03:07:51,5913.94,5936.26,9.38061,0.00534058,9.38061,0,0,8136.48,415739,9190.97,0,0,0,415739,0,0,1702.84,188.35,8586.95,8136.48,0,0
01:11:15:03:07:52,5922.81,5931.97,9.38061,0.00267029,9.38061,0,0,8136.64,415739,9199.84,0,0,0,415739,0,0,1711.71,188.367,8587.11,8136.64,0,0
01:11:15:03:07:53,5913.08,5936.26,9.41769,0.00267029,9.38061,0,0,8136.79,415739,9190.11,0,0,0,415739,0,0,1701.98,188.383,8587.26,8136.79,0,0
01:11:15:03:07:54,5926.82,5934.25,9.34353,0.0160217,9.41769,0,0,8136.95,415739,9203.84,0,0,0,415739,0,0,1715.71,188.4,8587.42,8136.95,0,0
01:11:15:03:07:55,5913.37,5934.25,9.38061,0,9.34353,0,0,8137.11,415739,9190.4,0,0,0,415739,0,0,1702.27,188.417,8587.58,8137.11,0,0
01:11:15:03:07:56,5927.67,5941.98,9.41769,0.00400543,9.38061,0,0,8137.26,415739,9204.7,0,0,0,415739,0,0,1716.57,188.433,8587.73,8137.26,0,0
01:11:15:03:07:57,5916.52,5937.12,9.41769,0.0400562,9.41769,0,0,8137.42,415739,9193.54,0,0,0,415739,0,0,1705.42,188.45,8587.89,8137.42,0,0
01:11:15:03:07:58,5932.82,5946.56,9.38061,0.0200272,9.41769,0,0,8137.58,415739,9209.85,0,0,0,415739,0,0,1721.72,188.467,8588.05,8137.58,0,0
01:11:15:03:07:59,5927.67,5945.13,9.38061,0,9.38061,0,0,8137.73,415739,9204.7,0,0,0,415739,0,0,1716.57,188.483,8588.2,8137.73,0,0
01:11:15:03:08:00,5929.39,5952.85,9.38061,0.018692,9.38061,0,0,8137.89,415739,9206.42,0,0,0,415739,0,0,1718.29,188.5,8588.36,8137.89,0,0
01:11:15:03:08:01,5942.84,5951.71,9.38061,0.0173569,9.38061,0,0,8138.05,415739,9219.87,0,0,0,415739,0,0,1731.74,188.517,8588.52,8138.05,0,0
01:11:15:03:08:02,5929.68,5954.28,9.41769,0.0173569,9.38061,0,0,8138.2,415739,9206.71,0,0,0,415739,0,0,1718.58,188.533,8588.67,8138.2,0,0
01:11:15:03:08:03,5941.41,5950.28,9.38061,0.00934601,9.41769,0,0,8138.36,415739,9218.43,0,0,0,415739,0,0,1730.31,188.55,8588.83,8138.36,0,0
01:11:15:03:08:04,5932.82,5956.57,9.41769,0.0120163,9.38061,0,0,8138.52,415739,9209.85,0,0,0,415739,0,0,1721.72,188.567,8588.99,8138.52,0,0
01:11:15:03:08:05,5934.25,5942.84,9.34353,0.00934601,9.41769,0,0,8138.67,415739,9211.28,0,0,0,415739,0,0,1723.15,188.583,8589.14,8138.67,0,0
01:11:15:03:08:06,5931.97,5957.43,9.41769,0.0360508,9.34353,0,0,8138.83,415739,9208.99,0,0,0,415739,0,0,1720.87,188.6,8589.3,8138.83,0,0
01:11:15:03:08:07,5945.7,5953.71,9.38061,0.0333786,9.41769,0,0,8138.99,415739,9222.73,0,0,0,415739,0,0,1734.6,188.617,8589.46,8138.99,0,0
01:11:15:03:08:08,5943.41,5968.59,9.41769,0.0440617,9.38061,0,0,8139.14,415739,9220.44,0,0,0,415739,0,0,1732.31,188.633,8589.61,8139.14,0,0
01:11:15:03:08:09,5958,5965.73,9.38061,0.0240326,9.41769,0,0,8139.3,415739,9235.03,0,0,0,415739,0,0,1746.9,188.65,8589.77,8139.3,0,0
01:11:15:03:08:10,5954.28,5980.03,9.38061,0.0547428,9.38061,0,0,8139.46,415739,9231.31,0,0,0,415739,0,0,1743.18,188.667,8589.93,8139.46,0,0
01:11:15:03:08:11,5970.59,5979.17,9.38061,0.0253696,9.38061,0,0,8139.61,415739,9247.62,0,0,0,415739,0,0,1759.49,188.683,8590.08,8139.61,0,0
01:11:15:03:08:12,5966.87,5993.48,9.38061,0.018692,9.38061,0,0,8139.77,415739,9243.9,0,0,0,415739,0,0,1755.77,188.7,8590.24,8139.77,0,0
01:11:15:03:08:13,5980.6,5986.9,9.38061,0.00534058,9.38061,0,0,8139.93,415739,9257.63,0,0,0,415739,0,0,1769.5,188.717,8590.4,8139.93,0,0
01:11:15:03:08:14,5976.02,5999.2,9.41769,0.0200272,9.38061,0,0,8140.08,415739,9253.05,0,0,0,415739,0,0,1764.93,188.733,8590.55,8140.08,0,0
01:11:15:03:08:15,5984.61,6002.35,9.38061,0.00133514,9.41769,0,0,8140.24,415739,9261.64,0,0,0,415739,0,0,1773.51,188.75,8590.71,8140.24,0,0
01:11:15:03:08:16,5982.32,5997.77,9.38061,0,9.38061,0,0,8140.4,415739,9259.35,0,0,0,415739,0,0,1771.22,188.767,8590.87,8140.4,0,0
01:11:15:03:08:17,5995.19,6013.79,9.38061,0.0160217,9.38061,0,0,8140.55,415739,9272.22,0,0,0,415739,0,0,1784.09,188.783,8591.02,8140.55,0,0
01:11:15:03:08:18,5994.34,6010.36,9.38061,0.0120163,9.38061,0,0,8140.71,415739,9271.36,0,0,0,415739,0,0,1783.24,188.8,8591.18,8140.71,0,0
01:11:15:03:08:19,5997.77,6020.66,9.38061,0.0146866,9.38061,0,0,8140.87,415739,9274.8,0,0,0,415739,0,0,1786.67,188.817,8591.34,8140.87,0,0
01:11:15:03:08:20,6008.35,6016.94,9.38061,0.0453949,9.38061,0,0,8141.02,415739,9285.38,0,0,0,415739,0,0,1797.26,188.833,8591.49,8141.02,0,0
01:11:15:03:08:21,6010.93,6036.11,9.41769,0.00534058,9.38061,0,0,8141.18,415739,9287.96,0,0,0,415739,0,0,1799.83,188.85,8591.65,8141.18,0,0
01:11:15:03:08:22,6026.95,6035.82,9.34353,0,9.41769,0,0,8141.34,415739,9303.98,0,0,0,415739,0,0,1815.85,188.867,8591.81,8141.34,0,0
01:11:15:03:08:23,6027.52,6050.41,9.41769,0,9.34353,0,0,8141.49,415739,9304.55,0,0,0,415739,0,0,1816.42,188.883,8591.96,8141.49,0,0
01:11:15:03:08:24,6037.82,6048.12,9.38061,0.00400543,9.41769,0,0,8141.65,415739,9314.85,0,0,0,415739,0,0,1826.72,188.9,8592.12,8141.65,0,0
01:11:15:03:08:25,6046.12,6067.58,9.38061,0.0213623,9.38061,0,0,8141.81,415739,9323.15,0,0,0,415739,0,0,1835.02,188.917,8592.28,8141.81,0,0
01:11:15:03:08:26,6054.42,6065.86,9.38061,0,9.38061,0,0,8141.96,415739,9331.45,0,0,0,415739,0,0,1843.32,188.933,8592.43,8141.96,0,0
01:11:15:03:08:27,6055.85,6077.3,9.38061,0.0160217,9.38061,0,0,8142.12,415739,9332.88,0,0,0,415739,0,0,1844.75,188.95,8592.59,8142.12,0,0
01:11:15:03:08:28,6063,6075.3,9.38061,0,9.38061,0,0,8142.28,415739,9340.03,0,0,0,415739,0,0,1851.9,188.967,8592.75,8142.28,0,0
01:11:15:03:08:29,6065.29,6083.89,9.38061,0.0106792,9.38061,0,0,8142.43,415739,9342.32,0,0,0,415739,0,0,1854.19,188.983,8592.9,8142.43,0,0
01:11:15:03:08:30,6069.29,6084.74,9.38061,0.0267029,9.38061,0,0,8142.59,415739,9346.32,0,0,0,415739,0,0,1858.19,189,8593.06,8142.59,0,0
01:11:15:03:08:31,6075.59,6094.47,9.38061,0.0240326,9.38061,0,0,8142.75,415739,9352.62,0,0,0,415739,0,0,1864.49,189.017,8593.22,8142.75,0,0
01:11:15:03:08:32,6069.58,6086.46,9.41769,0.018692,9.38061,0,0,8142.9,415739,9346.61,0,0,0,415739,0,0,1858.48,189.033,8593.37,8142.9,0,0
01:11:15:03:08:33,6083.31,6101.62,9.38061,0.00801086,9.41769,0,0,8143.06,415739,9360.34,0,0,0,415739,0,0,1872.21,189.05,8593.53,8143.06,0,0
01:11:15:03:08:34,6088.75,6112.5,9.41769,0.00400543,9.38061,0,0,8143.22,415739,9365.78,0,0,0,415739,0,0,1877.65,189.067,8593.69,8143.22,0,0
01:11:15:03:08:35,6102.77,6116.5,9.41769,0.0106792,9.41769,0,0,8143.37,415739,9379.8,0,0,0,415739,0,0,1891.67,189.083,8593.84,8143.37,0,0
01:11:15:03:08:36,6109.63,6132.81,9.38061,0.0133514,9.41769,0,0,8143.53,415739,9386.66,0,0,0,415739,0,0,1898.53,189.1,8594,8143.53,0,0
01:11:15:03:08:37,6118.5,6133.67,9.41769,0.0133514,9.38061,0,0,8143.69,415739,9395.53,0,0,0,415739,0,0,1907.4,189.117,8594.16,8143.69,0,0
01:11:15:03:08:38,6126.23,6150.26,9.41769,0,9.41769,0,0,8143.84,415739,9403.26,0,0,0,415739,0,0,1915.13,189.133,8594.31,8143.84,0,0
01:11:15:03:08:39,6129.95,6149.97,9.34353,0,9.41769,0,0,8144,415739,9406.98,0,0,0,415739,0,0,1918.85,189.15,8594.47,8144,0,0
01:11:15:03:08:40,6143.11,6159.99,9.41769,0,9.34353,0,0,8144.16,415739,9420.14,0,0,0,415739,0,0,1932.01,189.167,8594.63,8144.16,0,0
01:11:15:03:08:41,6146.83,6166.85,9.34353,0.0133514,9.41769,0,0,8144.31,415739,9423.86,0,0,0,415739,0,0,1935.73,189.183,8594.78,8144.31,0,0
01:11:15:03:08:42,6157.13,6170.57,9.38061,0.0133514,9.34353,0,0,8144.47,415739,9434.16,0,0,0,415739,0,0,1946.03,189.2,8594.94,8144.47,0,0
01:11:15:03:08:43,6153.98,6176.01,9.34353,0,9.38061,0,0,8144.63,415739,9431.01,0,0,0,415739,0,0,1942.88,189.217,8595.09,8144.63,0,0
01:11:15:03:08:44,6142.25,6155.41,9.38061,0.0120163,9.34353,0,0,8144.78,415739,9419.28,0,0,0,415739,0,0,1931.15,189.233,8595.25,8144.78,0,0
01:11:15:03:08:45,6138.53,6159.99,9.41769,0,9.38061,0,0,8144.94,415739,9415.56,0,0,0,415739,0,0,1927.43,189.25,8595.41,8144.94,0,0
01:11:15:03:08:46,6141.11,6151.98,9.38061,0,9.41769,0,0,8145.09,415739,9418.13,0,0,0,415739,0,0,1930.01,189.267,8595.56,8145.09,0,0
01:11:15:03:08:47,6126.8,6147.97,9.41769,0.0213623,9.38061,0,0,8145.25,415739,9403.83,0,0,0,415739,0,0,1915.7,189.283,8595.72,8145.25,0,0
01:11:15:03:08:48,6123.37,6135.38,9.38061,0.00133514,9.41769,0,0,8145.41,415739,9400.4,0,0,0,415739,0,0,1912.27,189.3,8595.88,8145.41,0,0
01:11:15:03:08:49,6112.5,6133.95,9.38061,0,9.38061,0,0,8145.56,415739,9389.52,0,0,0,415739,0,0,1901.4,189.317,8596.03,8145.56,0,0
01:11:15:03:08:50,6121.08,6134.24,9.38061,0,9.38061,0,0,8145.72,415739,9398.11,0,0,0,415739,0,0,1909.98,189.333,8596.19,8145.72,0,0
01:11:15:03:08:51,6108.78,6128.23,9.38061,0,9.38061,0,0,8145.88,415739,9385.8,0,0,0,415739,0,0,1897.68,189.35,8596.35,8145.88,0,0
01:11:15:03:08:52,6115.64,6127.09,9.38061,0,9.38061,0,0,8146.03,415739,9392.67,0,0,0,415739,0,0,1904.54,189.367,8596.5,8146.03,0,0
01:11:15:03:08:53,6114.5,6135.67,9.38061,0,9.38061,0,0,8146.19,415739,9391.53,0,0,0,415739,0,0,1903.4,189.383,8596.66,8146.19,0,0
01:11:15:03:08:54,6127.09,6139.1,9.41769,0.00534058,9.38061,0,0,8146.35,415739,9404.11,0,0,0,415739,0,0,1915.99,189.4,8596.82,8146.35,0,0
01:11:15:03:08:55,6118.22,6138.24,9.41769,0,9.41769,0,0,8146.5,415739,9395.25,0,0,0,415739,0,0,1907.12,189.417,8596.97,8146.5,0,0
01:11:15:03:08:56,6134.52,6145.11,9.41769,0,9.41769,0,0,8146.66,415739,9411.55,0,0,0,415739,0,0,1923.43,189.433,8597.13,8146.66,0,0
01:11:15:03:08:57,6131.95,6151.41,9.38061,0,9.41769,0,0,8146.82,415739,9408.98,0,0,0,415739,0,0,1920.85,189.45,8597.29,8146.82,0,0
01:11:15:03:08:58,6138.82,6157.41,9.38061,0,9.38061,0,0,8146.97,415739,9415.84,0,0,0,415739,0,0,1927.72,189.467,8597.44,8146.97,0,0
01:11:15:03:08:59,6148.54,6159.99,9.41769,0,9.38061,0,0,8147.13,415739,9425.57,0,0,0,415739,0,0,1937.44,189.483,8597.6,8147.13,0,0
01:11:15:03:09:00,6148.54,6167.71,9.41769,0,9.41769,0,0,8147.29,415739,9425.57,0,0,0,415739,0,0,1937.44,189.5,8597.76,8147.29,0,0
01:11:15:03:09:01,6161.7,6169.14,9.41769,0.00801086,9.41769,0,0,8147.44,415739,9438.73,0,0,0,415739,0,0,1950.61,189.517,8597.91,8147.44,0,0
01:11:15:03:09:02,6155.98,6178.01,9.38061,0.0173569,9.41769,0,0,8147.6,415739,9433.01,0,0,0,415739,0,0,1944.88,189.533,8598.07,8147.6,0,0
01:11:15:03:09:03,6170.57,6176.87,9.41769,0.0160217,9.38061,0,0,8147.76,415739,9447.6,0,0,0,415739,0,0,1959.47,189.55,8598.23,8147.76,0,0
01:11:15:03:09:04,6167.43,6191.17,9.34353,0.0133514,9.41769,0,0,8147.91,415739,9444.46,0,0,0,415739,0,0,1956.33,189.567,8598.38,8147.91,0,0
01:11:15:03:09:05,6179.16,6183.16,9.38061,0.0106792,9.34353,0,0,8148.07,415739,9456.19,0,0,0,415739,0,0,1968.06,189.583,8598.54,8148.07,0,0
01:11:15:03:09:06,6171.72,6195.18,9.34353,0.00667572,9.38061,0,0,8148.23,415739,9448.75,0,0,0,415739,0,0,1960.62,189.6,8598.69,8148.23,0,0
01:11:15:03:09:07,6179.44,6184.02,9.41769,0.0160217,9.34353,0,0,8148.38,415739,9456.47,0,0,0,415739,0,0,1968.34,189.617,8598.85,8148.38,0,0
01:11:15:03:09:08,6169.14,6193.75,9.34353,0,9.41769,0,0,8148.54,415739,9446.17,0,0,0,415739,0,0,1958.04,189.633,8599.01,8148.54,0,0
01:11:15:03:09:09,6184.31,6190.6,9.41769,0.0106792,9.34353,0,0,8148.69,415739,9461.33,0,0,0,415739,0,0,1973.21,189.65,8599.16,8148.69,0,0
01:11:15:03:09:10,6178.3,6202.33,9.38061,0.0160217,9.41769,0,0,8148.85,415739,9455.33,0,0,0,415739,0,0,1967.2,189.667,8599.32,8148.85,0,0
01:11:15:03:09:11,6190.89,6196.32,9.41769,0.0160217,9.38061,0,0,8149.01,415739,9467.92,0,0,0,415739,0,0,1979.79,189.683,8599.48,8149.01,0,0
01:11:15:03:09:12,6186.02,6201.19,9.41769,0,9.41769,0,0,8149.16,415739,9463.05,0,0,0,415739,0,0,1974.92,189.7,8599.63,8149.16,0,0
01:11:15:03:09:13,6199.18,6214.63,9.34353,0.0133514,9.41769,0,0,8149.32,415739,9476.21,0,0,0,415739,0,0,1988.08,189.717,8599.79,8149.32,0,0
01:11:15:03:09:14,6193.46,6208.91,9.41769,0,9.34353,0,0,8149.48,415739,9470.49,0,0,0,415739,0,0,1982.36,189.733,8599.95,8149.48,0,0
01:11:15:03:09:15,6198.9,6216.06,9.34353,0,9.41769,0,0,8149.63,415739,9475.93,0,0,0,415739,0,0,1987.8,189.75,8600.1,8149.63,0,0
01:11:15:03:09:16,6200.04,6214.92,9.41769,0.00667572,9.34353,0,0,8149.79,415739,9477.07,0,0,0,415739,0,0,1988.94,189.767,8600.26,8149.79,0,0
01:11:15:03:09:17,6201.47,6227.22,9.34353,0,9.41769,0,0,8149.95,415739,9478.5,0,0,0,415739,0,0,1990.37,189.783,8600.42,8149.95,0,0
01:11:15:03:09:18,6209.48,6216.06,9.38061,0.0146866,9.34353,0,0,8150.1,415739,9486.51,0,0,0,415739,0,0,1998.38,189.8,8600.57,8150.1,0,0
01:11:15:03:09:19,6202.9,6227.79,9.41769,0.0146866,9.38061,0,0,8150.26,415739,9479.93,0,0,0,415739,0,0,1991.8,189.817,8600.73,8150.26,0,0
01:11:15:03:09:20,6214.92,6221.5,9.38061,0.0106792,9.41769,0,0,8150.42,415739,9491.95,0,0,0,415739,0,0,2003.82,189.833,8600.89,8150.42,0,0
01:11:15:03:09:21,6216.35,6240.1,9.41769,0.00267029,9.38061,0,0,8150.57,415739,9493.38,0,0,0,415739,0,0,2005.25,189.85,8601.04,8150.57,0,0
01:11:15:03:09:22,6223.79,6229.22,9.41769,0,9.41769,0,0,8150.73,415739,9500.82,0,0,0,415739,0,0,2012.69,189.867,8601.2,8150.73,0,0
01:11:15:03:09:23,6219.21,6243.24,9.38061,0,9.41769,0,0,8150.89,415739,9496.24,0,0,0,415739,0,0,2008.11,189.883,8601.36,8150.89,0,0
01:11:15:03:09:24,6230.66,6237.24,9.38061,0,9.38061,0,0,8151.04,415739,9507.68,0,0,0,415739,0,0,2019.56,189.9,8601.51,8151.04,0,0
01:11:15:03:09:25,6228.08,6252.97,9.38061,0.00267029,9.38061,0,0,8151.2,415739,9505.11,0,0,0,415739,0,0,2016.98,189.917,8601.67,8151.2,0,0
01:11:15:03:09:26,6228.08,6238.09,9.38061,0,9.38061,0,0,8151.36,415739,9505.11,0,0,0,415739,0,0,2016.98,189.933,8601.83,8151.36,0,0
01:11:15:03:09:27,6222.93,6245.82,9.38061,0.018692,9.38061,0,0,8151.51,415739,9499.96,0,0,0,415739,0,0,2011.83,189.95,8601.98,8151.51,0,0
01:11:15:03:09:28,6225.22,6232.37,9.34353,0,9.38061,0,0,8151.67,415739,9502.25,0,0,0,415739,0,0,2014.12,189.967,8602.14,8151.67,0,0
01:11:15:03:09:29,6217.78,6240.1,9.34353,0,9.34353,0,0,8151.83,415739,9494.81,0,0,0,415739,0,0,2006.68,189.983,8602.29,8151.83,0,0
01:11:15:03:09:30,6221.79,6229.51,9.41769,0.00801086,9.34353,0,0,8151.98,415739,9498.81,0,0,0,415739,0,0,2010.69,190,8602.45,8151.98,0,0
01:11:15:03:09:31,6216.35,6230.37,9.38061,0.0146866,9.41769,0,0,8152.14,415739,9493.38,0,0,0,415739,0,0,2005.25,190.017,8602.61,8152.14,0,0
01:11:15:03:09:32,6222.93,6240.95,9.41769,0.0333786,9.38061,0,0,8152.29,415739,9499.96,0,0,0,415739,0,0,2011.83,190.033,8602.76,8152.29,0,0
01:11:15:03:09:33,6218.64,6232.66,9.41769,0.0133514,9.41769,0,0,8152.45,415739,9495.67,0,0,0,415739,0,0,2007.54,190.05,8602.92,8152.45,0,0
01:11:15:03:09:34,6217.21,6235.23,9.38061,0.0173569,9.41769,0,0,8152.61,415739,9494.24,0,0,0,415739,0,0,2006.11,190.067,8603.08,8152.61,0,0
01:11:15:03:09:35,6207.19,6224.07,9.38061,0.0560761,9.38061,0,0,8152.76,415739,9484.22,0,0,0,415739,0,0,1996.09,190.083,8603.23,8152.76,0,0
01:11:15:03:09:36,6209.77,6234.09,9.41769,0.0267029,9.38061,0,0,8152.92,415739,9486.8,0,0,0,415739,0,0,1998.67,190.1,8603.39,8152.92,0,0
01:11:15:03:09:37,6220.36,6228.65,9.38061,0,9.41769,0,0,8153.08,415739,9497.38,0,0,0,415739,0,0,2009.26,190.117,8603.55,8153.08,0,0
01:11:15:03:09:38,6216.92,6242.96,9.38061,0,9.38061,0,0,8153.23,415739,9493.95,0,0,0,415739,0,0,2005.82,190.133,8603.7,8153.23,0,0
01:11:15:03:09:39,6228.94,6237.81,9.38061,0.0160217,9.38061,0,0,8153.39,415739,9505.97,0,0,0,415739,0,0,2017.84,190.15,8603.86,8153.39,0,0
01:11:15:03:09:40,6224.07,6248.68,9.41769,0.0347137,9.38061,0,0,8153.55,415739,9501.1,0,0,0,415739,0,0,2012.97,190.167,8604.02,8153.55,0,0
01:11:15:03:09:41,6234.09,6242.39,9.38061,0.00133514,9.41769,0,0,8153.7,415739,9511.12,0,0,0,415739,0,0,2022.99,190.183,8604.17,8153.7,0,0
01:11:15:03:09:42,6236.95,6260.12,9.41769,0.00534058,9.38061,0,0,8153.86,415739,9513.98,0,0,0,415739,0,0,2025.85,190.2,8604.33,8153.86,0,0
01:11:15:03:09:43,6248.68,6259.27,9.38061,0,9.41769,0,0,8154.02,415739,9525.71,0,0,0,415739,0,0,2037.58,190.217,8604.49,8154.02,0,0
01:11:15:03:09:44,6250.68,6273.86,9.38061,0.00133514,9.38061,0,0,8154.17,415739,9527.71,0,0,0,415739,0,0,2039.58,190.233,8604.64,8154.17,0,0
01:11:15:03:09:45,6261.55,6271.28,9.38061,0,9.38061,0,0,8154.33,415739,9538.58,0,0,0,415739,0,0,2050.45,190.25,8604.8,8154.33,0,0
01:11:15:03:09:46,6262.98,6286.16,9.41769,0.0240326,9.38061,0,0,8154.49,415739,9540.01,0,0,0,415739,0,0,2051.88,190.267,8604.96,8154.49,0,0
01:11:15:03:09:47,6279.58,6290.45,9.38061,0.00934601,9.41769,0,0,8154.64,415739,9556.61,0,0,0,415739,0,0,2068.48,190.283,8605.11,8154.64,0,0
01:11:15:03:09:48,6285.01,6306.76,9.41769,0.0333786,9.38061,0,0,8154.8,415739,9562.04,0,0,0,415739,0,0,2073.92,190.3,8605.27,8154.8,0,0
01:11:15:03:09:49,6290.16,6304.76,9.38061,0.0293751,9.41769,0,0,8154.96,415739,9567.19,0,0,0,415739,0,0,2079.06,190.317,8605.43,8154.96,0,0
01:11:15:03:09:50,6295.89,6316.2,9.41769,0.0120163,9.38061,0,0,8155.11,415739,9572.92,0,0,0,415739,0,0,2084.79,190.333,8605.58,8155.11,0,0
01:11:15:03:09:51,6296.17,6317.92,9.34353,0.0120163,9.41769,0,0,8155.27,415739,9573.2,0,0,0,415739,0,0,2085.07,190.35,8605.74,8155.27,0,0
01:11:15:03:09:52,6306.47,6322.49,9.38061,0.0173569,9.34353,0,0,8155.43,415739,9583.5,0,0,0,415739,0,0,2095.37,190.367,8605.9,8155.43,0,0
01:11:15:03:09:53,6303.61,6328.5,9.38061,0,9.38061,0,0,8155.58,415739,9580.64,0,0,0,415739,0,0,2092.51,190.383,8606.05,8155.58,0,0
01:11:15:03:09:54,6316.49,6332.22,9.41769,0.0106792,9.38061,0,0,8155.74,415739,9593.51,0,0,0,415739,0,0,2105.39,190.4,8606.21,8155.74,0,0
01:11:15:03:09:55,6345.1,6362.55,9.38061,0.0333786,9.41769,0,0,8155.9,415739,9622.12,0,0,0,415739,0,0,2134,190.417,8606.37,8155.9,0,0
01:11:15:03:09:56,6363.98,6384.29,9.38061,0.00667572,9.38061,0,0,8156.05,415739,9641.01,0,0,0,415739,0,0,2152.88,190.433,8606.52,8156.05,0,0
01:11:15:03:09:57,6401.17,6412.9,9.41769,0.00934601,9.38061,0,0,8156.21,415739,9678.2,0,0,0,415739,0,0,2190.07,190.45,8606.68,8156.21,0,0
01:11:15:03:09:58,6408.04,6432.93,9.34353,0.0146866,9.41769,0,0,8156.37,415739,9685.07,0,0,0,415739,0,0,2196.94,190.467,8606.84,8156.37,0,0
01:11:15:03:09:59,6428.06,6438.65,9.38061,0.00801086,9.34353,0,0,8156.52,415739,9705.09,0,0,0,415739,0,0,2216.97,190.483,8606.99,8156.52,0,0
01:11:15:03:10:00,6432.93,6460.97,9.38061,0.00133514,9.38061,0,0,8156.68,415739,9709.96,0,0,0,415739,0,0,2221.83,190.5,8607.15,8156.68,0,0
01:11:15:03:10:01,6454.96,6463.26,9.38061,0.00400543,9.38061,0,0,8156.84,415739,9731.99,0,0,0,415739,0,0,2243.86,190.517,8607.3,8156.84,0,0
01:11:15:03:10:02,6442.66,6469.26,9.38061,0.018692,9.38061,0,0,8156.99,415739,9719.68,0,0,0,415739,0,0,2231.56,190.533,8607.46,8156.99,0,0
01:11:15:03:10:03,6453.81,6461.25,9.38061,0,9.38061,0,0,8157.15,415739,9730.84,0,0,0,415739,0,0,2242.71,190.55,8607.62,8157.15,0,0
01:11:15:03:10:04,6453.53,6480.42,9.38061,0.0133514,9.38061,0,0,8157.31,415739,9730.56,0,0,0,415739,0,0,2242.43,190.567,8607.77,8157.31,0,0
01:11:15:03:10:05,6469.84,6477.85,9.38061,0,9.38061,0,0,8157.46,415739,9746.86,0,0,0,415739,0,0,2258.74,190.583,8607.93,8157.46,0,0
01:11:15:03:10:06,6466.4,6493.01,9.38061,0.0200272,9.38061,0,0,8157.62,415739,9743.43,0,0,0,415739,0,0,2255.3,190.6,8608.09,8157.62,0,0
01:11:15:03:10:07,6478.13,6486.72,9.38061,0.00934601,9.38061,0,0,8157.77,415739,9755.16,0,0,0,415739,0,0,2267.03,190.617,8608.24,8157.77,0,0
01:11:15:03:10:08,6475.56,6500.45,9.41769,0.018692,9.38061,0,0,8157.93,415739,9752.59,0,0,0,415739,0,0,2264.46,190.633,8608.4,8157.93,0,0
01:11:15:03:10:09,6484.43,6493.58,9.38061,0.0133514,9.41769,0,0,8158.09,415739,9761.46,0,0,0,415739,0,0,2273.33,190.65,8608.56,8158.09,0,0
01:11:15:03:10:10,6454.67,6468.69,9.41769,0.00400543,9.38061,0,0,8158.25,415739,9731.7,0,0,0,415739,0,0,2243.57,190.667,8608.71,8158.25,0,0
01:11:15:03:10:11,6391.44,6383.43,9.38061,0.0173569,9.41769,0,0,8158.4,415739,9668.47,0,0,0,415739,0,0,2180.34,190.683,8608.87,8158.4,0,0
01:11:15:03:10:12,6278.72,6299.03,9.38061,0.00801086,9.38061,0,0,8158.56,415739,9555.75,0,0,0,415739,0,0,2067.62,190.7,8609.03,8158.56,0,0
01:11:15:03:10:13,6352.25,6370.27,9.38061,0.0160217,9.38061,0,0,8158.71,415739,9629.28,0,0,0,415739,0,0,2141.15,190.717,8609.18,8158.71,0,0
01:11:15:03:10:14,6384.58,6404.32,9.41769,0,9.38061,0,0,8158.87,415739,9661.61,0,0,0,415739,0,0,2173.48,190.733,8609.34,8158.87,0,0
01:11:15:03:10:15,6388.87,6411.76,9.41769,0.0293751,9.41769,0,0,8159.03,415739,9665.9,0,0,0,415739,0,0,2177.77,190.75,8609.5,8159.03,0,0
01:11:15:03:10:16,6396.02,6405.75,9.45477,0.0293751,9.41769,0,0,8159.18,415739,9673.05,0,0,0,415739,0,0,2184.92,190.767,8609.66,8159.18,0,0
01:11:15:03:10:17,6365.12,6389.73,9.38061,0,9.45477,0,0,8159.34,415739,9642.15,0,0,0,415739,0,0,2154.02,190.783,8609.81,8159.34,0,0
01:11:15:03:10:18,6378.86,6389.15,9.38061,0,9.38061,0,0,8159.5,415739,9655.88,0,0,0,415739,0,0,2167.76,190.8,8609.97,8159.5,0,0
01:11:15:03:10:19,6383.43,6407.47,9.41769,0,9.38061,0,0,8159.66,415739,9660.46,0,0,0,415739,0,0,2172.33,190.817,8610.13,8159.66,0,0
01:11:15:03:10:20,6398.6,6406.89,9.38061,0,9.41769,0,0,8159.81,415739,9675.63,0,0,0,415739,0,0,2187.5,190.833,8610.28,8159.81,0,0
01:11:15:03:10:21,6401.46,6424.92,9.38061,0,9.38061,0,0,8159.97,415739,9678.49,0,0,0,415739,0,0,2190.36,190.85,8610.44,8159.97,0,0
01:11:15:03:10:22,6414.62,6424.35,9.38061,0,9.38061,0,0,8160.13,415739,9691.65,0,0,0,415739,0,0,2203.52,190.867,8610.59,8160.13,0,0
01:11:15:03:10:23,6412.62,6437.79,9.41769,0,9.38061,0,0,8160.28,415739,9689.64,0,0,0,415739,0,0,2201.52,190.883,8610.75,8160.28,0,0
01:11:15:03:10:24,6441.23,6448.38,9.38061,0,9.41769,0,0,8160.44,415739,9718.25,0,0,0,415739,0,0,2230.13,190.9,8610.91,8160.44,0,0
01:11:15:03:10:25,6445.52,6470.69,9.38061,0,9.38061,0,0,8160.6,415739,9722.54,0,0,0,415739,0,0,2234.42,190.917,8611.06,8160.6,0,0
01:11:15:03:10:26,6466.4,6473.84,9.38061,0,9.38061,0,0,8160.75,415739,9743.43,0,0,0,415739,0,0,2255.3,190.933,8611.22,8160.75,0,0
01:11:15:03:10:27,6458.68,6480.42,9.38061,0,9.38061,0,0,8160.91,415739,9735.71,0,0,0,415739,0,0,2247.58,190.95,8611.38,8160.91,0,0
01:11:15:03:10:28,6481.85,6491.01,9.41769,0.00133514,9.38061,0,0,8161.06,415739,9758.88,0,0,0,415739,0,0,2270.75,190.967,8611.53,8161.06,0,0
01:11:15:03:10:29,6487.57,6504.45,9.34353,0,9.41769,0,0,8161.22,415739,9764.6,0,0,0,415739,0,0,2276.47,190.983,8611.69,8161.22,0,0
01:11:15:03:10:30,6509.89,6529.92,9.38061,0.0240326,9.34353,0,0,8161.38,415739,9786.92,0,0,0,415739,0,0,2298.79,191,8611.85,8161.38,0,0
01:11:15:03:10:31,6521.62,6534.78,9.41769,0.00801086,9.38061,0,0,8161.53,415739,9798.65,0,0,0,415739,0,0,2310.52,191.017,8612,8161.53,0,0
01:11:15:03:10:32,6539.36,6560.53,9.34353,0.0160217,9.41769,0,0,8161.69,415739,9816.39,0,0,0,415739,0,0,2328.26,191.033,8612.16,8161.69,0,0
01:11:15:03:10:33,6548.51,6562.25,9.38061,0.00534058,9.34353,0,0,8161.85,415739,9825.54,0,0,0,415739,0,0,2337.41,191.05,8612.32,8161.85,0,0
01:11:15:03:10:34,6558.53,6579.41,9.41769,0.0160217,9.38061,0,0,8162,415739,9835.56,0,0,0,415739,0,0,2347.43,191.067,8612.47,8162,0,0
01:11:15:03:10:35,6570.54,6584.56,9.38061,0.00133514,9.41769,0,0,8162.16,415739,9847.57,0,0,0,415739,0,0,2359.44,191.083,8612.63,8162.16,0,0
01:11:15:03:10:36,6568.83,6587.71,9.38061,0.0106792,9.38061,0,0,8162.32,415739,9845.86,0,0,0,415739,0,0,2357.73,191.1,8612.79,8162.32,0,0
01:11:15:03:10:37,6584.85,6602.01,9.38061,0.00400543,9.38061,0,0,8162.47,415739,9861.88,0,0,0,415739,0,0,2373.75,191.117,8612.94,8162.47,0,0
01:11:15:03:10:38,6602.87,6619.47,9.38061,0.00400543,9.38061,0,0,8162.63,415739,9879.9,0,0,0,415739,0,0,2391.77,191.133,8613.1,8162.63,0,0
01:11:15:03:10:39,6612.6,6631.2,9.38061,0.0133514,9.38061,0,0,8162.79,415739,9889.63,0,0,0,415739,0,0,2401.5,191.15,8613.26,8162.79,0,0
01:11:15:03:10:40,6626.91,6640.64,9.41769,0.00534058,9.38061,0,0,8162.94,415739,9903.93,0,0,0,415739,0,0,2415.81,191.167,8613.41,8162.94,0,0
01:11:15:03:10:41,6630.34,6650.94,9.38061,0.0146866,9.41769,0,0,8163.1,415739,9907.37,0,0,0,415739,0,0,2419.24,191.183,8613.57,8163.1,0,0
01:11:15:03:10:42,6646.36,6658.66,9.38061,0.0120163,9.38061,0,0,8163.26,415739,9923.39,0,0,0,415739,0,0,2435.26,191.2,8613.73,8163.26,0,0
01:11:15:03:10:43,6649.22,6671.54,9.34353,0.0587482,9.38061,0,0,8163.41,415739,9926.25,0,0,0,415739,0,0,2438.12,191.217,8613.88,8163.41,0,0
01:11:15:03:10:44,6670.96,6677.83,9.41769,0.037384,9.34353,0,0,8163.57,415739,9947.99,0,0,0,415739,0,0,2459.86,191.233,8614.04,8163.57,0,0
01:11:15:03:10:45,6670.11,6693.57,9.38061,0.0387192,9.41769,0,0,8163.73,415739,9947.14,0,0,0,415739,0,0,2459.01,191.25,8614.2,8163.73,0,0
01:11:15:03:10:46,6683.55,6690.42,9.41769,0.0213623,9.38061,0,0,8163.88,415739,9960.58,0,0,0,415739,0,0,2472.45,191.267,8614.35,8163.88,0,0
01:11:15:03:10:47,6680.12,6703.58,9.38061,0.0106792,9.41769,0,0,8164.04,415739,9957.15,0,0,0,415739,0,0,2469.02,191.283,8614.51,8164.04,0,0
01:11:15:03:10:48,6660.67,6677.83,9.38061,0.0146866,9.38061,0,0,8164.2,415739,9937.69,0,0,0,415739,0,0,2449.57,191.3,8614.67,8164.2,0,0
01:11:15:03:10:49,6674.68,6694.14,9.34353,0.0146866,9.38061,0,0,8164.35,415739,9951.71,0,0,0,415739,0,0,2463.58,191.317,8614.82,8164.35,0,0
01:11:15:03:10:50,6704.15,6719.32,9.38061,0.018692,9.34353,0,0,8164.51,415739,9981.18,0,0,0,415739,0,0,2493.05,191.333,8614.98,8164.51,0,0
01:11:15:03:10:51,6704.44,6721.03,9.38061,0.0387192,9.38061,0,0,8164.66,415739,9981.47,0,0,0,415739,0,0,2493.34,191.35,8615.13,8164.66,0,0
01:11:15:03:10:52,6713.02,6728.19,9.41769,0.0173569,9.38061,0,0,8164.82,415739,9990.05,0,0,0,415739,0,0,2501.92,191.367,8615.29,8164.82,0,0
01:11:15:03:10:53,6716.74,6721.32,9.38061,0.00400543,9.41769,0,0,8164.98,415739,9993.77,0,0,0,415739,0,0,2505.64,191.383,8615.45,8164.98,0,0
01:11:15:03:10:54,6713.02,6737.91,9.41769,0.00534058,9.38061,0,0,8165.13,415739,9990.05,0,0,0,415739,0,0,2501.92,191.4,8615.6,8165.13,0,0
01:11:15:03:10:55,6736.2,6739.92,9.38061,0,9.41769,0,0,8165.29,415739,10013.2,0,0,0,415739,0,0,2525.1,191.417,8615.76,8165.29,0,0
01:11:15:03:10:56,6725.04,6750.21,9.38061,0,9.38061,0,0,8165.45,415739,10002.1,0,0,0,415739,0,0,2513.94,191.433,8615.92,8165.45,0,0
01:11:15:03:10:57,6735.91,6742.49,9.34353,0.018692,9.38061,0,0,8165.6,415739,10012.9,0,0,0,415739,0,0,2524.81,191.45,8616.07,8165.6,0,0
01:11:15:03:10:58,6733.33,6758.23,9.41769,0.018692,9.34353,0,0,8165.76,415739,10010.4,0,0,0,415739,0,0,2522.24,191.467,8616.23,8165.76,0,0
01:11:15:03:10:59,6747.07,6754.22,9.38061,0.0200272,9.41769,0,0,8165.92,415739,10024.1,0,0,0,415739,0,0,2535.97,191.483,8616.39,8165.92,0,0
01:11:15:03:11:00,6747.35,6770.53,9.41769,0.0333786,9.38061,0,0,8166.07,415739,10024.4,0,0,0,415739,0,0,2536.25,191.5,8616.54,8166.07,0,0
01:11:15:03:11:01,6755.36,6762.52,9.41769,0.0267029,9.41769,0,0,8166.23,415739,10032.4,0,0,0,415739,0,0,2544.27,191.517,8616.7,8166.23,0,0
01:11:15:03:11:02,6737.63,6760.8,9.38061,0.0226975,9.41769,0,0,8166.39,415739,10014.7,0,0,0,415739,0,0,2526.53,191.533,8616.86,8166.39,0,0
01:11:15:03:11:03,6753.93,6761.66,9.38061,0.0146866,9.38061,0,0,8166.54,415739,10031,0,0,0,415739,0,0,2542.83,191.55,8617.01,8166.54,0,0
01:11:15:03:11:04,6752.22,6774.25,9.38061,0.0200272,9.38061,0,0,8166.7,415739,10029.2,0,0,0,415739,0,0,2541.12,191.567,8617.17,8166.7,0,0
01:11:15:03:11:05,6762.23,6769.38,9.38061,0.0146866,9.38061,0,0,8166.86,415739,10039.3,0,0,0,415739,0,0,2551.13,191.583,8617.33,8166.86,0,0
01:11:15:03:11:06,6756.22,6778.82,9.38061,0.00667572,9.38061,0,0,8167.01,415739,10033.3,0,0,0,415739,0,0,2545.12,191.6,8617.48,8167.01,0,0
01:11:15:03:11:07,6758.8,6775.68,9.38061,0.00133514,9.38061,0,0,8167.17,415739,10035.8,0,0,0,415739,0,0,2547.7,191.617,8617.64,8167.17,0,0
01:11:15:03:11:08,6752.22,6765.09,9.38061,0.0146866,9.38061,0,0,8167.33,415739,10029.2,0,0,0,415739,0,0,2541.12,191.633,8617.79,8167.33,0,0
01:11:15:03:11:09,6759.66,6777.11,9.38061,0.0200272,9.38061,0,0,8167.48,415739,10036.7,0,0,0,415739,0,0,2548.56,191.65,8617.95,8167.48,0,0
01:11:15:03:11:10,6757.08,6768.53,9.38061,0,9.38061,0,0,8167.64,415739,10034.1,0,0,0,415739,0,0,2545.98,191.667,8618.11,8167.64,0,0
01:11:15:03:11:11,6759.66,6775.68,9.38061,0.0106792,9.38061,0,0,8167.8,415739,10036.7,0,0,0,415739,0,0,2548.56,191.683,8618.26,8167.8,0,0
01:11:15:03:11:12,6761.09,6765.95,9.38061,0.0173569,9.38061,0,0,8167.95,415739,10038.1,0,0,0,415739,0,0,2549.99,191.7,8618.42,8167.95,0,0
01:11:15:03:11:13,6747.93,6771.67,9.38061,0,9.38061,0,0,8168.11,415739,10025,0,0,0,415739,0,0,2536.83,191.717,8618.58,8168.11,0,0
01:11:15:03:11:14,6759.66,6765.66,9.38061,0.00267029,9.38061,0,0,8168.27,415739,10036.7,0,0,0,415739,0,0,2548.56,191.733,8618.73,8168.27,0,0
01:11:15:03:11:15,6739.34,6760.8,9.41769,0,9.38061,0,0,8168.42,415739,10016.4,0,0,0,415739,0,0,2528.24,191.75,8618.89,8168.42,0,0
01:11:15:03:11:16,6741.63,6746.78,9.38061,0.00934601,9.41769,0,0,8168.58,415739,10018.7,0,0,0,415739,0,0,2530.53,191.767,8619.05,8168.58,0,0
01:11:15:03:11:17,6734.19,6755.94,9.38061,0.00400543,9.38061,0,0,8168.74,415739,10011.2,0,0,0,415739,0,0,2523.09,191.783,8619.21,8168.74,0,0
01:11:15:03:11:18,6743.63,6749.93,9.38061,0.0120163,9.38061,0,0,8168.89,415739,10020.7,0,0,0,415739,0,0,2532.53,191.8,8619.36,8168.89,0,0
01:11:15:03:11:19,6735.62,6758.51,9.38061,0,9.38061,0,0,8169.05,415739,10012.7,0,0,0,415739,0,0,2524.52,191.817,8619.52,8169.05,0,0
01:11:15:03:11:20,6741.92,6748.78,9.38061,0.00267029,9.38061,0,0,8169.21,415739,10018.9,0,0,0,415739,0,0,2530.82,191.833,8619.67,8169.21,0,0
01:11:15:03:11:21,6734.19,6757.08,9.41769,0.0200272,9.38061,0,0,8169.36,415739,10011.2,0,0,0,415739,0,0,2523.09,191.85,8619.83,8169.36,0,0
01:11:15:03:11:22,6741.06,6749.36,9.38061,0.0226975,9.41769,0,0,8169.52,415739,10018.1,0,0,0,415739,0,0,2529.96,191.867,8619.99,8169.52,0,0
01:11:15:03:11:23,6736.48,6759.66,9.41769,0.0146866,9.38061,0,0,8169.68,415739,10013.5,0,0,0,415739,0,0,2525.38,191.883,8620.14,8169.68,0,0
01:11:15:03:11:24,6744.21,6749.64,9.41769,0.0333786,9.41769,0,0,8169.83,415739,10021.2,0,0,0,415739,0,0,2533.11,191.9,8620.3,8169.83,0,0
01:11:15:03:11:25,6739.06,6760.8,9.34353,0.0120163,9.41769,0,0,8169.99,415739,10016.1,0,0,0,415739,0,0,2527.96,191.917,8620.46,8169.99,0,0
01:11:15:03:11:26,6745.35,6751.65,9.41769,0.0213623,9.34353,0,0,8170.15,415739,10022.4,0,0,0,415739,0,0,2534.25,191.933,8620.61,8170.15,0,0
01:11:15:03:11:27,6741.06,6753.36,9.41769,0.018692,9.41769,0,0,8170.3,415739,10018.1,0,0,0,415739,0,0,2529.96,191.95,8620.77,8170.3,0,0
01:11:15:03:11:28,6744.21,6760.8,9.34353,0.018692,9.41769,0,0,8170.46,415739,10021.2,0,0,0,415739,0,0,2533.11,191.967,8620.93,8170.46,0,0
01:11:15:03:11:29,6741.06,6753.36,9.34353,0.0320435,9.34353,0,0,8170.61,415739,10018.1,0,0,0,415739,0,0,2529.96,191.983,8621.08,8170.61,0,0
01:11:15:03:11:30,6745.64,6763.66,9.41769,0.00267029,9.34353,0,0,8170.77,415739,10022.7,0,0,0,415739,0,0,2534.54,192,8621.24,8170.77,0,0
01:11:15:03:11:31,6745.07,6751.36,9.41769,0,9.41769,0,0,8170.93,415739,10022.1,0,0,0,415739,0,0,2533.97,192.017,8621.4,8170.93,0,0
01:11:15:03:11:32,6725.04,6748.5,9.41769,0.00667572,9.41769,0,0,8171.08,415739,10002.1,0,0,0,415739,0,0,2513.94,192.033,8621.55,8171.08,0,0
01:11:15:03:11:33,6730.76,6738.77,9.34353,0,9.41769,0,0,8171.24,415739,10007.8,0,0,0,415739,0,0,2519.66,192.05,8621.71,8171.24,0,0
01:11:15:03:11:34,6724.75,6747.93,9.34353,0,9.34353,0,0,8171.4,415739,10001.8,0,0,0,415739,0,0,2513.65,192.067,8621.87,8171.4,0,0
01:11:15:03:11:35,6731.05,6738.48,9.38061,0.00400543,9.34353,0,0,8171.55,415739,10008.1,0,0,0,415739,0,0,2519.95,192.083,8622.02,8171.55,0,0
01:11:15:03:11:36,6726.18,6748.21,9.41769,0.0173569,9.38061,0,0,8171.71,415739,10003.2,0,0,0,415739,0,0,2515.08,192.1,8622.18,8171.71,0,0
01:11:15:03:11:37,6730.47,6739.63,9.38061,0.00267029,9.41769,0,0,8171.87,415739,10007.5,0,0,0,415739,0,0,2519.37,192.117,8622.33,8171.87,0,0
01:11:15:03:11:38,6729.04,6751.07,9.38061,0,9.38061,0,0,8172.02,415739,10006.1,0,0,0,415739,0,0,2517.94,192.133,8622.49,8172.02,0,0
01:11:15:03:11:39,6733.91,6741.92,9.41769,0.00534058,9.38061,0,0,8172.18,415739,10010.9,0,0,0,415739,0,0,2522.81,192.15,8622.65,8172.18,0,0
01:11:15:03:11:40,6731.9,6752.79,9.34353,0,9.41769,0,0,8172.34,415739,10008.9,0,0,0,415739,0,0,2520.81,192.167,8622.8,8172.34,0,0
01:11:15:03:11:41,6730.76,6740.49,9.41769,0.0106792,9.34353,0,0,8172.49,415739,10007.8,0,0,0,415739,0,0,2519.66,192.183,8622.96,8172.49,0,0
01:11:15:03:11:42,6728.47,6750.5,9.38061,0.0133514,9.41769,0,0,8172.65,415739,10005.5,0,0,0,415739,0,0,2517.37,192.2,8623.12,8172.65,0,0
01:11:15:03:11:43,6733.91,6742.49,9.41769,0.00667572,9.38061,0,0,8172.81,415739,10010.9,0,0,0,415739,0,0,2522.81,192.217,8623.27,8172.81,0,0
01:11:15:03:11:44,6734.19,6755.08,9.41769,0.018692,9.41769,0,0,8172.96,415739,10011.2,0,0,0,415739,0,0,2523.09,192.233,8623.43,8172.96,0,0
01:11:15:03:11:45,6740.77,6749.64,9.38061,0,9.41769,0,0,8173.12,415739,10017.8,0,0,0,415739,0,0,2529.67,192.25,8623.59,8173.12,0,0
01:11:15:03:11:46,6741.92,6752.5,9.38061,0,9.38061,0,0,8173.28,415739,10018.9,0,0,0,415739,0,0,2530.82,192.267,8623.75,8173.28,0,0
01:11:15:03:11:47,6738.48,6756.51,9.41769,0,9.38061,0,0,8173.43,415739,10015.5,0,0,0,415739,0,0,2527.39,192.283,8623.9,8173.43,0,0
01:11:15:03:11:48,6742.2,6755.36,9.41769,0,9.41769,0,0,8173.59,415739,10019.2,0,0,0,415739,0,0,2531.1,192.3,8624.06,8173.59,0,0
01:11:15:03:11:49,6748.21,6767.67,9.38061,0,9.41769,0,0,8173.75,415739,10025.2,0,0,0,415739,0,0,2537.11,192.317,8624.21,8173.75,0,0
01:11:15:03:11:50,6753.36,6764.23,9.38061,0,9.38061,0,0,8173.9,415739,10030.4,0,0,0,415739,0,0,2542.26,192.333,8624.37,8173.9,0,0
01:11:15:03:11:51,6753.36,6774.82,9.34353,0.0133514,9.38061,0,0,8174.06,415739,10030.4,0,0,0,415739,0,0,2542.26,192.35,8624.53,8174.06,0,0
01:11:15:03:11:52,6759.94,6770.81,9.34353,0,9.34353,0,0,8174.21,415739,10037,0,0,0,415739,0,0,2548.84,192.367,8624.68,8174.21,0,0
01:11:15:03:11:53,6761.95,6780.54,9.38061,0.00667572,9.34353,0,0,8174.37,415739,10039,0,0,0,415739,0,0,2550.85,192.383,8624.84,8174.37,0,0
01:11:15:03:11:54,6767.67,6779.68,9.38061,0,9.38061,0,0,8174.53,415739,10044.7,0,0,0,415739,0,0,2556.57,192.4,8625,8174.53,0,0
01:11:15:03:11:55,6770.24,6789.13,9.38061,0,9.38061,0,0,8174.68,415739,10047.3,0,0,0,415739,0,0,2559.14,192.417,8625.15,8174.68,0,0
01:11:15:03:11:56,6776.54,6788.84,9.41769,0,9.38061,0,0,8174.84,415739,10053.6,0,0,0,415739,0,0,2565.44,192.433,8625.31,8174.84,0,0
01:11:15:03:11:57,6771.67,6791.13,9.38061,0.0146866,9.41769,0,0,8175,415739,10048.7,0,0,0,415739,0,0,2560.57,192.45,8625.47,8175,0,0
01:11:15:03:11:58,6775.11,6787.98,9.38061,0.00667572,9.38061,0,0,8175.15,415739,10052.1,0,0,0,415739,0,0,2564.01,192.467,8625.62,8175.15,0,0
01:11:15:03:11:59,6781.4,6800,9.38061,0.00801086,9.38061,0,0,8175.31,415739,10058.4,0,0,0,415739,0,0,2570.3,192.483,8625.78,8175.31,0,0
01:11:15:03:12:00,6781.69,6797.14,9.38061,0,9.38061,0,0,8175.47,415739,10058.7,0,0,0,415739,0,0,2570.59,192.5,8625.94,8175.47,0,0
01:11:15:03:12:01,6787.12,6804.29,9.38061,0,9.38061,0,0,8175.62,415739,10064.2,0,0,0,415739,0,0,2576.02,192.517,8626.09,8175.62,0,0
01:11:15:03:12:02,6786.55,6804,9.38061,0.00801086,9.38061,0,0,8175.78,415739,10063.6,0,0,0,415739,0,0,2575.45,192.533,8626.25,8175.78,0,0
01:11:15:03:12:03,6787.98,6804.86,9.41769,0,9.38061,0,0,8175.94,415739,10065,0,0,0,415739,0,0,2576.88,192.55,8626.41,8175.94,0,0
01:11:15:03:12:04,6787.41,6804.86,9.38061,0.0173569,9.41769,0,0,8176.09,415739,10064.4,0,0,0,415739,0,0,2576.31,192.567,8626.56,8176.09,0,0
01:11:15:03:12:05,6793.7,6806.86,9.41769,0,9.38061,0,0,8176.25,415739,10070.7,0,0,0,415739,0,0,2582.6,192.583,8626.72,8176.25,0,0
01:11:15:03:12:06,6792.84,6815.16,9.38061,0.0120163,9.41769,0,0,8176.41,415739,10069.9,0,0,0,415739,0,0,2581.74,192.6,8626.88,8176.41,0,0
01:11:15:03:12:07,6802.57,6813.44,9.41769,0,9.38061,0,0,8176.56,415739,10079.6,0,0,0,415739,0,0,2591.47,192.617,8627.03,8176.56,0,0
01:11:15:03:12:08,6801.43,6822.03,9.38061,0.0267029,9.41769,0,0,8176.72,415739,10078.5,0,0,0,415739,0,0,2590.33,192.633,8627.19,8176.72,0,0
01:11:15:03:12:09,6794.85,6810.58,9.34353,0.0133514,9.38061,0,0,8176.88,415739,10071.9,0,0,0,415739,0,0,2583.75,192.65,8627.34,8176.88,0,0
01:11:15:03:12:10,6800.28,6818.02,9.41769,0.00801086,9.34353,0,0,8177.03,415739,10077.3,0,0,0,415739,0,0,2589.18,192.667,8627.5,8177.03,0,0
01:11:15:03:12:11,6805.72,6822.03,9.34353,0.0226975,9.41769,0,0,8177.19,415739,10082.7,0,0,0,415739,0,0,2594.62,192.683,8627.66,8177.19,0,0
01:11:15:03:12:12,6815.16,6830.04,9.41769,0.0707626,9.34353,0,0,8177.34,415739,10092.2,0,0,0,415739,0,0,2604.06,192.7,8627.81,8177.34,0,0
01:11:15:03:12:13,6815.16,6834.04,9.38061,0,9.41769,0,0,8177.5,415739,10092.2,0,0,0,415739,0,0,2604.06,192.717,8627.97,8177.5,0,0
01:11:15:03:12:14,6825.46,6838.05,9.34353,0.0106792,9.38061,0,0,8177.66,415739,10102.5,0,0,0,415739,0,0,2614.36,192.733,8628.13,8177.66,0,0
01:11:15:03:12:15,6822.31,6845.2,9.34353,0.0387192,9.34353,0,0,8177.81,415739,10099.3,0,0,0,415739,0,0,2611.21,192.75,8628.28,8177.81,0,0
01:11:15:03:12:16,6834.62,6844.91,9.41769,0.0413895,9.34353,0,0,8177.97,415739,10111.6,0,0,0,415739,0,0,2623.52,192.767,8628.44,8177.97,0,0
01:11:15:03:12:17,6818.88,6839.48,9.34353,0.00667572,9.41769,0,0,8178.13,415739,10095.9,0,0,0,415739,0,0,2607.78,192.783,8628.6,8178.13,0,0
01:11:15:03:12:18,6826.89,6835.76,9.41769,0.00801086,9.34353,0,0,8178.28,415739,10103.9,0,0,0,415739,0,0,2615.79,192.8,8628.75,8178.28,0,0
01:11:15:03:12:19,6824.6,6845.77,9.41769,0.018692,9.41769,0,0,8178.44,415739,10101.6,0,0,0,415739,0,0,2613.5,192.817,8628.91,8178.44,0,0
01:11:15:03:12:20,6839.19,6848.35,9.34353,0.00801086,9.41769,0,0,8178.6,415739,10116.2,0,0,0,415739,0,0,2628.09,192.833,8629.07,8178.6,0,0
01:11:15:03:12:21,6828.89,6852.35,9.41769,0.0160217,9.34353,0,0,8178.75,415739,10105.9,0,0,0,415739,0,0,2617.79,192.85,8629.22,8178.75,0,0
01:11:15:03:12:22,6832.61,6842.91,9.38061,0.0267029,9.41769,0,0,8178.91,415739,10109.6,0,0,0,415739,0,0,2621.51,192.867,8629.38,8178.91,0,0
01:11:15:03:12:23,6820.6,6844.34,9.38061,0,9.38061,0,0,8179.07,415739,10097.6,0,0,0,415739,0,0,2609.5,192.883,8629.54,8179.07,0,0
01:11:15:03:12:24,6826.32,6838.91,9.41769,0.0160217,9.38061,0,0,8179.22,415739,10103.3,0,0,0,415739,0,0,2615.22,192.9,8629.69,8179.22,0,0
01:11:15:03:12:25,6818.88,6840.05,9.38061,0.028038,9.41769,0,0,8179.38,415739,10095.9,0,0,0,415739,0,0,2607.78,192.917,8629.85,8179.38,0,0
01:11:15:03:12:26,6831.47,6842.63,9.38061,0.0360508,9.38061,0,0,8179.54,415739,10108.5,0,0,0,415739,0,0,2620.37,192.933,8630,8179.54,0,0
01:11:15:03:12:27,6812.87,6835.47,9.38061,0.00400543,9.38061,0,0,8179.69,415739,10089.9,0,0,0,415739,0,0,2601.77,192.95,8630.16,8179.69,0,0
01:11:15:03:12:28,6812.58,6825.17,9.41769,0,9.38061,0,0,8179.85,415739,10089.6,0,0,0,415739,0,0,2601.49,192.967,8630.32,8179.85,0,0
01:11:15:03:12:29,6814.02,6826.03,9.38061,0.00667572,9.41769,0,0,8180.01,415739,10091,0,0,0,415739,0,0,2602.92,192.983,8630.48,8180.01,0,0
01:11:15:03:12:30,6806.86,6828.61,9.38061,0.0133514,9.38061,0,0,8180.16,415739,10083.9,0,0,0,415739,0,0,2595.76,193,8630.63,8180.16,0,0
01:11:15:03:12:31,6807.15,6820.88,9.41769,0.00534058,9.38061,0,0,8180.32,415739,10084.2,0,0,0,415739,0,0,2596.05,193.017,8630.79,8180.32,0,0
01:11:15:03:12:32,6798.85,6821.45,9.38061,0.00400543,9.41769,0,0,8180.48,415739,10075.9,0,0,0,415739,0,0,2587.75,193.033,8630.95,8180.48,0,0
01:11:15:03:12:33,6801.14,6812.3,9.38061,0.0106792,9.38061,0,0,8180.63,415739,10078.2,0,0,0,415739,0,0,2590.04,193.05,8631.1,8180.63,0,0
01:11:15:03:12:34,6792.27,6813.16,9.41769,0,9.38061,0,0,8180.79,415739,10069.3,0,0,0,415739,0,0,2581.17,193.067,8631.26,8180.79,0,0
01:11:15:03:12:35,6802,6812.3,9.38061,0,9.41769,0,0,8180.95,415739,10079,0,0,0,415739,0,0,2590.9,193.083,8631.42,8180.95,0,0
01:11:15:03:12:36,6791.13,6812.3,9.38061,0,9.38061,0,0,8181.1,415739,10068.2,0,0,0,415739,0,0,2580.03,193.1,8631.57,8181.1,0,0
01:11:15:03:12:37,6798.85,6809.15,9.38061,0,9.38061,0,0,8181.26,415739,10075.9,0,0,0,415739,0,0,2587.75,193.117,8631.73,8181.26,0,0
01:11:15:03:12:38,6791.13,6812.3,9.38061,0.00267029,9.38061,0,0,8181.42,415739,10068.2,0,0,0,415739,0,0,2580.03,193.133,8631.88,8181.42,0,0
01:11:15:03:12:39,6800.57,6810.01,9.38061,0,9.38061,0,0,8181.57,415739,10077.6,0,0,0,415739,0,0,2589.47,193.15,8632.04,8181.57,0,0
01:11:15:03:12:40,6791.7,6815.73,9.38061,0,9.38061,0,0,8181.73,415739,10068.7,0,0,0,415739,0,0,2580.6,193.167,8632.2,8181.73,0,0
01:11:15:03:12:41,6801.71,6812.3,9.41769,0,9.38061,0,0,8181.89,415739,10078.7,0,0,0,415739,0,0,2590.61,193.183,8632.35,8181.89,0,0
01:11:15:03:12:42,6795.99,6818.88,9.38061,0.00934601,9.41769,0,0,8182.04,415739,10073,0,0,0,415739,0,0,2584.89,193.2,8632.51,8182.04,0,0
01:11:15:03:12:43,6805.72,6817.73,9.38061,0.0120163,9.38061,0,0,8182.2,415739,10082.7,0,0,0,415739,0,0,2594.62,193.217,8632.67,8182.2,0,0
01:11:15:03:12:44,6793.99,6814.3,9.38061,0.0146866,9.38061,0,0,8182.36,415739,10071,0,0,0,415739,0,0,2582.89,193.233,8632.83,8182.36,0,0
01:11:15:03:12:45,6805.15,6818.88,9.41769,0.0200272,9.38061,0,0,8182.51,415739,10082.2,0,0,0,415739,0,0,2594.05,193.25,8632.98,8182.51,0,0
01:11:15:03:12:46,6798.57,6818.02,9.38061,0.0253696,9.41769,0,0,8182.67,415739,10075.6,0,0,0,415739,0,0,2587.47,193.267,8633.14,8182.67,0,0
01:11:15:03:12:47,6808.29,6821.17,9.38061,0.0240326,9.38061,0,0,8182.83,415739,10085.3,0,0,0,415739,0,0,2597.19,193.283,8633.29,8182.83,0,0
01:11:15:03:12:48,6810.01,6819.74,9.34353,0.00534058,9.38061,0,0,8182.98,415739,10087,0,0,0,415739,0,0,2598.91,193.3,8633.45,8182.98,0,0
01:11:15:03:12:49,6802,6824.6,9.41769,0.00400543,9.34353,0,0,8183.14,415739,10079,0,0,0,415739,0,0,2590.9,193.317,8633.61,8183.14,0,0
01:11:15:03:12:50,6810.87,6820.31,9.41769,0.00400543,9.41769,0,0,8183.29,415739,10087.9,0,0,0,415739,0,0,2599.77,193.333,8633.76,8183.29,0,0
01:11:15:03:12:51,6782.54,6805.43,9.34353,0.0133514,9.41769,0,0,8183.45,415739,10059.6,0,0,0,415739,0,0,2571.44,193.35,8633.92,8183.45,0,0
01:11:15:03:12:52,6793.99,6806,9.38061,0.00801086,9.34353,0,0,8183.61,415739,10071,0,0,0,415739,0,0,2582.89,193.367,8634.08,8183.61,0,0
01:11:15:03:12:53,6777.11,6801.43,9.38061,0,9.38061,0,0,8183.76,415739,10054.1,0,0,0,415739,0,0,2566.01,193.383,8634.23,8183.76,0,0
01:11:15:03:12:54,6782.26,6793.13,9.38061,0,9.38061,0,0,8183.92,415739,10059.3,0,0,0,415739,0,0,2571.16,193.4,8634.39,8183.92,0,0
01:11:15:03:12:55,6769.67,6792.84,9.41769,0,9.38061,0,0,8184.08,415739,10046.7,0,0,0,415739,0,0,2558.57,193.417,8634.55,8184.08,0,0
01:11:15:03:12:56,6776.54,6787.12,9.41769,0,9.41769,0,0,8184.23,415739,10053.6,0,0,0,415739,0,0,2565.44,193.433,8634.7,8184.23,0,0
01:11:15:03:12:57,6767.67,6791.7,9.34353,0,9.41769,0,0,8184.39,415739,10044.7,0,0,0,415739,0,0,2556.57,193.45,8634.86,8184.39,0,0
01:11:15:03:12:58,6780.54,6792.84,9.41769,0,9.34353,0,0,8184.55,415739,10057.6,0,0,0,415739,0,0,2569.44,193.467,8635.02,8184.55,0,0
01:11:15:03:12:59,6768.24,6791.99,9.38061,0,9.41769,0,0,8184.7,415739,10045.3,0,0,0,415739,0,0,2557.14,193.483,8635.17,8184.7,0,0
01:11:15:03:13:00,6773.68,6785.12,9.41769,0.00400543,9.38061,0,0,8184.86,415739,10050.7,0,0,0,415739,0,0,2562.58,193.5,8635.33,8184.86,0,0
01:11:15:03:13:01,6760.51,6781.97,9.38061,0.00267029,9.41769,0,0,8185.02,415739,10037.5,0,0,0,415739,0,0,2549.41,193.517,8635.49,8185.02,0,0
01:11:15:03:13:02,6765.09,6774.25,9.38061,0.0133514,9.38061,0,0,8185.17,415739,10042.1,0,0,0,415739,0,0,2553.99,193.533,8635.64,8185.17,0,0
01:11:15:03:13:03,6754.79,6774.53,9.38061,0.00801086,9.38061,0,0,8185.33,415739,10031.8,0,0,0,415739,0,0,2543.69,193.55,8635.8,8185.33,0,0
01:11:15:03:13:04,6759.08,6771.39,9.41769,0.0226975,9.38061,0,0,8185.49,415739,10036.1,0,0,0,415739,0,0,2547.98,193.567,8635.96,8185.49,0,0
01:11:15:03:13:05,6746.21,6767.38,9.41769,0.0413895,9.41769,0,0,8185.64,415739,10023.2,0,0,0,415739,0,0,2535.11,193.583,8636.11,8185.64,0,0
01:11:15:03:13:06,6755.08,6768.24,9.38061,0.0106792,9.41769,0,0,8185.8,415739,10032.1,0,0,0,415739,0,0,2543.98,193.6,8636.27,8185.8,0,0
01:11:15:03:13:07,6752.79,6765.66,9.38061,0.00534058,9.38061,0,0,8185.96,415739,10029.8,0,0,0,415739,0,0,2541.69,193.617,8636.43,8185.96,0,0
01:11:15:03:13:08,6741.63,6763.66,9.41769,0.0293751,9.38061,0,0,8186.11,415739,10018.7,0,0,0,415739,0,0,2530.53,193.633,8636.58,8186.11,0,0
01:11:15:03:13:09,6749.93,6763.09,9.41769,0.0387192,9.41769,0,0,8186.27,415739,10027,0,0,0,415739,0,0,2538.83,193.65,8636.74,8186.27,0,0
01:11:15:03:13:10,6740.77,6760.23,9.38061,0.018692,9.41769,0,0,8186.43,415739,10017.8,0,0,0,415739,0,0,2529.67,193.667,8636.9,8186.43,0,0
01:11:15:03:13:11,6745.64,6757.65,9.41769,0.0240326,9.38061,0,0,8186.58,415739,10022.7,0,0,0,415739,0,0,2534.54,193.683,8637.05,8186.58,0,0
01:11:15:03:13:12,6735.62,6757.94,9.38061,0.00667572,9.41769,0,0,8186.74,415739,10012.7,0,0,0,415739,0,0,2524.52,193.7,8637.21,8186.74,0,0
01:11:15:03:13:13,6745.07,6756.22,9.38061,0.0160217,9.38061,0,0,8186.9,415739,10022.1,0,0,0,415739,0,0,2533.97,193.717,8637.37,8186.9,0,0
01:11:15:03:13:14,6736.2,6760.23,9.41769,0.018692,9.38061,0,0,8187.05,415739,10013.2,0,0,0,415739,0,0,2525.1,193.733,8637.52,8187.05,0,0
01:11:15:03:13:15,6743.63,6755.65,9.38061,0.0226975,9.41769,0,0,8187.21,415739,10020.7,0,0,0,415739,0,0,2532.53,193.75,8637.68,8187.21,0,0
01:11:15:03:13:16,6736.77,6756.22,9.41769,0.04673,9.38061,0,0,8187.37,415739,10013.8,0,0,0,415739,0,0,2525.67,193.767,8637.83,8187.37,0,0
01:11:15:03:13:17,6741.06,6755.08,9.38061,0.0120163,9.41769,0,0,8187.52,415739,10018.1,0,0,0,415739,0,0,2529.96,193.783,8637.99,8187.52,0,0
01:11:15:03:13:18,6733.62,6756.8,9.38061,0.028038,9.38061,0,0,8187.68,415739,10010.6,0,0,0,415739,0,0,2522.52,193.8,8638.15,8187.68,0,0
01:11:15:03:13:19,6741.92,6753.08,9.38061,0.0494003,9.38061,0,0,8187.84,415739,10018.9,0,0,0,415739,0,0,2530.82,193.817,8638.31,8187.84,0,0
01:11:15:03:13:20,6733.33,6755.65,9.41769,0.00400543,9.38061,0,0,8187.99,415739,10010.4,0,0,0,415739,0,0,2522.24,193.833,8638.46,8187.99,0,0
01:11:15:03:13:21,6739.92,6753.08,9.41769,0.0120163,9.41769,0,0,8188.15,415739,10016.9,0,0,0,415739,0,0,2528.82,193.85,8638.62,8188.15,0,0
01:11:15:03:13:22,6731.62,6753.93,9.41769,0.0173569,9.41769,0,0,8188.31,415739,10008.6,0,0,0,415739,0,0,2520.52,193.867,8638.78,8188.31,0,0
01:11:15:03:13:23,6739.34,6753.93,9.38061,0,9.41769,0,0,8188.46,415739,10016.4,0,0,0,415739,0,0,2528.24,193.883,8638.93,8188.46,0,0
01:11:15:03:13:24,6731.62,6755.08,9.38061,0,9.38061,0,0,8188.62,415739,10008.6,0,0,0,415739,0,0,2520.52,193.9,8639.09,8188.62,0,0
01:11:15:03:13:25,6741.06,6753.36,9.41769,0,9.38061,0,0,8188.78,415739,10018.1,0,0,0,415739,0,0,2529.96,193.917,8639.25,8188.78,0,0
01:11:15:03:13:26,6733.33,6755.94,9.41769,0,9.41769,0,0,8188.93,415739,10010.4,0,0,0,415739,0,0,2522.24,193.933,8639.4,8188.93,0,0
01:11:15:03:13:27,6731.33,6752.22,9.41769,0,9.41769,0,0,8189.09,415739,10008.4,0,0,0,415739,0,0,2520.23,193.95,8639.56,8189.09,0,0
01:11:15:03:13:28,6740.77,6751.36,9.41769,0.00534058,9.41769,0,0,8189.25,415739,10017.8,0,0,0,415739,0,0,2529.67,193.967,8639.71,8189.25,0,0
01:11:15:03:13:29,6730.47,6753.08,9.41769,0,9.41769,0,0,8189.4,415739,10007.5,0,0,0,415739,0,0,2519.37,193.983,8639.87,8189.4,0,0
01:11:15:03:13:30,6739.06,6748.78,9.38061,0.0226975,9.41769,0,0,8189.56,415739,10016.1,0,0,0,415739,0,0,2527.96,194,8640.03,8189.56,0,0
01:11:15:03:13:31,6729.04,6751.36,9.41769,0.00534058,9.38061,0,0,8189.72,415739,10006.1,0,0,0,415739,0,0,2517.94,194.017,8640.18,8189.72,0,0
01:11:15:03:13:32,6739.92,6751.93,9.41769,0,9.41769,0,0,8189.87,415739,10016.9,0,0,0,415739,0,0,2528.82,194.033,8640.34,8189.87,0,0
01:11:15:03:13:33,6729.9,6753.93,9.38061,0,9.41769,0,0,8190.03,415739,10006.9,0,0,0,415739,0,0,2518.8,194.05,8640.5,8190.03,0,0
01:11:15:03:13:34,6736.2,6745.35,9.41769,0,9.38061,0,0,8190.19,415739,10013.2,0,0,0,415739,0,0,2525.1,194.067,8640.65,8190.19,0,0
01:11:15:03:13:35,6725.61,6747.64,9.41769,0,9.41769,0,0,8190.34,415739,10002.6,0,0,0,415739,0,0,2514.51,194.083,8640.81,8190.34,0,0
01:11:15:03:13:36,6737.05,6745.64,9.34353,0.0173569,9.41769,0,0,8190.5,415739,10014.1,0,0,0,415739,0,0,2525.95,194.1,8640.97,8190.5,0,0
01:11:15:03:13:37,6726.75,6749.64,9.41769,0.0253696,9.34353,0,0,8190.66,415739,10003.8,0,0,0,415739,0,0,2515.65,194.117,8641.13,8190.66,0,0
01:11:15:03:13:38,6733.91,6744.49,9.41769,0,9.41769,0,0,8190.81,415739,10010.9,0,0,0,415739,0,0,2522.81,194.133,8641.28,8190.81,0,0
01:11:15:03:13:39,6725.32,6749.07,9.38061,0,9.41769,0,0,8190.97,415739,10002.4,0,0,0,415739,0,0,2514.22,194.15,8641.44,8190.97,0,0
01:11:15:03:13:40,6732.48,6740.49,9.38061,0.00934601,9.38061,0,0,8191.13,415739,10009.5,0,0,0,415739,0,0,2521.38,194.167,8641.59,8191.13,0,0
01:11:15:03:13:41,6719.32,6742.78,9.38061,0.00534058,9.38061,0,0,8191.28,415739,9996.34,0,0,0,415739,0,0,2508.22,194.183,8641.75,8191.28,0,0
01:11:15:03:13:42,6731.62,6745.64,9.41769,0,9.38061,0,0,8191.44,415739,10008.6,0,0,0,415739,0,0,2520.52,194.2,8641.91,8191.44,0,0
01:11:15:03:13:43,6719.89,6741.35,9.41769,0.00934601,9.41769,0,0,8191.6,415739,9996.92,0,0,0,415739,0,0,2508.79,194.217,8642.06,8191.6,0,0
01:11:15:03:13:44,6735.62,6747.64,9.38061,0,9.41769,0,0,8191.75,415739,10012.7,0,0,0,415739,0,0,2524.52,194.233,8642.22,8191.75,0,0
01:11:15:03:13:45,6732.48,6753.36,9.38061,0.0146866,9.38061,0,0,8191.91,415739,10009.5,0,0,0,415739,0,0,2521.38,194.25,8642.38,8191.91,0,0
01:11:15:03:13:46,6743.63,6765.66,9.41769,0.0133514,9.38061,0,0,8192.07,415739,10020.7,0,0,0,415739,0,0,2532.53,194.267,8642.53,8192.07,0,0
01:11:15:03:13:47,6762.8,6773.1,9.38061,0,9.41769,0,0,8192.22,415739,10039.8,0,0,0,415739,0,0,2551.7,194.283,8642.69,8192.22,0,0
01:11:15:03:13:48,6756.22,6780.26,9.38061,0.00267029,9.38061,0,0,8192.38,415739,10033.3,0,0,0,415739,0,0,2545.12,194.3,8642.85,8192.38,0,0
01:11:15:03:13:49,6783.69,6794.27,9.38061,0,9.38061,0,0,8192.54,415739,10060.7,0,0,0,415739,0,0,2572.59,194.317,8643,8192.54,0,0
01:11:15:03:13:50,6787.41,6811.15,9.38061,0,9.38061,0,0,8192.69,415739,10064.4,0,0,0,415739,0,0,2576.31,194.333,8643.16,8192.69,0,0
01:11:15:03:13:51,6809.15,6815.16,9.38061,0.00801086,9.38061,0,0,8192.85,415739,10086.2,0,0,0,415739,0,0,2598.05,194.35,8643.32,8192.85,0,0
01:11:15:03:13:52,6806.29,6831.18,9.38061,0.00801086,9.38061,0,0,8193,415739,10083.3,0,0,0,415739,0,0,2595.19,194.367,8643.47,8193,0,0
01:11:15:03:13:53,6827.46,6833.47,9.38061,0.0320435,9.38061,0,0,8193.16,415739,10104.5,0,0,0,415739,0,0,2616.36,194.383,8643.63,8193.16,0,0
01:11:15:03:13:54,6824.6,6850.06,9.38061,0.0347137,9.38061,0,0,8193.32,415739,10101.6,0,0,0,415739,0,0,2613.5,194.4,8643.79,8193.32,0,0
01:11:15:03:13:55,6840.34,6847.78,9.38061,0.028038,9.38061,0,0,8193.47,415739,10117.4,0,0,0,415739,0,0,2629.24,194.417,8643.94,8193.47,0,0
01:11:15:03:13:56,6820.88,6846.92,9.38061,0.00934601,9.38061,0,0,8193.63,415739,10097.9,0,0,0,415739,0,0,2609.78,194.433,8644.1,8193.63,0,0
01:11:15:03:13:57,6840.91,6848.06,9.38061,0.00400543,9.38061,0,0,8193.79,415739,10117.9,0,0,0,415739,0,0,2629.81,194.45,8644.26,8193.79,0,0
01:11:15:03:13:58,6836.33,6861.51,9.38061,0,9.38061,0,0,8193.94,415739,10113.4,0,0,0,415739,0,0,2625.23,194.467,8644.41,8193.94,0,0
01:11:15:03:13:59,6839.19,6847.49,9.41769,0,9.38061,0,0,8194.1,415739,10116.2,0,0,0,415739,0,0,2628.09,194.483,8644.57,8194.1,0,0
01:11:15:03:14:00,6827.75,6841.77,9.38061,0,9.41769,0,0,8194.26,415739,10104.8,0,0,0,415739,0,0,2616.65,194.5,8644.73,8194.26,0,0
01:11:15:03:14:01,6831.18,6846.35,9.38061,0,9.38061,0,0,8194.41,415739,10108.2,0,0,0,415739,0,0,2620.08,194.517,8644.88,8194.41,0,0
01:11:15:03:14:02,6820.02,6835.76,9.38061,0,9.38061,0,0,8194.57,415739,10097.1,0,0,0,415739,0,0,2608.92,194.533,8645.04,8194.57,0,0
01:11:15:03:14:03,6828.03,6845.49,9.41769,0,9.38061,0,0,8194.73,415739,10105.1,0,0,0,415739,0,0,2616.94,194.55,8645.2,8194.73,0,0
01:11:15:03:14:04,6815.73,6830.04,9.38061,0,9.41769,0,0,8194.88,415739,10092.8,0,0,0,415739,0,0,2604.63,194.567,8645.35,8194.88,0,0
01:11:15:03:14:05,6809.72,6836.33,9.38061,0,9.38061,0,0,8195.04,415739,10086.8,0,0,0,415739,0,0,2598.62,194.583,8645.51,8195.04,0,0
01:11:15:03:14:06,6815.45,6822.03,9.41769,0.0160217,9.38061,0,0,8195.2,415739,10092.5,0,0,0,415739,0,0,2604.35,194.6,8645.67,8195.2,0,0
01:11:15:03:14:07,6802.86,6828.32,9.38061,0,9.41769,0,0,8195.35,415739,10079.9,0,0,0,415739,0,0,2591.76,194.617,8645.82,8195.35,0,0
01:11:15:03:14:08,6809.44,6816.3,9.38061,0.0213623,9.38061,0,0,8195.51,415739,10086.5,0,0,0,415739,0,0,2598.34,194.633,8645.98,8195.51,0,0
01:11:15:03:14:09,6795.42,6822.31,9.41769,0,9.38061,0,0,8195.67,415739,10072.4,0,0,0,415739,0,0,2584.32,194.65,8646.14,8195.67,0,0
01:11:15:03:14:10,6803.43,6809.44,9.38061,0,9.41769,0,0,8195.82,415739,10080.5,0,0,0,415739,0,0,2592.33,194.667,8646.29,8195.82,0,0
01:11:15:03:14:11,6788.84,6816.3,9.34353,0,9.38061,0,0,8195.98,415739,10065.9,0,0,0,415739,0,0,2577.74,194.683,8646.45,8195.98,0,0
01:11:15:03:14:12,6794.85,6801.43,9.41769,0,9.34353,0,0,8196.14,415739,10071.9,0,0,0,415739,0,0,2583.75,194.7,8646.61,8196.14,0,0
01:11:15:03:14:13,6782.26,6808.01,9.41769,0,9.41769,0,0,8196.29,415739,10059.3,0,0,0,415739,0,0,2571.16,194.717,8646.76,8196.29,0,0
01:11:15:03:14:14,6790.27,6797.71,9.38061,0,9.41769,0,0,8196.45,415739,10067.3,0,0,0,415739,0,0,2579.17,194.733,8646.92,8196.45,0,0
01:11:15:03:14:15,6776.82,6801.71,9.41769,0.00133514,9.38061,0,0,8196.61,415739,10053.9,0,0,0,415739,0,0,2565.72,194.75,8647.08,8196.61,0,0
01:11:15:03:14:16,6739.92,6744.49,9.41769,0,9.41769,0,0,8196.76,415739,10016.9,0,0,0,415739,0,0,2528.82,194.767,8647.23,8196.76,0,0
01:11:15:03:14:17,6740.77,6767.09,9.41769,0.0106792,9.41769,0,0,8196.92,415739,10017.8,0,0,0,415739,0,0,2529.67,194.783,8647.39,8196.92,0,0
01:11:15:03:14:18,6751.07,6759.94,9.38061,0,9.41769,0,0,8197.08,415739,10028.1,0,0,0,415739,0,0,2539.97,194.8,8647.55,8197.08,0,0
01:11:15:03:14:19,6737.91,6756.22,9.34353,0.0120163,9.38061,0,0,8197.23,415739,10014.9,0,0,0,415739,0,0,2526.81,194.817,8647.7,8197.23,0,0
01:11:15:03:14:20,6747.93,6764.52,9.38061,0,9.34353,0,0,8197.39,415739,10025,0,0,0,415739,0,0,2536.83,194.833,8647.86,8197.39,0,0
01:11:15:03:14:21,6732.48,6745.64,9.41769,0.00801086,9.38061,0,0,8197.54,415739,10009.5,0,0,0,415739,0,0,2521.38,194.85,8648.01,8197.54,0,0
01:11:15:03:14:22,6737.34,6754.79,9.38061,0.0293751,9.41769,0,0,8197.7,415739,10014.4,0,0,0,415739,0,0,2526.24,194.867,8648.17,8197.7,0,0
01:11:15:03:14:23,6726.75,6746.21,9.41769,0,9.38061,0,0,8197.86,415739,10003.8,0,0,0,415739,0,0,2515.65,194.883,8648.33,8197.86,0,0
01:11:15:03:14:24,6724.18,6752.5,9.38061,0.0106792,9.41769,0,0,8198.01,415739,10001.2,0,0,0,415739,0,0,2513.08,194.9,8648.48,8198.01,0,0
01:11:15:03:14:25,6735.05,6743.35,9.41769,0.00267029,9.38061,0,0,8198.17,415739,10012.1,0,0,0,415739,0,0,2523.95,194.917,8648.64,8198.17,0,0
01:11:15:03:14:26,6723.04,6751.65,9.38061,0,9.41769,0,0,8198.33,415739,10000.1,0,0,0,415739,0,0,2511.94,194.933,8648.8,8198.33,0,0
01:11:15:03:14:27,6731.33,6740.49,9.38061,0.018692,9.38061,0,0,8198.48,415739,10008.4,0,0,0,415739,0,0,2520.23,194.95,8648.95,8198.48,0,0
01:11:15:03:14:28,6719.32,6746.21,9.41769,0,9.38061,0,0,8198.64,415739,9996.34,0,0,0,415739,0,0,2508.22,194.967,8649.11,8198.64,0,0
01:11:15:03:14:29,6724.75,6733.05,9.38061,0,9.41769,0,0,8198.8,415739,10001.8,0,0,0,415739,0,0,2513.65,194.983,8649.27,8198.8,0,0
01:11:15:03:14:30,6715.31,6744.21,9.38061,0,9.38061,0,0,8198.95,415739,9992.34,0,0,0,415739,0,0,2504.21,195,8649.42,8198.95,0,0
01:11:15:03:14:31,6723.89,6732.76,9.38061,0,9.38061,0,0,8199.11,415739,10000.9,0,0,0,415739,0,0,2512.79,195.017,8649.58,8199.11,0,0
01:11:15:03:14:32,6715.31,6743.63,9.38061,0,9.38061,0,0,8199.27,415739,9992.34,0,0,0,415739,0,0,2504.21,195.033,8649.74,8199.27,0,0
01:11:15:03:14:33,6724.47,6732.48,9.38061,0.00667572,9.38061,0,0,8199.42,415739,10001.5,0,0,0,415739,0,0,2513.37,195.05,8649.89,8199.42,0,0
01:11:15:03:14:34,6721.32,6747.64,9.38061,0.00934601,9.38061,0,0,8199.58,415739,9998.35,0,0,0,415739,0,0,2510.22,195.067,8650.05,8199.58,0,0
01:11:15:03:14:35,6730.76,6738.2,9.38061,0.00133514,9.38061,0,0,8199.74,415739,10007.8,0,0,0,415739,0,0,2519.66,195.083,8650.21,8199.74,0,0
01:11:15:03:14:36,6717.89,6746.21,9.38061,0.0146866,9.38061,0,0,8199.89,415739,9994.92,0,0,0,415739,0,0,2506.79,195.1,8650.36,8199.89,0,0
01:11:15:03:14:37,6733.91,6742.78,9.38061,0,9.38061,0,0,8200.05,415739,10010.9,0,0,0,415739,0,0,2522.81,195.117,8650.52,8200.05,0,0
01:11:15:03:14:38,6729.04,6755.94,9.38061,0.0106792,9.38061,0,0,8200.21,415739,10006.1,0,0,0,415739,0,0,2517.94,195.133,8650.68,8200.21,0,0
01:11:15:03:14:39,6747.64,6763.38,9.38061,0.00934601,9.38061,0,0,8200.36,415739,10024.7,0,0,0,415739,0,0,2536.54,195.15,8650.83,8200.36,0,0
01:11:15:03:14:40,6745.92,6763.66,9.38061,0,9.38061,0,0,8200.52,415739,10023,0,0,0,415739,0,0,2534.82,195.167,8650.99,8200.52,0,0
01:11:15:03:14:41,6762.23,6779.11,9.41769,0,9.38061,0,0,8200.68,415739,10039.3,0,0,0,415739,0,0,2551.13,195.183,8651.15,8200.68,0,0
01:11:15:03:14:42,6762.8,6779.97,9.38061,0,9.41769,0,0,8200.83,415739,10039.8,0,0,0,415739,0,0,2551.7,195.2,8651.3,8200.83,0,0
01:11:15:03:14:43,6765.09,6792.27,9.38061,0,9.38061,0,0,8200.99,415739,10042.1,0,0,0,415739,0,0,2553.99,195.217,8651.46,8200.99,0,0
01:11:15:03:14:44,6795.71,6803.72,9.38061,0,9.38061,0,0,8201.15,415739,10072.7,0,0,0,415739,0,0,2584.61,195.233,8651.62,8201.15,0,0
01:11:15:03:14:45,6795.13,6821.17,9.38061,0,9.38061,0,0,8201.3,415739,10072.2,0,0,0,415739,0,0,2584.03,195.25,8651.77,8201.3,0,0
01:11:15:03:14:46,6818.02,6828.32,9.38061,0,9.38061,0,0,8201.46,415739,10095,0,0,0,415739,0,0,2606.92,195.267,8651.93,8201.46,0,0
01:11:15:03:14:47,6841.77,6868.37,9.38061,0,9.38061,0,0,8201.62,415739,10118.8,0,0,0,415739,0,0,2630.67,195.283,8652.09,8201.62,0,0
01:11:15:03:14:48,6850.92,6861.22,9.38061,0,9.38061,0,0,8201.77,415739,10128,0,0,0,415739,0,0,2639.82,195.3,8652.24,8201.77,0,0
01:11:15:03:14:49,6860.36,6882.97,9.38061,0,9.38061,0,0,8201.93,415739,10137.4,0,0,0,415739,0,0,2649.26,195.317,8652.4,8201.93,0,0
01:11:15:03:14:50,6874.96,6890.4,9.38061,0,9.38061,0,0,8202.09,415739,10152,0,0,0,415739,0,0,2663.86,195.333,8652.56,8202.09,0,0
01:11:15:03:14:51,6875.81,6899.27,9.38061,0,9.38061,0,0,8202.24,415739,10152.8,0,0,0,415739,0,0,2664.71,195.35,8652.71,8202.24,0,0
01:11:15:03:14:52,6893.27,6908.14,9.38061,0.0106792,9.38061,0,0,8202.4,415739,10170.3,0,0,0,415739,0,0,2682.17,195.367,8652.87,8202.4,0,0
01:11:15:03:14:53,6899.56,6919.01,9.41769,0.0160217,9.38061,0,0,8202.56,415739,10176.6,0,0,0,415739,0,0,2688.46,195.383,8653.03,8202.56,0,0
01:11:15:03:14:54,6909.29,6927.88,9.38061,0.0133514,9.41769,0,0,8202.71,415739,10186.3,0,0,0,415739,0,0,2698.19,195.4,8653.18,8202.71,0,0
01:11:15:03:14:55,6914.15,6931.89,9.38061,0,9.38061,0,0,8202.87,415739,10191.2,0,0,0,415739,0,0,2703.05,195.417,8653.34,8202.87,0,0
01:11:15:03:14:56,6896.13,6917.3,9.34353,0.00400543,9.38061,0,0,8203.03,415739,10173.2,0,0,0,415739,0,0,2685.03,195.433,8653.5,8203.03,0,0
01:11:15:03:14:57,6913.86,6931.6,9.34353,0,9.34353,0,0,8203.18,415739,10190.9,0,0,0,415739,0,0,2702.76,195.45,8653.65,8203.18,0,0
01:11:15:03:14:58,6913.58,6936.75,9.38061,0.00667572,9.34353,0,0,8203.34,415739,10190.6,0,0,0,415739,0,0,2702.48,195.467,8653.81,8203.34,0,0
01:11:15:03:14:59,6925.88,6939.9,9.38061,0.0226975,9.38061,0,0,8203.49,415739,10202.9,0,0,0,415739,0,0,2714.78,195.483,8653.96,8203.49,0,0
01:11:15:03:15:00,6922.16,6944.76,9.41769,0.0106792,9.38061,0,0,8203.65,415739,10199.2,0,0,0,415739,0,0,2711.06,195.5,8654.12,8203.65,0,0
01:11:15:03:15:01,6920.73,6936.47,9.38061,0.0320435,9.41769,0,0,8203.81,415739,10197.8,0,0,0,415739,0,0,2709.63,195.517,8654.28,8203.81,0,0
01:11:15:03:15:02,6916.44,6939.9,9.41769,0.0240326,9.38061,0,0,8203.96,415739,10193.5,0,0,0,415739,0,0,2705.34,195.533,8654.43,8203.96,0,0
01:11:15:03:15:03,6917.87,6938.47,9.41769,0.00667572,9.41769,0,0,8204.12,415739,10194.9,0,0,0,415739,0,0,2706.77,195.55,8654.59,8204.12,0,0
01:11:15:03:15:04,6926.17,6941.33,9.34353,0,9.41769,0,0,8204.28,415739,10203.2,0,0,0,415739,0,0,2715.07,195.567,8654.75,8204.28,0,0
01:11:15:03:15:05,6923.88,6945.34,9.41769,0.0133514,9.34353,0,0,8204.43,415739,10200.9,0,0,0,415739,0,0,2712.78,195.583,8654.9,8204.43,0,0
01:11:15:03:15:06,6931.89,6946.77,9.38061,0.0146866,9.41769,0,0,8204.59,415739,10208.9,0,0,0,415739,0,0,2720.79,195.6,8655.06,8204.59,0,0
01:11:15:03:15:07,6926.74,6951.34,9.38061,0.00801086,9.38061,0,0,8204.75,415739,10203.8,0,0,0,415739,0,0,2715.64,195.617,8655.22,8204.75,0,0
01:11:15:03:15:08,6936.18,6948.48,9.38061,0.00133514,9.38061,0,0,8204.9,415739,10213.2,0,0,0,415739,0,0,2725.08,195.633,8655.37,8204.9,0,0
01:11:15:03:15:09,6927.6,6951.63,9.41769,0,9.38061,0,0,8205.06,415739,10204.6,0,0,0,415739,0,0,2716.5,195.65,8655.53,8205.06,0,0
01:11:15:03:15:10,6940.76,6952.49,9.41769,0.00667572,9.41769,0,0,8205.22,415739,10217.8,0,0,0,415739,0,0,2729.66,195.667,8655.69,8205.22,0,0
01:11:15:03:15:11,6931.03,6955.06,9.34353,0,9.41769,0,0,8205.37,415739,10208.1,0,0,0,415739,0,0,2719.93,195.683,8655.84,8205.37,0,0
01:11:15:03:15:12,6938.76,6950.2,9.38061,0,9.34353,0,0,8205.53,415739,10215.8,0,0,0,415739,0,0,2727.66,195.7,8656,8205.53,0,0
01:11:15:03:15:13,6923.02,6949.34,9.41769,0.00133514,9.38061,0,0,8205.69,415739,10200,0,0,0,415739,0,0,2711.92,195.717,8656.16,8205.69,0,0
01:11:15:03:15:14,6939.61,6950.77,9.41769,0.0400562,9.41769,0,0,8205.84,415739,10216.6,0,0,0,415739,0,0,2728.51,195.733,8656.31,8205.84,0,0
01:11:15:03:15:15,6934.18,6959.07,9.38061,0.00801086,9.41769,0,0,8206,415739,10211.2,0,0,0,415739,0,0,2723.08,195.75,8656.47,8206,0,0
01:11:15:03:15:16,6943.05,6953.63,9.41769,0.037384,9.38061,0,0,8206.16,415739,10220.1,0,0,0,415739,0,0,2731.95,195.767,8656.63,8206.16,0,0
01:11:15:03:15:17,6932.46,6955.06,9.38061,0.0213623,9.41769,0,0,8206.31,415739,10209.5,0,0,0,415739,0,0,2721.36,195.783,8656.78,8206.31,0,0
01:11:15:03:15:18,6939.33,6955.06,9.38061,0.0427246,9.38061,0,0,8206.47,415739,10216.4,0,0,0,415739,0,0,2728.23,195.8,8656.94,8206.47,0,0
01:11:15:03:15:19,6935.61,6958.5,9.38061,0.0146866,9.38061,0,0,8206.63,415739,10212.6,0,0,0,415739,0,0,2724.51,195.817,8657.1,8206.63,0,0
01:11:15:03:15:20,6957.35,6970.8,9.41769,0.00400543,9.38061,0,0,8206.78,415739,10234.4,0,0,0,415739,0,0,2746.25,195.833,8657.25,8206.78,0,0
01:11:15:03:15:21,6931.89,6951.92,9.38061,0.0160217,9.41769,0,0,8206.94,415739,10208.9,0,0,0,415739,0,0,2720.79,195.85,8657.41,8206.94,0,0
01:11:15:03:15:22,6935.9,6959.35,9.38061,0.0307083,9.38061,0,0,8207.1,415739,10212.9,0,0,0,415739,0,0,2724.8,195.867,8657.57,8207.1,0,0
01:11:15:03:15:23,6946.19,6956.78,9.38061,0,9.38061,0,0,8207.25,415739,10223.2,0,0,0,415739,0,0,2735.09,195.883,8657.72,8207.25,0,0
01:11:15:03:15:24,6940.76,6963.93,9.38061,0.0213623,9.38061,0,0,8207.41,415739,10217.8,0,0,0,415739,0,0,2729.66,195.9,8657.88,8207.41,0,0
01:11:15:03:15:25,6954.21,6965.08,9.41769,0.00267029,9.38061,0,0,8207.57,415739,10231.2,0,0,0,415739,0,0,2743.1,195.917,8658.04,8207.57,0,0
01:11:15:03:15:26,6939.9,6964.5,9.38061,0,9.41769,0,0,8207.72,415739,10216.9,0,0,0,415739,0,0,2728.8,195.933,8658.19,8207.72,0,0
01:11:15:03:15:27,6953.06,6961.93,9.38061,0,9.38061,0,0,8207.88,415739,10230.1,0,0,0,415739,0,0,2741.96,195.95,8658.35,8207.88,0,0
01:11:15:03:15:28,6943.91,6969.94,9.41769,0.00801086,9.38061,0,0,8208.04,415739,10220.9,0,0,0,415739,0,0,2732.81,195.967,8658.5,8208.04,0,0
01:11:15:03:15:29,6957.07,6967.94,9.41769,0.0213623,9.41769,0,0,8208.19,415739,10234.1,0,0,0,415739,0,0,2745.97,195.983,8658.66,8208.19,0,0
01:11:15:03:15:30,6950.2,6975.66,9.38061,0.0320435,9.41769,0,0,8208.35,415739,10227.2,0,0,0,415739,0,0,2739.1,196,8658.82,8208.35,0,0
01:11:15:03:15:31,6958.5,6968.22,9.38061,0.00534058,9.38061,0,0,8208.51,415739,10235.5,0,0,0,415739,0,0,2747.4,196.017,8658.98,8208.51,0,0
01:11:15:03:15:32,6947.34,6974.8,9.38061,0.0267029,9.38061,0,0,8208.66,415739,10224.4,0,0,0,415739,0,0,2736.24,196.033,8659.13,8208.66,0,0
01:11:15:03:15:33,6953.92,6963.93,9.38061,0,9.38061,0,0,8208.82,415739,10230.9,0,0,0,415739,0,0,2742.82,196.05,8659.29,8208.82,0,0
01:11:15:03:15:34,6943.33,6971.37,9.34353,0,9.38061,0,0,8208.98,415739,10220.4,0,0,0,415739,0,0,2732.23,196.067,8659.44,8208.98,0,0
01:11:15:03:15:35,6954.21,6964.5,9.41769,0.00267029,9.34353,0,0,8209.13,415739,10231.2,0,0,0,415739,0,0,2743.1,196.083,8659.6,8209.13,0,0
01:11:15:03:15:36,6945.05,6965.08,9.41769,0,9.41769,0,0,8209.29,415739,10222.1,0,0,0,415739,0,0,2733.95,196.1,8659.76,8209.29,0,0
01:11:15:03:15:37,6958.21,6973.37,9.38061,0,9.41769,0,0,8209.45,415739,10235.2,0,0,0,415739,0,0,2747.11,196.117,8659.91,8209.45,0,0
01:11:15:03:15:38,6946.77,6966.51,9.38061,0,9.38061,0,0,8209.6,415739,10223.8,0,0,0,415739,0,0,2735.67,196.133,8660.07,8209.6,0,0
01:11:15:03:15:39,6957.92,6973.37,9.38061,0,9.38061,0,0,8209.76,415739,10235,0,0,0,415739,0,0,2746.82,196.15,8660.23,8209.76,0,0
01:11:15:03:15:40,6946.48,6967.94,9.41769,0,9.38061,0,0,8209.92,415739,10223.5,0,0,0,415739,0,0,2735.38,196.167,8660.38,8209.92,0,0
01:11:15:03:15:41,6943.33,6971.08,9.41769,0,9.41769,0,0,8210.07,415739,10220.4,0,0,0,415739,0,0,2732.23,196.183,8660.54,8210.07,0,0
01:11:15:03:15:42,6954.21,6963.93,9.38061,0,9.41769,0,0,8210.23,415739,10231.2,0,0,0,415739,0,0,2743.1,196.2,8660.7,8210.23,0,0
01:11:15:03:15:43,6947.34,6973.95,9.38061,0,9.38061,0,0,8210.38,415739,10224.4,0,0,0,415739,0,0,2736.24,196.217,8660.85,8210.38,0,0
01:11:15:03:15:44,6957.07,6967.37,9.38061,0,9.38061,0,0,8210.54,415739,10234.1,0,0,0,415739,0,0,2745.97,196.233,8661.01,8210.54,0,0
01:11:15:03:15:45,6946.19,6974.52,9.38061,0.0160217,9.38061,0,0,8210.7,415739,10223.2,0,0,0,415739,0,0,2735.09,196.25,8661.17,8210.7,0,0
01:11:15:03:15:46,6958.78,6968.8,9.34353,0,9.38061,0,0,8210.85,415739,10235.8,0,0,0,415739,0,0,2747.68,196.267,8661.32,8210.85,0,0
01:11:15:03:15:47,6948.77,6976.81,9.38061,0,9.34353,0,0,8211.01,415739,10225.8,0,0,0,415739,0,0,2737.67,196.283,8661.48,8211.01,0,0
01:11:15:03:15:48,6932.46,6941.33,9.38061,0,9.38061,0,0,8211.17,415739,10209.5,0,0,0,415739,0,0,2721.36,196.3,8661.64,8211.17,0,0
01:11:15:03:15:49,6933.03,6962.79,9.38061,0.0173569,9.38061,0,0,8211.32,415739,10210.1,0,0,0,415739,0,0,2721.93,196.317,8661.79,8211.32,0,0
01:11:15:03:15:50,6954.78,6963.36,9.41769,0.0200272,9.38061,0,0,8211.48,415739,10231.8,0,0,0,415739,0,0,2743.68,196.333,8661.95,8211.48,0,0
01:11:15:03:15:51,6968.8,6997.69,9.41769,0.0160217,9.41769,0,0,8211.64,415739,10245.8,0,0,0,415739,0,0,2757.7,196.35,8662.11,8211.64,0,0
01:11:15:03:15:52,6985.68,6997.12,9.38061,0.00133514,9.41769,0,0,8211.79,415739,10262.7,0,0,0,415739,0,0,2774.58,196.367,8662.26,8211.79,0,0
01:11:15:03:15:53,6971.94,7001.98,9.34353,0,9.38061,0,0,8211.95,415739,10249,0,0,0,415739,0,0,2760.84,196.383,8662.42,8211.95,0,0
01:11:15:03:15:54,6989.68,6997.69,9.41769,0.0106792,9.34353,0,0,8212.11,415739,10266.7,0,0,0,415739,0,0,2778.58,196.4,8662.57,8212.11,0,0
01:11:15:03:15:55,6984.82,7003.41,9.34353,0.0133514,9.41769,0,0,8212.26,415739,10261.8,0,0,0,415739,0,0,2773.72,196.417,8662.73,8212.26,0,0
01:11:15:03:15:56,7001.41,7018.86,9.41769,0.0120163,9.34353,0,0,8212.42,415739,10278.4,0,0,0,415739,0,0,2790.31,196.433,8662.89,8212.42,0,0
01:11:15:03:15:57,6997.41,7018.58,9.38061,0.00667572,9.41769,0,0,8212.58,415739,10274.4,0,0,0,415739,0,0,2786.31,196.45,8663.04,8212.58,0,0
01:11:15:03:15:58,7022.87,7040.61,9.34353,0.0293751,9.38061,0,0,8212.73,415739,10299.9,0,0,0,415739,0,0,2811.77,196.467,8663.2,8212.73,0,0
01:11:15:03:15:59,7020.87,7036.32,9.41769,0.0440617,9.34353,0,0,8212.89,415739,10297.9,0,0,0,415739,0,0,2809.77,196.483,8663.36,8212.89,0,0
01:11:15:03:16:00,7023.16,7050.62,9.34353,0.00934601,9.41769,0,0,8213.04,415739,10300.2,0,0,0,415739,0,0,2812.06,196.5,8663.51,8213.04,0,0
01:11:15:03:16:01,7035.74,7046.33,9.34353,0.00801086,9.34353,0,0,8213.2,415739,10312.8,0,0,0,415739,0,0,2824.64,196.517,8663.67,8213.2,0,0
01:11:15:03:16:02,7031.45,7058.06,9.38061,0.0293751,9.34353,0,0,8213.36,415739,10308.5,0,0,0,415739,0,0,2820.35,196.533,8663.83,8213.36,0,0
01:11:15:03:16:03,7039.18,7050.34,9.41769,0.0173569,9.38061,0,0,8213.51,415739,10316.2,0,0,0,415739,0,0,2828.08,196.55,8663.98,8213.51,0,0
01:11:15:03:16:04,7036.89,7062.07,9.41769,0.00934601,9.41769,0,0,8213.67,415739,10313.9,0,0,0,415739,0,0,2825.79,196.567,8664.14,8213.67,0,0
01:11:15:03:16:05,7043.47,7055.2,9.34353,0.00133514,9.41769,0,0,8213.83,415739,10320.5,0,0,0,415739,0,0,2832.37,196.583,8664.29,8213.83,0,0
01:11:15:03:16:06,7042.9,7067.79,9.41769,0.00667572,9.34353,0,0,8213.98,415739,10319.9,0,0,0,415739,0,0,2831.8,196.6,8664.45,8213.98,0,0
01:11:15:03:16:07,7047.76,7060.63,9.34353,0.0120163,9.41769,0,0,8214.14,415739,10324.8,0,0,0,415739,0,0,2836.66,196.617,8664.61,8214.14,0,0
01:11:15:03:16:08,7049.19,7074.65,9.38061,0.00133514,9.34353,0,0,8214.3,415739,10326.2,0,0,0,415739,0,0,2838.09,196.633,8664.76,8214.3,0,0
01:11:15:03:16:09,7058.06,7068.93,9.38061,0.0253696,9.38061,0,0,8214.45,415739,10335.1,0,0,0,415739,0,0,2846.96,196.65,8664.92,8214.45,0,0
01:11:15:03:16:10,7053.77,7076.94,9.38061,0.00133514,9.38061,0,0,8214.61,415739,10330.8,0,0,0,415739,0,0,2842.67,196.667,8665.08,8214.61,0,0
01:11:15:03:16:11,7059.78,7073.8,9.41769,0.0200272,9.38061,0,0,8214.76,415739,10336.8,0,0,0,415739,0,0,2848.68,196.683,8665.23,8214.76,0,0
01:11:15:03:16:12,7061.21,7083.81,9.41769,0.00133514,9.41769,0,0,8214.92,415739,10338.2,0,0,0,415739,0,0,2850.11,196.7,8665.39,8214.92,0,0
01:11:15:03:16:13,7060.92,7076.08,9.38061,0.00400543,9.41769,0,0,8215.08,415739,10337.9,0,0,0,415739,0,0,2849.82,196.717,8665.55,8215.08,0,0
01:11:15:03:16:14,7050.91,7071.51,9.41769,0,9.38061,0,0,8215.23,415739,10327.9,0,0,0,415739,0,0,2839.81,196.733,8665.7,8215.23,0,0
01:11:15:03:16:15,7062.07,7074.65,9.34353,0,9.41769,0,0,8215.39,415739,10339.1,0,0,0,415739,0,0,2850.97,196.75,8665.86,8215.39,0,0
01:11:15:03:16:16,7062.07,7077.51,9.41769,0.0120163,9.34353,0,0,8215.55,415739,10339.1,0,0,0,415739,0,0,2850.97,196.767,8666.02,8215.55,0,0
01:11:15:03:16:17,7064.64,7087.81,9.38061,0.0333786,9.41769,0,0,8215.71,415739,10341.7,0,0,0,415739,0,0,2853.54,196.783,8666.17,8215.71,0,0
01:11:15:03:16:18,7064.35,7078.95,9.38061,0.00133514,9.38061,0,0,8215.86,415739,10341.4,0,0,0,415739,0,0,2853.25,196.8,8666.33,8215.86,0,0
01:11:15:03:16:19,7065.21,7088.1,9.38061,0.0293751,9.38061,0,0,8216.02,415739,10342.2,0,0,0,415739,0,0,2854.11,196.817,8666.49,8216.02,0,0
01:11:15:03:16:20,7072.94,7084.38,9.41769,0.0106792,9.38061,0,0,8216.17,415739,10350,0,0,0,415739,0,0,2861.84,196.833,8666.64,8216.17,0,0
01:11:15:03:16:21,7052.91,7074.94,9.41769,0.0293751,9.41769,0,0,8216.33,415739,10329.9,0,0,0,415739,0,0,2841.81,196.85,8666.8,8216.33,0,0
01:11:15:03:16:22,7064.35,7077.51,9.38061,0.0200272,9.41769,0,0,8216.49,415739,10341.4,0,0,0,415739,0,0,2853.25,196.867,8666.96,8216.49,0,0
01:11:15:03:16:23,7060.35,7081.23,9.38061,0.00534058,9.38061,0,0,8216.64,415739,10337.4,0,0,0,415739,0,0,2849.25,196.883,8667.11,8216.64,0,0
01:11:15:03:16:24,7059.49,7072.36,9.41769,0.00133514,9.38061,0,0,8216.8,415739,10336.5,0,0,0,415739,0,0,2848.39,196.9,8667.27,8216.8,0,0
01:11:15:03:16:25,7061.49,7083.24,9.38061,0.0120163,9.41769,0,0,8216.96,415739,10338.5,0,0,0,415739,0,0,2850.39,196.917,8667.43,8216.96,0,0
01:11:15:03:16:26,7064.07,7077.51,9.41769,0.0534058,9.38061,0,0,8217.11,415739,10341.1,0,0,0,415739,0,0,2852.97,196.933,8667.58,8217.11,0,0
01:11:15:03:16:27,7054.63,7073.8,9.41769,0.0200272,9.41769,0,0,8217.27,415739,10331.7,0,0,0,415739,0,0,2843.53,196.95,8667.74,8217.27,0,0
01:11:15:03:16:28,7062.35,7078.95,9.38061,0.0253696,9.41769,0,0,8217.43,415739,10339.4,0,0,0,415739,0,0,2851.25,196.967,8667.9,8217.43,0,0
01:11:15:03:16:29,7060.35,7081.52,9.38061,0.00667572,9.38061,0,0,8217.58,415739,10337.4,0,0,0,415739,0,0,2849.25,196.983,8668.05,8217.58,0,0
01:11:15:03:16:30,7058.63,7074.94,9.38061,0,9.38061,0,0,8217.74,415739,10335.7,0,0,0,415739,0,0,2847.53,197,8668.21,8217.74,0,0
01:11:15:03:16:31,7061.78,7082.09,9.38061,0.0146866,9.38061,0,0,8217.9,415739,10338.8,0,0,0,415739,0,0,2850.68,197.017,8668.37,8217.9,0,0
01:11:15:03:16:32,7033.17,7050.05,9.38061,0,9.38061,0,0,8218.05,415739,10310.2,0,0,0,415739,0,0,2822.07,197.033,8668.52,8218.05,0,0
01:11:15:03:16:33,7057.77,7078.37,9.38061,0,9.38061,0,0,8218.21,415739,10334.8,0,0,0,415739,0,0,2846.67,197.05,8668.68,8218.21,0,0
01:11:15:03:16:34,7055.2,7077.23,9.38061,0,9.38061,0,0,8218.37,415739,10332.2,0,0,0,415739,0,0,2844.1,197.067,8668.84,8218.37,0,0
01:11:15:03:16:35,7057.2,7071.51,9.41769,0,9.38061,0,0,8218.52,415739,10334.2,0,0,0,415739,0,0,2846.1,197.083,8668.99,8218.52,0,0
01:11:15:03:16:36,7051.77,7074.94,9.38061,0.00133514,9.41769,0,0,8218.68,415739,10328.8,0,0,0,415739,0,0,2840.67,197.1,8669.15,8218.68,0,0
01:11:15:03:16:37,7048.9,7060.92,9.38061,0,9.38061,0,0,8218.84,415739,10325.9,0,0,0,415739,0,0,2837.81,197.117,8669.31,8218.84,0,0
01:11:15:03:16:38,7040.04,7059.78,9.38061,0,9.38061,0,0,8218.99,415739,10317.1,0,0,0,415739,0,0,2828.94,197.133,8669.46,8218.99,0,0
01:11:15:03:16:39,7042.04,7057.77,9.38061,0,9.38061,0,0,8219.15,415739,10319.1,0,0,0,415739,0,0,2830.94,197.15,8669.62,8219.15,0,0
01:11:15:03:16:40,7040.61,7063.5,9.38061,0,9.38061,0,0,8219.31,415739,10317.6,0,0,0,415739,0,0,2829.51,197.167,8669.78,8219.31,0,0
01:11:15:03:16:41,7046.04,7060.92,9.38061,0,9.38061,0,0,8219.46,415739,10323.1,0,0,0,415739,0,0,2834.94,197.183,8669.93,8219.46,0,0
01:11:15:03:16:42,7047.19,7069.5,9.41769,0,9.38061,0,0,8219.62,415739,10324.2,0,0,0,415739,0,0,2836.09,197.2,8670.09,8219.62,0,0
01:11:15:03:16:43,7047.76,7065.21,9.38061,0,9.41769,0,0,8219.78,415739,10324.8,0,0,0,415739,0,0,2836.66,197.217,8670.25,8219.78,0,0
01:11:15:03:16:44,7048.05,7068.93,9.38061,0,9.38061,0,0,8219.93,415739,10325.1,0,0,0,415739,0,0,2836.95,197.233,8670.4,8219.93,0,0
01:11:15:03:16:45,7047.19,7063.5,9.38061,0,9.38061,0,0,8220.09,415739,10324.2,0,0,0,415739,0,0,2836.09,197.25,8670.56,8220.09,0,0
01:11:15:03:16:46,7050.05,7070.65,9.38061,0,9.38061,0,0,8220.25,415739,10327.1,0,0,0,415739,0,0,2838.95,197.267,8670.72,8220.25,0,0
01:11:15:03:16:47,7048.33,7066.36,9.41769,0,9.38061,0,0,8220.4,415739,10325.4,0,0,0,415739,0,0,2837.23,197.283,8670.87,8220.4,0,0
01:11:15:03:16:48,7048.9,7070.36,9.41769,0,9.41769,0,0,8220.56,415739,10325.9,0,0,0,415739,0,0,2837.81,197.3,8671.03,8220.56,0,0
01:11:15:03:16:49,7042.9,7063.5,9.41769,0,9.41769,0,0,8220.72,415739,10319.9,0,0,0,415739,0,0,2831.8,197.317,8671.19,8220.72,0,0
01:11:15:03:16:50,7040.61,7061.78,9.41769,0.0173569,9.41769,0,0,8220.87,415739,10317.6,0,0,0,415739,0,0,2829.51,197.333,8671.34,8220.87,0,0
01:11:15:03:16:51,7043.47,7062.64,9.38061,0.0133514,9.41769,0,0,8221.03,415739,10320.5,0,0,0,415739,0,0,2832.37,197.35,8671.5,8221.03,0,0
01:11:15:03:16:52,7042.04,7060.35,9.41769,0,9.38061,0,0,8221.19,415739,10319.1,0,0,0,415739,0,0,2830.94,197.367,8671.66,8221.19,0,0
01:11:15:03:16:53,7037.46,7060.06,9.41769,0.00534058,9.41769,0,0,8221.34,415739,10314.5,0,0,0,415739,0,0,2826.36,197.383,8671.81,8221.34,0,0
01:11:15:03:16:54,7041.47,7058.06,9.34353,0,9.41769,0,0,8221.5,415739,10318.5,0,0,0,415739,0,0,2830.37,197.4,8671.97,8221.5,0,0
01:11:15:03:16:55,7039.75,7064.35,9.38061,0,9.34353,0,0,8221.66,415739,10316.8,0,0,0,415739,0,0,2828.65,197.417,8672.13,8221.66,0,0
01:11:15:03:16:56,7042.04,7058.63,9.41769,0.00934601,9.38061,0,0,8221.81,415739,10319.1,0,0,0,415739,0,0,2830.94,197.433,8672.28,8221.81,0,0
01:11:15:03:16:57,7040.61,7064.64,9.38061,0,9.41769,0,0,8221.97,415739,10317.6,0,0,0,415739,0,0,2829.51,197.45,8672.44,8221.97,0,0
01:11:15:03:16:58,7043.75,7063.21,9.38061,0,9.38061,0,0,8222.13,415739,10320.8,0,0,0,415739,0,0,2832.65,197.467,8672.59,8222.13,0,0
01:11:15:03:16:59,7046.62,7067.5,9.41769,0.0173569,9.38061,0,0,8222.28,415739,10323.6,0,0,0,415739,0,0,2835.52,197.483,8672.75,8222.28,0,0
01:11:15:03:17:00,7042.04,7062.92,9.41769,0,9.41769,0,0,8222.44,415739,10319.1,0,0,0,415739,0,0,2830.94,197.5,8672.91,8222.44,0,0
01:11:15:03:17:01,7034.89,7056.06,9.34353,0,9.41769,0,0,8222.6,415739,10311.9,0,0,0,415739,0,0,2823.79,197.517,8673.07,8222.6,0,0
01:11:15:03:17:02,7035.46,7053.77,9.41769,0,9.34353,0,0,8222.75,415739,10312.5,0,0,0,415739,0,0,2824.36,197.533,8673.22,8222.75,0,0
01:11:15:03:17:03,7039.75,7059.49,9.41769,0.00667572,9.41769,0,0,8222.91,415739,10316.8,0,0,0,415739,0,0,2828.65,197.55,8673.38,8222.91,0,0
01:11:15:03:17:04,7034.89,7054.63,9.38061,0.0267029,9.41769,0,0,8223.07,415739,10311.9,0,0,0,415739,0,0,2823.79,197.567,8673.54,8223.07,0,0
01:11:15:03:17:05,7042.9,7060.06,9.41769,0.0333786,9.38061,0,0,8223.22,415739,10319.9,0,0,0,415739,0,0,2831.8,197.583,8673.69,8223.22,0,0
01:11:15:03:17:06,7034.89,7054.34,9.38061,0.00934601,9.41769,0,0,8223.38,415739,10311.9,0,0,0,415739,0,0,2823.79,197.6,8673.85,8223.38,0,0
01:11:15:03:17:07,7040.04,7058.63,9.41769,0.0347137,9.38061,0,0,8223.54,415739,10317.1,0,0,0,415739,0,0,2828.94,197.617,8674,8223.54,0,0
01:11:15:03:17:08,7039.18,7058.92,9.34353,0,9.41769,0,0,8223.69,415739,10316.2,0,0,0,415739,0,0,2828.08,197.633,8674.16,8223.69,0,0
01:11:15:03:17:09,7046.62,7062.92,9.38061,0,9.34353,0,0,8223.85,415739,10323.6,0,0,0,415739,0,0,2835.52,197.65,8674.32,8223.85,0,0
01:11:15:03:17:10,7043.75,7063.21,9.38061,0,9.38061,0,0,8224,415739,10320.8,0,0,0,415739,0,0,2832.65,197.667,8674.47,8224,0,0
01:11:15:03:17:11,7050.05,7065.5,9.38061,0.0213623,9.38061,0,0,8224.16,415739,10327.1,0,0,0,415739,0,0,2838.95,197.683,8674.63,8224.16,0,0
01:11:15:03:17:12,7049.19,7073.8,9.34353,0.0173569,9.38061,0,0,8224.32,415739,10326.2,0,0,0,415739,0,0,2838.09,197.7,8674.79,8224.32,0,0
01:11:15:03:17:13,7059.49,7075.51,9.41769,0.0133514,9.34353,0,0,8224.47,415739,10336.5,0,0,0,415739,0,0,2848.39,197.717,8674.94,8224.47,0,0
01:11:15:03:17:14,7057.77,7081.81,9.38061,0.0320435,9.41769,0,0,8224.63,415739,10334.8,0,0,0,415739,0,0,2846.67,197.733,8675.1,8224.63,0,0
01:11:15:03:17:15,7068.65,7081.52,9.41769,0.00667572,9.38061,0,0,8224.79,415739,10345.7,0,0,0,415739,0,0,2857.55,197.75,8675.26,8224.79,0,0
01:11:15:03:17:16,7055.2,7078.66,9.38061,0.00801086,9.41769,0,0,8224.94,415739,10332.2,0,0,0,415739,0,0,2844.1,197.767,8675.41,8224.94,0,0
01:11:15:03:17:17,7051.77,7074.94,9.41769,0,9.38061,0,0,8225.1,415739,10328.8,0,0,0,415739,0,0,2840.67,197.783,8675.57,8225.1,0,0
01:11:15:03:17:18,7062.07,7077.8,9.38061,0,9.41769,0,0,8225.26,415739,10339.1,0,0,0,415739,0,0,2850.97,197.8,8675.73,8225.26,0,0
01:11:15:03:17:19,7058.63,7080.09,9.41769,0.0253696,9.38061,0,0,8225.41,415739,10335.7,0,0,0,415739,0,0,2847.53,197.817,8675.88,8225.41,0,0
01:11:15:03:17:20,7040.04,7058.06,9.38061,0.0160217,9.41769,0,0,8225.57,415739,10317.1,0,0,0,415739,0,0,2828.94,197.833,8676.04,8225.57,0,0
01:11:15:03:17:21,7028.59,7048.62,9.41769,0.00667572,9.38061,0,0,8225.73,415739,10305.6,0,0,0,415739,0,0,2817.49,197.85,8676.2,8225.73,0,0
01:11:15:03:17:22,7033.17,7052.05,9.41769,0.018692,9.41769,0,0,8225.88,415739,10310.2,0,0,0,415739,0,0,2822.07,197.867,8676.35,8225.88,0,0
01:11:15:03:17:23,7030.31,7050.05,9.41769,0,9.41769,0,0,8226.04,415739,10307.3,0,0,0,415739,0,0,2819.21,197.883,8676.51,8226.04,0,0
01:11:15:03:17:24,7021.44,7041.18,9.41769,0.0120163,9.41769,0,0,8226.2,415739,10298.5,0,0,0,415739,0,0,2810.34,197.9,8676.67,8226.2,0,0
01:11:15:03:17:25,6997.41,7016,9.38061,0.0347137,9.41769,0,0,8226.35,415739,10274.4,0,0,0,415739,0,0,2786.31,197.917,8676.82,8226.35,0,0
01:11:15:03:17:26,6991.4,7009.14,9.38061,0,9.38061,0,0,8226.51,415739,10268.4,0,0,0,415739,0,0,2780.3,197.933,8676.98,8226.51,0,0
01:11:15:03:17:27,6987.11,7003.41,9.38061,0.0267029,9.38061,0,0,8226.67,415739,10264.1,0,0,0,415739,0,0,2776.01,197.95,8677.14,8226.67,0,0
01:11:15:03:17:28,6969.65,6991.4,9.38061,0.018692,9.38061,0,0,8226.82,415739,10246.7,0,0,0,415739,0,0,2758.55,197.967,8677.29,8226.82,0,0
01:11:15:03:17:29,6941.04,6956.78,9.41769,0.0226975,9.38061,0,0,8226.98,415739,10218.1,0,0,0,415739,0,0,2729.94,197.983,8677.45,8226.98,0,0
01:11:15:03:17:30,6913.86,6937.61,9.38061,0.0293751,9.41769,0,0,8227.14,415739,10190.9,0,0,0,415739,0,0,2702.76,198,8677.61,8227.14,0,0
01:11:15:03:17:31,6856.64,6874.67,9.38061,0,9.38061,0,0,8227.29,415739,10133.7,0,0,0,415739,0,0,2645.54,198.017,8677.76,8227.29,0,0
01:11:15:03:17:32,6831.47,6844.91,9.38061,0.0240326,9.38061,0,0,8227.45,415739,10108.5,0,0,0,415739,0,0,2620.37,198.033,8677.92,8227.45,0,0
01:11:15:03:17:33,6812.58,6829.46,9.45477,0.0106792,9.38061,0,0,8227.61,415739,10089.6,0,0,0,415739,0,0,2601.49,198.05,8678.08,8227.61,0,0
01:11:15:03:17:34,6760.8,6776.25,9.41769,0.0200272,9.45477,0,0,8227.76,415739,10037.8,0,0,0,415739,0,0,2549.7,198.067,8678.23,8227.76,0,0
01:11:15:03:17:35,6738.2,6747.93,9.38061,0,9.41769,0,0,8227.92,415739,10015.2,0,0,0,415739,0,0,2527.1,198.083,8678.39,8227.92,0,0
01:11:15:03:17:36,6660.95,6673.54,9.38061,0.0200272,9.38061,0,0,8228.08,415739,9937.98,0,0,0,415739,0,0,2449.85,198.1,8678.55,8228.08,0,0
01:11:15:03:17:37,6639.78,6660.09,9.45477,0.00801086,9.38061,0,0,8228.23,415739,9916.81,0,0,0,415739,0,0,2428.68,198.117,8678.7,8228.23,0,0
01:11:15:03:17:38,6638.06,6658.38,9.45477,0.018692,9.45477,0,0,8228.39,415739,9915.09,0,0,0,415739,0,0,2426.96,198.133,8678.86,8228.39,0,0
01:11:15:03:17:39,6632.91,6651.22,9.41769,0.0173569,9.45477,0,0,8228.55,415739,9909.94,0,0,0,415739,0,0,2421.81,198.15,8679.02,8228.55,0,0
01:11:15:03:17:40,6626.33,6648.65,9.45477,0,9.41769,0,0,8228.71,415739,9903.36,0,0,0,415739,0,0,2415.23,198.167,8679.17,8228.71,0,0
01:11:15:03:17:41,6628.34,6642.35,9.38061,0.00133514,9.45477,0,0,8228.86,415739,9905.37,0,0,0,415739,0,0,2417.24,198.183,8679.33,8228.86,0,0
01:11:15:03:17:42,6625.19,6646.07,9.34353,0,9.38061,0,0,8229.02,415739,9902.22,0,0,0,415739,0,0,2414.09,198.2,8679.49,8229.02,0,0
01:11:15:03:17:43,6623.47,6638.64,9.38061,0.00934601,9.34353,0,0,8229.17,415739,9900.5,0,0,0,415739,0,0,2412.37,198.217,8679.64,8229.17,0,0
01:11:15:03:17:44,6623.47,6645.79,9.38061,0.0106792,9.38061,0,0,8229.33,415739,9900.5,0,0,0,415739,0,0,2412.37,198.233,8679.8,8229.33,0,0
01:11:15:03:17:45,6631.48,6645.5,9.41769,0.0106792,9.38061,0,0,8229.49,415739,9908.51,0,0,0,415739,0,0,2420.38,198.25,8679.96,8229.49,0,0
01:11:15:03:17:46,6628.91,6652.65,9.41769,0,9.41769,0,0,8229.64,415739,9905.94,0,0,0,415739,0,0,2417.81,198.267,8680.11,8229.64,0,0
01:11:15:03:17:47,6630.91,6645.79,9.41769,0.028038,9.41769,0,0,8229.8,415739,9907.94,0,0,0,415739,0,0,2419.81,198.283,8680.27,8229.8,0,0
01:11:15:03:17:48,6630.34,6652.08,9.41769,0.0160217,9.41769,0,0,8229.96,415739,9907.37,0,0,0,415739,0,0,2419.24,198.3,8680.43,8229.96,0,0
01:11:15:03:17:49,6621.47,6637.49,9.34353,0.0160217,9.41769,0,0,8230.11,415739,9898.5,0,0,0,415739,0,0,2410.37,198.317,8680.58,8230.11,0,0
01:11:15:03:17:50,6619.47,6641.78,9.41769,0.00801086,9.34353,0,0,8230.27,415739,9896.5,0,0,0,415739,0,0,2408.37,198.333,8680.74,8230.27,0,0
01:11:15:03:17:51,6622.9,6645.22,9.38061,0.0173569,9.41769,0,0,8230.43,415739,9899.93,0,0,0,415739,0,0,2411.8,198.35,8680.9,8230.43,0,0
01:11:15:03:17:52,6621.47,6636.35,9.41769,0.00400543,9.38061,0,0,8230.58,415739,9898.5,0,0,0,415739,0,0,2410.37,198.367,8681.05,8230.58,0,0
01:11:15:03:17:53,6618.04,6640.07,9.38061,0.00801086,9.41769,0,0,8230.74,415739,9895.06,0,0,0,415739,0,0,2406.94,198.383,8681.21,8230.74,0,0
01:11:15:03:17:54,6619.18,6634.92,9.38061,0,9.38061,0,0,8230.9,415739,9896.21,0,0,0,415739,0,0,2408.08,198.4,8681.37,8230.9,0,0
01:11:15:03:17:55,6621.18,6643.5,9.41769,0.028038,9.38061,0,0,8231.05,415739,9898.21,0,0,0,415739,0,0,2410.08,198.417,8681.52,8231.05,0,0
01:11:15:03:17:56,6624.62,6640.64,9.41769,0.0106792,9.41769,0,0,8231.21,415739,9901.64,0,0,0,415739,0,0,2413.52,198.433,8681.68,8231.21,0,0
01:11:15:03:17:57,6626.62,6648.94,9.38061,0.0173569,9.41769,0,0,8231.37,415739,9903.65,0,0,0,415739,0,0,2415.52,198.45,8681.84,8231.37,0,0
01:11:15:03:17:58,6628.34,6645.79,9.41769,0.00801086,9.38061,0,0,8231.52,415739,9905.37,0,0,0,415739,0,0,2417.24,198.467,8681.99,8231.52,0,0
01:11:15:03:17:59,6628.91,6650.65,9.41769,0.037384,9.41769,0,0,8231.68,415739,9905.94,0,0,0,415739,0,0,2417.81,198.483,8682.15,8231.68,0,0
01:11:15:03:18:00,6637.78,6656.95,9.41769,0.0146866,9.41769,0,0,8231.84,415739,9914.81,0,0,0,415739,0,0,2426.68,198.5,8682.31,8231.84,0,0
01:11:15:03:18:01,6644.07,6663.81,9.38061,0,9.41769,0,0,8231.99,415739,9921.1,0,0,0,415739,0,0,2432.97,198.517,8682.46,8231.99,0,0
01:11:15:03:18:02,6647.79,6666.1,9.38061,0.0106792,9.38061,0,0,8232.15,415739,9924.82,0,0,0,415739,0,0,2436.69,198.533,8682.62,8232.15,0,0
01:11:15:03:18:03,6653.51,6674.11,9.38061,0,9.38061,0,0,8232.31,415739,9930.54,0,0,0,415739,0,0,2442.41,198.55,8682.78,8232.31,0,0
01:11:15:03:18:04,6652.94,6671.82,9.38061,0,9.38061,0,0,8232.46,415739,9929.97,0,0,0,415739,0,0,2441.84,198.567,8682.93,8232.46,0,0
01:11:15:03:18:05,6654.66,6673.54,9.38061,0.00400543,9.38061,0,0,8232.62,415739,9931.69,0,0,0,415739,0,0,2443.56,198.583,8683.09,8232.62,0,0
01:11:15:03:18:06,6653.8,6674.97,9.38061,0,9.38061,0,0,8232.78,415739,9930.83,0,0,0,415739,0,0,2442.7,198.6,8683.25,8232.78,0,0
01:11:15:03:18:07,6663.53,6679.26,9.34353,0,9.38061,0,0,8232.93,415739,9940.55,0,0,0,415739,0,0,2452.43,198.617,8683.4,8232.93,0,0
01:11:15:03:18:08,6652.37,6673.83,9.41769,0,9.34353,0,0,8233.09,415739,9929.4,0,0,0,415739,0,0,2441.27,198.633,8683.56,8233.09,0,0
01:11:15:03:18:09,6660.67,6678.4,9.34353,0,9.41769,0,0,8233.25,415739,9937.69,0,0,0,415739,0,0,2449.57,198.65,8683.71,8233.25,0,0
01:11:15:03:18:10,6659.81,6683.84,9.38061,0,9.34353,0,0,8233.4,415739,9936.84,0,0,0,415739,0,0,2448.71,198.667,8683.87,8233.4,0,0
01:11:15:03:18:11,6670.96,6684.98,9.38061,0,9.38061,0,0,8233.56,415739,9947.99,0,0,0,415739,0,0,2459.86,198.683,8684.03,8233.56,0,0
01:11:15:03:18:12,6668.96,6693.28,9.41769,0.0240326,9.38061,0,0,8233.71,415739,9945.99,0,0,0,415739,0,0,2457.86,198.7,8684.18,8233.71,0,0
01:11:15:03:18:13,6678.69,6694.71,9.41769,0,9.41769,0,0,8233.87,415739,9955.72,0,0,0,415739,0,0,2467.59,198.717,8684.34,8233.87,0,0
01:11:15:03:18:14,6676.69,6700.15,9.38061,0,9.41769,0,0,8234.03,415739,9953.72,0,0,0,415739,0,0,2465.59,198.733,8684.5,8234.03,0,0
01:11:15:03:18:15,6682.41,6704.15,9.41769,0.0320435,9.38061,0,0,8234.18,415739,9959.44,0,0,0,415739,0,0,2471.31,198.75,8684.65,8234.18,0,0
01:11:15:03:18:16,6692.71,6708.73,9.41769,0.0240326,9.41769,0,0,8234.34,415739,9969.74,0,0,0,415739,0,0,2481.61,198.767,8684.81,8234.34,0,0
01:11:15:03:18:17,6691.56,6712.45,9.38061,0.0307083,9.41769,0,0,8234.5,415739,9968.59,0,0,0,415739,0,0,2480.46,198.783,8684.97,8234.5,0,0
01:11:15:03:18:18,6699.86,6714.74,9.41769,0.037384,9.38061,0,0,8234.66,415739,9976.89,0,0,0,415739,0,0,2488.76,198.8,8685.12,8234.66,0,0
01:11:15:03:18:19,6690.13,6714.17,9.38061,0.0320435,9.41769,0,0,8234.81,415739,9967.16,0,0,0,415739,0,0,2479.03,198.817,8685.28,8234.81,0,0
01:11:15:03:18:20,6687.56,6702.44,9.41769,0.0106792,9.38061,0,0,8234.97,415739,9964.59,0,0,0,415739,0,0,2476.46,198.833,8685.44,8234.97,0,0
01:11:15:03:18:21,6681.84,6705.01,9.41769,0,9.41769,0,0,8235.13,415739,9958.87,0,0,0,415739,0,0,2470.74,198.85,8685.59,8235.13,0,0
01:11:15:03:18:22,6690.13,6702.44,9.38061,0.0400562,9.41769,0,0,8235.28,415739,9967.16,0,0,0,415739,0,0,2479.03,198.867,8685.75,8235.28,0,0
01:11:15:03:18:23,6676.69,6701.86,9.38061,0,9.38061,0,0,8235.44,415739,9953.72,0,0,0,415739,0,0,2465.59,198.883,8685.91,8235.44,0,0
01:11:15:03:18:24,6671.25,6684.7,9.41769,0.0293751,9.38061,0,0,8235.59,415739,9948.28,0,0,0,415739,0,0,2460.15,198.9,8686.06,8235.59,0,0
01:11:15:03:18:25,6646.93,6672.11,9.38061,0.0160217,9.41769,0,0,8235.75,415739,9923.96,0,0,0,415739,0,0,2435.83,198.917,8686.22,8235.75,0,0
01:11:15:03:18:26,6644.64,6658.38,9.34353,0.00934601,9.38061,0,0,8235.91,415739,9921.67,0,0,0,415739,0,0,2433.54,198.933,8686.38,8235.91,0,0
01:11:15:03:18:27,6640.35,6664.38,9.38061,0,9.34353,0,0,8236.06,415739,9917.38,0,0,0,415739,0,0,2429.25,198.95,8686.53,8236.06,0,0
01:11:15:03:18:28,6644.07,6658.95,9.41769,0,9.38061,0,0,8236.22,415739,9921.1,0,0,0,415739,0,0,2432.97,198.967,8686.69,8236.22,0,0
01:11:15:03:18:29,6635.77,6658.38,9.38061,0.00934601,9.41769,0,0,8236.38,415739,9912.8,0,0,0,415739,0,0,2424.68,198.983,8686.85,8236.38,0,0
01:11:15:03:18:30,6631.2,6644.07,9.38061,0.00400543,9.38061,0,0,8236.53,415739,9908.22,0,0,0,415739,0,0,2420.1,199,8687,8236.53,0,0
01:11:15:03:18:31,6615.75,6638.64,9.38061,0.037384,9.38061,0,0,8236.69,415739,9892.78,0,0,0,415739,0,0,2404.65,199.017,8687.16,8236.69,0,0
01:11:15:03:18:32,6621.18,6636.06,9.41769,0.0453949,9.38061,0,0,8236.85,415739,9898.21,0,0,0,415739,0,0,2410.08,199.033,8687.32,8236.85,0,0
01:11:15:03:18:33,6606.59,6632.06,9.41769,0.0534058,9.41769,0,0,8237,415739,9883.62,0,0,0,415739,0,0,2395.49,199.05,8687.47,8237,0,0
01:11:15:03:18:34,6601.73,6622.9,9.41769,0.0267029,9.41769,0,0,8237.16,415739,9878.76,0,0,0,415739,0,0,2390.63,199.067,8687.63,8237.16,0,0
01:11:15:03:18:35,6601.73,6620.61,9.38061,0.0200272,9.41769,0,0,8237.32,415739,9878.76,0,0,0,415739,0,0,2390.63,199.083,8687.79,8237.32,0,0
01:11:15:03:18:36,6594,6613.17,9.34353,0.0494003,9.38061,0,0,8237.47,415739,9871.03,0,0,0,415739,0,0,2382.9,199.1,8687.94,8237.47,0,0
01:11:15:03:18:37,6592,6613.17,9.41769,0.0226975,9.34353,0,0,8237.63,415739,9869.03,0,0,0,415739,0,0,2380.9,199.117,8688.1,8237.63,0,0
01:11:15:03:18:38,6585.71,6606.31,9.41769,0.0106792,9.41769,0,0,8237.79,415739,9862.74,0,0,0,415739,0,0,2374.61,199.133,8688.25,8237.79,0,0
01:11:15:03:18:39,6591.43,6611.46,9.38061,0.0146866,9.41769,0,0,8237.94,415739,9868.46,0,0,0,415739,0,0,2380.33,199.15,8688.41,8237.94,0,0
01:11:15:03:18:40,6593.72,6613.74,9.41769,0,9.38061,0,0,8238.1,415739,9870.75,0,0,0,415739,0,0,2382.62,199.167,8688.57,8238.1,0,0
01:11:15:03:18:41,6592.57,6614.6,9.41769,0,9.41769,0,0,8238.25,415739,9869.6,0,0,0,415739,0,0,2381.47,199.183,8688.72,8238.25,0,0
01:11:15:03:18:42,6589.14,6610.6,9.34353,0,9.41769,0,0,8238.41,415739,9866.17,0,0,0,415739,0,0,2378.04,199.2,8688.88,8238.41,0,0
01:11:15:03:18:43,6573.12,6594.86,9.38061,0.00534058,9.34353,0,0,8238.57,415739,9850.15,0,0,0,415739,0,0,2362.02,199.217,8689.04,8238.57,0,0
01:11:15:03:18:44,6569.69,6589.43,9.41769,0.00801086,9.38061,0,0,8238.72,415739,9846.71,0,0,0,415739,0,0,2358.59,199.233,8689.19,8238.72,0,0
01:11:15:03:18:45,6570.54,6590.28,9.55964,0,9.41769,0,0,8238.88,415739,9847.57,0,0,0,415739,0,0,2359.44,199.25,8689.35,8238.88,0,0
01:11:15:03:18:46,6642.07,6660.95,9.55964,0,9.55964,0,0,8239.04,415739,9919.1,0,0,0,415739,0,0,2430.97,199.267,8689.51,8239.04,0,0
01:11:15:03:18:47,6681.84,6700.15,9.5718,0.0307083,9.55964,0,0,8239.2,415739,9958.87,0,0,0,415739,0,0,2470.74,199.283,8689.67,8239.2,0,0
01:11:15:03:18:48,6687.85,6710.16,11.4803,0.0146866,9.5718,0,0,8239.36,415739,9964.87,0,0,0,415739,0,0,2476.74,199.3,8689.85,8239.36,0,0
01:11:15:03:18:49,6709.59,6723.89,11.4803,0.256352,11.4803,0,0,8239.53,415739,9986.62,0,0,0,415739,0,0,2498.49,199.317,8690.04,8239.53,0,0
01:11:15:03:18:50,6704.44,6725.32,11.6224,0.599489,11.4803,0,0,8239.72,415739,9981.47,0,0,0,415739,0,0,2493.34,199.333,8690.23,8239.72,0,0
01:11:15:03:18:51,6728.19,6742.49,11.7868,1.02007,11.6224,0,0,8239.92,415739,10005.2,0,0,0,415739,0,0,2517.09,199.35,8690.42,8239.92,0,0
01:11:15:03:18:52,6734.77,6752.5,11.8013,1.27108,11.7868,0,0,8240.11,415739,10011.8,0,0,0,415739,0,0,2523.67,199.367,8690.62,8240.11,0,0
01:11:15:03:18:53,6738.48,6769.1,11.798,1.51808,11.8013,0,0,8240.31,415739,10015.5,0,0,0,415739,0,0,2527.39,199.383,8690.82,8240.31,0,0
01:11:15:03:18:54,6755.36,6764.23,11.7962,1.61288,11.798,0,0,8240.51,415739,10032.4,0,0,0,415739,0,0,2544.27,199.4,8691.01,8240.51,0,0
01:11:15:03:18:55,6753.08,6781.97,11.796,1.72503,11.7962,0,0,8240.7,415739,10030.1,0,0,0,415739,0,0,2541.98,199.417,8691.21,8240.7,0,0
01:11:15:03:18:56,6765.95,6773.68,11.7747,1.83318,11.796,0,0,8240.9,415739,10043,0,0,0,415739,0,0,2554.85,199.433,8691.41,8240.9,0,0
01:11:15:03:18:57,6759.08,6789.13,11.8051,1.93465,11.7747,0,0,8241.09,415739,10036.1,0,0,0,415739,0,0,2547.98,199.45,8691.6,8241.09,0,0
01:11:15:03:18:58,6700.43,6714.74,11.7552,2.02678,11.8051,0,0,8241.29,415739,9977.46,0,0,0,415739,0,0,2489.33,199.467,8691.8,8241.29,0,0
01:11:15:03:18:59,6652.37,6681.26,11.7552,2.07084,11.7552,0,0,8241.49,415739,9929.4,0,0,0,415739,0,0,2441.27,199.483,8692,8241.49,0,0
01:11:15:03:19:00,6652.94,6663.53,11.2835,2.07885,11.7552,0,0,8241.68,415739,9929.97,0,0,0,415739,0,0,2441.84,199.5,8692.19,8241.68,0,0
01:11:15:03:19:01,6632.06,6662.1,9.64232,1.80781,11.2835,0,0,8241.88,415739,9909.08,0,0,0,415739,0,0,2420.96,199.517,8692.36,8241.88,0,0
01:11:15:03:19:02,6676.69,6686.99,9.75918,1.42462,9.64232,0,0,8242.05,415739,9953.72,0,0,0,415739,0,0,2465.59,199.533,8692.53,8242.05,0,0
01:11:15:03:19:03,6751.07,6780.54,9.80078,1.19364,9.75918,0,0,8242.21,415739,10028.1,0,0,0,415739,0,0,2539.97,199.55,8692.69,8242.21,0,0
01:11:15:03:19:04,6778.25,6787.69,9.80078,1.01472,9.80078,0,0,8242.38,415739,10055.3,0,0,0,415739,0,0,2567.15,199.567,8692.85,8242.38,0,0
01:11:15:03:19:05,6796.28,6824.03,10.3322,1.14958,9.80078,0,0,8242.54,415739,10073.3,0,0,0,415739,0,0,2585.18,199.583,8693.02,8242.54,0,0
01:11:15:03:19:06,6857.22,6863.23,12.1075,1.36854,10.3322,0,0,8242.71,415739,10134.2,0,0,0,415739,0,0,2646.12,199.6,8693.21,8242.71,0,0
01:11:15:03:19:07,6815.73,6836.33,12.9713,1.82517,12.1075,0,0,8242.89,415739,10092.8,0,0,0,415739,0,0,2604.63,199.617,8693.42,8242.89,0,0
01:11:15:03:19:08,6842.05,6871.24,13.3022,2.17098,12.9713,0,0,8243.1,415739,10119.1,0,0,0,415739,0,0,2630.95,199.633,8693.63,8243.1,0,0
01:11:15:03:19:09,6846.06,6867.23,14.0709,2.67434,13.3022,0,0,8243.32,415739,10123.1,0,0,0,415739,0,0,2634.96,199.65,8693.86,8243.32,0,0
01:11:15:03:19:10,6854.64,6882.39,13.085,2.80251,14.0709,0,0,8243.55,415739,10131.7,0,0,0,415739,0,0,2643.54,199.667,8694.09,8243.55,0,0
01:11:15:03:19:11,6863.8,6884.68,13.1084,2.96407,13.085,0,0,8243.78,415739,10140.8,0,0,0,415739,0,0,2652.7,199.683,8694.31,8243.78,0,0
01:11:15:03:19:12,6870.95,6897.84,13.0537,3.02548,13.1084,0,0,8243.99,415739,10148,0,0,0,415739,0,0,2659.85,199.7,8694.53,8243.99,0,0
01:11:15:03:19:13,6870.09,6889.55,13.0031,3.13363,13.0537,0,0,8244.21,415739,10147.1,0,0,0,415739,0,0,2658.99,199.717,8694.74,8244.21,0,0
01:11:15:03:19:14,6874.1,6898.7,13.0682,3.22175,13.0031,0,0,8244.43,415739,10151.1,0,0,0,415739,0,0,2663,199.733,8694.96,8244.43,0,0
01:11:15:03:19:15,6918.16,6936.18,13.0064,3.26715,13.0682,0,0,8244.65,415739,10195.2,0,0,0,415739,0,0,2707.06,199.75,8695.18,8244.65,0,0
01:11:15:03:19:16,6938.18,6960.79,13.0157,3.32589,13.0064,0,0,8244.86,415739,10215.2,0,0,0,415739,0,0,2727.08,199.767,8695.39,8244.86,0,0
01:11:15:03:19:17,6943.05,6962.22,13.1424,3.34459,13.0157,0,0,8245.08,415739,10220.1,0,0,0,415739,0,0,2731.95,199.783,8695.61,8245.08,0,0
01:11:15:03:19:18,6948.48,6961.64,14.2053,3.7211,13.1424,0,0,8245.3,415739,10225.5,0,0,0,415739,0,0,2737.38,199.8,8695.84,8245.3,0,0
01:11:15:03:19:19,6941.9,6963.93,14.4525,3.88266,14.2053,0,0,8245.53,415739,10218.9,0,0,0,415739,0,0,2730.8,199.817,8696.08,8245.53,0,0
01:11:15:03:19:20,6955.64,6962.5,14.4539,4.09629,14.4525,0,0,8245.77,415739,10232.7,0,0,0,415739,0,0,2744.54,199.833,8696.32,8245.77,0,0
01:11:15:03:19:21,6949.91,6964.22,14.4854,4.24315,14.4539,0,0,8246.01,415739,10226.9,0,0,0,415739,0,0,2738.81,199.85,8696.56,8246.01,0,0
01:11:15:03:19:22,6961.64,6958.21,14.3282,4.36999,14.4854,0,0,8246.25,415739,10238.7,0,0,0,415739,0,0,2750.54,199.867,8696.8,8246.25,0,0
01:11:15:03:19:23,6945.62,6955.64,14.3918,4.4234,14.3282,0,0,8246.49,415739,10222.7,0,0,0,415739,0,0,2734.52,199.883,8697.04,8246.49,0,0
01:11:15:03:19:24,6965.65,6947.63,14.4285,4.49416,14.3918,0,0,8246.73,415739,10242.7,0,0,0,415739,0,0,2754.55,199.9,8697.28,8246.73,0,0
01:11:15:03:19:25,6959.93,6960.5,14.438,4.55024,14.4285,0,0,8246.97,415739,10237,0,0,0,415739,0,0,2748.83,199.917,8697.52,8246.97,0,0
01:11:15:03:19:26,6973.95,6953.06,14.4078,4.61166,14.438,0,0,8247.21,415739,10251,0,0,0,415739,0,0,2762.85,199.933,8697.76,8247.21,0,0
01:11:15:03:19:27,6961.36,6947.63,14.6354,4.71046,14.4078,0,0,8247.45,415739,10238.4,0,0,0,415739,0,0,2750.26,199.95,8698,8247.45,0,0
01:11:15:03:19:28,6979.95,6956.78,14.7258,4.78389,14.6354,0,0,8247.69,415739,10257,0,0,0,415739,0,0,2768.85,199.967,8698.25,8247.69,0,0
01:11:15:03:19:29,6968.51,6949.63,14.7555,4.85199,14.7258,0,0,8247.94,415739,10245.5,0,0,0,415739,0,0,2757.41,199.983,8698.49,8247.94,0,0
01:11:15:03:19:30,6968.22,6946.77,14.856,4.91474,14.7555,0,0,8248.18,415739,10245.3,0,0,0,415739,0,0,2757.13,200,8698.74,8248.18,0,0
01:11:15:03:19:31,6954.78,6921.88,14.856,5.05226,14.856,0,0,8248.43,415739,10231.8,0,0,0,415739,0,0,2743.68,200.017,8698.99,8248.43,0,0
01:11:15:03:19:32,6941.04,6922.16,15.0253,5.13237,14.856,0,0,8248.67,415739,10218.1,0,0,0,415739,0,0,2729.94,200.033,8699.24,8248.67,0,0
01:11:15:03:19:33,6945.91,6910.43,15.0253,5.16842,15.0253,0,0,8248.92,415739,10222.9,0,0,0,415739,0,0,2734.81,200.05,8699.49,8248.92,0,0
01:11:15:03:19:34,6928.46,6908.14,14.9547,5.23518,15.0253,0,0,8249.17,415739,10205.5,0,0,0,415739,0,0,2717.36,200.067,8699.74,8249.17,0,0
01:11:15:03:19:35,6930.17,6897.84,14.996,5.26322,14.9547,0,0,8249.42,415739,10207.2,0,0,0,415739,0,0,2719.07,200.083,8699.99,8249.42,0,0
01:11:15:03:19:36,6916.44,6894.7,14.9521,5.31796,14.996,0,0,8249.67,415739,10193.5,0,0,0,415739,0,0,2705.34,200.1,8700.24,8249.67,0,0
01:11:15:03:19:37,6923.02,6883.82,14.9634,5.31663,14.9521,0,0,8249.92,415739,10200,0,0,0,415739,0,0,2711.92,200.117,8700.48,8249.92,0,0
01:11:15:03:19:38,6907.86,6883.54,14.9975,5.30862,14.9634,0,0,8250.17,415739,10184.9,0,0,0,415739,0,0,2696.76,200.133,8700.73,8250.17,0,0
01:11:15:03:19:39,6911.86,6877.82,14.9525,5.30862,14.9975,0,0,8250.42,415739,10188.9,0,0,0,415739,0,0,2700.76,200.15,8700.98,8250.42,0,0
01:11:15:03:19:40,6897.56,6878.96,14.99,5.34066,14.9525,0,0,8250.67,415739,10174.6,0,0,0,415739,0,0,2686.46,200.167,8701.23,8250.67,0,0
01:11:15:03:19:41,6904.71,6869.52,14.9424,5.36736,14.99,0,0,8250.92,415739,10181.7,0,0,0,415739,0,0,2693.61,200.183,8701.48,8250.92,0,0
01:11:15:03:19:42,6897.27,6871.52,14.9021,5.38472,14.9424,0,0,8251.17,415739,10174.3,0,0,0,415739,0,0,2686.17,200.2,8701.73,8251.17,0,0
01:11:15:03:19:43,6902.13,6867.23,14.9786,5.38739,14.9021,0,0,8251.42,415739,10179.2,0,0,0,415739,0,0,2691.04,200.217,8701.98,8251.42,0,0
01:11:15:03:19:44,6887.26,6868.66,14.9291,5.37404,14.9786,0,0,8251.67,415739,10164.3,0,0,0,415739,0,0,2676.16,200.233,8702.23,8251.67,0,0
01:11:15:03:19:45,6894.41,6864.37,14.9671,5.42744,14.9291,0,0,8251.92,415739,10171.4,0,0,0,415739,0,0,2683.31,200.25,8702.48,8251.92,0,0
01:11:15:03:19:46,6885.83,6864.08,15.0076,5.39406,14.9671,0,0,8252.17,415739,10162.9,0,0,0,415739,0,0,2674.73,200.267,8702.73,8252.17,0,0
01:11:15:03:19:47,6894.98,6862.37,15.0015,5.42344,15.0076,0,0,8252.42,415739,10172,0,0,0,415739,0,0,2683.88,200.283,8702.98,8252.42,0,0
01:11:15:03:19:48,6884.4,6863.51,15.0263,5.43278,15.0015,0,0,8252.67,415739,10161.4,0,0,0,415739,0,0,2673.3,200.3,8703.23,8252.67,0,0
01:11:15:03:19:49,6890.98,6866.09,14.9823,5.40341,15.0263,0,0,8252.92,415739,10168,0,0,0,415739,0,0,2679.88,200.317,8703.48,8252.92,0,0
01:11:15:03:19:50,6883.82,6868.09,15.0013,5.40341,14.9823,0,0,8253.17,415739,10160.9,0,0,0,415739,0,0,2672.72,200.333,8703.73,8253.17,0,0
01:11:15:03:19:51,6884.97,6866.37,15.0239,5.42744,15.0013,0,0,8253.42,415739,10162,0,0,0,415739,0,0,2673.87,200.35,8703.98,8253.42,0,0
01:11:15:03:19:52,6894.98,6867.8,15.0184,5.42077,15.0239,0,0,8253.67,415739,10172,0,0,0,415739,0,0,2683.88,200.367,8704.23,8253.67,0,0
01:11:15:03:19:53,6890.12,6874.96,14.9623,5.4221,15.0184,0,0,8253.92,415739,10167.1,0,0,0,415739,0,0,2679.02,200.383,8704.48,8253.92,0,0
01:11:15:03:19:54,6892.69,6873.52,14.9855,5.45014,14.9623,0,0,8254.17,415739,10169.7,0,0,0,415739,0,0,2681.59,200.4,8704.73,8254.17,0,0
01:11:15:03:19:55,6880.39,6872.67,14.9755,5.43011,14.9855,0,0,8254.42,415739,10157.4,0,0,0,415739,0,0,2669.29,200.417,8704.98,8254.42,0,0
01:11:15:03:19:56,6890.98,6872.09,14.9515,5.44747,14.9755,0,0,8254.67,415739,10168,0,0,0,415739,0,0,2679.88,200.433,8705.23,8254.67,0,0
01:11:15:03:19:57,6885.83,6878.1,14.9579,5.44614,14.9515,0,0,8254.92,415739,10162.9,0,0,0,415739,0,0,2674.73,200.45,8705.48,8254.92,0,0
01:11:15:03:19:58,6894.12,6880.96,14.9347,5.43145,14.9579,0,0,8255.16,415739,10171.2,0,0,0,415739,0,0,2683.02,200.467,8705.73,8255.16,0,0
01:11:15:03:19:59,6881.82,6882.11,15.013,5.41676,14.9347,0,0,8255.41,415739,10158.8,0,0,0,415739,0,0,2670.72,200.483,8705.98,8255.41,0,0
01:11:15:03:20:00,6884.68,6877.24,14.999,5.42611,15.013,0,0,8255.66,415739,10161.7,0,0,0,415739,0,0,2673.58,200.5,8706.23,8255.66,0,0
01:11:15:03:20:01,6879.82,6880.1,14.9609,5.4221,14.999,0,0,8255.91,415739,10156.8,0,0,0,415739,0,0,2668.72,200.517,8706.47,8255.91,0,0
01:11:15:03:20:02,6886.97,6881.82,14.9609,5.4181,14.9609,0,0,8256.16,415739,10164,0,0,0,415739,0,0,2675.87,200.533,8706.72,8256.16,0,0
01:11:15:03:20:03,6877.82,6889.55,14.9422,5.43278,14.9609,0,0,8256.41,415739,10154.8,0,0,0,415739,0,0,2666.72,200.55,8706.97,8256.41,0,0
01:11:15:03:20:04,6883.54,6886.97,14.9422,5.43946,14.9422,0,0,8256.66,415739,10160.6,0,0,0,415739,0,0,2672.44,200.567,8707.22,8256.66,0,0
01:11:15:03:20:05,6873.81,6887.54,15.0383,5.41676,14.9422,0,0,8256.91,415739,10150.8,0,0,0,415739,0,0,2662.71,200.583,8707.47,8256.91,0,0
01:11:15:03:20:06,6883.25,6886.97,14.9451,5.4221,15.0383,0,0,8257.16,415739,10160.3,0,0,0,415739,0,0,2672.15,200.6,8707.72,8257.16,0,0
01:11:15:03:20:07,6875.24,6894.12,14.9814,5.41409,14.9451,0,0,8257.41,415739,10152.3,0,0,0,415739,0,0,2664.14,200.617,8707.97,8257.41,0,0
01:11:15:03:20:08,6878.67,6896.41,14.966,5.40074,14.9814,0,0,8257.66,415739,10155.7,0,0,0,415739,0,0,2667.58,200.633,8708.22,8257.66,0,0
01:11:15:03:20:09,6866.09,6897.27,14.9758,5.43145,14.966,0,0,8257.91,415739,10143.1,0,0,0,415739,0,0,2654.99,200.65,8708.47,8257.91,0,0
01:11:15:03:20:10,6873.24,6901.56,14.9758,5.39273,14.9758,0,0,8258.16,415739,10150.3,0,0,0,415739,0,0,2662.14,200.667,8708.72,8258.16,0,0
01:11:15:03:20:11,6885.25,6902.99,14.9763,5.38605,14.9758,0,0,8258.41,415739,10162.3,0,0,0,415739,0,0,2674.16,200.683,8708.97,8258.41,0,0
01:11:15:03:20:12,6879.82,6915.01,14.9467,5.3914,14.9763,0,0,8258.66,415739,10156.8,0,0,0,415739,0,0,2668.72,200.7,8709.22,8258.66,0,0
01:11:15:03:20:13,6883.54,6908.71,14.9467,5.37804,14.9467,0,0,8258.91,415739,10160.6,0,0,0,415739,0,0,2672.44,200.717,8709.47,8258.91,0,0
01:11:15:03:20:14,6871.81,6917.87,14.9518,5.41409,14.9467,0,0,8259.16,415739,10148.8,0,0,0,415739,0,0,2660.71,200.733,8709.72,8259.16,0,0
01:11:15:03:20:15,6882.11,6911.86,14.9667,5.4221,14.9518,0,0,8259.41,415739,10159.1,0,0,0,415739,0,0,2671.01,200.75,8709.97,8259.41,0,0
01:11:15:03:20:16,6882.11,6924.16,14.9452,5.41409,14.9667,0,0,8259.65,415739,10159.1,0,0,0,415739,0,0,2671.01,200.767,8710.22,8259.65,0,0
01:11:15:03:20:17,6896.13,6929.89,14.9787,5.40341,14.9452,0,0,8259.9,415739,10173.2,0,0,0,415739,0,0,2685.03,200.783,8710.47,8259.9,0,0
01:11:15:03:20:18,6890.4,6941.33,14.9163,5.42878,14.9787,0,0,8260.15,415739,10167.4,0,0,0,415739,0,0,2679.3,200.8,8710.71,8260.15,0,0
01:11:15:03:20:19,6900.99,6937.9,14.9163,5.4181,14.9163,0,0,8260.4,415739,10178,0,0,0,415739,0,0,2689.89,200.817,8710.96,8260.4,0,0
01:11:15:03:20:20,6896.41,6949.06,14.978,5.41676,14.9163,0,0,8260.65,415739,10173.4,0,0,0,415739,0,0,2685.31,200.833,8711.21,8260.65,0,0
01:11:15:03:20:21,6909.86,6948.2,14.9569,5.38739,14.978,0,0,8260.9,415739,10186.9,0,0,0,415739,0,0,2698.76,200.85,8711.46,8260.9,0,0
01:11:15:03:20:22,6898.13,6956.78,15.052,5.39273,14.9569,0,0,8261.15,415739,10175.2,0,0,0,415739,0,0,2687.03,200.867,8711.71,8261.15,0,0
01:11:15:03:20:23,6911.29,6950.2,15.0059,5.41543,15.052,0,0,8261.4,415739,10188.3,0,0,0,415739,0,0,2700.19,200.883,8711.96,8261.4,0,0
01:11:15:03:20:24,6909.57,6955.06,15.0059,5.4675,15.0059,0,0,8261.65,415739,10186.6,0,0,0,415739,0,0,2698.47,200.9,8712.21,8261.65,0,0
01:11:15:03:20:25,6917.87,6969.37,14.9709,5.45014,15.0059,0,0,8261.9,415739,10194.9,0,0,0,415739,0,0,2706.77,200.917,8712.46,8261.9,0,0
01:11:15:03:20:26,6905.57,6963.65,15.0403,5.41943,14.9709,0,0,8262.15,415739,10182.6,0,0,0,415739,0,0,2694.47,200.933,8712.71,8262.15,0,0
01:11:15:03:20:27,6919.87,6967.08,15.0039,5.41009,15.0403,0,0,8262.4,415739,10196.9,0,0,0,415739,0,0,2708.77,200.95,8712.96,8262.4,0,0
01:11:15:03:20:28,6917.58,6967.65,15.0504,5.40208,15.0039,0,0,8262.65,415739,10194.6,0,0,0,415739,0,0,2706.48,200.967,8713.21,8262.65,0,0
01:11:15:03:20:29,6914.44,6977.09,15.0124,5.42344,15.0504,0,0,8262.9,415739,10191.5,0,0,0,415739,0,0,2703.34,200.983,8713.46,8262.9,0,0
01:11:15:03:20:30,6921.3,6968.51,15.0332,5.42744,15.0124,0,0,8263.15,415739,10198.3,0,0,0,415739,0,0,2710.2,201,8713.71,8263.15,0,0
01:11:15:03:20:31,6911,6975.95,14.9213,5.44747,15.0332,0,0,8263.4,415739,10188,0,0,0,415739,0,0,2699.9,201.017,8713.96,8263.4,0,0
01:11:15:03:20:32,6922.73,6965.94,14.9945,5.39273,14.9213,0,0,8263.65,415739,10199.8,0,0,0,415739,0,0,2711.63,201.033,8714.21,8263.65,0,0
01:11:15:03:20:33,6917.87,6974.8,14.8978,5.37137,14.9945,0,0,8263.9,415739,10194.9,0,0,0,415739,0,0,2706.77,201.05,8714.46,8263.9,0,0
01:11:15:03:20:34,6927.31,6967.08,14.9295,5.35668,14.8978,0,0,8264.15,415739,10204.3,0,0,0,415739,0,0,2716.21,201.067,8714.71,8264.15,0,0
01:11:15:03:20:35,6918.44,6979.95,14.8939,5.37137,14.9295,0,0,8264.4,415739,10195.5,0,0,0,415739,0,0,2707.34,201.083,8714.96,8264.4,0,0
01:11:15:03:20:36,6925.02,6969.37,14.9345,5.36736,14.8939,0,0,8264.65,415739,10202.1,0,0,0,415739,0,0,2713.92,201.1,8715.21,8264.65,0,0
01:11:15:03:20:37,6911.58,6970.8,15.0548,5.34867,14.9345,0,0,8264.9,415739,10188.6,0,0,0,415739,0,0,2700.48,201.117,8715.46,8264.9,0,0
01:11:15:03:20:38,6921.02,6956.78,14.9878,5.34867,15.0548,0,0,8265.14,415739,10198,0,0,0,415739,0,0,2709.92,201.133,8715.71,8265.14,0,0
01:11:15:03:20:39,6911,6964.79,14.9311,5.33932,14.9878,0,0,8265.4,415739,10188,0,0,0,415739,0,0,2699.9,201.15,8715.96,8265.4,0,0
01:11:15:03:20:40,6918.16,6956.49,15.0108,5.33265,14.9311,0,0,8265.64,415739,10195.2,0,0,0,415739,0,0,2707.06,201.167,8716.21,8265.64,0,0
01:11:15:03:20:41,6904.42,6963.07,14.9774,5.36202,15.0108,0,0,8265.89,415739,10181.5,0,0,0,415739,0,0,2693.32,201.183,8716.46,8265.89,0,0
01:11:15:03:20:42,6912.15,6945.05,15.0124,5.35668,14.9774,0,0,8266.14,415739,10189.2,0,0,0,415739,0,0,2701.05,201.2,8716.71,8266.14,0,0
01:11:15:03:20:43,6905.85,6947.91,15.0216,5.34867,15.0124,0,0,8266.39,415739,10182.9,0,0,0,415739,0,0,2694.75,201.217,8716.96,8266.39,0,0
01:11:15:03:20:44,6916.73,6957.92,14.9368,5.35267,15.0216,0,0,8266.64,415739,10193.8,0,0,0,415739,0,0,2705.63,201.233,8717.21,8266.64,0,0
01:11:15:03:20:45,6903.85,6948.77,15.0289,5.38071,14.9368,0,0,8266.89,415739,10180.9,0,0,0,415739,0,0,2692.75,201.25,8717.46,8266.89,0,0
01:11:15:03:20:46,6910.72,6954.21,14.9438,5.41142,15.0289,0,0,8267.14,415739,10187.7,0,0,0,415739,0,0,2699.62,201.267,8717.71,8267.14,0,0
01:11:15:03:20:47,6901.56,6939.61,14.9808,5.36603,14.9438,0,0,8267.39,415739,10178.6,0,0,0,415739,0,0,2690.46,201.283,8717.95,8267.39,0,0
01:11:15:03:20:48,6902.13,6945.62,15.0299,5.35,14.9808,0,0,8267.64,415739,10179.2,0,0,0,415739,0,0,2691.04,201.3,8718.21,8267.64,0,0
01:11:15:03:20:49,6914.15,6941.33,14.9354,5.38872,15.0299,0,0,8267.89,415739,10191.2,0,0,0,415739,0,0,2703.05,201.317,8718.45,8267.89,0,0
01:11:15:03:20:50,6898.7,6946.77,14.9794,5.38071,14.9354,0,0,8268.14,415739,10175.7,0,0,0,415739,0,0,2687.6,201.333,8718.7,8268.14,0,0
01:11:15:03:20:51,6905.57,6933.61,15.0074,5.39273,14.9794,0,0,8268.39,415739,10182.6,0,0,0,415739,0,0,2694.47,201.35,8718.95,8268.39,0,0
01:11:15:03:20:52,6894.7,6935.04,15.0442,5.36603,15.0074,0,0,8268.64,415739,10171.7,0,0,0,415739,0,0,2683.6,201.367,8719.2,8268.64,0,0
01:11:15:03:20:53,6908.43,6928.17,14.9744,5.36603,15.0442,0,0,8268.89,415739,10185.5,0,0,0,415739,0,0,2697.33,201.383,8719.45,8268.89,0,0
01:11:15:03:20:54,6898.42,6937.61,14.9305,5.37938,14.9744,0,0,8269.14,415739,10175.4,0,0,0,415739,0,0,2687.32,201.4,8719.7,8269.14,0,0
01:11:15:03:20:55,6905,6927.31,14.9375,5.3914,14.9305,0,0,8269.39,415739,10182,0,0,0,415739,0,0,2693.9,201.417,8719.95,8269.39,0,0
01:11:15:03:20:56,6894.98,6935.9,14.9828,5.37938,14.9375,0,0,8269.64,415739,10172,0,0,0,415739,0,0,2683.88,201.433,8720.2,8269.64,0,0
01:11:15:03:20:57,6905.28,6921.59,15.0605,5.35134,14.9828,0,0,8269.89,415739,10182.3,0,0,0,415739,0,0,2694.18,201.45,8720.45,8269.89,0,0
01:11:15:03:20:58,6897.56,6932.75,14.9259,5.38071,15.0605,0,0,8270.14,415739,10174.6,0,0,0,415739,0,0,2686.46,201.467,8720.7,8270.14,0,0
01:11:15:03:20:59,6907,6925.02,14.9948,5.36336,14.9259,0,0,8270.39,415739,10184,0,0,0,415739,0,0,2695.9,201.483,8720.95,8270.39,0,0
01:11:15:03:21:00,6892.12,6929.89,15.0301,5.38472,14.9948,0,0,8270.64,415739,10169.2,0,0,0,415739,0,0,2681.02,201.5,8721.2,8270.64,0,0
01:11:15:03:21:01,6900.42,6917.01,14.9619,5.39941,15.0301,0,0,8270.89,415739,10177.4,0,0,0,415739,0,0,2689.32,201.517,8721.45,8270.89,0,0
01:11:15:03:21:02,6894.98,6925.31,14.9561,5.36469,14.9619,0,0,8271.14,415739,10172,0,0,0,415739,0,0,2683.88,201.533,8721.7,8271.14,0,0
01:11:15:03:21:03,6905,6924.74,14.9556,5.35935,14.9561,0,0,8271.39,415739,10182,0,0,0,415739,0,0,2693.9,201.55,8721.95,8271.39,0,0
01:11:15:03:21:04,6894.41,6916.44,14.9618,5.35935,14.9556,0,0,8271.64,415739,10171.4,0,0,0,415739,0,0,2683.31,201.567,8722.2,8271.64,0,0
01:11:15:03:21:05,6898.42,6923.31,15.0153,5.35668,14.9618,0,0,8271.89,415739,10175.4,0,0,0,415739,0,0,2687.32,201.583,8722.45,8271.89,0,0
01:11:15:03:21:06,6890.4,6910.72,14.9661,5.37003,15.0153,0,0,8272.14,415739,10167.4,0,0,0,415739,0,0,2679.3,201.6,8722.7,8272.14,0,0
01:11:15:03:21:07,6887.83,6914.44,14.9636,5.39673,14.9661,0,0,8272.39,415739,10164.9,0,0,0,415739,0,0,2676.73,201.617,8722.95,8272.39,0,0
01:11:15:03:21:08,6900.99,6909,15.0214,5.3954,14.9636,0,0,8272.64,415739,10178,0,0,0,415739,0,0,2689.89,201.633,8723.2,8272.64,0,0
01:11:15:03:21:09,6892.12,6920.16,14.8921,5.36469,15.0214,0,0,8272.89,415739,10169.2,0,0,0,415739,0,0,2681.02,201.65,8723.45,8272.89,0,0
01:11:15:03:21:10,6896.13,6907.28,14.9952,5.35401,14.8921,0,0,8273.14,415739,10173.2,0,0,0,415739,0,0,2685.03,201.667,8723.7,8273.14,0,0
01:11:15:03:21:11,6886.4,6914.44,14.9814,5.33665,14.9952,0,0,8273.38,415739,10163.4,0,0,0,415739,0,0,2675.3,201.683,8723.95,8273.38,0,0
01:11:15:03:21:12,6896.7,6900.7,14.9261,5.34867,14.9814,0,0,8273.63,415739,10173.7,0,0,0,415739,0,0,2685.6,201.7,8724.2,8273.63,0,0
01:11:15:03:21:13,6890.69,6913.29,14.9968,5.32998,14.9261,0,0,8273.88,415739,10167.7,0,0,0,415739,0,0,2679.59,201.717,8724.45,8273.88,0,0
01:11:15:03:21:14,6898.7,6905,14.9816,5.32196,14.9968,0,0,8274.13,415739,10175.7,0,0,0,415739,0,0,2687.6,201.733,8724.7,8274.13,0,0
01:11:15:03:21:15,6887.83,6913.86,14.9248,5.35668,14.9816,0,0,8274.38,415739,10164.9,0,0,0,415739,0,0,2676.73,201.75,8724.94,8274.38,0,0
01:11:15:03:21:16,6894.41,6900.13,14.9766,5.35134,14.9248,0,0,8274.63,415739,10171.4,0,0,0,415739,0,0,2683.31,201.767,8725.19,8274.63,0,0
01:11:15:03:21:17,6889.83,6908.14,14.9538,5.37003,14.9766,0,0,8274.88,415739,10166.9,0,0,0,415739,0,0,2678.73,201.783,8725.44,8274.88,0,0
01:11:15:03:21:18,6898.42,6900.99,14.9868,5.35668,14.9538,0,0,8275.13,415739,10175.4,0,0,0,415739,0,0,2687.32,201.8,8725.69,8275.13,0,0
01:11:15:03:21:19,6888.97,6910.72,15.0643,5.34466,14.9868,0,0,8275.38,415739,10166,0,0,0,415739,0,0,2677.87,201.817,8725.94,8275.38,0,0
01:11:15:03:21:20,6892.69,6900.42,14.9862,5.35801,15.0643,0,0,8275.63,415739,10169.7,0,0,0,415739,0,0,2681.59,201.833,8726.19,8275.63,0,0
01:11:15:03:21:21,6885.54,6904.14,14.9312,5.36202,14.9862,0,0,8275.88,415739,10162.6,0,0,0,415739,0,0,2674.44,201.85,8726.44,8275.88,0,0
01:11:15:03:21:22,6895.27,6903.28,14.9312,5.36069,14.9312,0,0,8276.13,415739,10172.3,0,0,0,415739,0,0,2684.17,201.867,8726.69,8276.13,0,0
01:11:15:03:21:23,6887.83,6894.98,15.021,5.36336,14.9312,0,0,8276.38,415739,10164.9,0,0,0,415739,0,0,2676.73,201.883,8726.94,8276.38,0,0
01:11:15:03:21:24,6891.26,6902.99,14.9839,5.3687,15.021,0,0,8276.63,415739,10168.3,0,0,0,415739,0,0,2680.16,201.9,8727.19,8276.63,0,0
01:11:15:03:21:25,6880.39,6893.27,14.9513,5.35535,14.9839,0,0,8276.88,415739,10157.4,0,0,0,415739,0,0,2669.29,201.917,8727.44,8276.88,0,0
01:11:15:03:21:26,6887.83,6899.56,14.9471,5.37938,14.9513,0,0,8277.13,415739,10164.9,0,0,0,415739,0,0,2676.73,201.933,8727.69,8277.13,0,0
01:11:15:03:21:27,6891.84,6888.97,15.0018,5.34066,14.9471,0,0,8277.38,415739,10168.9,0,0,0,415739,0,0,2680.74,201.95,8727.94,8277.38,0,0
01:11:15:03:21:28,6884.68,6901.56,14.9501,5.3727,15.0018,0,0,8277.63,415739,10161.7,0,0,0,415739,0,0,2673.58,201.967,8728.19,8277.63,0,0
01:11:15:03:21:29,6891.84,6892.98,15.0074,5.38071,14.9501,0,0,8277.88,415739,10168.9,0,0,0,415739,0,0,2680.74,201.983,8728.44,8277.88,0,0
01:11:15:03:21:30,6880.96,6899.56,15.0177,5.40608,15.0074,0,0,8278.13,415739,10158,0,0,0,415739,0,0,2669.86,202,8728.69,8278.13,0,0
01:11:15:03:21:31,6887.83,6885.54,14.999,5.38739,15.0177,0,0,8278.38,415739,10164.9,0,0,0,415739,0,0,2676.73,202.017,8728.94,8278.38,0,0
01:11:15:03:21:32,6884.68,6896.98,14.9802,5.3727,14.999,0,0,8278.63,415739,10161.7,0,0,0,415739,0,0,2673.58,202.033,8729.19,8278.63,0,0
01:11:15:03:21:33,6891.26,6888.97,14.9937,5.38338,14.9802,0,0,8278.88,415739,10168.3,0,0,0,415739,0,0,2680.16,202.05,8729.44,8278.88,0,0
01:11:15:03:21:34,6882.39,6899.56,14.9871,5.38338,14.9937,0,0,8279.13,415739,10159.4,0,0,0,415739,0,0,2671.29,202.067,8729.69,8279.13,0,0
01:11:15:03:21:35,6923.31,6926.17,14.9806,5.36202,14.9871,0,0,8279.38,415739,10200.3,0,0,0,415739,0,0,2712.21,202.083,8729.94,8279.38,0,0
01:11:15:03:21:36,6921.02,6932.75,14.9868,5.37003,14.9806,0,0,8279.63,415739,10198,0,0,0,415739,0,0,2709.92,202.1,8730.19,8279.63,0,0
01:11:15:03:21:37,6931.03,6927.88,14.9973,5.36469,14.9868,0,0,8279.88,415739,10208.1,0,0,0,415739,0,0,2719.93,202.117,8730.44,8279.88,0,0
01:11:15:03:21:38,6932.46,6943.91,14.9512,5.35801,14.9973,0,0,8280.13,415739,10209.5,0,0,0,415739,0,0,2721.36,202.133,8730.69,8280.13,0,0
01:11:15:03:21:39,6941.04,6942.48,14.9512,5.38739,14.9512,0,0,8280.37,415739,10218.1,0,0,0,415739,0,0,2729.94,202.15,8730.94,8280.37,0,0
01:11:15:03:21:40,6940.47,6954.78,14.9488,5.36603,14.9512,0,0,8280.62,415739,10217.5,0,0,0,415739,0,0,2729.37,202.167,8731.19,8280.62,0,0
01:11:15:03:21:41,6944.48,6952.49,14.9408,5.36603,14.9488,0,0,8280.87,415739,10221.5,0,0,0,415739,0,0,2733.38,202.183,8731.43,8280.87,0,0
01:11:15:03:21:42,6950.77,6949.06,14.9132,5.33799,14.9408,0,0,8281.12,415739,10227.8,0,0,0,415739,0,0,2739.67,202.2,8731.68,8281.12,0,0
01:11:15:03:21:43,6952.2,6961.93,14.9887,5.35401,14.9132,0,0,8281.37,415739,10229.2,0,0,0,415739,0,0,2741.1,202.217,8731.93,8281.37,0,0
01:11:15:03:21:44,6953.63,6957.92,15.0216,5.36069,14.9887,0,0,8281.62,415739,10230.7,0,0,0,415739,0,0,2742.53,202.233,8732.18,8281.62,0,0
01:11:15:03:21:45,6947.05,6960.79,14.9122,5.35401,15.0216,0,0,8281.87,415739,10224.1,0,0,0,415739,0,0,2735.95,202.25,8732.43,8281.87,0,0
01:11:15:03:21:46,6951.34,6952.77,14.9605,5.346,14.9122,0,0,8282.12,415739,10228.4,0,0,0,415739,0,0,2740.24,202.267,8732.68,8282.12,0,0
01:11:15:03:21:47,6955.35,6960.21,14.9457,5.34333,14.9605,0,0,8282.37,415739,10232.4,0,0,0,415739,0,0,2744.25,202.283,8732.93,8282.37,0,0
01:11:15:03:21:48,6961.07,6960.79,14.9857,5.35401,14.9457,0,0,8282.62,415739,10238.1,0,0,0,415739,0,0,2749.97,202.3,8733.18,8282.62,0,0
01:11:15:03:21:49,6959.93,6969.65,14.9917,5.38739,14.9857,0,0,8282.87,415739,10237,0,0,0,415739,0,0,2748.83,202.317,8733.43,8282.87,0,0
01:11:15:03:21:50,6952.77,6957.92,14.9927,5.36069,14.9917,0,0,8283.12,415739,10229.8,0,0,0,415739,0,0,2741.67,202.333,8733.68,8283.12,0,0
01:11:15:03:21:51,6953.35,6958.21,14.9235,5.39406,14.9927,0,0,8283.37,415739,10230.4,0,0,0,415739,0,0,2742.25,202.35,8733.93,8283.37,0,0
01:11:15:03:21:52,6956.21,6955.64,15.0107,5.38605,14.9235,0,0,8283.62,415739,10233.2,0,0,0,415739,0,0,2745.11,202.367,8734.18,8283.62,0,0
01:11:15:03:21:53,6954.78,6960.79,15.0523,5.36336,15.0107,0,0,8283.87,415739,10231.8,0,0,0,415739,0,0,2743.68,202.383,8734.43,8283.87,0,0
01:11:15:03:21:54,6952.49,6957.92,14.8962,5.35535,15.0523,0,0,8284.12,415739,10229.5,0,0,0,415739,0,0,2741.39,202.4,8734.68,8284.12,0,0
01:11:15:03:21:55,6951.34,6959.93,14.9704,5.35801,14.8962,0,0,8284.37,415739,10228.4,0,0,0,415739,0,0,2740.24,202.417,8734.93,8284.37,0,0
01:11:15:03:21:56,6949.91,6951.63,14.9698,5.35267,14.9704,0,0,8284.61,415739,10226.9,0,0,0,415739,0,0,2738.81,202.433,8735.18,8284.61,0,0
01:11:15:03:21:57,6951.06,6953.35,15.047,5.36202,14.9698,0,0,8284.86,415739,10228.1,0,0,0,415739,0,0,2739.96,202.45,8735.43,8284.86,0,0
01:11:15:03:21:58,6952.77,6956.78,15.084,5.36603,15.047,0,0,8285.11,415739,10229.8,0,0,0,415739,0,0,2741.67,202.467,8735.68,8285.11,0,0
01:11:15:03:21:59,6951.06,6957.07,14.9929,5.36469,15.084,0,0,8285.37,415739,10228.1,0,0,0,415739,0,0,2739.96,202.483,8735.93,8285.37,0,0
01:11:15:03:22:00,6944.19,6956.21,14.894,5.36202,14.9929,0,0,8285.62,415739,10221.2,0,0,0,415739,0,0,2733.09,202.5,8736.18,8285.62,0,0
01:11:15:03:22:01,6952.77,6950.77,14.9681,5.33932,14.894,0,0,8285.86,415739,10229.8,0,0,0,415739,0,0,2741.67,202.517,8736.43,8285.86,0,0
01:11:15:03:22:02,6949.34,6953.92,14.9374,5.346,14.9681,0,0,8286.11,415739,10226.4,0,0,0,415739,0,0,2738.24,202.533,8736.68,8286.11,0,0
01:11:15:03:22:03,6956.49,6955.92,14.9376,5.36069,14.9374,0,0,8286.36,415739,10233.5,0,0,0,415739,0,0,2745.39,202.55,8736.92,8286.36,0,0
01:11:15:03:22:04,6948.2,6958.21,14.9376,5.37671,14.9376,0,0,8286.61,415739,10225.2,0,0,0,415739,0,0,2737.1,202.567,8737.17,8286.61,0,0
01:11:15:03:22:05,6947.34,6953.35,15.0162,5.35267,14.9376,0,0,8286.86,415739,10224.4,0,0,0,415739,0,0,2736.24,202.583,8737.42,8286.86,0,0
01:11:15:03:22:06,6951.92,6951.63,14.9441,5.34466,15.0162,0,0,8287.11,415739,10228.9,0,0,0,415739,0,0,2740.82,202.6,8737.67,8287.11,0,0
01:11:15:03:22:07,6953.63,6954.21,14.9959,5.36603,14.9441,0,0,8287.36,415739,10230.7,0,0,0,415739,0,0,2742.53,202.617,8737.92,8287.36,0,0
01:11:15:03:22:08,6960.21,6960.5,14.9689,5.34466,14.9959,0,0,8287.61,415739,10237.2,0,0,0,415739,0,0,2749.11,202.633,8738.17,8287.61,0,0
01:11:15:03:22:09,6954.21,6961.36,15.0106,5.35267,14.9689,0,0,8287.86,415739,10231.2,0,0,0,415739,0,0,2743.1,202.65,8738.42,8287.86,0,0
01:11:15:03:22:10,6954.78,6957.07,14.9707,5.35267,15.0106,0,0,8288.11,415739,10231.8,0,0,0,415739,0,0,2743.68,202.667,8738.67,8288.11,0,0
01:11:15:03:22:11,6953.06,6954.21,14.9608,5.34333,14.9707,0,0,8288.36,415739,10230.1,0,0,0,415739,0,0,2741.96,202.683,8738.92,8288.36,0,0
01:11:15:03:22:12,6962.22,6960.21,14.947,5.35,14.9608,0,0,8288.61,415739,10239.2,0,0,0,415739,0,0,2751.12,202.7,8739.17,8288.61,0,0
01:11:15:03:22:13,6957.07,6961.07,15.0212,5.36202,14.947,0,0,8288.86,415739,10234.1,0,0,0,415739,0,0,2745.97,202.717,8739.42,8288.86,0,0
01:11:15:03:22:14,6961.64,6963.93,15.0462,5.37003,15.0212,0,0,8289.11,415739,10238.7,0,0,0,415739,0,0,2750.54,202.733,8739.67,8289.11,0,0
01:11:15:03:22:15,6955.64,6960.21,14.972,5.38205,15.0462,0,0,8289.36,415739,10232.7,0,0,0,415739,0,0,2744.54,202.75,8739.92,8289.36,0,0
01:11:15:03:22:16,6966.22,6960.21,14.9432,5.39406,14.972,0,0,8289.61,415739,10243.3,0,0,0,415739,0,0,2755.12,202.767,8740.17,8289.61,0,0
01:11:15:03:22:17,6960.79,6963.07,14.9569,5.35801,14.9432,0,0,8289.86,415739,10237.8,0,0,0,415739,0,0,2749.69,202.783,8740.42,8289.86,0,0
01:11:15:03:22:18,6967.08,6963.65,14.99,5.35267,14.9569,0,0,8290.11,415739,10244.1,0,0,0,415739,0,0,2755.98,202.8,8740.67,8290.11,0,0
01:11:15:03:22:19,6961.64,6969.94,15.0001,5.31796,14.99,0,0,8290.36,415739,10238.7,0,0,0,415739,0,0,2750.54,202.817,8740.92,8290.36,0,0
01:11:15:03:22:20,6964.79,6962.5,14.9714,5.34466,15.0001,0,0,8290.61,415739,10241.8,0,0,0,415739,0,0,2753.69,202.833,8741.17,8290.61,0,0
01:11:15:03:22:21,6964.79,6963.93,14.9235,5.35134,14.9714,0,0,8290.85,415739,10241.8,0,0,0,415739,0,0,2753.69,202.85,8741.42,8290.85,0,0
01:11:15:03:22:22,6974.23,6967.08,15.0578,5.36736,14.9235,0,0,8291.1,415739,10251.3,0,0,0,415739,0,0,2763.13,202.867,8741.67,8291.1,0,0
01:11:15:03:22:23,6962.22,6966.51,14.919,5.37404,15.0578,0,0,8291.35,415739,10239.2,0,0,0,415739,0,0,2751.12,202.883,8741.92,8291.35,0,0
01:11:15:03:22:24,6965.65,6969.65,14.9333,5.35535,14.919,0,0,8291.6,415739,10242.7,0,0,0,415739,0,0,2754.55,202.9,8742.16,8291.6,0,0
01:11:15:03:22:25,6967.37,6965.65,14.9824,5.36469,14.9333,0,0,8291.85,415739,10244.4,0,0,0,415739,0,0,2756.27,202.917,8742.41,8291.85,0,0
01:11:15:03:22:26,6965.94,6965.94,14.9567,5.35801,14.9824,0,0,8292.1,415739,10243,0,0,0,415739,0,0,2754.84,202.933,8742.66,8292.1,0,0
01:11:15:03:22:27,6973.66,6966.79,14.9817,5.37003,14.9567,0,0,8292.35,415739,10250.7,0,0,0,415739,0,0,2762.56,202.95,8742.91,8292.35,0,0
01:11:15:03:22:28,6966.51,6968.22,14.9728,5.35668,14.9817,0,0,8292.6,415739,10243.5,0,0,0,415739,0,0,2755.41,202.967,8743.16,8292.6,0,0
01:11:15:03:22:29,6968.51,6965.65,14.9606,5.33265,14.9728,0,0,8292.85,415739,10245.5,0,0,0,415739,0,0,2757.41,202.983,8743.41,8292.85,0,0
01:11:15:03:22:30,6959.64,6962.79,14.9606,5.34733,14.9606,0,0,8293.1,415739,10236.7,0,0,0,415739,0,0,2748.54,203,8743.66,8293.1,0,0
01:11:15:03:22:31,6970.8,6961.36,15.0232,5.35668,14.9606,0,0,8293.35,415739,10247.8,0,0,0,415739,0,0,2759.7,203.017,8743.91,8293.35,0,0
01:11:15:03:22:32,6968.22,6968.22,14.9715,5.38071,15.0232,0,0,8293.6,415739,10245.3,0,0,0,415739,0,0,2757.13,203.033,8744.16,8293.6,0,0
01:11:15:03:22:33,6974.8,6968.22,14.9715,5.35134,14.9715,0,0,8293.85,415739,10251.8,0,0,0,415739,0,0,2763.71,203.05,8744.41,8293.85,0,0
01:11:15:03:22:34,6962.22,6967.65,15.0413,5.33532,14.9715,0,0,8294.1,415739,10239.2,0,0,0,415739,0,0,2751.12,203.067,8744.66,8294.1,0,0
01:11:15:03:22:35,6968.22,6958.78,15.0042,5.33665,15.0413,0,0,8294.35,415739,10245.3,0,0,0,415739,0,0,2757.13,203.083,8744.91,8294.35,0,0
01:11:15:03:22:36,6962.5,6960.21,14.9528,5.34066,15.0042,0,0,8294.6,415739,10239.5,0,0,0,415739,0,0,2751.4,203.1,8745.16,8294.6,0,0
01:11:15:03:22:37,6974.23,6963.65,15.0042,5.37404,14.9528,0,0,8294.85,415739,10251.3,0,0,0,415739,0,0,2763.13,203.117,8745.41,8294.85,0,0
01:11:15:03:22:38,6963.65,6965.94,14.9816,5.38205,15.0042,0,0,8295.1,415739,10240.7,0,0,0,415739,0,0,2752.55,203.133,8745.66,8295.1,0,0
01:11:15:03:22:39,6968.51,6965.65,15.0022,5.38605,14.9816,0,0,8295.35,415739,10245.5,0,0,0,415739,0,0,2757.41,203.15,8745.91,8295.35,0,0
01:11:15:03:22:40,6962.5,6961.36,14.9113,5.3687,15.0022,0,0,8295.6,415739,10239.5,0,0,0,415739,0,0,2751.4,203.167,8746.16,8295.6,0,0
01:11:15:03:22:41,6974.52,6962.79,14.9866,5.3687,14.9113,0,0,8295.85,415739,10251.5,0,0,0,415739,0,0,2763.42,203.183,8746.41,8295.85,0,0
01:11:15:03:22:42,6973.09,6970.23,15.0192,5.39673,14.9866,0,0,8296.09,415739,10250.1,0,0,0,415739,0,0,2761.99,203.2,8746.66,8296.09,0,0
01:11:15:03:22:43,6972.8,6973.37,14.949,5.37003,15.0192,0,0,8296.34,415739,10249.8,0,0,0,415739,0,0,2761.7,203.217,8746.91,8296.34,0,0
01:11:15:03:22:44,6976.23,6969.37,14.9174,5.35535,14.949,0,0,8296.59,415739,10253.3,0,0,0,415739,0,0,2765.14,203.233,8747.16,8296.59,0,0
01:11:15:03:22:45,6966.51,6964.5,15.0059,5.33532,14.9174,0,0,8296.84,415739,10243.5,0,0,0,415739,0,0,2755.41,203.25,8747.41,8296.84,0,0
01:11:15:03:22:46,6979.95,6965.94,14.9494,5.36069,15.0059,0,0,8297.09,415739,10257,0,0,0,415739,0,0,2768.85,203.267,8747.66,8297.09,0,0
01:11:15:03:22:47,6971.94,6970.23,15.0019,5.37003,14.9494,0,0,8297.34,415739,10249,0,0,0,415739,0,0,2760.84,203.283,8747.9,8297.34,0,0
01:11:15:03:22:48,6980.24,6971.66,14.9993,5.35267,15.0019,0,0,8297.59,415739,10257.3,0,0,0,415739,0,0,2769.14,203.3,8748.16,8297.59,0,0
01:11:15:03:22:49,6967.94,6971.37,15.0049,5.37537,14.9993,0,0,8297.84,415739,10245,0,0,0,415739,0,0,2756.84,203.317,8748.41,8297.84,0,0
01:11:15:03:22:50,6977.38,6963.36,15.042,5.35668,15.0049,0,0,8298.09,415739,10254.4,0,0,0,415739,0,0,2766.28,203.333,8748.66,8298.09,0,0
01:11:15:03:22:51,6969.08,6966.22,14.9523,5.35668,15.042,0,0,8298.34,415739,10246.1,0,0,0,415739,0,0,2757.98,203.35,8748.91,8298.34,0,0
01:11:15:03:22:52,6982.53,6967.94,14.9768,5.34466,14.9523,0,0,8298.59,415739,10259.6,0,0,0,415739,0,0,2771.43,203.367,8749.16,8298.59,0,0
01:11:15:03:22:53,6969.08,6973.66,14.9414,5.37003,14.9768,0,0,8298.84,415739,10246.1,0,0,0,415739,0,0,2757.98,203.383,8749.41,8298.84,0,0
01:11:15:03:22:54,6976.81,6965.08,14.9819,5.38205,14.9414,0,0,8299.09,415739,10253.8,0,0,0,415739,0,0,2765.71,203.4,8749.65,8299.09,0,0
01:11:15:03:22:55,6971.94,6970.51,14.976,5.3687,14.9819,0,0,8299.34,415739,10249,0,0,0,415739,0,0,2760.84,203.417,8749.9,8299.34,0,0
01:11:15:03:22:56,6982.24,6965.36,14.9576,5.38205,14.976,0,0,8299.59,415739,10259.3,0,0,0,415739,0,0,2771.14,203.433,8750.15,8299.59,0,0
01:11:15:03:22:57,6973.66,6974.52,14.9696,5.35668,14.9576,0,0,8299.84,415739,10250.7,0,0,0,415739,0,0,2762.56,203.45,8750.4,8299.84,0,0
01:11:15:03:22:58,6980.53,6973.66,14.9944,5.35134,14.9696,0,0,8300.09,415739,10257.6,0,0,0,415739,0,0,2769.43,203.467,8750.65,8300.09,0,0
01:11:15:03:22:59,6968.8,6966.79,14.987,5.35935,14.9944,0,0,8300.34,415739,10245.8,0,0,0,415739,0,0,2757.7,203.483,8750.9,8300.34,0,0
01:11:15:03:23:00,6979.38,6966.51,14.9466,5.37404,14.987,0,0,8300.59,415739,10256.4,0,0,0,415739,0,0,2768.28,203.5,8751.15,8300.59,0,0
01:11:15:03:23:01,6972.52,6964.79,14.9831,5.36736,14.9466,0,0,8300.84,415739,10249.5,0,0,0,415739,0,0,2761.42,203.517,8751.4,8300.84,0,0
01:11:15:03:23:02,6981.1,6970.8,14.9631,5.35801,14.9831,0,0,8301.09,415739,10258.1,0,0,0,415739,0,0,2770,203.533,8751.65,8301.09,0,0
01:11:15:03:23:03,6991.4,6981.1,14.9703,5.35801,14.9631,0,0,8301.34,415739,10268.4,0,0,0,415739,0,0,2780.3,203.55,8751.9,8301.34,0,0
01:11:15:03:23:04,6994.26,6992.83,15.4003,5.37137,14.9703,0,0,8301.59,415739,10271.3,0,0,0,415739,0,0,2783.16,203.567,8752.15,8301.59,0,0
01:11:15:03:23:05,7104.12,7082.95,15.8218,5.37137,15.4003,0,0,8301.84,415739,10381.2,0,0,0,415739,0,0,2893.02,203.583,8752.41,8301.84,0,0
01:11:15:03:23:06,7136.45,7131.02,15.7527,5.35801,15.8218,0,0,8302.1,415739,10413.5,0,0,0,415739,0,0,2925.35,203.6,8752.68,8302.1,0,0
01:11:15:03:23:07,7190.52,7172.5,17.2427,5.65309,15.7527,0,0,8302.36,415739,10467.6,0,0,0,415739,0,0,2979.42,203.617,8752.95,8302.36,0,0
01:11:15:03:23:08,7267.49,7264.34,17.8662,5.96818,17.2427,0,0,8302.64,415739,10544.5,0,0,0,415739,0,0,3056.39,203.633,8753.25,8302.64,0,0
01:11:15:03:23:09,7336.15,7327.28,17.8662,6.49023,17.8662,0,0,8302.93,415739,10613.2,0,0,0,415739,0,0,3125.05,203.65,8753.54,8302.93,0,0
01:11:15:03:23:10,7389.08,7372.77,19.438,6.95888,17.8662,0,0,8303.23,415739,10666.1,0,0,0,415739,0,0,3177.98,203.667,8753.85,8303.23,0,0
01:11:15:03:23:11,7418.83,7408.53,20.4013,7.63314,19.438,0,0,8303.54,415739,10695.9,0,0,0,415739,0,0,3207.73,203.683,8754.19,8303.54,0,0
01:11:15:03:23:12,7465.75,7441.72,20.5269,8.06974,20.4013,0,0,8303.87,415739,10742.8,0,0,0,415739,0,0,3254.65,203.7,8754.53,8303.87,0,0
01:11:15:03:23:13,7484.06,7471.48,20.5758,8.42355,20.5269,0,0,8304.21,415739,10761.1,0,0,0,415739,0,0,3272.96,203.717,8754.87,8304.21,0,0
01:11:15:03:23:14,7517.54,7493.79,20.5758,8.9189,20.5758,0,0,8304.56,415739,10794.6,0,0,0,415739,0,0,3306.44,203.733,8755.21,8304.56,0,0
01:11:15:03:23:15,7524.41,7509.24,20.5628,9.25403,20.5758,0,0,8304.9,415739,10801.4,0,0,0,415739,0,0,3313.3,203.75,8755.55,8304.9,0,0
01:11:15:03:23:16,7541.57,7510.67,20.5978,9.57446,20.5628,0,0,8305.24,415739,10818.6,0,0,0,415739,0,0,3330.47,203.767,8755.9,8305.24,0,0
01:11:15:03:23:17,7577.33,7536.99,20.561,9.724,20.5978,0,0,8305.58,415739,10854.4,0,0,0,415739,0,0,3366.23,203.783,8756.24,8305.58,0,0
01:11:15:03:23:18,7581.91,7555.02,20.5839,9.93629,20.561,0,0,8305.93,415739,10858.9,0,0,0,415739,0,0,3370.81,203.8,8756.58,8305.93,0,0
01:11:15:03:23:19,7605.09,7563.6,20.5979,10.0391,20.5839,0,0,8306.27,415739,10882.1,0,0,0,415739,0,0,3393.99,203.817,8756.93,8306.27,0,0
01:11:15:03:23:20,7582.48,7551.87,20.5717,10.1326,20.5979,0,0,8306.61,415739,10859.5,0,0,0,415739,0,0,3371.38,203.833,8757.27,8306.61,0,0
01:11:15:03:23:21,7603.65,7560.45,20.5948,10.3101,20.5717,0,0,8306.96,415739,10880.7,0,0,0,415739,0,0,3392.55,203.85,8757.61,8306.96,0,0
01:11:15:03:23:22,7622.54,7566.18,20.5669,10.3996,20.5948,0,0,8307.3,415739,10899.6,0,0,0,415739,0,0,3411.44,203.867,8757.96,8307.3,0,0
01:11:15:03:23:23,7615.96,7584.49,20.6444,10.4837,20.5669,0,0,8307.64,415739,10893,0,0,0,415739,0,0,3404.86,203.883,8758.3,8307.64,0,0
01:11:15:03:23:24,7632.55,7578.48,20.6742,10.5198,20.6444,0,0,8307.99,415739,10909.6,0,0,0,415739,0,0,3421.45,203.9,8758.64,8307.99,0,0
01:11:15:03:23:25,7621.39,7587.06,20.6417,10.5371,20.6742,0,0,8308.33,415739,10898.4,0,0,0,415739,0,0,3410.29,203.917,8758.99,8308.33,0,0
01:11:15:03:23:26,7598.5,7542.14,20.578,10.5972,20.6417,0,0,8308.67,415739,10875.5,0,0,0,415739,0,0,3387.41,203.933,8759.33,8308.67,0,0
01:11:15:03:23:27,7465.75,7426.56,20.562,10.5865,20.578,0,0,8309.02,415739,10742.8,0,0,0,415739,0,0,3254.65,203.95,8759.67,8309.02,0,0
01:11:15:03:23:28,7449.73,7392.23,20.5543,10.6479,20.562,0,0,8309.36,415739,10726.8,0,0,0,415739,0,0,3238.63,203.967,8760.02,8309.36,0,0
01:11:15:03:23:29,7396.23,7359.9,20.7288,10.6439,20.5543,0,0,8309.7,415739,10673.3,0,0,0,415739,0,0,3185.13,203.983,8760.36,8309.7,0,0
01:11:15:03:23:30,7366.48,7316.41,20.6852,10.6653,20.7288,0,0,8310.05,415739,10643.5,0,0,0,415739,0,0,3155.38,204,8760.71,8310.05,0,0
01:11:15:03:23:31,7335.01,7284.08,20.6794,10.724,20.6852,0,0,8310.39,415739,10612,0,0,0,415739,0,0,3123.91,204.017,8761.05,8310.39,0,0
01:11:15:03:23:32,7309.83,7265.2,20.7285,10.6893,20.6794,0,0,8310.74,415739,10586.9,0,0,0,415739,0,0,3098.73,204.033,8761.39,8310.74,0,0
01:11:15:03:23:33,7295.52,7239.16,20.7733,10.7107,20.7285,0,0,8311.08,415739,10572.6,0,0,0,415739,0,0,3084.42,204.05,8761.74,8311.08,0,0
01:11:15:03:23:34,7172.21,7135.88,20.7052,10.684,20.7733,0,0,8311.43,415739,10449.2,0,0,0,415739,0,0,2961.11,204.067,8762.09,8311.43,0,0
01:11:15:03:23:35,7185.66,7124.15,20.6742,10.7481,20.7052,0,0,8311.77,415739,10462.7,0,0,0,415739,0,0,2974.56,204.083,8762.43,8311.77,0,0
01:11:15:03:23:36,7154.76,7104.69,20.6782,10.716,20.6742,0,0,8312.12,415739,10431.8,0,0,0,415739,0,0,2943.66,204.1,8762.78,8312.12,0,0
01:11:15:03:23:37,7154.19,7103.84,20.7217,10.7267,20.6782,0,0,8312.46,415739,10431.2,0,0,0,415739,0,0,2943.09,204.117,8763.12,8312.46,0,0
01:11:15:03:23:38,7134.45,7088.39,20.761,10.7548,20.7217,0,0,8312.81,415739,10411.5,0,0,0,415739,0,0,2923.35,204.133,8763.47,8312.81,0,0
01:11:15:03:23:39,7138.45,7087.53,20.6942,10.7935,20.761,0,0,8313.15,415739,10415.5,0,0,0,415739,0,0,2927.35,204.15,8763.81,8313.15,0,0
01:11:15:03:23:40,7124.44,7082.09,20.695,10.7935,20.6942,0,0,8313.5,415739,10401.5,0,0,0,415739,0,0,2913.34,204.167,8764.16,8313.5,0,0
01:11:15:03:23:41,7126.72,7074.37,20.6241,10.7601,20.695,0,0,8313.84,415739,10403.8,0,0,0,415739,0,0,2915.62,204.183,8764.5,8313.84,0,0
01:11:15:03:23:42,7126.72,7080.66,20.6038,10.7788,20.6241,0,0,8314.19,415739,10403.8,0,0,0,415739,0,0,2915.62,204.2,8764.84,8314.19,0,0
01:11:15:03:23:43,7120.14,7073.22,20.6598,10.7601,20.6038,0,0,8314.53,415739,10397.2,0,0,0,415739,0,0,2909.04,204.217,8765.19,8314.53,0,0
01:11:15:03:23:44,7130.44,7078.37,20.6612,10.7454,20.6598,0,0,8314.87,415739,10407.5,0,0,0,415739,0,0,2919.34,204.233,8765.53,8314.87,0,0
01:11:15:03:23:45,7126.44,7078.09,20.5948,10.7601,20.6612,0,0,8315.22,415739,10403.5,0,0,0,415739,0,0,2915.34,204.25,8765.88,8315.22,0,0
01:11:15:03:23:46,7124.44,7070.65,20.5736,10.7628,20.5948,0,0,8315.56,415739,10401.5,0,0,0,415739,0,0,2913.34,204.267,8766.22,8315.56,0,0
01:11:15:03:23:47,7117.57,7066.93,20.6101,10.7534,20.5736,0,0,8315.91,415739,10394.6,0,0,0,415739,0,0,2906.47,204.283,8766.56,8315.91,0,0
01:11:15:03:23:48,7111.85,7066.07,20.6587,10.8188,20.6101,0,0,8316.25,415739,10388.9,0,0,0,415739,0,0,2900.75,204.3,8766.91,8316.25,0,0
01:11:15:03:23:49,7100.98,7049.48,20.6461,10.8322,20.6587,0,0,8316.59,415739,10378,0,0,0,415739,0,0,2889.88,204.317,8767.25,8316.59,0,0
01:11:15:03:23:50,7110.13,7056.63,20.6404,10.8469,20.6461,0,0,8316.94,415739,10387.2,0,0,0,415739,0,0,2899.03,204.333,8767.59,8316.94,0,0
01:11:15:03:23:51,7089.25,7040.04,20.6409,10.8415,20.6404,0,0,8317.28,415739,10366.3,0,0,0,415739,0,0,2878.15,204.35,8767.94,8317.28,0,0
01:11:15:03:23:52,7092.68,7040.61,20.7014,10.8629,20.6409,0,0,8317.63,415739,10369.7,0,0,0,415739,0,0,2881.58,204.367,8768.28,8317.63,0,0
01:11:15:03:23:53,7084.67,7039.46,20.6001,10.8749,20.7014,0,0,8317.97,415739,10361.7,0,0,0,415739,0,0,2873.57,204.383,8768.63,8317.97,0,0
01:11:15:03:23:54,7086.38,7033.74,20.6386,10.8455,20.6001,0,0,8318.31,415739,10363.4,0,0,0,415739,0,0,2875.28,204.4,8768.97,8318.31,0,0
01:11:15:03:23:55,7097.54,7043.47,20.616,10.8656,20.6386,0,0,8318.66,415739,10374.6,0,0,0,415739,0,0,2886.44,204.417,8769.31,8318.66,0,0
01:11:15:03:23:56,7100.4,7046.9,20.646,10.8522,20.616,0,0,8319,415739,10377.4,0,0,0,415739,0,0,2889.3,204.433,8769.66,8319,0,0
01:11:15:03:23:57,7094.11,7049.19,20.6684,10.8242,20.646,0,0,8319.35,415739,10371.1,0,0,0,415739,0,0,2883.01,204.45,8770,8319.35,0,0
01:11:15:03:23:58,7098.69,7044.61,20.5632,10.8148,20.6684,0,0,8319.69,415739,10375.7,0,0,0,415739,0,0,2887.59,204.467,8770.35,8319.69,0,0
01:11:15:03:23:59,7090.1,7044.33,20.6587,10.7988,20.5632,0,0,8320.03,415739,10367.1,0,0,0,415739,0,0,2879,204.483,8770.69,8320.03,0,0
01:11:15:03:24:00,7096.11,7037.75,20.6172,10.7855,20.6587,0,0,8320.38,415739,10373.1,0,0,0,415739,0,0,2885.01,204.5,8771.03,8320.38,0,0
01:11:15:03:24:01,7100.4,7050.05,20.6424,10.7654,20.6172,0,0,8320.72,415739,10377.4,0,0,0,415739,0,0,2889.3,204.517,8771.38,8320.72,0,0
01:11:15:03:24:02,7091.53,7040.89,20.744,10.7961,20.6424,0,0,8321.06,415739,10368.6,0,0,0,415739,0,0,2880.43,204.533,8771.72,8321.06,0,0
01:11:15:03:24:03,7098.11,7047.19,20.7069,10.7975,20.744,0,0,8321.41,415739,10375.1,0,0,0,415739,0,0,2887.01,204.55,8772.07,8321.41,0,0
01:11:15:03:24:04,7095.25,7043.75,20.5737,10.7921,20.7069,0,0,8321.75,415739,10372.3,0,0,0,415739,0,0,2884.15,204.567,8772.41,8321.75,0,0
01:11:15:03:24:05,7093.54,7040.32,20.7053,10.8001,20.5737,0,0,8322.1,415739,10370.6,0,0,0,415739,0,0,2882.44,204.583,8772.75,8322.1,0,0
01:11:15:03:24:06,7093.54,7035.46,20.6297,10.7761,20.7053,0,0,8322.44,415739,10370.6,0,0,0,415739,0,0,2882.44,204.6,8773.1,8322.44,0,0
01:11:15:03:24:07,7086.96,7042.9,20.6486,10.7895,20.6297,0,0,8322.79,415739,10364,0,0,0,415739,0,0,2875.86,204.617,8773.44,8322.79,0,0
01:11:15:03:24:08,7081.52,7028.88,20.7093,10.7548,20.6486,0,0,8323.13,415739,10358.5,0,0,0,415739,0,0,2870.42,204.633,8773.79,8323.13,0,0
01:11:15:03:24:09,7090.68,7035.17,20.6937,10.7414,20.7093,0,0,8323.48,415739,10367.7,0,0,0,415739,0,0,2879.58,204.65,8774.13,8323.48,0,0
01:11:15:03:24:10,7086.38,7033.17,20.7008,10.7708,20.6937,0,0,8323.82,415739,10363.4,0,0,0,415739,0,0,2875.28,204.667,8774.48,8323.82,0,0
01:11:15:03:24:11,7097.83,7040.89,20.7234,10.7774,20.7008,0,0,8324.17,415739,10374.9,0,0,0,415739,0,0,2886.73,204.683,8774.82,8324.17,0,0
01:11:15:03:24:12,7096.11,7046.04,20.5986,10.7294,20.7234,0,0,8324.51,415739,10373.1,0,0,0,415739,0,0,2885.01,204.7,8775.17,8324.51,0,0
01:11:15:03:24:13,7096.11,7044.61,20.6852,10.7668,20.5986,0,0,8324.86,415739,10373.1,0,0,0,415739,0,0,2885.01,204.717,8775.51,8324.86,0,0
01:11:15:03:24:14,7101.83,7045.47,20.6425,10.7748,20.6852,0,0,8325.2,415739,10378.9,0,0,0,415739,0,0,2890.73,204.733,8775.86,8325.2,0,0
01:11:15:03:24:15,7110.99,7053.48,20.6683,10.728,20.6425,0,0,8325.54,415739,10388,0,0,0,415739,0,0,2899.89,204.75,8776.2,8325.54,0,0
01:11:15:03:24:16,7106.98,7057.2,20.6463,10.7441,20.6683,0,0,8325.89,415739,10384,0,0,0,415739,0,0,2895.88,204.767,8776.54,8325.89,0,0
01:11:15:03:24:17,7112.42,7055.2,20.6566,10.7507,20.6463,0,0,8326.23,415739,10389.4,0,0,0,415739,0,0,2901.32,204.783,8776.89,8326.23,0,0
01:11:15:03:24:18,7102.12,7059.78,20.6814,10.7681,20.6566,0,0,8326.58,415739,10379.1,0,0,0,415739,0,0,2891.02,204.8,8777.23,8326.58,0,0
01:11:15:03:24:19,7108.41,7052.62,20.642,10.7494,20.6814,0,0,8326.92,415739,10385.4,0,0,0,415739,0,0,2897.31,204.817,8777.58,8326.92,0,0
01:11:15:03:24:20,7122.72,7062.07,20.6644,10.7361,20.642,0,0,8327.27,415739,10399.7,0,0,0,415739,0,0,2911.62,204.833,8777.92,8327.27,0,0
01:11:15:03:24:21,7117.28,7068.07,20.6628,10.7414,20.6644,0,0,8327.61,415739,10394.3,0,0,0,415739,0,0,2906.18,204.85,8778.27,8327.61,0,0
01:11:15:03:24:22,7123.86,7068.07,20.6726,10.7668,20.6628,0,0,8327.95,415739,10400.9,0,0,0,415739,0,0,2912.76,204.867,8778.61,8327.95,0,0
01:11:15:03:24:23,7110.7,7060.06,20.5989,10.7855,20.6726,0,0,8328.3,415739,10387.7,0,0,0,415739,0,0,2899.6,204.883,8778.96,8328.3,0,0
01:11:15:03:24:24,7111.85,7054.34,20.6129,10.7828,20.5989,0,0,8328.64,415739,10388.9,0,0,0,415739,0,0,2900.75,204.9,8779.3,8328.64,0,0
01:11:15:03:24:25,7113.85,7056.92,20.6602,10.7774,20.6129,0,0,8328.99,415739,10390.9,0,0,0,415739,0,0,2902.75,204.917,8779.64,8328.99,0,0
01:11:15:03:24:26,7117.85,7063.21,20.7207,10.7948,20.6602,0,0,8329.33,415739,10394.9,0,0,0,415739,0,0,2906.76,204.933,8779.99,8329.33,0,0
01:11:15:03:24:27,7114.42,7065.21,20.6453,10.7828,20.7207,0,0,8329.67,415739,10391.5,0,0,0,415739,0,0,2903.32,204.95,8780.33,8329.67,0,0
01:11:15:03:24:28,7125.58,7066.93,20.6573,10.7681,20.6453,0,0,8330.02,415739,10402.6,0,0,0,415739,0,0,2914.48,204.967,8780.68,8330.02,0,0
01:11:15:03:24:29,7117,7064.64,20.6855,10.8122,20.6573,0,0,8330.36,415739,10394,0,0,0,415739,0,0,2905.9,204.983,8781.02,8330.36,0,0
01:11:15:03:24:30,7118.43,7059.2,20.7027,10.7641,20.6855,0,0,8330.71,415739,10395.5,0,0,0,415739,0,0,2907.33,205,8781.37,8330.71,0,0
01:11:15:03:24:31,7118.71,7065.21,20.6763,10.7574,20.7027,0,0,8331.05,415739,10395.7,0,0,0,415739,0,0,2907.61,205.017,8781.71,8331.05,0,0
01:11:15:03:24:32,7114.99,7063.21,20.656,10.7521,20.6763,0,0,8331.4,415739,10392,0,0,0,415739,0,0,2903.89,205.033,8782.05,8331.4,0,0
01:11:15:03:24:33,7114.42,7058.92,20.6269,10.7975,20.656,0,0,8331.74,415739,10391.5,0,0,0,415739,0,0,2903.32,205.05,8782.4,8331.74,0,0
01:11:15:03:24:34,7127.87,7064.93,20.6659,10.7881,20.6269,0,0,8332.09,415739,10404.9,0,0,0,415739,0,0,2916.77,205.067,8782.74,8332.09,0,0
01:11:15:03:24:35,7119.86,7068.36,20.7057,10.7975,20.6659,0,0,8332.43,415739,10396.9,0,0,0,415739,0,0,2908.76,205.083,8783.09,8332.43,0,0
01:11:15:03:24:36,7128.44,7068.07,20.6534,10.7628,20.7057,0,0,8332.78,415739,10405.5,0,0,0,415739,0,0,2917.34,205.1,8783.43,8332.78,0,0
01:11:15:03:24:37,7111.27,7066.36,20.6791,10.7708,20.6534,0,0,8333.12,415739,10388.3,0,0,0,415739,0,0,2900.18,205.117,8783.78,8333.12,0,0
01:11:15:03:24:38,7114.14,7053.77,20.6458,10.7601,20.6791,0,0,8333.46,415739,10391.2,0,0,0,415739,0,0,2903.04,205.133,8784.12,8333.46,0,0
01:11:15:03:24:39,7124.15,7062.07,20.7099,10.8001,20.6458,0,0,8333.81,415739,10401.2,0,0,0,415739,0,0,2913.05,205.15,8784.47,8333.81,0,0
01:11:15:03:24:40,7119,7067.5,20.6186,10.7748,20.7099,0,0,8334.15,415739,10396,0,0,0,415739,0,0,2907.9,205.167,8784.81,8334.15,0,0
01:11:15:03:24:41,7123.86,7065.78,20.601,10.7681,20.6186,0,0,8334.5,415739,10400.9,0,0,0,415739,0,0,2912.76,205.183,8785.15,8334.5,0,0
01:11:15:03:24:42,7125.01,7072.94,20.577,10.7681,20.601,0,0,8334.84,415739,10402,0,0,0,415739,0,0,2913.91,205.2,8785.5,8334.84,0,0
01:11:15:03:24:43,7131.3,7072.65,20.6967,10.7534,20.577,0,0,8335.18,415739,10408.3,0,0,0,415739,0,0,2920.2,205.217,8785.84,8335.18,0,0
01:11:15:03:24:44,7218.56,7161.91,21.0028,10.7521,20.6967,0,0,8335.53,415739,10495.6,0,0,0,415739,0,0,3007.46,205.233,8786.19,8335.53,0,0
01:11:15:03:24:45,7280.36,7211.41,20.8434,10.8028,21.0028,0,0,8335.88,415739,10557.4,0,0,0,415739,0,0,3069.26,205.25,8786.54,8335.88,0,0
01:11:15:03:24:46,7306.4,7260.62,22.563,10.7895,20.8434,0,0,8336.23,415739,10583.4,0,0,0,415739,0,0,3095.3,205.267,8786.9,8336.23,0,0
01:11:15:03:24:47,7356.75,7289.52,23.3288,11.154,22.563,0,0,8336.59,415739,10633.8,0,0,0,415739,0,0,3145.65,205.283,8787.28,8336.59,0,0
01:11:15:03:24:48,7388.79,7338.15,23.6508,11.4357,23.3288,0,0,8336.97,415739,10665.8,0,0,0,415739,0,0,3177.69,205.3,8787.67,8336.97,0,0
01:11:15:03:24:49,7448.59,7393.37,24.0392,11.9123,23.6508,0,0,8337.36,415739,10725.6,0,0,0,415739,0,0,3237.49,205.317,8788.07,8337.36,0,0
01:11:15:03:24:50,7497.23,7432.28,24.3657,12.2795,24.0392,0,0,8337.76,415739,10774.3,0,0,0,415739,0,0,3286.13,205.333,8788.47,8337.76,0,0
01:11:15:03:24:51,7511.82,7471.76,25.783,12.5425,24.3657,0,0,8338.16,415739,10788.8,0,0,0,415739,0,0,3300.72,205.35,8788.89,8338.16,0,0
01:11:15:03:24:52,7535.28,7471.76,26.0891,13.1113,25.783,0,0,8338.58,415739,10812.3,0,0,0,415739,0,0,3324.18,205.367,8789.32,8338.58,0,0
01:11:15:03:24:53,7534.99,7485.78,26.2958,13.9218,26.0891,0,0,8339.01,415739,10812,0,0,0,415739,0,0,3323.89,205.383,8789.76,8339.01,0,0
01:11:15:03:24:54,7538.14,7495.79,26.2958,14.2689,26.2958,0,0,8339.45,415739,10815.2,0,0,0,415739,0,0,3327.04,205.4,8790.2,8339.45,0,0
01:11:15:03:24:55,7538.14,7490.07,26.1125,14.4839,26.2958,0,0,8339.89,415739,10815.2,0,0,0,415739,0,0,3327.04,205.417,8790.64,8339.89,0,0
01:11:15:03:24:56,7556.73,7519.25,26.0654,14.7963,26.1125,0,0,8340.32,415739,10833.8,0,0,0,415739,0,0,3345.63,205.433,8791.07,8340.32,0,0
01:11:15:03:24:57,7545.58,7521.83,26.1664,14.9472,26.0654,0,0,8340.76,415739,10822.6,0,0,0,415739,0,0,3334.48,205.45,8791.51,8340.76,0,0
01:11:15:03:24:58,7552.16,7536.99,26.2224,15.1087,26.1664,0,0,8341.19,415739,10829.2,0,0,0,415739,0,0,3341.06,205.467,8791.94,8341.19,0,0
01:11:15:03:24:59,7558.16,7528.7,26.0959,15.2596,26.2224,0,0,8341.63,415739,10835.2,0,0,0,415739,0,0,3347.07,205.483,8792.38,8341.63,0,0
01:11:15:03:25:00,7547.58,7531.27,26.1964,15.3958,26.0959,0,0,8342.07,415739,10824.6,0,0,0,415739,0,0,3336.48,205.5,8792.82,8342.07,0,0
01:11:15:03:25:01,7567.32,7527.84,26.1717,15.5146,26.1964,0,0,8342.5,415739,10844.3,0,0,0,415739,0,0,3356.22,205.517,8793.25,8342.5,0,0
01:11:15:03:25:02,7563.6,7551.58,26.204,15.6161,26.1717,0,0,8342.94,415739,10840.6,0,0,0,415739,0,0,3352.5,205.533,8793.69,8342.94,0,0
01:11:15:03:25:03,7569.32,7545.29,26.2096,15.7055,26.204,0,0,8343.38,415739,10846.4,0,0,0,415739,0,0,3358.22,205.55,8794.13,8343.38,0,0
01:11:15:03:25:04,7575.9,7562.17,26.1831,15.7683,26.2096,0,0,8343.81,415739,10852.9,0,0,0,415739,0,0,3364.8,205.567,8794.56,8343.81,0,0
01:11:15:03:25:05,7573.33,7553.3,26.1922,15.8844,26.1831,0,0,8344.25,415739,10850.4,0,0,0,415739,0,0,3362.23,205.583,8795,8344.25,0,0
01:11:15:03:25:06,7567.03,7555.88,26.2107,15.9005,26.1922,0,0,8344.68,415739,10844.1,0,0,0,415739,0,0,3355.93,205.6,8795.43,8344.68,0,0
01:11:15:03:25:07,7549.58,7526.98,26.1933,15.9592,26.2107,0,0,8345.12,415739,10826.6,0,0,0,415739,0,0,3338.48,205.617,8795.87,8345.12,0,0
01:11:15:03:25:08,7549.87,7541.29,26.2527,15.9686,26.1933,0,0,8345.56,415739,10826.9,0,0,0,415739,0,0,3338.77,205.633,8796.31,8345.56,0,0
01:11:15:03:25:09,7561.03,7530.98,26.1808,15.9979,26.2527,0,0,8346,415739,10838.1,0,0,0,415739,0,0,3349.93,205.65,8796.75,8346,0,0
01:11:15:03:25:10,7570.18,7553.3,26.0866,15.9472,26.1808,0,0,8346.43,415739,10847.2,0,0,0,415739,0,0,3359.08,205.667,8797.18,8346.43,0,0
01:11:15:03:25:11,7568.75,7546.43,26.1646,16.0607,26.0866,0,0,8346.87,415739,10845.8,0,0,0,415739,0,0,3357.65,205.683,8797.62,8346.87,0,0
01:11:15:03:25:12,7573.04,7553.02,26.2412,16.1194,26.1646,0,0,8347.3,415739,10850.1,0,0,0,415739,0,0,3361.94,205.7,8798.05,8347.3,0,0
01:11:15:03:25:13,7567.32,7561.31,26.1654,16.1608,26.2412,0,0,8347.74,415739,10844.3,0,0,0,415739,0,0,3356.22,205.717,8798.49,8347.74,0,0
01:11:15:03:25:14,7568.75,7540.14,26.178,16.0887,26.1654,0,0,8348.18,415739,10845.8,0,0,0,415739,0,0,3357.65,205.733,8798.93,8348.18,0,0
01:11:15:03:25:15,7574.76,7548.44,26.2125,16.0834,26.178,0,0,8348.61,415739,10851.8,0,0,0,415739,0,0,3363.66,205.75,8799.36,8348.61,0,0
01:11:15:03:25:16,7579.91,7557.88,26.2692,16.0781,26.2125,0,0,8349.05,415739,10856.9,0,0,0,415739,0,0,3368.81,205.767,8799.8,8349.05,0,0
01:11:15:03:25:17,7579.34,7560.17,26.2625,16.0714,26.2692,0,0,8349.49,415739,10856.4,0,0,0,415739,0,0,3368.24,205.783,8800.24,8349.49,0,0
01:11:15:03:25:18,7568.46,7548.15,26.1882,16.0153,26.2625,0,0,8349.92,415739,10845.5,0,0,0,415739,0,0,3357.37,205.8,8800.67,8349.92,0,0
01:11:15:03:25:19,7559.02,7545.86,26.2035,16.0607,26.1882,0,0,8350.36,415739,10836.1,0,0,0,415739,0,0,3347.92,205.817,8801.11,8350.36,0,0
01:11:15:03:25:20,7557.31,7537.57,26.1936,16.0233,26.2035,0,0,8350.8,415739,10834.3,0,0,0,415739,0,0,3346.21,205.833,8801.55,8350.8,0,0
01:11:15:03:25:21,7563.03,7544.72,26.2147,16.0166,26.1936,0,0,8351.24,415739,10840.1,0,0,0,415739,0,0,3351.93,205.85,8801.99,8351.24,0,0
01:11:15:03:25:22,7555.3,7537.85,26.0751,16.0153,26.2147,0,0,8351.67,415739,10832.3,0,0,0,415739,0,0,3344.2,205.867,8802.42,8351.67,0,0
01:11:15:03:25:23,7561.6,7543.29,26.1715,16.0233,26.0751,0,0,8352.11,415739,10838.6,0,0,0,415739,0,0,3350.5,205.883,8802.86,8352.11,0,0
01:11:15:03:25:24,7563.89,7544.15,26.1405,15.9859,26.1715,0,0,8352.54,415739,10840.9,0,0,0,415739,0,0,3352.79,205.9,8803.29,8352.54,0,0
01:11:15:03:25:25,7564.75,7548.72,26.2327,15.9913,26.1405,0,0,8352.98,415739,10841.8,0,0,0,415739,0,0,3353.65,205.917,8803.73,8352.98,0,0
01:11:15:03:25:26,7559.6,7542.43,26.2772,15.9899,26.2327,0,0,8353.42,415739,10836.6,0,0,0,415739,0,0,3348.5,205.933,8804.17,8353.42,0,0
01:11:15:03:25:27,7551.3,7546.15,26.115,15.9686,26.2772,0,0,8353.85,415739,10828.3,0,0,0,415739,0,0,3340.2,205.95,8804.6,8353.85,0,0
01:11:15:03:25:28,7549.01,7533.56,26.228,16.0046,26.115,0,0,8354.29,415739,10826,0,0,0,415739,0,0,3337.91,205.967,8805.04,8354.29,0,0
01:11:15:03:25:29,7561.31,7539.57,26.0386,15.9859,26.228,0,0,8354.73,415739,10838.3,0,0,0,415739,0,0,3350.21,205.983,8805.48,8354.73,0,0
01:11:15:03:25:30,7556.73,7541,26.1915,15.9979,26.0386,0,0,8355.16,415739,10833.8,0,0,0,415739,0,0,3345.63,206,8805.91,8355.16,0,0
01:11:15:03:25:31,7562.74,7538.71,26.174,15.9819,26.1915,0,0,8355.6,415739,10839.8,0,0,0,415739,0,0,3351.64,206.017,8806.35,8355.6,0,0
01:11:15:03:25:32,7550.15,7545.86,26.1538,16.0019,26.174,0,0,8356.03,415739,10827.2,0,0,0,415739,0,0,3339.05,206.033,8806.78,8356.03,0,0
01:11:15:03:25:33,7544.72,7534.13,26.185,15.9806,26.1538,0,0,8356.47,415739,10821.7,0,0,0,415739,0,0,3333.62,206.05,8807.22,8356.47,0,0
01:11:15:03:25:34,7552.16,7539.57,26.1649,16.0113,26.185,0,0,8356.91,415739,10829.2,0,0,0,415739,0,0,3341.06,206.067,8807.66,8356.91,0,0
01:11:15:03:25:35,7555.3,7538.14,26.241,15.9859,26.1649,0,0,8357.34,415739,10832.3,0,0,0,415739,0,0,3344.2,206.083,8808.09,8357.34,0,0
01:11:15:03:25:36,7554.16,7539,26.2248,15.9953,26.241,0,0,8357.78,415739,10831.2,0,0,0,415739,0,0,3343.06,206.1,8808.53,8357.78,0,0
01:11:15:03:25:37,7556.16,7537.57,26.2563,15.9766,26.2248,0,0,8358.22,415739,10833.2,0,0,0,415739,0,0,3345.06,206.117,8808.97,8358.22,0,0
01:11:15:03:25:38,7555.3,7544.43,26.1683,16.0313,26.2563,0,0,8358.65,415739,10832.3,0,0,0,415739,0,0,3344.2,206.133,8809.4,8358.65,0,0
01:11:15:03:25:39,7556.45,7536.99,26.1629,15.9859,26.1683,0,0,8359.09,415739,10833.5,0,0,0,415739,0,0,3345.35,206.15,8809.84,8359.09,0,0
01:11:15:03:25:40,7568.46,7554.45,26.1584,16.0166,26.1629,0,0,8359.53,415739,10845.5,0,0,0,415739,0,0,3357.37,206.167,8810.28,8359.53,0,0
01:11:15:03:25:41,7560.45,7553.87,26.1528,16.0166,26.1584,0,0,8359.96,415739,10837.5,0,0,0,415739,0,0,3349.35,206.183,8810.71,8359.96,0,0
01:11:15:03:25:42,7563.31,7551.58,26.1536,16.018,26.1528,0,0,8360.4,415739,10840.3,0,0,0,415739,0,0,3352.21,206.2,8811.15,8360.4,0,0
01:11:15:03:25:43,7560.45,7547.58,26.1613,16.0487,26.1536,0,0,8360.83,415739,10837.5,0,0,0,415739,0,0,3349.35,206.217,8811.58,8360.83,0,0
01:11:15:03:25:44,7566.46,7546.72,26.2076,16.07,26.1613,0,0,8361.27,415739,10843.5,0,0,0,415739,0,0,3355.36,206.233,8812.02,8361.27,0,0
01:11:15:03:25:45,7569.61,7552.44,26.243,15.9993,26.2076,0,0,8361.71,415739,10846.6,0,0,0,415739,0,0,3358.51,206.25,8812.46,8361.71,0,0
01:11:15:03:25:46,7572.18,7559.31,26.1048,16.0006,26.243,0,0,8362.14,415739,10849.2,0,0,0,415739,0,0,3361.08,206.267,8812.89,8362.14,0,0
01:11:15:03:25:47,7559.31,7553.3,26.2271,16.0019,26.1048,0,0,8362.58,415739,10836.3,0,0,0,415739,0,0,3348.21,206.283,8813.33,8362.58,0,0
01:11:15:03:25:48,7571.9,7555.3,26.2373,16.006,26.2271,0,0,8363.02,415739,10848.9,0,0,0,415739,0,0,3360.8,206.3,8813.77,8363.02,0,0
01:11:15:03:25:49,7561.6,7552.73,26.206,16.0019,26.2373,0,0,8363.45,415739,10838.6,0,0,0,415739,0,0,3350.5,206.317,8814.2,8363.45,0,0
01:11:15:03:25:50,7573.04,7551.01,26.2515,16.0206,26.206,0,0,8363.89,415739,10850.1,0,0,0,415739,0,0,3361.94,206.333,8814.64,8363.89,0,0
01:11:15:03:25:51,7573.33,7560.74,26.1349,16.0006,26.2515,0,0,8364.33,415739,10850.4,0,0,0,415739,0,0,3362.23,206.35,8815.08,8364.33,0,0
01:11:15:03:25:52,7569.32,7555.59,26.2472,15.9699,26.1349,0,0,8364.76,415739,10846.4,0,0,0,415739,0,0,3358.22,206.367,8815.51,8364.76,0,0
01:11:15:03:25:53,7570.18,7555.59,26.1781,16.046,26.2472,0,0,8365.2,415739,10847.2,0,0,0,415739,0,0,3359.08,206.383,8815.95,8365.2,0,0
01:11:15:03:25:54,7571.33,7552.73,26.2374,16.0006,26.1781,0,0,8365.64,415739,10848.4,0,0,0,415739,0,0,3360.23,206.4,8816.39,8365.64,0,0
01:11:15:03:25:55,7564.17,7552.44,26.1951,16.014,26.2374,0,0,8366.07,415739,10841.2,0,0,0,415739,0,0,3353.07,206.417,8816.82,8366.07,0,0
01:11:15:03:25:56,7553.59,7541.29,26.1625,16.0086,26.1951,0,0,8366.51,415739,10830.6,0,0,0,415739,0,0,3342.49,206.433,8817.26,8366.51,0,0
01:11:15:03:25:57,7545.58,7536.42,26.2379,15.9939,26.1625,0,0,8366.95,415739,10822.6,0,0,0,415739,0,0,3334.48,206.45,8817.7,8366.95,0,0
01:11:15:03:25:58,7537.57,7516.97,26.2304,16.0273,26.2379,0,0,8367.38,415739,10814.6,0,0,0,415739,0,0,3326.47,206.467,8818.13,8367.38,0,0
01:11:15:03:25:59,7545.29,7523.83,26.1644,16.0287,26.2304,0,0,8367.82,415739,10822.3,0,0,0,415739,0,0,3334.19,206.483,8818.57,8367.82,0,0
01:11:15:03:26:00,7536.42,7520.69,26.1877,16.0594,26.1644,0,0,8368.26,415739,10813.4,0,0,0,415739,0,0,3325.32,206.5,8819.01,8368.26,0,0
01:11:15:03:26:01,7530.13,7517.82,26.1989,16.0126,26.1877,0,0,8368.69,415739,10807.2,0,0,0,415739,0,0,3319.03,206.517,8819.44,8368.69,0,0
01:11:15:03:26:02,7522.12,7511.24,26.1809,15.9232,26.1989,0,0,8369.13,415739,10799.1,0,0,0,415739,0,0,3311.02,206.533,8819.88,8369.13,0,0
01:11:15:03:26:03,7516.97,7502.95,26.3019,15.9819,26.1809,0,0,8369.57,415739,10794,0,0,0,415739,0,0,3305.87,206.55,8820.32,8369.57,0,0
01:11:15:03:26:04,7521.54,7495.79,26.2373,16.0046,26.3019,0,0,8370.01,415739,10798.6,0,0,0,415739,0,0,3310.44,206.567,8820.76,8370.01,0,0
01:11:15:03:26:05,7520.11,7507.81,26.2634,16.026,26.2373,0,0,8370.44,415739,10797.1,0,0,0,415739,0,0,3309.01,206.583,8821.19,8370.44,0,0
01:11:15:03:26:06,7512.67,7500.09,26.2971,16.034,26.2634,0,0,8370.88,415739,10789.7,0,0,0,415739,0,0,3301.58,206.6,8821.63,8370.88,0,0
01:11:15:03:26:07,7512.1,7501.23,26.2356,16.0407,26.2971,0,0,8371.32,415739,10789.1,0,0,0,415739,0,0,3301,206.617,8822.07,8371.32,0,0
01:11:15:03:26:08,7512.1,7491.79,26.208,16.0193,26.2356,0,0,8371.76,415739,10789.1,0,0,0,415739,0,0,3301,206.633,8822.51,8371.76,0,0
01:11:15:03:26:09,7512.96,7494.65,26.3052,16.0567,26.208,0,0,8372.19,415739,10790,0,0,0,415739,0,0,3301.86,206.65,8822.94,8372.19,0,0
01:11:15:03:26:10,7513.82,7496.94,26.214,16.066,26.3052,0,0,8372.63,415739,10790.8,0,0,0,415739,0,0,3302.72,206.667,8823.38,8372.63,0,0
01:11:15:03:26:11,7506.09,7494.08,26.2304,16.0233,26.214,0,0,8373.07,415739,10783.1,0,0,0,415739,0,0,3294.99,206.683,8823.82,8373.07,0,0
01:11:15:03:26:12,7501.8,7493.51,26.169,16.0367,26.2304,0,0,8373.5,415739,10778.8,0,0,0,415739,0,0,3290.7,206.7,8824.25,8373.5,0,0
01:11:15:03:26:13,7506.09,7486.07,26.238,16.0233,26.169,0,0,8373.94,415739,10783.1,0,0,0,415739,0,0,3294.99,206.717,8824.69,8373.94,0,0
01:11:15:03:26:14,7501.52,7495.22,26.1619,16.0447,26.238,0,0,8374.38,415739,10778.5,0,0,0,415739,0,0,3290.42,206.733,8825.13,8374.38,0,0
01:11:15:03:26:15,7508.1,7485.78,26.193,16.034,26.1619,0,0,8374.82,415739,10785.1,0,0,0,415739,0,0,3297,206.75,8825.56,8374.82,0,0
01:11:15:03:26:16,7506.95,7495.51,26.1557,16.038,26.193,0,0,8375.25,415739,10784,0,0,0,415739,0,0,3295.85,206.767,8826,8375.25,0,0
01:11:15:03:26:17,7499.8,7481.2,26.1837,16.046,26.1557,0,0,8375.69,415739,10776.8,0,0,0,415739,0,0,3288.7,206.783,8826.44,8375.69,0,0
01:11:15:03:26:18,7503.81,7483.78,26.2045,16.0927,26.1837,0,0,8376.12,415739,10780.8,0,0,0,415739,0,0,3292.71,206.8,8826.87,8376.12,0,0
01:11:15:03:26:19,7500.37,7481.78,26.2304,16.026,26.2045,0,0,8376.56,415739,10777.4,0,0,0,415739,0,0,3289.27,206.817,8827.31,8376.56,0,0
01:11:15:03:26:20,7493.22,7483.21,26.3034,16.074,26.2304,0,0,8377,415739,10770.2,0,0,0,415739,0,0,3282.12,206.833,8827.75,8377,0,0
01:11:15:03:26:21,7494.08,7479.77,26.3046,16.0981,26.3034,0,0,8377.44,415739,10771.1,0,0,0,415739,0,0,3282.98,206.85,8828.19,8377.44,0,0
01:11:15:03:26:22,7488.07,7479.77,26.1738,16.1168,26.3046,0,0,8377.87,415739,10765.1,0,0,0,415739,0,0,3276.97,206.867,8828.62,8377.87,0,0
01:11:15:03:26:23,7491.79,7464.9,26.2034,16.1088,26.1738,0,0,8378.31,415739,10768.8,0,0,0,415739,0,0,3280.69,206.883,8829.06,8378.31,0,0
01:11:15:03:26:24,7496.37,7478.06,26.2866,16.0674,26.2034,0,0,8378.75,415739,10773.4,0,0,0,415739,0,0,3285.27,206.9,8829.5,8378.75,0,0
01:11:15:03:26:25,7487.78,7470.05,26.2171,16.0567,26.2866,0,0,8379.19,415739,10764.8,0,0,0,415739,0,0,3276.68,206.917,8829.94,8379.19,0,0
01:11:15:03:26:26,7482.35,7469.76,26.1691,16.0687,26.2171,0,0,8379.62,415739,10759.4,0,0,0,415739,0,0,3271.25,206.933,8830.37,8379.62,0,0
01:11:15:03:26:27,7479.2,7464.04,26.2208,16.0674,26.1691,0,0,8380.06,415739,10756.2,0,0,0,415739,0,0,3268.1,206.95,8830.81,8380.06,0,0
01:11:15:03:26:28,7472.62,7458.89,26.1587,16.0073,26.2208,0,0,8380.5,415739,10749.6,0,0,0,415739,0,0,3261.52,206.967,8831.25,8380.5,0,0
01:11:15:03:26:29,7477.2,7458.03,26.1614,16.0473,26.1587,0,0,8380.93,415739,10754.2,0,0,0,415739,0,0,3266.1,206.983,8831.68,8380.93,0,0
01:11:15:03:26:30,7475.2,7456.03,26.2451,16.0153,26.1614,0,0,8381.37,415739,10752.2,0,0,0,415739,0,0,3264.1,207,8832.12,8381.37,0,0
01:11:15:03:26:31,7465.75,7453.45,26.0518,16.0327,26.2451,0,0,8381.81,415739,10742.8,0,0,0,415739,0,0,3254.65,207.017,8832.56,8381.81,0,0
01:11:15:03:26:32,7472.33,7447.16,26.2116,15.9926,26.0518,0,0,8382.24,415739,10749.4,0,0,0,415739,0,0,3261.23,207.033,8832.99,8382.24,0,0
01:11:15:03:26:33,7466.61,7454.88,26.245,16.0086,26.2116,0,0,8382.68,415739,10743.6,0,0,0,415739,0,0,3255.51,207.05,8833.43,8382.68,0,0
01:11:15:03:26:34,7466.04,7446.3,26.1945,15.9873,26.245,0,0,8383.12,415739,10743.1,0,0,0,415739,0,0,3254.94,207.067,8833.86,8383.12,0,0
01:11:15:03:26:35,7466.04,7456.03,26.2024,15.9632,26.1945,0,0,8383.55,415739,10743.1,0,0,0,415739,0,0,3254.94,207.083,8834.3,8383.55,0,0
01:11:15:03:26:36,7424.27,7411.11,26.2467,16.0193,26.2024,0,0,8383.99,415739,10701.3,0,0,0,415739,0,0,3213.17,207.1,8834.74,8383.99,0,0
01:11:15:03:26:37,7427.13,7409.11,26.1968,15.9953,26.2467,0,0,8384.43,415739,10704.2,0,0,0,415739,0,0,3216.03,207.117,8835.17,8384.43,0,0
01:11:15:03:26:38,7434,7406.53,26.2315,15.9953,26.1968,0,0,8384.86,415739,10711,0,0,0,415739,0,0,3222.9,207.133,8835.61,8384.86,0,0
01:11:15:03:26:39,7425.7,7411.4,26.2315,15.9792,26.2315,0,0,8385.3,415739,10702.7,0,0,0,415739,0,0,3214.6,207.15,8836.05,8385.3,0,0
01:11:15:03:26:40,7427.7,7403.1,26.2483,16.0073,26.2315,0,0,8385.74,415739,10704.7,0,0,0,415739,0,0,3216.6,207.167,8836.49,8385.74,0,0
01:11:15:03:26:41,7414.54,7410.54,26.252,15.9472,26.2483,0,0,8386.17,415739,10691.6,0,0,0,415739,0,0,3203.44,207.183,8836.92,8386.17,0,0
01:11:15:03:26:42,7417.98,7394.8,26.2705,16.034,26.252,0,0,8386.61,415739,10695,0,0,0,415739,0,0,3206.88,207.2,8837.36,8386.61,0,0
01:11:15:03:26:43,7419.41,7403.67,26.2169,16.018,26.2705,0,0,8387.05,415739,10696.4,0,0,0,415739,0,0,3208.31,207.217,8837.8,8387.05,0,0
01:11:15:03:26:44,7421.12,7397.09,26.2375,16.0073,26.2169,0,0,8387.49,415739,10698.2,0,0,0,415739,0,0,3210.02,207.233,8838.24,8387.49,0,0
01:11:15:03:26:45,7415.97,7401.1,26.12,16.0166,26.2375,0,0,8387.92,415739,10693,0,0,0,415739,0,0,3204.87,207.25,8838.67,8387.92,0,0
01:11:15:03:26:46,7420.26,7395.37,26.148,16.03,26.12,0,0,8388.36,415739,10697.3,0,0,0,415739,0,0,3209.16,207.267,8839.11,8388.36,0,0
01:11:15:03:26:47,7409.11,7398.23,26.2495,16.0567,26.148,0,0,8388.79,415739,10686.1,0,0,0,415739,0,0,3198.01,207.283,8839.54,8388.79,0,0
01:11:15:03:26:48,7415.4,7396.8,26.1744,16.054,26.2495,0,0,8389.23,415739,10692.4,0,0,0,415739,0,0,3204.3,207.3,8839.98,8389.23,0,0
01:11:15:03:26:49,7409.96,7393.37,26.1408,16.0473,26.1744,0,0,8389.67,415739,10687,0,0,0,415739,0,0,3198.86,207.317,8840.42,8389.67,0,0
01:11:15:03:26:50,7405.39,7396.8,26.2202,16.0607,26.1408,0,0,8390.1,415739,10682.4,0,0,0,415739,0,0,3194.29,207.333,8840.85,8390.1,0,0
01:11:15:03:26:51,7404.53,7380.21,26.1553,16.0393,26.2202,0,0,8390.54,415739,10681.6,0,0,0,415739,0,0,3193.43,207.35,8841.29,8390.54,0,0
01:11:15:03:26:52,7406.82,7385.93,26.1785,16.0607,26.1553,0,0,8390.98,415739,10683.8,0,0,0,415739,0,0,3195.72,207.367,8841.73,8390.98,0,0
01:11:15:03:26:53,7405.1,7373.34,26.0898,16.062,26.1785,0,0,8391.41,415739,10682.1,0,0,0,415739,0,0,3194,207.383,8842.16,8391.41,0,0
01:11:15:03:26:54,7399.09,7385.36,26.1118,16.0981,26.0898,0,0,8391.85,415739,10676.1,0,0,0,415739,0,0,3187.99,207.4,8842.6,8391.85,0,0
01:11:15:03:26:55,7398.23,7379.07,26.1935,16.1194,26.1118,0,0,8392.28,415739,10675.3,0,0,0,415739,0,0,3187.14,207.417,8843.03,8392.28,0,0
01:11:15:03:26:56,7383.93,7378.49,26.1784,16.0954,26.1935,0,0,8392.72,415739,10661,0,0,0,415739,0,0,3172.83,207.433,8843.47,8392.72,0,0
01:11:15:03:26:57,7395.95,7367.62,26.2591,16.0847,26.1784,0,0,8393.16,415739,10673,0,0,0,415739,0,0,3184.85,207.45,8843.91,8393.16,0,0
01:11:15:03:26:58,7386.22,7374.49,26.1539,16.0914,26.2591,0,0,8393.59,415739,10663.2,0,0,0,415739,0,0,3175.12,207.467,8844.34,8393.59,0,0
01:11:15:03:26:59,7406.82,7375.63,26.2413,16.1088,26.1539,0,0,8394.03,415739,10683.8,0,0,0,415739,0,0,3195.72,207.483,8844.78,8394.03,0,0
01:11:15:03:27:00,7388.22,7378.78,26.1437,16.0967,26.2413,0,0,8394.47,415739,10665.2,0,0,0,415739,0,0,3177.12,207.5,8845.22,8394.47,0,0
01:11:15:03:27:01,7387.08,7362.47,26.5249,16.074,26.1437,0,0,8394.9,415739,10664.1,0,0,0,415739,0,0,3175.98,207.517,8845.66,8394.9,0,0
01:11:15:03:27:02,7437.72,7420.26,26.3504,16.0954,26.5249,0,0,8395.34,415739,10714.7,0,0,0,415739,0,0,3226.62,207.533,8846.1,8395.34,0,0
01:11:15:03:27:03,7520.11,7502.95,26.239,16.0447,26.3504,0,0,8395.78,415739,10797.1,0,0,0,415739,0,0,3309.01,207.55,8846.54,8395.78,0,0
01:11:15:03:27:04,7557.31,7544.15,26.6922,16.0767,26.239,0,0,8396.22,415739,10834.3,0,0,0,415739,0,0,3346.21,207.567,8846.98,8396.22,0,0
01:11:15:03:27:05,7622.25,7603.94,28.714,16.4345,26.6922,0,0,8396.66,415739,10899.3,0,0,0,415739,0,0,3411.15,207.583,8847.44,8396.66,0,0
01:11:15:03:27:06,7695.21,7669.74,29.1566,16.763,28.714,0,0,8397.12,415739,10972.2,0,0,0,415739,0,0,3484.11,207.6,8847.92,8397.12,0,0
01:11:15:03:27:07,7762.44,7748.14,29.9432,17.277,29.1566,0,0,8397.61,415739,11039.5,0,0,0,415739,0,0,3551.34,207.617,8848.41,8397.61,0,0
01:11:15:03:27:08,7922.94,7897.19,31.5048,17.6736,29.9432,0,0,8398.1,415739,11200,0,0,0,415739,0,0,3711.84,207.633,8848.92,8398.1,0,0
01:11:15:03:27:09,7987.6,7971.3,31.9584,18.4346,31.5048,0,0,8398.61,415739,11264.6,0,0,0,415739,0,0,3776.5,207.65,8849.45,8398.61,0,0
01:11:15:03:27:10,8047.97,8027.37,33.7164,18.93,31.9584,0,0,8399.14,415739,11325,0,0,0,415739,0,0,3836.87,207.667,8850,8399.14,0,0
01:11:15:03:27:11,8108.34,8087.74,34.7496,19.6149,33.7164,0,0,8399.69,415739,11385.4,0,0,0,415739,0,0,3897.24,207.683,8850.57,8399.69,0,0
01:11:15:03:27:12,8120.35,8096.61,35.2806,20.4707,34.7496,0,0,8400.26,415739,11397.4,0,0,0,415739,0,0,3909.25,207.7,8851.15,8400.26,0,0
01:11:15:03:27:13,8128.36,8106.62,36.2531,20.9848,35.2806,0,0,8400.84,415739,11405.4,0,0,0,415739,0,0,3917.27,207.717,8851.75,8400.84,0,0
01:11:15:03:27:14,8111.77,8079.44,37.1899,21.8313,36.2531,0,0,8401.44,415739,11388.8,0,0,0,415739,0,0,3900.67,207.733,8852.36,8401.44,0,0
01:11:15:03:27:15,8100.04,8080.59,37.426,22.3453,37.1899,0,0,8402.05,415739,11377.1,0,0,0,415739,0,0,3888.94,207.75,8852.98,8402.05,0,0
01:11:15:03:27:16,8101.47,8070.57,37.2922,23.1785,37.426,0,0,8402.67,415739,11378.5,0,0,0,415739,0,0,3890.37,207.767,8853.61,8402.67,0,0
01:11:15:03:27:17,8094.03,8081.16,37.3755,23.7659,37.2922,0,0,8403.29,415739,11371.1,0,0,0,415739,0,0,3882.93,207.783,8854.23,8403.29,0,0
01:11:15:03:27:18,7926.95,7901.2,37.399,24.3841,37.3755,0,0,8403.92,415739,11204,0,0,0,415739,0,0,3715.85,207.8,8854.85,8403.92,0,0
01:11:15:03:27:19,7942.69,7928.09,37.3198,24.7059,37.399,0,0,8404.54,415739,11219.7,0,0,0,415739,0,0,3731.59,207.817,8855.47,8404.54,0,0
01:11:15:03:27:20,7959.85,7945.26,37.4187,24.9716,37.3198,0,0,8405.16,415739,11236.9,0,0,0,415739,0,0,3748.75,207.833,8856.1,8405.16,0,0
01:11:15:03:27:21,7950.41,7949.55,37.5065,25.4896,37.4187,0,0,8405.78,415739,11227.4,0,0,0,415739,0,0,3739.31,207.85,8856.72,8405.78,0,0
01:11:15:03:27:22,7924.66,7903.49,37.4246,25.7446,37.5065,0,0,8406.41,415739,11201.7,0,0,0,415739,0,0,3713.56,207.867,8857.35,8406.41,0,0
01:11:15:03:27:23,7922.09,7913.79,37.3998,25.8862,37.4246,0,0,8407.03,415739,11199.1,0,0,0,415739,0,0,3710.99,207.883,8857.97,8407.03,0,0
01:11:15:03:27:24,7907.78,7873.16,37.4196,26.0504,37.3998,0,0,8407.66,415739,11184.8,0,0,0,415739,0,0,3696.68,207.9,8858.59,8407.66,0,0
01:11:15:03:27:25,7884.03,7877.74,37.3809,26.1532,37.4196,0,0,8408.28,415739,11161.1,0,0,0,415739,0,0,3672.93,207.917,8859.22,8408.28,0,0
01:11:15:03:27:26,7889.47,7871.45,37.2817,26.2293,37.3809,0,0,8408.9,415739,11166.5,0,0,0,415739,0,0,3678.37,207.933,8859.84,8408.9,0,0
01:11:15:03:27:27,7902.92,7892.9,37.3942,26.3348,37.2817,0,0,8409.53,415739,11179.9,0,0,0,415739,0,0,3691.82,207.95,8860.46,8409.53,0,0
01:11:15:03:27:28,7930.38,7916.08,37.4421,26.3802,37.3942,0,0,8410.15,415739,11207.4,0,0,0,415739,0,0,3719.28,207.967,8861.08,8410.15,0,0
01:11:15:03:27:29,7935.82,7919.22,37.3556,26.4296,37.4421,0,0,8410.77,415739,11212.8,0,0,0,415739,0,0,3724.72,207.983,8861.71,8410.77,0,0
01:11:15:03:27:30,7981.31,7961,37.3809,26.4696,37.3556,0,0,8411.39,415739,11258.3,0,0,0,415739,0,0,3770.21,208,8862.33,8411.39,0,0
01:11:15:03:27:31,7991.89,7973.58,37.2856,26.4977,37.3809,0,0,8412.02,415739,11268.9,0,0,0,415739,0,0,3780.79,208.017,8862.95,8412.02,0,0
01:11:15:03:27:32,7973.58,7971.01,37.293,26.523,37.2856,0,0,8412.64,415739,11250.6,0,0,0,415739,0,0,3762.48,208.033,8863.57,8412.64,0,0
01:11:15:03:27:33,7995.9,7970.15,37.3973,26.5497,37.293,0,0,8413.26,415739,11272.9,0,0,0,415739,0,0,3784.8,208.05,8864.2,8413.26,0,0
01:11:15:03:27:34,7992.75,7994.18,37.3023,26.5845,37.3973,0,0,8413.88,415739,11269.8,0,0,0,415739,0,0,3781.65,208.067,8864.82,8413.88,0,0
01:11:15:03:27:35,8007.92,7985.31,37.3928,26.6846,37.3023,0,0,8414.5,415739,11284.9,0,0,0,415739,0,0,3796.82,208.083,8865.44,8414.5,0,0
01:11:15:03:27:36,8001.91,7995.33,37.4197,26.6993,37.3928,0,0,8415.13,415739,11278.9,0,0,0,415739,0,0,3790.81,208.1,8866.06,8415.13,0,0
01:11:15:03:27:37,8008.49,7984.74,37.3625,26.706,37.4197,0,0,8415.75,415739,11285.5,0,0,0,415739,0,0,3797.39,208.117,8866.69,8415.75,0,0
01:11:15:03:27:38,8009.06,7989.89,37.414,26.7433,37.3625,0,0,8416.37,415739,11286.1,0,0,0,415739,0,0,3797.96,208.133,8867.31,8416.37,0,0
01:11:15:03:27:39,8018.5,7994.18,37.3359,26.7393,37.414,0,0,8417,415739,11295.5,0,0,0,415739,0,0,3807.4,208.15,8867.93,8417,0,0
01:11:15:03:27:40,8006.77,7998.47,37.4073,26.7393,37.3359,0,0,8417.62,415739,11283.8,0,0,0,415739,0,0,3795.67,208.167,8868.56,8417.62,0,0
01:11:15:03:27:41,8019.36,7998.47,37.4034,26.714,37.4073,0,0,8418.24,415739,11296.4,0,0,0,415739,0,0,3808.26,208.183,8869.18,8418.24,0,0
01:11:15:03:27:42,8008.2,8011.06,37.3209,26.6793,37.4034,0,0,8418.87,415739,11285.2,0,0,0,415739,0,0,3797.1,208.2,8869.8,8418.87,0,0
01:11:15:03:27:43,8016.78,7996.47,37.3736,26.6699,37.3209,0,0,8419.49,415739,11293.8,0,0,0,415739,0,0,3805.68,208.217,8870.42,8419.49,0,0
01:11:15:03:27:44,8022.51,8009.06,37.3736,26.6659,37.3736,0,0,8420.11,415739,11299.5,0,0,0,415739,0,0,3811.41,208.233,8871.05,8420.11,0,0
01:11:15:03:27:45,8021.36,8004.77,37.2958,26.6712,37.3736,0,0,8420.73,415739,11298.4,0,0,0,415739,0,0,3810.26,208.25,8871.67,8420.73,0,0
01:11:15:03:27:46,8016.5,8002.77,37.4436,26.6712,37.2958,0,0,8421.36,415739,11293.5,0,0,0,415739,0,0,3805.4,208.267,8872.29,8421.36,0,0
01:11:15:03:27:47,8021.65,8010.78,37.2818,26.6753,37.4436,0,0,8421.98,415739,11298.7,0,0,0,415739,0,0,3810.55,208.283,8872.92,8421.98,0,0
01:11:15:03:27:48,8015.64,7997.9,37.463,26.6365,37.2818,0,0,8422.6,415739,11292.7,0,0,0,415739,0,0,3804.54,208.3,8873.54,8422.6,0,0
01:11:15:03:27:49,8029.37,8011.06,37.4146,26.6258,37.463,0,0,8423.22,415739,11306.4,0,0,0,415739,0,0,3818.27,208.317,8874.16,8423.22,0,0
01:11:15:03:27:50,8032.23,8015.35,37.2308,26.6125,37.4146,0,0,8423.85,415739,11309.3,0,0,0,415739,0,0,3821.13,208.333,8874.78,8423.85,0,0
01:11:15:03:27:51,8034.52,8027.08,37.3906,26.6272,37.2308,0,0,8424.47,415739,11311.6,0,0,0,415739,0,0,3823.42,208.35,8875.41,8424.47,0,0
01:11:15:03:27:52,8055.69,8027.66,37.3563,26.6258,37.3906,0,0,8425.09,415739,11332.7,0,0,0,415739,0,0,3844.6,208.367,8876.03,8425.09,0,0
01:11:15:03:27:53,8065.14,8050.26,37.3799,26.6392,37.3563,0,0,8425.72,415739,11342.2,0,0,0,415739,0,0,3854.04,208.383,8876.65,8425.72,0,0
01:11:15:03:27:54,8074.58,8050.54,37.4146,26.6138,37.3799,0,0,8426.34,415739,11351.6,0,0,0,415739,0,0,3863.48,208.4,8877.27,8426.34,0,0
01:11:15:03:27:55,8084.31,8073.43,37.4463,26.6285,37.4146,0,0,8426.96,415739,11361.3,0,0,0,415739,0,0,3873.21,208.417,8877.9,8426.96,0,0
01:11:15:03:27:56,8076.29,8074,37.4272,26.6365,37.4463,0,0,8427.59,415739,11353.3,0,0,0,415739,0,0,3865.19,208.433,8878.52,8427.59,0,0
01:11:15:03:27:57,8077.44,8070,37.2728,26.6445,37.4272,0,0,8428.21,415739,11354.5,0,0,0,415739,0,0,3866.34,208.45,8879.15,8428.21,0,0
01:11:15:03:27:58,8076.87,8059.41,37.4317,26.6125,37.2728,0,0,8428.83,415739,11353.9,0,0,0,415739,0,0,3865.77,208.467,8879.77,8428.83,0,0
01:11:15:03:27:59,8087.17,8068,37.3021,26.6112,37.4317,0,0,8429.46,415739,11364.2,0,0,0,415739,0,0,3876.07,208.483,8880.39,8429.46,0,0
01:11:15:03:28:00,8088.31,8068,37.372,26.6419,37.3021,0,0,8430.08,415739,11365.3,0,0,0,415739,0,0,3877.21,208.5,8881.01,8430.08,0,0
01:11:15:03:28:01,8090.6,8073.72,37.3756,26.6432,37.372,0,0,8430.7,415739,11367.6,0,0,0,415739,0,0,3879.5,208.517,8881.64,8430.7,0,0
01:11:15:03:28:02,8082.02,8069.43,37.3587,26.6365,37.3756,0,0,8431.32,415739,11359,0,0,0,415739,0,0,3870.92,208.533,8882.26,8431.32,0,0
01:11:15:03:28:03,8090.31,8067.14,37.3581,26.6178,37.3587,0,0,8431.95,415739,11367.3,0,0,0,415739,0,0,3879.21,208.55,8882.88,8431.95,0,0
01:11:15:03:28:04,8088.02,8077.72,37.5084,26.6499,37.3581,0,0,8432.57,415739,11365.1,0,0,0,415739,0,0,3876.93,208.567,8883.5,8432.57,0,0
01:11:15:03:28:05,8095.46,8076.58,37.3361,26.6606,37.5084,0,0,8433.19,415739,11372.5,0,0,0,415739,0,0,3884.36,208.583,8884.13,8433.19,0,0
01:11:15:03:28:06,8088.6,8077.72,37.3117,26.7033,37.3361,0,0,8433.82,415739,11365.6,0,0,0,415739,0,0,3877.5,208.6,8884.75,8433.82,0,0
01:11:15:03:28:07,8094.89,8075.15,37.4924,26.7126,37.3117,0,0,8434.44,415739,11371.9,0,0,0,415739,0,0,3883.79,208.617,8885.37,8434.44,0,0
01:11:15:03:28:08,8086.59,8071.72,37.3306,26.71,37.4924,0,0,8435.06,415739,11363.6,0,0,0,415739,0,0,3875.49,208.633,8886,8435.06,0,0
01:11:15:03:28:09,8099.75,8080.01,37.4828,26.6793,37.3306,0,0,8435.68,415739,11376.8,0,0,0,415739,0,0,3888.65,208.65,8886.62,8435.68,0,0
01:11:15:03:28:10,8095.75,8082.87,37.3607,26.6552,37.4828,0,0,8436.31,415739,11372.8,0,0,0,415739,0,0,3884.65,208.667,8887.24,8436.31,0,0
01:11:15:03:28:11,8084.31,8078.87,37.4291,26.6485,37.3607,0,0,8436.93,415739,11361.3,0,0,0,415739,0,0,3873.21,208.683,8887.87,8436.93,0,0
01:11:15:03:28:12,8091.74,8073.72,37.3051,26.6672,37.4291,0,0,8437.55,415739,11368.8,0,0,0,415739,0,0,3880.64,208.7,8888.49,8437.55,0,0
01:11:15:03:28:13,8086.88,8070.29,37.3987,26.6526,37.3051,0,0,8438.18,415739,11363.9,0,0,0,415739,0,0,3875.78,208.717,8889.11,8438.18,0,0
01:11:15:03:28:14,8101.19,8070.29,37.3299,26.6686,37.3987,0,0,8438.8,415739,11378.2,0,0,0,415739,0,0,3890.09,208.733,8889.74,8438.8,0,0
01:11:15:03:28:15,8089.45,8076.87,37.3475,26.6859,37.3299,0,0,8439.42,415739,11366.5,0,0,0,415739,0,0,3878.35,208.75,8890.36,8439.42,0,0
01:11:15:03:28:16,8088.02,8068.57,37.3568,26.6833,37.3475,0,0,8440.05,415739,11365.1,0,0,0,415739,0,0,3876.93,208.767,8890.98,8440.05,0,0
01:11:15:03:28:17,8080.3,8068.86,37.4001,26.6445,37.3568,0,0,8440.67,415739,11357.3,0,0,0,415739,0,0,3869.2,208.783,8891.6,8440.67,0,0
01:11:15:03:28:18,8088.02,8067.42,37.3333,26.6419,37.4001,0,0,8441.29,415739,11365.1,0,0,0,415739,0,0,3876.93,208.8,8892.23,8441.29,0,0
01:11:15:03:28:19,8074.29,8065.14,37.4018,26.6833,37.3333,0,0,8441.91,415739,11351.3,0,0,0,415739,0,0,3863.19,208.817,8892.85,8441.91,0,0
01:11:15:03:28:20,8083.73,8064.56,37.3341,26.6566,37.4018,0,0,8442.54,415739,11360.8,0,0,0,415739,0,0,3872.63,208.833,8893.47,8442.54,0,0
01:11:15:03:28:21,8072.86,8066.28,37.383,26.6526,37.3341,0,0,8443.16,415739,11349.9,0,0,0,415739,0,0,3861.76,208.85,8894.09,8443.16,0,0
01:11:15:03:28:22,8086.31,8057.98,37.4807,26.6806,37.383,0,0,8443.78,415739,11363.3,0,0,0,415739,0,0,3875.21,208.867,8894.72,8443.78,0,0
01:11:15:03:28:23,8082.87,8070.86,37.4099,26.6686,37.4807,0,0,8444.41,415739,11359.9,0,0,0,415739,0,0,3871.77,208.883,8895.34,8444.41,0,0
01:11:15:03:28:24,8094.03,8070.86,37.4252,26.6672,37.4099,0,0,8445.03,415739,11371.1,0,0,0,415739,0,0,3882.93,208.9,8895.97,8445.03,0,0
01:11:15:03:28:25,8082.59,8071.14,37.397,26.6939,37.4252,0,0,8445.65,415739,11359.6,0,0,0,415739,0,0,3871.49,208.917,8896.59,8445.65,0,0
01:11:15:03:28:26,8086.59,8071.14,37.4355,26.6873,37.397,0,0,8446.28,415739,11363.6,0,0,0,415739,0,0,3875.49,208.933,8897.21,8446.28,0,0
01:11:15:03:28:27,8084.02,8065.42,37.3838,26.6552,37.4355,0,0,8446.9,415739,11361,0,0,0,415739,0,0,3872.92,208.95,8897.84,8446.9,0,0
01:11:15:03:28:28,8100.9,8072.58,37.3564,26.6512,37.3838,0,0,8447.52,415739,11377.9,0,0,0,415739,0,0,3889.8,208.967,8898.46,8447.52,0,0
01:11:15:03:28:29,8100.61,8073.15,37.3432,26.6098,37.3564,0,0,8448.15,415739,11377.6,0,0,0,415739,0,0,3889.51,208.983,8899.08,8448.15,0,0
01:11:15:03:28:30,8090.89,8078.87,37.4409,26.6258,37.3432,0,0,8448.77,415739,11367.9,0,0,0,415739,0,0,3879.79,209,8899.71,8448.77,0,0
01:11:15:03:28:31,8097.75,8080.59,37.4495,26.6405,37.4409,0,0,8449.39,415739,11374.8,0,0,0,415739,0,0,3886.65,209.017,8900.33,8449.39,0,0
01:11:15:03:28:32,8086.59,8080.01,37.323,26.6245,37.4495,0,0,8450.02,415739,11363.6,0,0,0,415739,0,0,3875.49,209.033,8900.95,8450.02,0,0
01:11:15:03:28:33,8096.89,8076.29,37.4441,26.6285,37.323,0,0,8450.64,415739,11373.9,0,0,0,415739,0,0,3885.79,209.05,8901.58,8450.64,0,0
01:11:15:03:28:34,8088.88,8081.44,37.4006,26.6392,37.4441,0,0,8451.26,415739,11365.9,0,0,0,415739,0,0,3877.78,209.067,8902.2,8451.26,0,0
01:11:15:03:28:35,8103.47,8077.44,37.4742,26.6285,37.4006,0,0,8451.89,415739,11380.5,0,0,0,415739,0,0,3892.37,209.083,8902.82,8451.89,0,0
01:11:15:03:28:36,8095.75,8084.88,37.3264,26.6739,37.4742,0,0,8452.51,415739,11372.8,0,0,0,415739,0,0,3884.65,209.1,8903.45,8452.51,0,0
01:11:15:03:28:37,8110.05,8078.01,37.4211,26.6739,37.3264,0,0,8453.13,415739,11387.1,0,0,0,415739,0,0,3898.95,209.117,8904.07,8453.13,0,0
01:11:15:03:28:38,8096.32,8083.16,37.3059,26.6592,37.4211,0,0,8453.76,415739,11373.3,0,0,0,415739,0,0,3885.22,209.133,8904.69,8453.76,0,0
01:11:15:03:28:39,8109.48,8083.45,37.4258,26.6592,37.3059,0,0,8454.38,415739,11386.5,0,0,0,415739,0,0,3898.38,209.15,8905.32,8454.38,0,0
01:11:15:03:28:40,8094.03,8087.74,37.3587,26.6165,37.4258,0,0,8455,415739,11371.1,0,0,0,415739,0,0,3882.93,209.167,8905.94,8455,0,0
01:11:15:03:28:41,8104.62,8080.3,37.331,26.6539,37.3587,0,0,8455.63,415739,11381.6,0,0,0,415739,0,0,3893.52,209.183,8906.56,8455.63,0,0
01:11:15:03:28:42,8095.46,8081.73,37.3997,26.6272,37.331,0,0,8456.25,415739,11372.5,0,0,0,415739,0,0,3884.36,209.2,8907.18,8456.25,0,0
01:11:15:03:28:43,8110.05,8080.87,37.3736,26.6552,37.3997,0,0,8456.87,415739,11387.1,0,0,0,415739,0,0,3898.95,209.217,8907.81,8456.87,0,0
01:11:15:03:28:44,8097.18,8083.73,37.3131,26.6539,37.3736,0,0,8457.5,415739,11374.2,0,0,0,415739,0,0,3886.08,209.233,8908.43,8457.5,0,0
01:11:15:03:28:45,8097.75,8088.6,37.3563,26.6526,37.3131,0,0,8458.12,415739,11374.8,0,0,0,415739,0,0,3886.65,209.25,8909.05,8458.12,0,0
01:11:15:03:28:46,8085.45,8077.15,37.417,26.6392,37.3563,0,0,8458.74,415739,11362.5,0,0,0,415739,0,0,3874.35,209.267,8909.68,8458.74,0,0
01:11:15:03:28:47,8097.75,8077.44,37.2744,26.6032,37.417,0,0,8459.36,415739,11374.8,0,0,0,415739,0,0,3886.65,209.283,8910.3,8459.36,0,0
01:11:15:03:28:48,8095.18,8072,37.2855,26.6445,37.2744,0,0,8459.99,415739,11372.2,0,0,0,415739,0,0,3884.08,209.3,8910.92,8459.99,0,0
01:11:15:03:28:49,6533.64,6562.53,37.2667,26.6352,37.2855,0,0,8460.61,415739,9810.66,0,0,0,415739,0,0,2322.54,209.317,8911.54,8460.61,0,0
01:11:15:03:28:50,6054.7,6041.83,37.1895,26.6285,37.2667,0,0,8461.23,415739,9331.73,0,0,0,415739,0,0,1843.6,209.333,8912.16,8461.23,0,0
01:11:15:03:28:51,5832.12,5818.1,20.1162,26.3428,37.1895,0,0,8461.85,415739,9109.14,0,0,0,415739,0,0,1621.02,209.35,8912.64,8461.85,0,0
01:11:15:03:28:52,5609.24,5596.65,1.38964,25.8328,20.1162,0,0,8462.33,415739,8886.27,0,0,0,415739,0,0,1398.14,209.367,8912.82,8462.33,0,0
01:11:15:03:28:53,5399.82,5384.08,0.0987165,25.1505,1.38964,0,0,8462.5,415739,8676.85,0,0,0,415739,0,0,1188.72,209.383,8912.83,8462.5,0,0
01:11:15:03:28:54,5983.46,5935.4,0,23.4041,0.0987165,0,0,8462.52,415739,9260.49,0,0,0,415739,0,0,1772.36,209.4,8912.83,8462.52,0,0
01:11:15:03:28:55,6021.52,6006.07,0,20.2718,0,0,0,8462.52,415739,9298.54,0,0,0,415739,0,0,1810.42,209.417,8912.83,8462.52,0,0
01:11:15:03:28:56,5976.02,5958.29,0,15.8671,0,0,0,8462.52,415739,9253.05,0,0,0,415739,0,0,1764.93,209.433,8912.83,8462.52,0,0
01:11:15:03:28:57,5949.42,5929.96,0.147203,13.6934,0,0,0,8462.52,415739,9226.45,0,0,0,415739,0,0,1738.32,209.45,8912.83,8462.52,0,0
01:11:15:03:28:58,5880.47,5866.16,0.441609,10.7254,0.147203,0,0,8462.52,415739,9157.5,0,0,0,415739,0,0,1669.37,209.467,8912.84,8462.52,0,0
01:11:15:03:28:59,5693.36,5691.07,0,8.84947,0.441609,0,0,8462.52,415739,8970.39,0,0,0,415739,0,0,1482.26,209.483,8912.84,8462.52,0,0
01:11:15:03:29:00,5588.07,5567.47,0,6.89479,0,0,0,8462.53,415739,8865.1,0,0,0,415739,0,0,1376.97,209.5,8912.84,8462.53,0,0
01:11:15:03:29:01,5577.2,5559.75,0,5.92279,0,0,0,8462.53,415739,8854.23,0,0,0,415739,0,0,1366.1,209.517,8912.84,8462.53,0,0
01:11:15:03:29:02,5548.02,5529.13,0,5.13504,0,0,0,8462.53,415739,8825.05,0,0,0,415739,0,0,1336.92,209.533,8912.84,8462.53,0,0
01:11:15:03:29:03,5538.86,5524.27,0,4.0589,0,0,0,8462.53,415739,8815.89,0,0,0,415739,0,0,1327.76,209.55,8912.84,8462.53,0,0
01:11:15:03:29:04,5580.63,5586.93,0,3.41134,0,0,0,8462.53,415739,8857.66,0,0,0,415739,0,0,1369.53,209.567,8912.84,8462.53,0,0
01:11:15:03:29:05,5659.88,5634.42,0,2.66766,0,0,0,8462.53,415739,8936.91,0,0,0,415739,0,0,1448.78,209.583,8912.84,8462.53,0,0
01:11:15:03:29:06,5614.39,5596.65,0,2.28447,0,0,0,8462.53,415739,8891.42,0,0,0,415739,0,0,1403.29,209.6,8912.84,8462.53,0,0
01:11:15:03:29:07,5606.95,5588.36,0,1.7771,0,0,0,8462.53,415739,8883.98,0,0,0,415739,0,0,1395.85,209.617,8912.84,8462.53,0,0
01:11:15:03:29:08,5596.94,5580.35,0,1.51541,0,0,0,8462.53,415739,8873.97,0,0,0,415739,0,0,1385.84,209.633,8912.84,8462.53,0,0
01:11:15:03:29:09,5555.74,5542.87,0,1.22034,0,0,0,8462.53,415739,8832.77,0,0,0,415739,0,0,1344.64,209.65,8912.84,8462.53,0,0
01:11:15:03:29:10,5477.92,5460.76,0,0.990692,0,0,0,8462.53,415739,8754.95,0,0,0,415739,0,0,1266.82,209.667,8912.84,8462.53,0,0
01:11:15:03:29:11,5503.1,5487.36,0,0.833141,0,0,0,8462.53,415739,8780.13,0,0,0,415739,0,0,1292,209.683,8912.84,8462.53,0,0
01:11:15:03:29:12,5496.23,5480.5,0,0.660908,0,0,0,8462.53,415739,8773.26,0,0,0,415739,0,0,1285.13,209.7,8912.84,8462.53,0,0
01:11:15:03:29:13,5485.93,5469.05,0,0.568779,0,0,0,8462.53,415739,8762.96,0,0,0,415739,0,0,1274.83,209.717,8912.84,8462.53,0,0
01:11:15:03:29:14,5494.52,5477.64,0,0.409895,0,0,0,8462.53,415739,8771.54,0,0,0,415739,0,0,1283.42,209.733,8912.84,8462.53,0,0
01:11:15:03:29:15,5542.01,5526.27,0,0.343138,0,0,0,8462.53,415739,8819.04,0,0,0,415739,0,0,1330.91,209.75,8912.84,8462.53,0,0
01:11:15:03:29:16,5499.67,5481.93,0,0.264362,0,0,0,8462.53,415739,8776.7,0,0,0,415739,0,0,1288.57,209.767,8912.84,8462.53,0,0
01:11:15:03:29:17,5489.65,5473.06,0,0.224308,0,0,0,8462.53,415739,8766.68,0,0,0,415739,0,0,1278.55,209.783,8912.84,8462.53,0,0
01:11:15:03:29:18,5483.93,5468.48,0,0.177578,0,0,0,8462.53,415739,8760.96,0,0,0,415739,0,0,1272.83,209.8,8912.84,8462.53,0,0
01:11:15:03:29:19,5463.62,5447.31,0,0.136187,0,0,0,8462.53,415739,8740.65,0,0,0,415739,0,0,1252.52,209.817,8912.84,8462.53,0,0
01:11:15:03:29:20,5449.6,5433,0,0.0734348,0,0,0,8462.53,415739,8726.63,0,0,0,415739,0,0,1238.5,209.833,8912.84,8462.53,0,0
01:11:15:03:29:21,5462.76,5449.6,0,0,0,0,0,8462.53,415739,8739.79,0,0,0,415739,0,0,1251.66,209.85,8912.84,8462.53,0,0
01:11:15:03:29:22,5451.03,5437.58,0,0,0,0,0,8462.53,415739,8728.06,0,0,0,415739,0,0,1239.93,209.867,8912.84,8462.53,0,0
01:11:15:03:29:23,5443.02,5429.29,0,0,0,0,0,8462.53,415739,8720.05,0,0,0,415739,0,0,1231.92,209.883,8912.84,8462.53,0,0
01:11:15:03:29:24,5446.17,5431.57,0,0,0,0,0,8462.53,415739,8723.19,0,0,0,415739,0,0,1235.07,209.9,8912.84,8462.53,0,0
01:11:15:03:29:25,5445.31,5429.86,0,0,0,0,0,8462.53,415739,8722.33,0,0,0,415739,0,0,1234.21,209.917,8912.84,8462.53,0,0
01:11:15:03:29:26,5418.99,5406.4,0,0,0,0,0,8462.53,415739,8696.01,0,0,0,415739,0,0,1207.89,209.933,8912.84,8462.53,0,0
01:11:15:03:29:27,5416.41,5404.68,0,0,0,0,0,8462.53,415739,8693.44,0,0,0,415739,0,0,1205.31,209.95,8912.84,8462.53,0,0
01:11:15:03:29:28,5410.97,5398.67,0,0,0,0,0,8462.53,415739,8688,0,0,0,415739,0,0,1199.87,209.967,8912.84,8462.53,0,0
01:11:15:03:29:29,5400.1,5387.51,0,0,0,0,0,8462.53,415739,8677.13,0,0,0,415739,0,0,1189,209.983,8912.84,8462.53,0,0
01:11:15:03:29:30,5391.23,5377.79,0,0,0,0,0,8462.53,415739,8668.26,0,0,0,415739,0,0,1180.13,210,8912.84,8462.53,0,0
01:11:15:03:29:31,5398.39,5386.08,0,0,0,0,0,8462.53,415739,8675.42,0,0,0,415739,0,0,1187.29,210.017,8912.84,8462.53,0,0
01:11:15:03:29:32,5388.37,5375.5,0,0,0,0,0,8462.53,415739,8665.4,0,0,0,415739,0,0,1177.27,210.033,8912.84,8462.53,0,0
01:11:15:03:29:33,5382.08,5370.06,0,0,0,0,0,8462.53,415739,8659.11,0,0,0,415739,0,0,1170.98,210.05,8912.84,8462.53,0,0
01:11:15:03:29:34,5380.08,5368.06,0,0,0,0,0,8462.53,415739,8657.1,0,0,0,415739,0,0,1168.98,210.067,8912.84,8462.53,0,0
01:11:15:03:29:35,5377.79,5366.06,0,0,0,0,0,8462.53,415739,8654.82,0,0,0,415739,0,0,1166.69,210.083,8912.84,8462.53,0,0
01:11:15:03:29:36,5362.05,5351.18,0,0,0,0,0,8462.53,415739,8639.08,0,0,0,415739,0,0,1150.95,210.1,8912.84,8462.53,0,0
01:11:15:03:29:37,5361.48,5350.61,0,0,0,0,0,8462.53,415739,8638.51,0,0,0,415739,0,0,1150.38,210.117,8912.84,8462.53,0,0
01:11:15:03:29:38,5356.62,5346.6,0,0,0,0,0,8462.53,415739,8633.64,0,0,0,415739,0,0,1145.52,210.133,8912.84,8462.53,0,0
01:11:15:03:29:39,5350.32,5340.31,0,0,0,0,0,8462.53,415739,8627.35,0,0,0,415739,0,0,1139.22,210.15,8912.84,8462.53,0,0
01:11:15:03:29:40,5343.74,5334.01,0,0,0,0,0,8462.53,415739,8620.77,0,0,0,415739,0,0,1132.64,210.167,8912.84,8462.53,0,0
01:11:15:03:29:41,5345.46,5335.44,0,0,0,0,0,8462.53,415739,8622.49,0,0,0,415739,0,0,1134.36,210.183,8912.84,8462.53,0,0
01:11:15:03:29:42,5336.88,5327.72,0,0.0120163,0,0,0,8462.53,415739,8613.9,0,0,0,415739,0,0,1125.78,210.2,8912.84,8462.53,0,0
01:11:15:03:29:43,5332.3,5323.43,0,0.0160217,0,0,0,8462.53,415739,8609.33,0,0,0,415739,0,0,1121.2,210.217,8912.84,8462.53,0,0
01:11:15:03:29:44,5328.58,5320.28,0,0.028038,0,0,0,8462.53,415739,8605.61,0,0,0,415739,0,0,1117.48,210.233,8912.84,8462.53,0,0
01:11:15:03:29:45,5324.57,5317.13,0,0.0320435,0,0,0,8462.53,415739,8601.6,0,0,0,415739,0,0,1113.47,210.25,8912.84,8462.53,0,0
01:11:15:03:29:46,5316.56,5308.84,0,0.0387192,0,0,0,8462.53,415739,8593.59,0,0,0,415739,0,0,1105.46,210.267,8912.84,8462.53,0,0
01:11:15:03:29:47,5315.42,5307.98,0,0.0400562,0,0,0,8462.53,415739,8592.45,0,0,0,415739,0,0,1104.32,210.283,8912.84,8462.53,0,0
01:11:15:03:29:48,5310.27,5303.4,0,0.0400562,0,0,0,8462.53,415739,8587.3,0,0,0,415739,0,0,1099.17,210.3,8912.84,8462.53,0,0
01:11:15:03:29:49,5305.98,5298.82,0,0.0400562,0,0,0,8462.53,415739,8583,0,0,0,415739,0,0,1094.88,210.317,8912.84,8462.53,0,0
01:11:15:03:29:50,5302.54,5295.39,0,0.0400562,0,0,0,8462.53,415739,8579.57,0,0,0,415739,0,0,1091.44,210.333,8912.84,8462.53,0,0
01:11:15:03:29:51,5300.25,5293.67,0,0.0400562,0,0,0,8462.53,415739,8577.28,0,0,0,415739,0,0,1089.15,210.35,8912.84,8462.53,0,0
01:11:15:03:29:52,5294.25,5288.24,0,0.0400562,0,0,0,8462.53,415739,8571.27,0,0,0,415739,0,0,1083.15,210.367,8912.84,8462.53,0,0
01:11:15:03:29:53,5291.1,5284.23,0,0.0400562,0,0,0,8462.53,415739,8568.13,0,0,0,415739,0,0,1080,210.383,8912.84,8462.53,0,0
01:11:15:03:29:54,5287.67,5280.8,0,0.0400562,0,0,0,8462.53,415739,8564.69,0,0,0,415739,0,0,1076.57,210.4,8912.84,8462.53,0,0
01:11:15:03:29:55,5284.23,5276.79,0,0.0400562,0,0,0,8462.53,415739,8561.26,0,0,0,415739,0,0,1073.13,210.417,8912.84,8462.53,0,0
01:11:15:03:29:56,5278.8,5272.5,0,0.0400562,0,0,0,8462.53,415739,8555.83,0,0,0,415739,0,0,1067.7,210.433,8912.84,8462.53,0,0
01:11:15:03:29:57,5276.22,5269.64,0,0.0400562,0,0,0,8462.53,415739,8553.25,0,0,0,415739,0,0,1065.12,210.45,8912.84,8462.53,0,0
01:11:15:03:29:58,5272.79,5265.92,0,0.0400562,0,0,0,8462.53,415739,8549.82,0,0,0,415739,0,0,1061.69,210.467,8912.84,8462.53,0,0
01:11:15:03:29:59,5269.07,5262.77,0,0.0400562,0,0,0,8462.53,415739,8546.1,0,0,0,415739,0,0,1057.97,210.483,8912.84,8462.53,0,0
01:11:15:03:30:00,5265.92,5259.63,0,0.0400562,0,0,0,8462.53,415739,8542.95,0,0,0,415739,0,0,1054.82,210.5,8912.84,8462.53,0,0
01:11:15:03:30:01,5262.2,5255.91,0,0.0400562,0,0,0,8462.53,415739,8539.23,0,0,0,415739,0,0,1051.1,210.517,8912.84,8462.53,0,0
01:11:15:03:30:02,5259.34,5251.9,0,0.0400562,0,0,0,8462.53,415739,8536.37,0,0,0,415739,0,0,1048.24,210.533,8912.84,8462.53,0,0
01:11:15:03:30:03,5255.91,5249.04,0,0.0400562,0,0,0,8462.53,415739,8532.94,0,0,0,415739,0,0,1044.81,210.55,8912.84,8462.53,0,0
01:11:15:03:30:04,5252.76,5245.61,0,0.0400562,0,0,0,8462.53,415739,8529.79,0,0,0,415739,0,0,1041.66,210.567,8912.84,8462.53,0,0
01:11:15:03:30:05,5248.18,5242.75,0,0.0400562,0,0,0,8462.53,415739,8525.21,0,0,0,415739,0,0,1037.08,210.583,8912.84,8462.53,0,0
01:11:15:03:30:06,5245.32,5239.31,0,0.0400562,0,0,0,8462.53,415739,8522.35,0,0,0,415739,0,0,1034.22,210.6,8912.84,8462.53,0,0
01:11:15:03:30:07,5242.75,5236.74,0,0.0400562,0,0,0,8462.53,415739,8519.78,0,0,0,415739,0,0,1031.65,210.617,8912.84,8462.53,0,0
01:11:15:03:30:08,5241.6,5234.74,0,0.0400562,0,0,0,8462.53,415739,8518.63,0,0,0,415739,0,0,1030.5,210.633,8912.84,8462.53,0,0
01:11:15:03:30:09,5244.75,5237.88,0,0.0400562,0,0,0,8462.53,415739,8521.78,0,0,0,415739,0,0,1033.65,210.65,8912.84,8462.53,0,0
01:11:15:03:30:10,5244.18,5237.03,0,0.0400562,0,0,0,8462.53,415739,8521.21,0,0,0,415739,0,0,1033.08,210.667,8912.84,8462.53,0,0
01:11:15:03:30:11,5242.46,5235.31,0,0.0400562,0,0,0,8462.53,415739,8519.49,0,0,0,415739,0,0,1031.36,210.683,8912.84,8462.53,0,0
01:11:15:03:30:12,5240.17,5233.59,0,0.0400562,0,0,0,8462.53,415739,8517.2,0,0,0,415739,0,0,1029.07,210.7,8912.84,8462.53,0,0
01:11:15:03:30:13,5236.74,5230.73,0,0.0400562,0,0,0,8462.53,415739,8513.77,0,0,0,415739,0,0,1025.64,210.717,8912.84,8462.53,0,0
01:11:15:03:30:14,5230.73,5225.01,0,0.0400562,0,0,0,8462.53,415739,8507.76,0,0,0,415739,0,0,1019.63,210.733,8912.84,8462.53,0,0
01:11:15:03:30:15,5228.73,5221.58,0,0.0400562,0,0,0,8462.53,415739,8505.76,0,0,0,415739,0,0,1017.63,210.75,8912.84,8462.53,0,0
01:11:15:03:30:16,5226.73,5220.15,0,0.0400562,0,0,0,8462.53,415739,8503.75,0,0,0,415739,0,0,1015.63,210.767,8912.84,8462.53,0,0
01:11:15:03:30:17,5224.44,5218.43,0,0.0400562,0,0,0,8462.53,415739,8501.47,0,0,0,415739,0,0,1013.34,210.783,8912.84,8462.53,0,0
01:11:15:03:30:18,5222.15,5215.57,0,0.0400562,0,0,0,8462.53,415739,8499.18,0,0,0,415739,0,0,1011.05,210.8,8912.84,8462.53,0,0
01:11:15:03:30:19,5221.86,5215,0,0.0400562,0,0,0,8462.53,415739,8498.89,0,0,0,415739,0,0,1010.76,210.817,8912.84,8462.53,0,0
01:11:15:03:30:20,5218.72,5212.13,0,0.0400562,0,0,0,8462.53,415739,8495.74,0,0,0,415739,0,0,1007.62,210.833,8912.84,8462.53,0,0
01:11:15:03:30:21,5215,5208.99,0,0.0400562,0,0,0,8462.53,415739,8492.02,0,0,0,415739,0,0,1003.9,210.85,8912.84,8462.53,0,0
01:11:15:03:30:22,5212.99,5205.84,0,0.0400562,0,0,0,8462.53,415739,8490.02,0,0,0,415739,0,0,1001.89,210.867,8912.84,8462.53,0,0
01:11:15:03:30:23,5210.42,5203.27,0,0.0400562,0,0,0,8462.53,415739,8487.45,0,0,0,415739,0,0,999.319,210.883,8912.84,8462.53,0,0
01:11:15:03:30:24,5206.7,5200.12,0,0.0400562,0,0,0,8462.53,415739,8483.73,0,0,0,415739,0,0,995.599,210.9,8912.84,8462.53,0,0
01:11:15:03:30:25,5204.12,5197.83,0,0.0400562,0,0,0,8462.53,415739,8481.15,0,0,0,415739,0,0,993.024,210.917,8912.84,8462.53,0,0
01:11:15:03:30:26,5202.69,5196.11,0,0.0400562,0,0,0,8462.53,415739,8479.72,0,0,0,415739,0,0,991.594,210.933,8912.84,8462.53,0,0
01:11:15:03:30:27,5200.69,5193.54,0,0.0400562,0,0,0,8462.53,415739,8477.72,0,0,0,415739,0,0,989.591,210.95,8912.84,8462.53,0,0
01:11:15:03:30:28,5198.12,5191.82,0,0.0400562,0,0,0,8462.53,415739,8475.14,0,0,0,415739,0,0,987.016,210.967,8912.84,8462.53,0,0
01:11:15:03:30:29,5196.11,5189.53,0,0.0400562,0,0,0,8462.53,415739,8473.14,0,0,0,415739,0,0,985.014,210.983,8912.84,8462.53,0,0
01:11:15:03:30:30,5193.82,5186.96,0,0.0400562,0,0,0,8462.53,415739,8470.85,0,0,0,415739,0,0,982.724,211,8912.84,8462.53,0,0
01:11:15:03:30:31,5190.68,5184.1,0,0.0400562,0,0,0,8462.53,415739,8467.71,0,0,0,415739,0,0,979.578,211.017,8912.84,8462.53,0,0
01:11:15:03:30:32,5188.1,5181.81,0,0.0400562,0,0,0,8462.53,415739,8465.13,0,0,0,415739,0,0,977.003,211.033,8912.84,8462.53,0,0
01:11:15:03:30:33,5185.53,5179.52,0,0.0400562,0,0,0,8462.53,415739,8462.56,0,0,0,415739,0,0,974.427,211.05,8912.84,8462.53,0,0
01:11:15:03:30:34,5182.95,5176.37,0,0.0400562,0,0,0,8462.53,415739,8459.98,0,0,0,415739,0,0,971.852,211.067,8912.84,8462.53,0,0
01:11:15:03:30:35,5180.66,5174.66,0,0.0400562,0,0,0,8462.53,415739,8457.69,0,0,0,415739,0,0,969.564,211.083,8912.84,8462.53,0,0
01:11:15:03:30:36,5178.38,5172.65,0,0.0400562,0,0,0,8462.53,415739,8455.4,0,0,0,415739,0,0,967.275,211.1,8912.84,8462.53,0,0
01:11:15:03:30:37,5175.51,5170.65,0,0.0400562,0,0,0,8462.53,415739,8452.54,0,0,0,415739,0,0,964.414,211.117,8912.84,8462.53,0,0
01:11:15:03:30:38,5173.51,5167.79,0,0.0400562,0,0,0,8462.53,415739,8450.54,0,0,0,415739,0,0,962.411,211.133,8912.84,8462.53,0,0
01:11:15:03:30:39,5170.08,5166.36,0,0.0400562,0,0,0,8462.53,415739,8447.11,0,0,0,415739,0,0,958.978,211.15,8912.84,8462.53,0,0
01:11:15:03:30:40,5168.93,5163.21,0,0.0400562,0,0,0,8462.53,415739,8445.96,0,0,0,415739,0,0,957.834,211.167,8912.84,8462.53,0,0
01:11:15:03:30:41,5166.36,5160.64,0,0.0400562,0,0,0,8462.53,415739,8443.39,0,0,0,415739,0,0,955.259,211.183,8912.84,8462.53,0,0
01:11:15:03:30:42,5163.78,5158.06,0,0.0400562,0,0,0,8462.53,415739,8440.81,0,0,0,415739,0,0,952.684,211.2,8912.84,8462.53,0,0
01:11:15:03:30:43,5160.92,5156.63,0,0.0400562,0,0,0,8462.53,415739,8437.95,0,0,0,415739,0,0,949.823,211.217,8912.84,8462.53,0,0
01:11:15:03:30:44,5159.21,5154.34,0,0.0400562,0,0,0,8462.53,415739,8436.24,0,0,0,415739,0,0,948.107,211.233,8912.84,8462.53,0,0
01:11:15:03:30:45,5157.49,5151.77,0,0.0400562,0,0,0,8462.53,415739,8434.52,0,0,0,415739,0,0,946.39,211.25,8912.84,8462.53,0,0
01:11:15:03:30:46,5155.77,5150.34,0,0.0400562,0,0,0,8462.53,415739,8432.8,0,0,0,415739,0,0,944.673,211.267,8912.84,8462.53,0,0
01:11:15:03:30:47,5152.91,5148.33,0,0.0400562,0,0,0,8462.53,415739,8429.94,0,0,0,415739,0,0,941.812,211.283,8912.84,8462.53,0,0
01:11:15:03:30:48,5150.05,5146.33,0,0.0400562,0,0,0,8462.53,415739,8427.08,0,0,0,415739,0,0,938.951,211.3,8912.84,8462.53,0,0
01:11:15:03:30:49,5148.62,5144.04,0,0.0400562,0,0,0,8462.53,415739,8425.65,0,0,0,415739,0,0,937.52,211.317,8912.84,8462.53,0,0
01:11:15:03:30:50,5146.05,5141.47,0,0.0400562,0,0,0,8462.53,415739,8423.07,0,0,0,415739,0,0,934.945,211.333,8912.84,8462.53,0,0
01:11:15:03:30:51,5144.61,5139.46,0,0.0400562,0,0,0,8462.53,415739,8421.64,0,0,0,415739,0,0,933.515,211.35,8912.84,8462.53,0,0
01:11:15:03:30:52,5142.33,5137.75,0,0.0400562,0,0,0,8462.53,415739,8419.35,0,0,0,415739,0,0,931.227,211.367,8912.84,8462.53,0,0
01:11:15:03:30:53,5140.04,5136.03,0,0.0400562,0,0,0,8462.53,415739,8417.07,0,0,0,415739,0,0,928.937,211.383,8912.84,8462.53,0,0
01:11:15:03:30:54,5138.03,5134.32,0,0.0400562,0,0,0,8462.53,415739,8415.06,0,0,0,415739,0,0,926.935,211.4,8912.84,8462.53,0,0
01:11:15:03:30:55,5136.03,5132.6,0,0.0400562,0,0,0,8462.53,415739,8413.06,0,0,0,415739,0,0,924.932,211.417,8912.84,8462.53,0,0
01:11:15:03:30:56,5133.46,5130.6,0,0.0400562,0,0,0,8462.53,415739,8410.49,0,0,0,415739,0,0,922.357,211.433,8912.84,8462.53,0,0
01:11:15:03:30:57,5132.03,5128.88,0,0.0400562,0,0,0,8462.53,415739,8409.05,0,0,0,415739,0,0,920.927,211.45,8912.84,8462.53,0,0
01:11:15:03:30:58,5130.02,5126.3,0,0.0400562,0,0,0,8462.53,415739,8407.05,0,0,0,415739,0,0,918.924,211.467,8912.84,8462.53,0,0
01:11:15:03:30:59,5128.02,5124.87,0,0.0400562,0,0,0,8462.53,415739,8405.05,0,0,0,415739,0,0,916.921,211.483,8912.84,8462.53,0,0
01:11:15:03:31:00,5126.02,5123.44,0,0.0400562,0,0,0,8462.53,415739,8403.05,0,0,0,415739,0,0,914.919,211.5,8912.84,8462.53,0,0
01:11:15:03:31:01,5124.59,5120.87,0,0.0400562,0,0,0,8462.53,415739,8401.62,0,0,0,415739,0,0,913.488,211.517,8912.84,8462.53,0,0
01:11:15:03:31:02,5122.59,5120.01,0,0.0400562,0,0,0,8462.53,415739,8399.61,0,0,0,415739,0,0,911.485,211.533,8912.84,8462.53,0,0
01:11:15:03:31:03,5120.58,5118.01,0,0.0400562,0,0,0,8462.53,415739,8397.61,0,0,0,415739,0,0,909.483,211.55,8912.84,8462.53,0,0
01:11:15:03:31:04,5118.58,5116.29,0,0.0400562,0,0,0,8462.53,415739,8395.61,0,0,0,415739,0,0,907.48,211.567,8912.84,8462.53,0,0
01:11:15:03:31:05,5116.58,5114.86,0,0.0400562,0,0,0,8462.53,415739,8393.61,0,0,0,415739,0,0,905.477,211.583,8912.84,8462.53,0,0
01:11:15:03:31:06,5115.15,5112.29,0,0.0400562,0,0,0,8462.53,415739,8392.17,0,0,0,415739,0,0,904.047,211.6,8912.84,8462.53,0,0
01:11:15:03:31:07,5112.57,5110.57,0,0.0400562,0,0,0,8462.53,415739,8389.6,0,0,0,415739,0,0,901.472,211.617,8912.84,8462.53,0,0
01:11:15:03:31:08,5111.71,5109.14,0,0.0400562,0,0,0,8462.53,415739,8389.6,0,0,0,415739,0,0,901.472,211.633,8912.84,8462.53,0,0
01:11:15:03:31:09,5109.42,5107.14,0,0.0400562,0,0,0,8462.53,415739,8389.6,0,0,0,415739,0,0,901.472,211.65,8912.84,8462.53,0,0
01:11:15:03:31:10,5107.42,5105.99,0,0.0400562,0,0,0,8462.53,415739,8389.6,0,0,0,415739,0,0,901.472,211.667,8912.84,8462.53,0,0
01:11:15:03:31:11,5105.71,5103.7,0,0.0400562,0,0,0,8462.53,415739,8389.6,0,0,0,415739,0,0,901.472,211.683,8912.84,8462.53,0,0
01:11:15:03:31:12,5104.56,5102.56,0,0.0400562,0,0,0,8462.53,415739,8389.6,0,0,0,415739,0,0,901.472,211.7,8912.84,8462.53,0,0
01:11:15:03:31:13,5102.27,5100.84,0,0.0400562,0,0,0,8462.53,415739,8389.6,0,0,0,415739,0,0,901.472,211.717,8912.84,8462.53,0,0
01:11:15:03:31:14,5100.27,5098.84,0,0.0400562,0,0,0,8462.53,415739,8389.6,0,0,0,415739,0,0,901.472,211.733,8912.84,8462.53,0,0
01:11:15:03:31:15,5098.84,5097.12,0,0.0400562,0,0,0,8462.53,415739,8389.6,0,0,0,415739,0,0,901.472,211.75,8912.84,8462.53,0,0
01:11:15:03:31:16,5096.84,5094.83,0,0.0400562,0,0,0,8462.53,415739,8389.6,0,0,0,415739,0,0,901.472,211.767,8912.84,8462.53,0,0
01:11:15:03:31:17,5095.12,5092.83,0,0.0400562,0,0,0,8462.53,415739,8389.6,0,0,0,415739,0,0,901.472,211.783,8912.84,8462.53,0,0
01:11:15:03:31:18,5093.4,5091.11,0,0.0400562,0,0,0,8462.53,415739,8389.6,0,0,0,415739,0,0,901.472,211.8,8912.84,8462.53,0,0
01:11:15:03:31:19,5091.69,5089.97,0,0.0400562,0,0,0,8462.53,415739,8389.6,0,0,0,415739,0,0,901.472,211.817,8912.84,8462.53,0,0
01:11:15:03:31:20,5089.97,5087.97,0,0.0400562,0,0,0,8462.53,415739,8389.6,0,0,0,415739,0,0,901.472,211.833,8912.84,8462.53,0,0
01:11:15:03:31:21,5088.54,5087.39,0,0.0400562,0,0,0,8462.53,415739,8389.6,0,0,0,415739,0,0,901.472,211.85,8912.84,8462.53,0,0
01:11:15:03:31:22,5088.25,5086.25,0,0.0400562,0,0,0,8462.53,415739,8389.6,0,0,0,415739,0,0,901.472,211.867,8912.84,8462.53,0,0
01:11:15:03:31:23,5088.54,5086.82,0,0.0400562,0,0,0,8462.53,415739,8389.6,0,0,0,415739,0,0,901.472,211.883,8912.84,8462.53,0,0
01:11:15:03:31:24,5088.54,5086.82,0,0.0400562,0,0,0,8462.53,415739,8389.6,0,0,0,415739,0,0,901.472,211.9,8912.84,8462.53,0,0
01:11:15:03:31:25,5088.25,5086.82,0,0.0400562,0,0,0,8462.53,415739,8389.6,0,0,0,415739,0,0,901.472,211.917,8912.84,8462.53,0,0
01:11:15:03:31:26,5088.54,5087.11,0,0.0400562,0,0,0,8462.53,415739,8389.6,0,0,0,415739,0,0,901.472,211.933,8912.84,8462.53,0,0
01:11:15:03:31:27,5088.54,5086.54,0,0.0400562,0,0,0,8462.53,415739,8389.6,0,0,0,415739,0,0,901.472,211.95,8912.84,8462.53,0,0
01:11:15:03:31:28,5089.11,5086.82,0,0.0400562,0,0,0,8462.53,415739,8389.6,0,0,0,415739,0,0,901.472,211.967,8912.84,8462.53,0,0
01:11:15:03:31:29,5089.11,5086.82,0,0.0400562,0,0,0,8462.53,415739,8389.6,0,0,0,415739,0,0,901.472,211.983,8912.84,8462.53,0,0
01:11:15:03:31:30,5089.11,5086.82,0,0.0400562,0,0,0,8462.53,415739,8389.6,0,0,0,415739,0,0,901.472,212,8912.84,8462.53,0,0
01:11:15:03:31:31,5088.83,5086.82,0,0.0400562,0,0,0,8462.53,415739,8389.6,0,0,0,415739,0,0,901.472,212.017,8912.84,8462.53,0,0
01:11:15:03:31:32,5088.83,5086.25,0,0.0400562,0,0,0,8462.53,415739,8389.6,0,0,0,415739,0,0,901.472,212.033,8912.84,8462.53,0,0
01:11:15:03:31:33,5088.83,5086.54,0,0.0400562,0,0,0,8462.53,415739,8389.6,0,0,0,415739,0,0,901.472,212.05,8912.84,8462.53,0,0
01:11:15:03:31:34,5088.83,5086.82,0,0.0400562,0,0,0,8462.53,415739,8389.6,0,0,0,415739,0,0,901.472,212.067,8912.84,8462.53,0,0
01:11:15:03:31:35,5088.54,5086.82,0,0.0400562,0,0,0,8462.53,415739,8389.6,0,0,0,415739,0,0,901.472,212.083,8912.84,8462.53,0,0
01:11:15:03:31:36,5088.83,5086.54,0,0.0400562,0,0,0,8462.53,415739,8389.6,0,0,0,415739,0,0,901.472,212.1,8912.84,8462.53,0,0
01:11:15:03:31:37,5089.11,5086.82,0,0.0400562,0,0,0,8462.53,415739,8389.6,0,0,0,415739,0,0,901.472,212.117,8912.84,8462.53,0,0
01:11:15:03:31:38,5088.83,5087.11,0,0.0400562,0,0,0,8462.53,415739,8389.6,0,0,0,415739,0,0,901.472,212.133,8912.84,8462.53,0,0
01:11:15:03:31:39,5088.54,5086.54,0,0.0400562,0,0,0,8462.53,415739,8389.6,0,0,0,415739,0,0,901.472,212.15,8912.84,8462.53,0,0
01:11:15:03:31:40,5089.11,5086.82,0,0.0400562,0,0,0,8462.53,415739,8389.6,0,0,0,415739,0,0,901.472,212.167,8912.84,8462.53,0,0
01:11:15:03:31:41,5089.11,5086.82,0,0.0400562,0,0,0,8462.53,415739,8389.6,0,0,0,415739,0,0,901.472,212.183,8912.84,8462.53,0,0
01:11:15:03:31:42,5088.83,5086.82,0,0.0400562,0,0,0,8462.53,415739,8389.6,0,0,0,415739,0,0,901.472,212.2,8912.84,8462.53,0,0
01:11:15:03:31:43,5089.11,5085.96,0,0.0400562,0,0,0,8462.53,415739,8389.6,0,0,0,415739,0,0,901.472,212.217,8912.84,8462.53,0,0
01:11:15:03:31:44,5086.54,5083.1,0,0.0400562,0,0,0,8462.53,415739,8389.6,0,0,0,415739,0,0,901.472,212.233,8912.84,8462.53,0,0
01:11:15:03:31:45,5085.96,5083.39,0,0.0400562,0,0,0,8462.53,415739,8389.6,0,0,0,415739,0,0,901.472,212.25,8912.84,8462.53,0,0
01:11:15:03:31:46,5085.96,5082.53,0,0.0400562,0,0,0,8462.53,415739,8389.6,0,0,0,415739,0,0,901.472,212.267,8912.84,8462.53,0,0
01:11:15:03:31:47,5086.54,5082.82,0,0.0400562,0,0,0,8462.53,415739,8389.6,0,0,0,415739,0,0,901.472,212.283,8912.84,8462.53,0,0
01:11:15:03:31:48,5085.96,5083.1,0,0.0400562,0,0,0,8462.53,415739,8389.6,0,0,0,415739,0,0,901.472,212.3,8912.84,8462.53,0,0
01:11:15:03:31:49,5085.96,5083.1,0,0.0400562,0,0,0,8462.53,415739,8389.6,0,0,0,415739,0,0,901.472,212.317,8912.84,8462.53,0,0
01:11:15:03:31:50,5071.66,5068.8,0,0.0400562,0,0,0,8462.53,415739,8389.6,0,0,0,415739,0,0,901.472,212.333,8912.84,8462.53,0,0
01:11:15:03:31:51,5056.5,5053.35,0,0.0400562,0,0,0,8462.53,415739,8389.6,0,0,0,415739,0,0,901.472,212.35,8912.84,8462.53,0,0
01:11:15:03:31:52,5033.04,5030.75,0,0.0400562,0,0,0,8462.53,415739,8389.6,0,0,0,415739,0,0,901.472,212.367,8912.84,8462.53,0,0
01:11:15:03:31:53,5006.14,5003.28,0,0.0400562,0,0,0,8462.53,415739,8389.6,0,0,0,415739,0,0,901.472,212.383,8912.84,8462.53,0,0
01:11:15:03:31:54,4957.22,4956.07,0,0.0400562,0,0,0,8462.53,415739,8389.6,0,0,0,415739,0,0,901.472,212.4,8912.84,8462.53,0,0
01:11:15:03:31:55,4882.26,4872.82,0,0.0400562,0,0,0,8462.53,415739,8389.6,0,0,0,415739,0,0,901.472,212.417,8912.84,8462.53,0,0
01:11:15:03:31:56,4806.16,4797,0,0.0400562,0,0,0,8462.53,415739,8389.6,0,0,0,415739,0,0,901.472,212.433,8912.84,8462.53,0,0
01:11:15:03:31:57,4732.34,4723.19,0,0.0400562,0,0,0,8462.53,415739,8389.6,0,0,0,415739,0,0,901.472,212.45,8912.84,8462.53,0,0
01:11:15:03:31:58,4660.53,4651.95,0,0.0400562,0,0,0,8462.53,415739,8389.6,0,0,0,415739,0,0,901.472,212.467,8912.84,8462.53,0,0
01:11:15:03:31:59,4586.72,4577.56,0,0.0400562,0,0,0,8462.53,415739,8389.6,0,0,0,415739,0,0,901.472,212.483,8912.84,8462.53,0,0
01:11:15:03:32:00,4504.61,4502.6,0,0.0400562,0,0,0,8462.53,415739,8389.6,0,0,0,415739,0,0,901.472,212.5,8912.84,8462.53,0,0
01:11:15:03:32:01,4431.36,4429.36,0,0.0400562,0,0,0,8462.53,415739,8389.6,0,0,0,415739,0,0,901.472,212.517,8912.84,8462.53,0,0
01:11:15:03:32:02,4358.12,4356.41,0,0.0400562,0,0,0,8462.53,415739,8389.6,0,0,0,415739,0,0,901.472,212.533,8912.84,8462.53,0,0
01:11:15:03:32:03,4284.59,4282.31,0,0.0400562,0,0,0,8462.53,415739,8389.6,0,0,0,415739,0,0,901.472,212.55,8912.84,8462.53,0,0
01:11:15:03:32:04,4208.78,4206.49,0,0.0400562,0,0,0,8462.53,415739,8389.6,0,0,0,415739,0,0,901.472,212.567,8912.84,8462.53,0,0
01:11:15:03:32:05,4116.37,4115.51,0,0.0400562,0,0,0,8462.53,415739,8389.6,0,0,0,415739,0,0,901.472,212.583,8912.84,8462.53,0,0
01:11:15:03:32:06,4012.23,4010.8,0,0.0400562,0,0,0,8462.53,415739,8389.6,0,0,0,415739,0,0,901.472,212.6,8912.84,8462.53,0,0
01:11:15:03:32:07,3909.8,3908.94,0,0.0400562,0,0,0,8462.53,415739,8389.6,0,0,0,415739,0,0,901.472,212.617,8912.84,8462.53,0,0
01:11:15:03:32:08,3807.66,3807.09,0,0.0400562,0,0,0,8462.53,415739,8389.6,0,0,0,415739,0,0,901.472,212.633,8912.84,8462.53,0,0
01:11:15:03:32:09,3707.53,3706.96,0,0.0400562,0,0,0,8462.53,415739,8389.6,0,0,0,415739,0,0,901.472,212.65,8912.84,8462.53,0,0
01:11:15:03:32:10,3608.82,3608.25,0,0.0400562,0,0,0,8462.53,415739,8389.6,0,0,0,415739,0,0,901.472,212.667,8912.84,8462.53,0,0
01:11:15:03:32:11,3512.12,3510.98,0,0.0400562,0,0,0,8462.53,415739,8389.6,0,0,0,415739,0,0,901.472,212.683,8912.84,8462.53,0,0
01:11:15:03:32:12,3417.14,3417.14,0,0.0400562,0,0,0,8462.53,415739,8389.6,0,0,0,415739,0,0,901.472,212.7,8912.84,8462.53,0,0
01:11:15:03:32:13,3141.33,3147.06,0,0.0400562,0,0,0,8462.53,415739,8389.6,0,0,0,415739,0,0,901.472,212.717,8912.84,8462.53,0,0
01:11:15:03:32:14,2656.96,2670.98,0,0.0400562,0,0,0,8462.53,415739,8389.6,0,0,0,415739,0,0,901.472,212.733,8912.84,8462.53,0,0
01:11:15:03:32:15,2172.02,2141.98,0,0.0400562,0,0,0,8462.53,415739,8389.6,0,0,0,415739,0,0,901.472,212.75,8912.84,8462.53,0,0
01:11:15:03:32:16,1740.01,1719.98,0,0.0400562,0,0,0,8462.53,415739,8389.6,0,0,0,415739,0,0,901.472,212.767,8912.84,8462.53,0,0
01:11:15:03:32:17,974.404,927.197,0,0.0400562,0,0,0,8462.53,415739,8389.6,0,0,0,415739,0,0,901.472,212.783,8912.84,8462.53,0,0
01:11:15:03:32:18,288.333,292.91,0,0.0400562,0,0,0,8462.53,415739,8389.6,0,0,0,415739,0,0,901.472,212.8,8912.84,8462.53,0,0
01:11:15:03:32:19,33.9888,76.0456,0,0.0400562,0,0,0,8462.53,415739,8389.6,0,0,0,415739,0,0,901.472,212.817,8912.84,8462.53,0,0
01:11:15:03:32:20,-9.49862,31.9861,0,0.0400562,0,0,0,8462.53,415739,8389.6,0,0,0,415739,0,0,901.472,212.833,8912.84,8462.53,0,0
01:11:15:03:32:21,-11.5013,29.125,0,0.0400562,0,0,0,8462.53,415739,8389.6,0,0,0,415739,0,0,901.472,212.85,8912.84,8462.53,0,0
01:11:15:03:32:22,-12.6457,27.1223,0,0.0400562,0,0,0,8462.53,415739,8389.6,0,0,0,415739,0,0,901.472,212.867,8912.84,8462.53,0,0
01:11:15:03:32:23,-15.2206,25.6918,0,0.0400562,0,0,0,8462.53,415739,8389.6,0,0,0,415739,0,0,901.472,212.883,8912.84,8462.53,0,0
01:11:15:03:32:24,-16.365,23.6891,0,0.0400562,0,0,0,8462.53,415739,8389.6,0,0,0,415739,0,0,901.472,212.9,8912.84,8462.53,0,0
01:11:15:03:32:25,-17.7956,22.5447,0,0.0400562,0,0,0,8462.53,415739,8389.6,0,0,0,415739,0,0,901.472,212.917,8912.84,8462.53,0,0
01:11:15:03:32:26,-19.5122,21.1142,0,0.0400562,0,0,0,8462.53,415739,8389.6,0,0,0,415739,0,0,901.472,212.933,8912.84,8462.53,0,0
01:11:15:03:32:27,-20.0844,20.2559,0,0.0400562,0,0,0,8462.53,415739,8389.6,0,0,0,415739,0,0,901.472,212.95,8912.84,8462.53,0,0
01:11:15:03:32:28,-21.2288,19.1115,0,0.0400562,0,0,0,8462.53,415739,8389.6,0,0,0,415739,0,0,901.472,212.967,8912.84,8462.53,0,0
01:11:15:03:32:29,-22.9454,17.681,0,0.0400562,0,0,0,8462.53,415739,8389.6,0,0,0,415739,0,0,901.472,212.983,8912.84,8462.53,0,0
01:11:15:03:32:30,-23.5176,16.8227,0,0.0400562,0,0,0,8462.53,415739,8389.6,0,0,0,415739,0,0,901.472,213,8912.84,8462.53,0,0
01:11:15:03:32:31,-24.662,15.9644,0,0.0400562,0,0,0,8462.53,415739,8389.6,0,0,0,415739,0,0,901.472,213.017,8912.84,8462.53,0,0
01:11:15:03:32:32,-25.5203,15.1061,0,0.0400562,0,0,0,8462.53,415739,8389.6,0,0,0,415739,0,0,901.472,213.033,8912.84,8462.53,0,0
01:11:15:03:32:33,-26.0925,13.3895,0,0.0400562,0,0,0,8462.53,415739,8389.6,0,0,0,415739,0,0,901.472,213.05,8912.84,8462.53,0,0
01:11:15:03:32:34,-27.2369,13.1034,0,0.0400562,0,0,0,8462.53,415739,8389.6,0,0,0,415739,0,0,901.472,213.067,8912.84,8462.53,0,0
01:11:15:03:32:35,-27.8091,11.959,0,0.0400562,0,0,0,8462.53,415739,8389.6,0,0,0,415739,0,0,901.472,213.083,8912.84,8462.53,0,0
01:11:15:03:32:36,-28.6674,11.1007,0,0.0400562,0,0,0,8462.53,415739,8389.6,0,0,0,415739,0,0,901.472,213.1,8912.84,8462.53,0,0
01:11:15:03:32:37,-29.5257,9.95626,0,0.0400562,0,0,0,8462.53,415739,8389.6,0,0,0,415739,0,0,901.472,213.117,8912.84,8462.53,0,0
01:11:15:03:32:38,-30.384,9.09796,0,0.0400562,0,0,0,8462.53,415739,8389.6,0,0,0,415739,0,0,901.472,213.133,8912.84,8462.53,0,0
01:11:15:03:32:39,-30.6701,8.81186,0,0.0400562,0,0,0,8462.53,415739,8389.6,0,0,0,415739,0,0,901.472,213.15,8912.84,8462.53,0,0
01:11:15:03:32:40,-31.2423,7.95356,0,0.0400562,0,0,0,8462.53,415739,8389.6,0,0,0,415739,0,0,901.472,213.167,8912.84,8462.53,0,0
01:11:15:03:32:41,-32.1006,6.80915,0,0.0400562,0,0,0,8462.53,415739,8389.6,0,0,0,415739,0,0,901.472,213.183,8912.84,8462.53,0,0
01:11:15:03:32:42,-32.9589,6.80915,0,0.0400562,0,0,0,8462.53,415739,8389.6,0,0,0,415739,0,0,901.472,213.2,8912.84,8462.53,0,0
01:11:15:03:32:43,-33.5311,5.37864,0,0.0400562,0,0,0,8462.53,415739,8389.6,0,0,0,415739,0,0,901.472,213.217,8912.84,8462.53,0,0
01:11:15:03:32:44,-33.8172,5.09254,0,0.0400562,0,0,0,8462.53,415739,8389.6,0,0,0,415739,0,0,901.472,213.233,8912.84,8462.53,0,0
01:11:15:03:32:45,-34.3894,5.37864,0,0.0400562,0,0,0,8462.53,415739,8389.6,0,0,0,415739,0,0,901.472,213.25,8912.84,8462.53,0,0
01:11:15:03:32:46,-34.6755,3.94814,0,0.0400562,0,0,0,8462.53,415739,8389.6,0,0,0,415739,0,0,901.472,213.267,8912.84,8462.53,0,0
01:11:15:03:32:47,-35.2477,3.37594,0,0.0400562,0,0,0,8462.53,415739,8389.6,0,0,0,415739,0,0,901.472,213.283,8912.84,8462.53,0,0
01:11:15:03:32:48,-35.8199,2.51763,0,0.0400562,0,0,0,8462.53,415739,8389.6,0,0,0,415739,0,0,901.472,213.3,8912.84,8462.53,0,0
01:11:15:03:32:49,-36.3921,3.08984,0,0.0400562,0,0,0,8462.53,415739,8389.6,0,0,0,415739,0,0,901.472,213.317,8912.84,8462.53,0,0
01:11:15:03:32:50,-36.106,1.65933,0,0.0400562,0,0,0,8462.53,415739,8389.6,0,0,0,415739,0,0,901.472,213.333,8912.84,8462.53,0,0
01:11:15:03:32:51,-36.9643,1.37323,0,0.0400562,0,0,0,8462.53,415739,8389.6,0,0,0,415739,0,0,901.472,213.35,8912.84,8462.53,0,0
01:11:15:03:32:52,-36.9643,0.514924,0,0.0400562,0,0,0,8462.53,415739,8389.6,0,0,0,415739,0,0,901.472,213.367,8912.84,8462.53,0,0
01:11:15:03:32:53,-37.8226,0.228823,0,0.0400562,0,0,0,8462.53,415739,8389.6,0,0,0,415739,0,0,901.472,213.383,8912.84,8462.53,0,0
01:11:15:03:32:54,-38.3948,-0.343379,0,0.0400562,0,0,0,8462.53,415739,8389.6,0,0,0,415739,0,0,901.472,213.4,8912.84,8462.53,0,0
01:11:15:03:32:55,-37.8226,-0.915582,0,0.0400562,0,0,0,8462.53,415739,8389.6,0,0,0,415739,0,0,901.472,213.417,8912.84,8462.53,0,0
01:11:15:03:32:56,-38.3948,-1.20168,0,0.0400562,0,0,0,8462.53,415739,8389.6,0,0,0,415739,0,0,901.472,213.433,8912.84,8462.53,0,0
01:11:15:03:32:57,-38.3948,-0.915582,0,0.0400562,0,0,0,8462.53,415739,8389.6,0,0,0,415739,0,0,901.472,213.45,8912.84,8462.53,0,0
01:11:15:03:32:58,-38.3948,-1.48778,0,0.0400562,0,0,0,8462.53,415739,8389.6,0,0,0,415739,0,0,901.472,213.467,8912.84,8462.53,0,0
01:11:15:03:32:59,-38.3948,-2.34609,0,0.0400562,0,0,0,8462.53,415739,8389.6,0,0,0,415739,0,0,901.472,213.483,8912.84,8462.53,0,0
01:11:15:03:33:00,-38.967,-2.34609,0,0.0400562,0,0,0,8462.53,415739,8389.6,0,0,0,415739,0,0,901.472,213.5,8912.84,8462.53,0,0
01:11:15:03:33:01,-39.2531,-2.63219,0,0.0400562,0,0,0,8462.53,415739,8389.6,0,0,0,415739,0,0,901.472,213.517,8912.84,8462.53,0,0
01:11:15:03:33:02,-39.5392,-3.20439,0,0.0400562,0,0,0,8462.53,415739,8389.6,0,0,0,415739,0,0,901.472,213.533,8912.84,8462.53,0,0
01:11:15:03:33:03,-39.2531,-3.20439,0,0.0400562,0,0,0,8462.53,415739,8389.6,0,0,0,415739,0,0,901.472,213.55,8912.84,8462.53,0,0
01:11:15:03:33:04,-39.5392,-3.49049,0,0.0400562,0,0,0,8462.53,415739,8389.6,0,0,0,415739,0,0,901.472,213.567,8912.84,8462.53,0,0
01:11:15:03:33:05,-40.1115,-3.77659,0,0.0400562,0,0,0,8462.53,415739,8389.6,0,0,0,415739,0,0,901.472,213.583,8912.84,8462.53,0,0
01:11:15:03:33:06,-40.1115,-3.77659,0,0.0400562,0,0,0,8462.53,415739,8389.6,0,0,0,415739,0,0,901.472,213.6,8912.84,8462.53,0,0
01:11:15:03:33:07,-40.3975,-3.77659,0,0.0400562,0,0,0,8462.53,415739,8389.6,0,0,0,415739,0,0,901.472,213.617,8912.84,8462.53,0,0
01:11:15:03:33:08,-40.6837,-4.921,0,0.0400562,0,0,0,8462.53,415739,8389.6,0,0,0,415739,0,0,901.472,213.633,8912.84,8462.53,0,0
01:11:15:03:33:09,-40.9697,-4.3488,0,0.0400562,0,0,0,8462.53,415739,8389.6,0,0,0,415739,0,0,901.472,213.65,8912.84,8462.53,0,0
01:11:15:03:33:10,-40.6837,-5.2071,0,0.0400562,0,0,0,8462.53,415739,8389.6,0,0,0,415739,0,0,901.472,213.667,8912.84,8462.53,0,0
01:11:15:03:33:11,-41.2559,-4.921,0,0.0400562,0,0,0,8462.53,415739,8389.6,0,0,0,415739,0,0,901.472,213.683,8912.84,8462.53,0,0
01:11:15:03:33:12,-40.6837,-5.4932,0,0.0400562,0,0,0,8462.53,415739,8389.6,0,0,0,415739,0,0,901.472,213.7,8912.84,8462.53,0,0
01:11:15:03:33:13,-41.2559,-4.921,0,0.0400562,0,0,0,8462.53,415739,8389.6,0,0,0,415739,0,0,901.472,213.717,8912.84,8462.53,0,0
01:11:15:03:33:14,-41.2559,-5.7793,0,0.0400562,0,0,0,8462.53,415739,8389.6,0,0,0,415739,0,0,901.472,213.733,8912.84,8462.53,0,0
01:11:15:03:33:15,-40.9697,-5.7793,0,0.0400562,0,0,0,8462.53,415739,8389.6,0,0,0,415739,0,0,901.472,213.75,8912.84,8462.53,0,0
01:11:15:03:33:16,-41.2559,-6.0654,0,0.0400562,0,0,0,8462.53,415739,8389.6,0,0,0,415739,0,0,901.472,213.767,8912.84,8462.53,0,0
01:11:15:03:33:17,-41.2559,-6.35151,0,0.0400562,0,0,0,8462.53,415739,8389.6,0,0,0,415739,0,0,901.472,213.783,8912.84,8462.53,0,0
01:11:15:03:33:18,-41.542,-5.7793,0,0.0400562,0,0,0,8462.53,415739,8389.6,0,0,0,415739,0,0,901.472,213.8,8912.84,8462.53,0,0
01:11:15:03:33:19,-41.8281,-6.92371,0,0.0400562,0,0,0,8462.53,415739,8389.6,0,0,0,415739,0,0,901.472,213.817,8912.84,8462.53,0,0
01:11:15:03:33:20,-42.1142,-6.0654,0,0.0400562,0,0,0,8462.53,415739,8389.6,0,0,0,415739,0,0,901.472,213.833,8912.84,8462.53,0,0
01:11:15:03:33:21,-41.8281,-7.20981,0,0.0400562,0,0,0,8462.53,415739,8389.6,0,0,0,415739,0,0,901.472,213.85,8912.84,8462.53,0,0
01:11:15:03:33:22,-42.1142,-7.20981,0,0.0400562,0,0,0,8462.53,415739,8389.6,0,0,0,415739,0,0,901.472,213.867,8912.84,8462.53,0,0
01:11:15:03:33:23,-42.1142,-7.49591,0,0.0400562,0,0,0,8462.53,415739,8389.6,0,0,0,415739,0,0,901.472,213.883,8912.84,8462.53,0,0
01:11:15:03:33:24,-42.4003,-7.78201,0,0.0400562,0,0,0,8462.53,415739,8389.6,0,0,0,415739,0,0,901.472,213.9,8912.84,8462.53,0,0
01:11:15:03:33:25,-42.1142,-7.49591,0,0.0400562,0,0,0,8462.53,415739,8389.6,0,0,0,415739,0,0,901.472,213.917,8912.84,8462.53,0,0
01:11:15:03:33:26,-42.4003,-7.78201,0,0.0400562,0,0,0,8462.53,415739,8389.6,0,0,0,415739,0,0,901.472,213.933,8912.84,8462.53,0,0
01:11:15:03:33:27,-42.1142,-7.49591,0,0.0400562,0,0,0,8462.53,415739,8389.6,0,0,0,415739,0,0,901.472,213.95,8912.84,8462.53,0,0
01:11:15:03:33:28,-42.4003,-7.49591,0,0.0400562,0,0,0,8462.53,415739,8389.6,0,0,0,415739,0,0,901.472,213.967,8912.84,8462.53,0,0
01:11:15:03:33:29,-42.1142,-7.20981,0,0.0400562,0,0,0,8462.53,415739,8389.6,0,0,0,415739,0,0,901.472,213.983,8912.84,8462.53,0,0
01:11:15:03:33:30,-42.4003,-7.78201,0,0.0400562,0,0,0,8462.53,415739,8389.6,0,0,0,415739,0,0,901.472,214,8912.84,8462.53,0,0
01:11:15:03:33:31,-42.4003,-8.06811,0,0.0400562,0,0,0,8462.53,415739,8389.6,0,0,0,415739,0,0,901.472,214.017,8912.84,8462.53,0,0
01:11:15:03:33:32,-42.6864,-7.78201,0,0.0400562,0,0,0,8462.53,415739,8389.6,0,0,0,415739,0,0,901.472,214.033,8912.84,8462.53,0,0
01:11:15:03:33:33,-42.6864,-8.64032,0,0.0400562,0,0,0,8462.53,415739,8389.6,0,0,0,415739,0,0,901.472,214.05,8912.84,8462.53,0,0
01:11:15:03:33:34,-42.4003,-9.21252,0,0.0400562,0,0,0,8462.53,415739,8389.6,0,0,0,415739,0,0,901.472,214.067,8912.84,8462.53,0,0
01:11:15:03:33:35,-41.8281,-8.64032,0,0.0400562,0,0,0,8462.53,415739,8389.6,0,0,0,415739,0,0,901.472,214.083,8912.84,8462.53,0,0
01:11:15:03:33:36,-42.6864,-8.64032,0,0.0400562,0,0,0,8462.53,415739,8389.6,0,0,0,415739,0,0,901.472,214.1,8912.84,8462.53,0,0
01:11:15:03:33:37,-42.1142,-8.64032,0,0.0400562,0,0,0,8462.53,415739,8389.6,0,0,0,415739,0,0,901.472,214.117,8912.84,8462.53,0,0
01:11:15:03:33:38,-43.2586,-8.35421,0,0.0400562,0,0,0,8462.53,415739,8389.6,0,0,0,415739,0,0,901.472,214.133,8912.84,8462.53,0,0
01:11:15:03:33:39,-42.6864,-8.35421,0,0.0400562,0,0,0,8462.53,415739,8389.6,0,0,0,415739,0,0,901.472,214.15,8912.84,8462.53,0,0
01:11:15:03:33:40,-42.9725,-8.35421,0,0.0400562,0,0,0,8462.53,415739,8389.6,0,0,0,415739,0,0,901.472,214.167,8912.84,8462.53,0,0
01:11:15:03:33:41,-42.6864,-8.92642,0,0.0400562,0,0,0,8462.53,415739,8389.6,0,0,0,415739,0,0,901.472,214.183,8912.84,8462.53,0,0
01:11:15:03:33:42,-42.6864,-8.64032,0,0.0400562,0,0,0,8462.53,415739,8389.6,0,0,0,415739,0,0,901.472,214.2,8912.84,8462.53,0,0
01:11:15:03:33:43,-42.9725,-8.35421,0,0.0400562,0,0,0,8462.53,415739,8389.6,0,0,0,415739,0,0,901.472,214.217,8912.84,8462.53,0,0
01:11:15:03:33:44,-42.1142,-8.35421,0,0.0400562,0,0,0,8462.53,415739,8389.6,0,0,0,415739,0,0,901.472,214.233,8912.84,8462.53,0,0
01:11:15:03:33:45,-42.9725,-9.21252,0,0.0400562,0,0,0,8462.53,415739,8389.6,0,0,0,415739,0,0,901.472,214.25,8912.84,8462.53,0,0
01:11:15:03:33:46,-42.4003,-8.64032,0,0.0400562,0,0,0,8462.53,415739,8389.6,0,0,0,415739,0,0,901.472,214.267,8912.84,8462.53,0,0
01:11:15:03:33:47,-42.4003,-8.92642,0,0.0400562,0,0,0,8462.53,415739,8389.6,0,0,0,415739,0,0,901.472,214.283,8912.84,8462.53,0,0
01:11:15:03:33:48,-42.4003,-8.92642,0,0.0400562,0,0,0,8462.53,415739,8389.6,0,0,0,415739,0,0,901.472,214.3,8912.84,8462.53,0,0
01:11:15:03:33:49,-42.9725,-8.92642,0,0.0400562,0,0,0,8462.53,415739,8389.6,0,0,0,415739,0,0,901.472,214.317,8912.84,8462.53,0,0
01:11:15:03:33:50,-42.4003,-8.92642,0,0.0400562,0,0,0,8462.53,415739,8389.6,0,0,0,415739,0,0,901.472,214.333,8912.84,8462.53,0,0
01:11:15:03:33:51,-42.4003,-8.92642,0,0.0400562,0,0,0,8462.53,415739,8389.6,0,0,0,415739,0,0,901.472,214.35,8912.84,8462.53,0,0
01:11:15:03:33:52,-42.9725,-9.21252,0,0.0400562,0,0,0,8462.53,415739,8389.6,0,0,0,415739,0,0,901.472,214.367,8912.84,8462.53,0,0
01:11:15:03:33:53,-42.6864,-8.92642,0,0.0400562,0,0,0,8462.53,415739,8389.6,0,0,0,415739,0,0,901.472,214.383,8912.84,8462.53,0,0
01:11:15:03:33:54,-42.9725,-9.49862,0,0.0400562,0,0,0,8462.53,415739,8389.6,0,0,0,415739,0,0,901.472,214.4,8912.84,8462.53,0,0
01:11:15:03:33:55,-42.9725,-9.49862,0,0.0400562,0,0,0,8462.53,415739,8389.6,0,0,0,415739,0,0,901.472,214.417,8912.84,8462.53,0,0
01:11:15:03:33:56,-42.4003,-9.78472,0,0.0400562,0,0,0,8462.53,415739,8389.6,0,0,0,415739,0,0,901.472,214.433,8912.84,8462.53,0,0
01:11:15:03:33:57,-42.4003,-9.21252,0,0.0400562,0,0,0,8462.53,415739,8389.6,0,0,0,415739,0,0,901.472,214.45,8912.84,8462.53,0,0
01:11:15:03:33:58,-42.1142,-9.49862,0,0.0400562,0,0,0,8462.53,415739,8389.6,0,0,0,415739,0,0,901.472,214.467,8912.84,8462.53,0,0
01:11:15:03:33:59,-42.6864,-9.21252,0,0.0400562,0,0,0,8462.53,415739,8389.6,0,0,0,415739,0,0,901.472,214.483,8912.84,8462.53,0,0
01:11:15:03:34:00,-42.1142,-9.49862,0,0.0400562,0,0,0,8462.53,415739,8389.6,0,0,0,415739,0,0,901.472,214.5,8912.84,8462.53,0,0
01:11:15:03:34:01,-42.1142,-9.49862,0,0.0400562,0,0,0,8462.53,415739,8389.6,0,0,0,415739,0,0,901.472,214.517,8912.84,8462.53,0,0
01:11:15:03:34:02,-42.1142,-9.78472,0,0.0400562,0,0,0,8462.53,415739,8389.6,0,0,0,415739,0,0,901.472,214.533,8912.84,8462.53,0,0
01:11:15:03:34:03,-42.1142,-9.78472,0,0.0400562,0,0,0,8462.53,415739,8389.6,0,0,0,415739,0,0,901.472,214.55,8912.84,8462.53,0,0
01:11:15:03:34:04,-42.4003,-8.92642,0,0.0400562,0,0,0,8462.53,415739,8389.6,0,0,0,415739,0,0,901.472,214.567,8912.84,8462.53,0,0
01:11:15:03:34:05,-41.8281,-9.49862,0,0.0400562,0,0,0,8462.53,415739,8389.6,0,0,0,415739,0,0,901.472,214.583,8912.84,8462.53,0,0
01:11:15:03:34:06,-42.1142,-9.49862,0,0.0400562,0,0,0,8462.53,415739,8389.6,0,0,0,415739,0,0,901.472,214.6,8912.84,8462.53,0,0
01:11:15:03:34:07,-41.8281,-9.78472,0,0.0400562,0,0,0,8462.53,415739,8389.6,0,0,0,415739,0,0,901.472,214.617,8912.84,8462.53,0,0
01:11:15:03:34:08,-42.4003,-9.49862,0,0.0400562,0,0,0,8462.53,415739,8389.6,0,0,0,415739,0,0,901.472,214.633,8912.84,8462.53,0,0
01:11:15:03:34:09,-42.1142,-9.49862,0,0.0400562,0,0,0,8462.53,415739,8389.6,0,0,0,415739,0,0,901.472,214.65,8912.84,8462.53,0,0
01:11:15:03:34:10,-41.542,-9.78472,0,0.0400562,0,0,0,8462.53,415739,8389.6,0,0,0,415739,0,0,901.472,214.667,8912.84,8462.53,0,0
01:11:15:03:34:11,-41.8281,-9.49862,0,0.0400562,0,0,0,8462.53,415739,8389.6,0,0,0,415739,0,0,901.472,214.683,8912.84,8462.53,0,0
01:11:15:03:34:12,-41.8281,-9.78472,0,0.0400562,0,0,0,8462.53,415739,8389.6,0,0,0,415739,0,0,901.472,214.7,8912.84,8462.53,0,0
01:11:15:03:34:13,-41.2559,-9.78472,0,0.0400562,0,0,0,8462.53,415739,8389.6,0,0,0,415739,0,0,901.472,214.717,8912.84,8462.53,0,0
01:11:15:03:34:14,-41.8281,-9.49862,0,0.0400562,0,0,0,8462.53,415739,8389.6,0,0,0,415739,0,0,901.472,214.733,8912.84,8462.53,0,0
01:11:15:03:34:15,-41.2559,-9.78472,0,0.0400562,0,0,0,8462.53,415739,8389.6,0,0,0,415739,0,0,901.472,214.75,8912.84,8462.53,0,0
01:11:15:03:34:16,-41.2559,-9.49862,0,0.0400562,0,0,0,8462.53,415739,8389.6,0,0,0,415739,0,0,901.472,214.767,8912.84,8462.53,0,0
01:11:15:03:34:17,-41.542,-9.78472,0,0.0400562,0,0,0,8462.53,415739,8389.6,0,0,0,415739,0,0,901.472,214.783,8912.84,8462.53,0,0
01:11:15:03:34:18,-40.9697,-9.78472,0,0.0400562,0,0,0,8462.53,415739,8389.6,0,0,0,415739,0,0,901.472,214.8,8912.84,8462.53,0,0
01:11:15:03:34:19,-41.2559,-9.78472,0,0.0400562,0,0,0,8462.53,415739,8389.6,0,0,0,415739,0,0,901.472,214.817,8912.84,8462.53,0,0
01:11:15:03:34:20,-40.9697,-9.78472,0,0.0400562,0,0,0,8462.53,415739,8389.6,0,0,0,415739,0,0,901.472,214.833,8912.84,8462.53,0,0
01:11:15:03:34:21,-41.542,-9.78472,0,0.0400562,0,0,0,8462.53,415739,8389.6,0,0,0,415739,0,0,901.472,214.85,8912.84,8462.53,0,0
01:11:15:03:34:22,-40.9697,-9.49862,0,0.0400562,0,0,0,8462.53,415739,8389.6,0,0,0,415739,0,0,901.472,214.867,8912.84,8462.53,0,0
01:11:15:03:34:23,-40.9697,-9.78472,0,0.0400562,0,0,0,8462.53,415739,8389.6,0,0,0,415739,0,0,901.472,214.883,8912.84,8462.53,0,0
01:11:15:03:34:24,-40.6837,-9.49862,0,0.0400562,0,0,0,8462.53,415739,8389.6,0,0,0,415739,0,0,901.472,214.9,8912.84,8462.53,0,0
01:11:15:03:34:25,-41.542,-9.78472,0,0.0400562,0,0,0,8462.53,415739,8389.6,0,0,0,415739,0,0,901.472,214.917,8912.84,8462.53,0,0
01:11:15:03:34:26,-40.6837,-9.78472,0,0.0400562,0,0,0,8462.53,415739,8389.6,0,0,0,415739,0,0,901.472,214.933,8912.84,8462.53,0,0
01:11:15:03:34:27,-41.2559,-10.0708,0,0.0400562,0,0,0,8462.53,415739,8389.6,0,0,0,415739,0,0,901.472,214.95,8912.84,8462.53,0,0
01:11:15:03:34:28,-40.9697,-10.0708,0,0.0400562,0,0,0,8462.53,415739,8389.6,0,0,0,415739,0,0,901.472,214.967,8912.84,8462.53,0,0
01:11:15:03:34:29,-40.6837,-9.49862,0,0.0400562,0,0,0,8462.53,415739,8389.6,0,0,0,415739,0,0,901.472,214.983,8912.84,8462.53,0,0
01:11:15:03:34:30,-40.9697,-9.49862,0,0.0400562,0,0,0,8462.53,415739,8389.6,0,0,0,415739,0,0,901.472,215,8912.84,8462.53,0,0
01:11:15:03:34:31,-40.9697,-10.3569,0,0.0400562,0,0,0,8462.53,415739,8389.6,0,0,0,415739,0,0,901.472,215.017,8912.84,8462.53,0,0
01:11:15:03:34:32,-40.3975,-9.78472,0,0.0400562,0,0,0,8462.53,415739,8389.6,0,0,0,415739,0,0,901.472,215.033,8912.84,8462.53,0,0
01:11:15:03:34:33,-40.3975,-9.78472,0,0.0400562,0,0,0,8462.53,415739,8389.6,0,0,0,415739,0,0,901.472,215.05,8912.84,8462.53,0,0
01:11:15:03:34:34,-40.9697,-9.78472,0,0.0400562,0,0,0,8462.53,415739,8389.6,0,0,0,415739,0,0,901.472,215.067,8912.84,8462.53,0,0
01:11:15:03:34:35,-40.6837,-9.49862,0,0.0400562,0,0,0,8462.53,415739,8389.6,0,0,0,415739,0,0,901.472,215.083,8912.84,8462.53,0,0
01:11:15:03:34:36,-40.1115,-9.78472,0,0.0400562,0,0,0,8462.53,415739,8389.6,0,0,0,415739,0,0,901.472,215.1,8912.84,8462.53,0,0
01:11:15:03:34:37,-40.1115,-9.21252,0,0.0400562,0,0,0,8462.53,415739,8389.6,0,0,0,415739,0,0,901.472,215.117,8912.84,8462.53,0,0
01:11:15:03:34:38,-40.3975,-9.78472,0,0.0400562,0,0,0,8462.53,415739,8389.6,0,0,0,415739,0,0,901.472,215.133,8912.84,8462.53,0,0
01:11:15:03:34:39,-40.1115,-9.49862,0,0.0400562,0,0,0,8462.53,415739,8389.6,0,0,0,415739,0,0,901.472,215.15,8912.84,8462.53,0,0
01:11:15:03:34:40,-40.1115,-9.49862,0,0.0400562,0,0,0,8462.53,415739,8389.6,0,0,0,415739,0,0,901.472,215.167,8912.84,8462.53,0,0
01:11:15:03:34:41,-40.3975,-9.49862,0,0.0400562,0,0,0,8462.53,415739,8389.6,0,0,0,415739,0,0,901.472,215.183,8912.84,8462.53,0,0
01:11:15:03:34:42,-40.1115,-9.49862,0,0.0400562,0,0,0,8462.53,415739,8389.6,0,0,0,415739,0,0,901.472,215.2,8912.84,8462.53,0,0
01:11:15:03:34:43,-40.6837,-9.49862,0,0.0400562,0,0,0,8462.53,415739,8389.6,0,0,0,415739,0,0,901.472,215.217,8912.84,8462.53,0,0
01:11:15:03:34:44,-40.3975,-9.21252,0,0.0400562,0,0,0,8462.53,415739,8389.6,0,0,0,415739,0,0,901.472,215.233,8912.84,8462.53,0,0
01:11:15:03:34:45,-40.1115,-9.78472,0,0.0400562,0,0,0,8462.53,415739,8389.6,0,0,0,415739,0,0,901.472,215.25,8912.84,8462.53,0,0
01:11:15:03:34:46,-40.1115,-9.78472,0,0.0400562,0,0,0,8462.53,415739,8389.6,0,0,0,415739,0,0,901.472,215.267,8912.84,8462.53,0,0
01:11:15:03:34:47,-39.8253,-9.49862,0,0.0400562,0,0,0,8462.53,415739,8389.6,0,0,0,415739,0,0,901.472,215.283,8912.84,8462.53,0,0
01:11:15:03:34:48,-40.1115,-9.49862,0,0.0400562,0,0,0,8462.53,415739,8389.6,0,0,0,415739,0,0,901.472,215.3,8912.84,8462.53,0,0
01:11:15:03:34:49,-40.6837,-9.78472,0,0.0400562,0,0,0,8462.53,415739,8389.6,0,0,0,415739,0,0,901.472,215.317,8912.84,8462.53,0,0
01:11:15:03:34:50,-39.8253,-9.49862,0,0.0400562,0,0,0,8462.53,415739,8389.6,0,0,0,415739,0,0,901.472,215.333,8912.84,8462.53,0,0
01:11:15:03:34:51,-40.6837,-9.78472,0,0.0400562,0,0,0,8462.53,415739,8389.6,0,0,0,415739,0,0,901.472,215.35,8912.84,8462.53,0,0
01:11:15:03:34:52,-40.1115,-9.21252,0,0.0400562,0,0,0,8462.53,415739,8389.6,0,0,0,415739,0,0,901.472,215.367,8912.84,8462.53,0,0
01:11:15:03:34:53,-39.8253,-9.21252,0,0.0400562,0,0,0,8462.53,415739,8389.6,0,0,0,415739,0,0,901.472,215.383,8912.84,8462.53,0,0
01:11:15:03:34:54,-39.8253,-9.49862,0,0.0400562,0,0,0,8462.53,415739,8389.6,0,0,0,415739,0,0,901.472,215.4,8912.84,8462.53,0,0
01:11:15:03:34:55,-39.5392,-8.92642,0,0.0400562,0,0,0,8462.53,415739,8389.6,0,0,0,415739,0,0,901.472,215.417,8912.84,8462.53,0,0
01:11:15:03:34:56,-39.5392,-9.21252,0,0.0400562,0,0,0,8462.53,415739,8389.6,0,0,0,415739,0,0,901.472,215.433,8912.84,8462.53,0,0
01:11:15:03:34:57,-39.8253,-9.49862,0,0.0400562,0,0,0,8462.53,415739,8389.6,0,0,0,415739,0,0,901.472,215.45,8912.84,8462.53,0,0
01:11:15:03:34:58,-39.2531,-9.49862,0,0.0400562,0,0,0,8462.53,415739,8389.6,0,0,0,415739,0,0,901.472,215.467,8912.84,8462.53,0,0
01:11:15:03:34:59,-40.1115,-8.92642,0,0.0400562,0,0,0,8462.53,415739,8389.6,0,0,0,415739,0,0,901.472,215.483,8912.84,8462.53,0,0
01:11:15:03:35:00,-39.8253,-9.49862,0,0.0400562,0,0,0,8462.53,415739,8389.6,0,0,0,415739,0,0,901.472,215.5,8912.84,8462.53,0,0
01:11:15:03:35:01,-39.5392,-9.78472,0,0.0400562,0,0,0,8462.53,415739,8389.6,0,0,0,415739,0,0,901.472,215.517,8912.84,8462.53,0,0
01:11:15:03:35:02,-39.2531,-8.92642,0,0.0400562,0,0,0,8462.53,415739,8389.6,0,0,0,415739,0,0,901.472,215.533,8912.84,8462.53,0,0
01:11:15:03:35:03,-39.5392,-9.21252,0,0.0400562,0,0,0,8462.53,415739,8389.6,0,0,0,415739,0,0,901.472,215.55,8912.84,8462.53,0,0
01:11:15:03:35:04,-39.2531,-9.49862,0,0.0400562,0,0,0,8462.53,415739,8389.6,0,0,0,415739,0,0,901.472,215.567,8912.84,8462.53,0,0
01:11:15:03:35:05,-38.6809,-9.21252,0,0.0400562,0,0,0,8462.53,415739,8389.6,0,0,0,415739,0,0,901.472,215.583,8912.84,8462.53,0,0
01:11:15:03:35:06,-38.967,-9.21252,0,0.0400562,0,0,0,8462.53,415739,8389.6,0,0,0,415739,0,0,901.472,215.6,8912.84,8462.53,0,0
01:11:15:03:35:07,-38.6809,-9.49862,0,0.0400562,0,0,0,8462.53,415739,8389.6,0,0,0,415739,0,0,901.472,215.617,8912.84,8462.53,0,0
01:11:15:03:35:08,-39.2531,-9.21252,0,0.0400562,0,0,0,8462.53,415739,8389.6,0,0,0,415739,0,0,901.472,215.633,8912.84,8462.53,0,0
01:11:15:03:35:09,-38.967,-8.92642,0,0.0400562,0,0,0,8462.53,415739,8389.6,0,0,0,415739,0,0,901.472,215.65,8912.84,8462.53,0,0
01:11:15:03:35:10,-38.6809,-9.21252,0,0.0400562,0,0,0,8462.53,415739,8389.6,0,0,0,415739,0,0,901.472,215.667,8912.84,8462.53,0,0
01:11:15:03:35:11,-38.967,-9.78472,0,0.0400562,0,0,0,8462.53,415739,8389.6,0,0,0,415739,0,0,901.472,215.683,8912.84,8462.53,0,0
01:11:15:03:35:12,-38.967,-8.92642,0,0.0400562,0,0,0,8462.53,415739,8389.6,0,0,0,415739,0,0,901.472,215.7,8912.84,8462.53,0,0
01:11:15:03:35:13,-38.967,-9.49862,0,0.0400562,0,0,0,8462.53,415739,8389.6,0,0,0,415739,0,0,901.472,215.717,8912.84,8462.53,0,0
01:11:15:03:35:14,-39.5392,-9.78472,0,0.0400562,0,0,0,8462.53,415739,8389.6,0,0,0,415739,0,0,901.472,215.733,8912.84,8462.53,0,0
01:11:15:03:35:15,-38.3948,-9.49862,0,0.0400562,0,0,0,8462.53,415739,8389.6,0,0,0,415739,0,0,901.472,215.75,8912.84,8462.53,0,0
01:11:15:03:35:16,-38.967,-8.92642,0,0.0400562,0,0,0,8462.53,415739,8389.6,0,0,0,415739,0,0,901.472,215.767,8912.84,8462.53,0,0
01:11:15:03:35:17,-38.6809,-9.49862,0,0.0400562,0,0,0,8462.53,415739,8389.6,0,0,0,415739,0,0,901.472,215.783,8912.84,8462.53,0,0
01:11:15:03:35:18,-38.3948,-9.49862,0,0.0400562,0,0,0,8462.53,415739,8389.6,0,0,0,415739,0,0,901.472,215.8,8912.84,8462.53,0,0
01:11:15:03:35:19,-38.1087,-9.21252,0,0.0400562,0,0,0,8462.53,415739,8389.6,0,0,0,415739,0,0,901.472,215.817,8912.84,8462.53,0,0
01:11:15:03:35:20,-38.3948,-9.49862,0,0.0400562,0,0,0,8462.53,415739,8389.6,0,0,0,415739,0,0,901.472,215.833,8912.84,8462.53,0,0
01:11:15:03:35:21,-38.3948,-9.49862,0,0.0400562,0,0,0,8462.53,415739,8389.6,0,0,0,415739,0,0,901.472,215.85,8912.84,8462.53,0,0
01:11:15:03:35:22,-38.6809,-9.49862,0,0.0400562,0,0,0,8462.53,415739,8389.6,0,0,0,415739,0,0,901.472,215.867,8912.84,8462.53,0,0
01:11:15:03:35:23,-38.1087,-9.49862,0,0.0400562,0,0,0,8462.53,415739,8389.6,0,0,0,415739,0,0,901.472,215.883,8912.84,8462.53,0,0
01:11:15:03:35:24,-38.3948,-9.78472,0,0.0400562,0,0,0,8462.53,415739,8389.6,0,0,0,415739,0,0,901.472,215.9,8912.84,8462.53,0,0
01:11:15:03:35:25,-38.3948,-9.49862,0,0.0400562,0,0,0,8462.53,415739,8389.6,0,0,0,415739,0,0,901.472,215.917,8912.84,8462.53,0,0
01:11:15:03:35:26,-38.967,-9.21252,0,0.0400562,0,0,0,8462.53,415739,8389.6,0,0,0,415739,0,0,901.472,215.933,8912.84,8462.53,0,0
01:11:15:03:35:27,-38.6809,-9.78472,0,0.0400562,0,0,0,8462.53,415739,8389.6,0,0,0,415739,0,0,901.472,215.95,8912.84,8462.53,0,0
01:11:15:03:35:28,-38.1087,-9.49862,0,0.0400562,0,0,0,8462.53,415739,8389.6,0,0,0,415739,0,0,901.472,215.967,8912.84,8462.53,0,0
01:11:15:03:35:29,-38.967,-9.21252,0,0.0400562,0,0,0,8462.53,415739,8389.6,0,0,0,415739,0,0,901.472,215.983,8912.84,8462.53,0,0
01:11:15:03:35:30,-38.3948,-9.49862,0,0.0400562,0,0,0,8462.53,415739,8389.6,0,0,0,415739,0,0,901.472,216,8912.84,8462.53,0,0
01:11:15:03:35:31,-38.3948,-9.49862,0,0.0400562,0,0,0,8462.53,415739,8389.6,0,0,0,415739,0,0,901.472,216.017,8912.84,8462.53,0,0
01:11:15:03:35:32,-38.3948,-9.21252,0,0.0400562,0,0,0,8462.53,415739,8389.6,0,0,0,415739,0,0,901.472,216.033,8912.84,8462.53,0,0
01:11:15:03:35:33,-38.1087,-8.64032,0,0.0400562,0,0,0,8462.53,415739,8389.6,0,0,0,415739,0,0,901.472,216.05,8912.84,8462.53,0,0
01:11:15:03:35:34,-38.1087,-9.49862,0,0.0400562,0,0,0,8462.53,415739,8389.6,0,0,0,415739,0,0,901.472,216.067,8912.84,8462.53,0,0
01:11:15:03:35:35,-38.1087,-9.21252,0,0.0400562,0,0,0,8462.53,415739,8389.6,0,0,0,415739,0,0,901.472,216.083,8912.84,8462.53,0,0
01:11:15:03:35:36,-38.3948,-8.64032,0,0.0400562,0,0,0,8462.53,415739,8389.6,0,0,0,415739,0,0,901.472,216.1,8912.84,8462.53,0,0
01:11:15:03:35:37,-38.3948,-9.21252,0,0.0400562,0,0,0,8462.53,415739,8389.6,0,0,0,415739,0,0,901.472,216.117,8912.84,8462.53,0,0
01:11:15:03:35:38,-38.1087,-8.92642,0,0.0400562,0,0,0,8462.53,415739,8389.6,0,0,0,415739,0,0,901.472,216.133,8912.84,8462.53,0,0
01:11:15:03:35:39,-38.1087,-8.35421,0,0.0400562,0,0,0,8462.53,415739,8389.6,0,0,0,415739,0,0,901.472,216.15,8912.84,8462.53,0,0
01:11:15:03:35:40,-38.3948,-9.21252,0,0.0400562,0,0,0,8462.53,415739,8389.6,0,0,0,415739,0,0,901.472,216.167,8912.84,8462.53,0,0
01:11:15:03:35:41,-37.8226,-8.92642,0,0.0400562,0,0,0,8462.53,415739,8389.6,0,0,0,415739,0,0,901.472,216.183,8912.84,8462.53,0,0
01:11:15:03:35:42,-37.8226,-8.92642,0,0.0400562,0,0,0,8462.53,415739,8389.6,0,0,0,415739,0,0,901.472,216.2,8912.84,8462.53,0,0
01:11:15:03:35:43,-37.2504,-8.64032,0,0.0400562,0,0,0,8462.53,415739,8389.6,0,0,0,415739,0,0,901.472,216.217,8912.84,8462.53,0,0
01:11:15:03:35:44,-38.1087,-8.92642,0,0.0400562,0,0,0,8462.53,415739,8389.6,0,0,0,415739,0,0,901.472,216.233,8912.84,8462.53,0,0
01:11:15:03:35:45,-37.2504,-8.92642,0,0.0400562,0,0,0,8462.53,415739,8389.6,0,0,0,415739,0,0,901.472,216.25,8912.84,8462.53,0,0
01:11:15:03:35:46,-37.5365,-8.92642,0,0.0400562,0,0,0,8462.53,415739,8389.6,0,0,0,415739,0,0,901.472,216.267,8912.84,8462.53,0,0
01:11:15:03:35:47,-38.1087,-8.92642,0,0.0400562,0,0,0,8462.53,415739,8389.6,0,0,0,415739,0,0,901.472,216.283,8912.84,8462.53,0,0
01:11:15:03:35:48,-38.1087,-8.92642,0,0.0400562,0,0,0,8462.53,415739,8389.6,0,0,0,415739,0,0,901.472,216.3,8912.84,8462.53,0,0
01:11:15:03:35:49,-37.2504,-9.21252,0,0.0400562,0,0,0,8462.53,415739,8389.6,0,0,0,415739,0,0,901.472,216.317,8912.84,8462.53,0,0
01:11:15:03:35:50,-37.5365,-8.64032,0,0.0400562,0,0,0,8462.53,415739,8389.6,0,0,0,415739,0,0,901.472,216.333,8912.84,8462.53,0,0
01:11:15:03:35:51,-37.8226,-8.92642,0,0.0400562,0,0,0,8462.53,415739,8389.6,0,0,0,415739,0,0,901.472,216.35,8912.84,8462.53,0,0
01:11:15:03:35:52,-37.2504,-8.64032,0,0.0400562,0,0,0,8462.53,415739,8389.6,0,0,0,415739,0,0,901.472,216.367,8912.84,8462.53,0,0
01:11:15:03:35:53,-37.2504,-8.92642,0,0.0400562,0,0,0,8462.53,415739,8389.6,0,0,0,415739,0,0,901.472,216.383,8912.84,8462.53,0,0
01:11:15:03:35:54,-37.5365,-8.64032,0,0.0400562,0,0,0,8462.53,415739,8389.6,0,0,0,415739,0,0,901.472,216.4,8912.84,8462.53,0,0
01:11:15:03:35:55,-36.9643,-8.64032,0,0.0400562,0,0,0,8462.53,415739,8389.6,0,0,0,415739,0,0,901.472,216.417,8912.84,8462.53,0,0
01:11:15:03:35:56,-37.5365,-8.92642,0,0.0400562,0,0,0,8462.53,415739,8389.6,0,0,0,415739,0,0,901.472,216.433,8912.84,8462.53,0,0
01:11:15:03:35:57,-37.5365,-8.92642,0,0.0400562,0,0,0,8462.53,415739,8389.6,0,0,0,415739,0,0,901.472,216.45,8912.84,8462.53,0,0
01:11:15:03:35:58,-37.2504,-8.92642,0,0.0400562,0,0,0,8462.53,415739,8389.6,0,0,0,415739,0,0,901.472,216.467,8912.84,8462.53,0,0
01:11:15:03:35:59,-37.5365,-8.64032,0,0.0400562,0,0,0,8462.53,415739,8389.6,0,0,0,415739,0,0,901.472,216.483,8912.84,8462.53,0,0
01:11:15:03:36:00,-38.1087,-8.92642,0,0.0400562,0,0,0,8462.53,415739,8389.6,0,0,0,415739,0,0,901.472,216.5,8912.84,8462.53,0,0
01:11:15:03:36:01,-37.5365,-8.35421,0,0.0400562,0,0,0,8462.53,415739,8389.6,0,0,0,415739,0,0,901.472,216.517,8912.84,8462.53,0,0
01:11:15:03:36:02,-37.2504,-9.21252,0,0.0400562,0,0,0,8462.53,415739,8389.6,0,0,0,415739,0,0,901.472,216.533,8912.84,8462.53,0,0
01:11:15:03:36:03,-37.5365,-8.92642,0,0.0400562,0,0,0,8462.53,415739,8389.6,0,0,0,415739,0,0,901.472,216.55,8912.84,8462.53,0,0
01:11:15:03:36:04,-37.5365,-8.64032,0,0.0400562,0,0,0,8462.53,415739,8389.6,0,0,0,415739,0,0,901.472,216.567,8912.84,8462.53,0,0
01:11:15:03:36:05,-36.6782,-8.64032,0,0.0400562,0,0,0,8462.53,415739,8389.6,0,0,0,415739,0,0,901.472,216.583,8912.84,8462.53,0,0
01:11:15:03:36:06,-37.5365,-8.64032,0,0.0400562,0,0,0,8462.53,415739,8389.6,0,0,0,415739,0,0,901.472,216.6,8912.84,8462.53,0,0
01:11:15:03:36:07,-37.5365,-8.92642,0,0.0400562,0,0,0,8462.53,415739,8389.6,0,0,0,415739,0,0,901.472,216.617,8912.84,8462.53,0,0
01:11:15:03:36:08,-37.5365,-8.64032,0,0.0400562,0,0,0,8462.53,415739,8389.6,0,0,0,415739,0,0,901.472,216.633,8912.84,8462.53,0,0
01:11:15:03:36:09,-36.9643,-8.64032,0,0.0400562,0,0,0,8462.53,415739,8389.6,0,0,0,415739,0,0,901.472,216.65,8912.84,8462.53,0,0
01:11:15:03:36:10,-36.9643,-9.21252,0,0.0400562,0,0,0,8462.53,415739,8389.6,0,0,0,415739,0,0,901.472,216.667,8912.84,8462.53,0,0
01:11:15:03:36:11,-36.9643,-8.35421,0,0.0400562,0,0,0,8462.53,415739,8389.6,0,0,0,415739,0,0,901.472,216.683,8912.84,8462.53,0,0
01:11:15:03:36:12,-36.9643,-9.49862,0,0.0400562,0,0,0,8462.53,415739,8389.6,0,0,0,415739,0,0,901.472,216.7,8912.84,8462.53,0,0
01:11:15:03:36:13,-37.8226,-8.64032,0,0.0400562,0,0,0,8462.53,415739,8389.6,0,0,0,415739,0,0,901.472,216.717,8912.84,8462.53,0,0
01:11:15:03:36:14,-36.9643,-8.35421,0,0.0400562,0,0,0,8462.53,415739,8389.6,0,0,0,415739,0,0,901.472,216.733,8912.84,8462.53,0,0
01:11:15:03:36:15,-37.2504,-8.35421,0,0.0400562,0,0,0,8462.53,415739,8389.6,0,0,0,415739,0,0,901.472,216.75,8912.84,8462.53,0,0
01:11:15:03:36:16,-36.6782,-8.92642,0,0.0400562,0,0,0,8462.53,415739,8389.6,0,0,0,415739,0,0,901.472,216.767,8912.84,8462.53,0,0
01:11:15:03:36:17,-36.9643,-8.92642,0,0.0400562,0,0,0,8462.53,415739,8389.6,0,0,0,415739,0,0,901.472,216.783,8912.84,8462.53,0,0
01:11:15:03:36:18,-36.9643,-8.64032,0,0.0400562,0,0,0,8462.53,415739,8389.6,0,0,0,415739,0,0,901.472,216.8,8912.84,8462.53,0,0
01:11:15:03:36:19,-37.2504,-8.92642,0,0.0400562,0,0,0,8462.53,415739,8389.6,0,0,0,415739,0,0,901.472,216.817,8912.84,8462.53,0,0
01:11:15:03:36:20,-37.5365,-8.06811,0,0.0400562,0,0,0,8462.53,415739,8389.6,0,0,0,415739,0,0,901.472,216.833,8912.84,8462.53,0,0
01:11:15:03:36:21,-37.5365,-8.35421,0,0.0400562,0,0,0,8462.53,415739,8389.6,0,0,0,415739,0,0,901.472,216.85,8912.84,8462.53,0,0
01:11:15:03:36:22,-36.9643,-8.64032,0,0.0400562,0,0,0,8462.53,415739,8389.6,0,0,0,415739,0,0,901.472,216.867,8912.84,8462.53,0,0
01:11:15:03:36:23,-36.6782,-8.35421,0,0.0400562,0,0,0,8462.53,415739,8389.6,0,0,0,415739,0,0,901.472,216.883,8912.84,8462.53,0,0
01:11:15:03:36:24,-37.2504,-8.92642,0,0.0400562,0,0,0,8462.53,415739,8389.6,0,0,0,415739,0,0,901.472,216.9,8912.84,8462.53,0,0
01:11:15:03:36:25,-36.6782,-9.21252,0,0.0400562,0,0,0,8462.53,415739,8389.6,0,0,0,415739,0,0,901.472,216.917,8912.84,8462.53,0,0
01:11:15:03:36:26,-36.6782,-8.64032,0,0.0400562,0,0,0,8462.53,415739,8389.6,0,0,0,415739,0,0,901.472,216.933,8912.84,8462.53,0,0
01:11:15:03:36:27,-36.6782,-8.64032,0,0.0400562,0,0,0,8462.53,415739,8389.6,0,0,0,415739,0,0,901.472,216.95,8912.84,8462.53,0,0
01:11:15:03:36:28,-36.9643,-8.64032,0,0.0400562,0,0,0,8462.53,415739,8389.6,0,0,0,415739,0,0,901.472,216.967,8912.84,8462.53,0,0
01:11:15:03:36:29,-36.6782,-8.92642,0,0.0400562,0,0,0,8462.53,415739,8389.6,0,0,0,415739,0,0,901.472,216.983,8912.84,8462.53,0,0
01:11:15:03:36:30,-36.6782,-8.35421,0,0.0400562,0,0,0,8462.53,415739,8389.6,0,0,0,415739,0,0,901.472,217,8912.84,8462.53,0,0
01:11:15:03:36:31,-36.6782,-8.35421,0,0.0400562,0,0,0,8462.53,415739,8389.6,0,0,0,415739,0,0,901.472,217.017,8912.84,8462.53,0,0
01:11:15:03:36:32,-36.9643,-8.92642,0,0.0400562,0,0,0,8462.53,415739,8389.6,0,0,0,415739,0,0,901.472,217.033,8912.84,8462.53,0,0
01:11:15:03:36:33,-36.6782,-8.64032,0,0.0400562,0,0,0,8462.53,415739,8389.6,0,0,0,415739,0,0,901.472,217.05,8912.84,8462.53,0,0
01:11:15:03:36:34,-36.6782,-8.92642,0,0.0400562,0,0,0,8462.53,415739,8389.6,0,0,0,415739,0,0,901.472,217.067,8912.84,8462.53,0,0
01:11:15:03:36:35,-37.2504,-8.92642,0,0.0400562,0,0,0,8462.53,415739,8389.6,0,0,0,415739,0,0,901.472,217.083,8912.84,8462.53,0,0
01:11:15:03:36:36,-36.9643,-8.64032,0,0.0400562,0,0,0,8462.53,415739,8389.6,0,0,0,415739,0,0,901.472,217.1,8912.84,8462.53,0,0
01:11:15:03:36:37,-36.9643,-9.21252,0,0.0400562,0,0,0,8462.53,415739,8389.6,0,0,0,415739,0,0,901.472,217.117,8912.84,8462.53,0,0
01:11:15:03:36:38,-36.3921,-8.64032,0,0.0400562,0,0,0,8462.53,415739,8389.6,0,0,0,415739,0,0,901.472,217.133,8912.84,8462.53,0,0
01:11:15:03:36:39,-36.6782,-9.21252,0,0.0400562,0,0,0,8462.53,415739,8389.6,0,0,0,415739,0,0,901.472,217.15,8912.84,8462.53,0,0
01:11:15:03:36:40,-37.5365,-8.64032,0,0.0400562,0,0,0,8462.53,415739,8389.6,0,0,0,415739,0,0,901.472,217.167,8912.84,8462.53,0,0
01:11:15:03:36:41,-37.5365,-8.92642,0,0.0400562,0,0,0,8462.53,415739,8389.6,0,0,0,415739,0,0,901.472,217.183,8912.84,8462.53,0,0
01:11:15:03:36:42,-36.6782,-9.21252,0,0.0400562,0,0,0,8462.53,415739,8389.6,0,0,0,415739,0,0,901.472,217.2,8912.84,8462.53,0,0
01:11:15:03:36:43,-37.2504,-9.49862,0,0.0400562,0,0,0,8462.53,415739,8389.6,0,0,0,415739,0,0,901.472,217.217,8912.84,8462.53,0,0
01:11:15:03:36:44,-36.9643,-8.64032,0,0.0400562,0,0,0,8462.53,415739,8389.6,0,0,0,415739,0,0,901.472,217.233,8912.84,8462.53,0,0
01:11:15:03:36:45,-36.6782,-8.64032,0,0.0400562,0,0,0,8462.53,415739,8389.6,0,0,0,415739,0,0,901.472,217.25,8912.84,8462.53,0,0
01:11:15:03:36:46,-36.3921,-8.64032,0,0.0400562,0,0,0,8462.53,415739,8389.6,0,0,0,415739,0,0,901.472,217.267,8912.84,8462.53,0,0
01:11:15:03:36:47,-36.6782,-8.92642,0,0.0400562,0,0,0,8462.53,415739,8389.6,0,0,0,415739,0,0,901.472,217.283,8912.84,8462.53,0,0
01:11:15:03:36:48,-36.9643,-9.49862,0,0.0400562,0,0,0,8462.53,415739,8389.6,0,0,0,415739,0,0,901.472,217.3,8912.84,8462.53,0,0
01:11:15:03:36:49,-36.9643,-8.92642,0,0.0400562,0,0,0,8462.53,415739,8389.6,0,0,0,415739,0,0,901.472,217.317,8912.84,8462.53,0,0
01:11:15:03:36:50,-37.2504,-9.21252,0,0.0400562,0,0,0,8462.53,415739,8389.6,0,0,0,415739,0,0,901.472,217.333,8912.84,8462.53,0,0
01:11:15:03:36:51,-36.9643,-8.92642,0,0.0400562,0,0,0,8462.53,415739,8389.6,0,0,0,415739,0,0,901.472,217.35,8912.84,8462.53,0,0
01:11:15:03:36:52,-36.3921,-8.64032,0,0.0400562,0,0,0,8462.53,415739,8389.6,0,0,0,415739,0,0,901.472,217.367,8912.84,8462.53,0,0
01:11:15:03:36:53,-37.2504,-9.49862,0,0.0400562,0,0,0,8462.53,415739,8389.6,0,0,0,415739,0,0,901.472,217.383,8912.84,8462.53,0,0
01:11:15:03:36:54,-36.9643,-8.64032,0,0.0400562,0,0,0,8462.53,415739,8389.6,0,0,0,415739,0,0,901.472,217.4,8912.84,8462.53,0,0
01:11:15:03:36:55,-36.6782,-9.21252,0,0.0400562,0,0,0,8462.53,415739,8389.6,0,0,0,415739,0,0,901.472,217.417,8912.84,8462.53,0,0
01:11:15:03:36:56,-36.6782,-9.21252,0,0.0400562,0,0,0,8462.53,415739,8389.6,0,0,0,415739,0,0,901.472,217.433,8912.84,8462.53,0,0
01:11:15:03:36:57,-37.2504,-8.92642,0,0.0400562,0,0,0,8462.53,415739,8389.6,0,0,0,415739,0,0,901.472,217.45,8912.84,8462.53,0,0
01:11:15:03:36:58,-36.9643,-9.21252,0,0.0400562,0,0,0,8462.53,415739,8389.6,0,0,0,415739,0,0,901.472,217.467,8912.84,8462.53,0,0
01:11:15:03:36:59,-36.9643,-9.21252,0,0.0400562,0,0,0,8462.53,415739,8389.6,0,0,0,415739,0,0,901.472,217.483,8912.84,8462.53,0,0
01:11:15:03:37:00,-36.6782,-9.21252,0,0.0400562,0,0,0,8462.53,415739,8389.6,0,0,0,415739,0,0,901.472,217.5,8912.84,8462.53,0,0
01:11:15:03:37:01,-36.6782,-9.21252,0,0.0400562,0,0,0,8462.53,415739,8389.6,0,0,0,415739,0,0,901.472,217.517,8912.84,8462.53,0,0
01:11:15:03:37:02,-36.9643,-9.21252,0,0.0400562,0,0,0,8462.53,415739,8389.6,0,0,0,415739,0,0,901.472,217.533,8912.84,8462.53,0,0
01:11:15:03:37:03,-36.3921,-9.78472,0,0.0400562,0,0,0,8462.53,415739,8389.6,0,0,0,415739,0,0,901.472,217.55,8912.84,8462.53,0,0
01:11:15:03:37:04,-36.6782,-9.21252,0,0.0400562,0,0,0,8462.53,415739,8389.6,0,0,0,415739,0,0,901.472,217.567,8912.84,8462.53,0,0
01:11:15:03:37:05,-36.6782,-8.92642,0,0.0400562,0,0,0,8462.53,415739,8389.6,0,0,0,415739,0,0,901.472,217.583,8912.84,8462.53,0,0
01:11:15:03:37:06,-36.9643,-9.21252,0,0.0400562,0,0,0,8462.53,415739,8389.6,0,0,0,415739,0,0,901.472,217.6,8912.84,8462.53,0,0
01:11:15:03:37:07,-36.3921,-8.92642,0,0.0400562,0,0,0,8462.53,415739,8389.6,0,0,0,415739,0,0,901.472,217.617,8912.84,8462.53,0,0
01:11:15:03:37:08,-36.6782,-8.64032,0,0.0400562,0,0,0,8462.53,415739,8389.6,0,0,0,415739,0,0,901.472,217.633,8912.84,8462.53,0,0
01:11:15:03:37:09,-36.6782,-8.92642,0,0.0400562,0,0,0,8462.53,415739,8389.6,0,0,0,415739,0,0,901.472,217.65,8912.84,8462.53,0,0
01:11:15:03:37:10,-36.6782,-8.92642,0,0.0400562,0,0,0,8462.53,415739,8389.6,0,0,0,415739,0,0,901.472,217.667,8912.84,8462.53,0,0
01:11:15:03:37:11,-36.3921,-8.92642,0,0.0400562,0,0,0,8462.53,415739,8389.6,0,0,0,415739,0,0,901.472,217.683,8912.84,8462.53,0,0
01:11:15:03:37:12,-36.9643,-8.92642,0,0.0400562,0,0,0,8462.53,415739,8389.6,0,0,0,415739,0,0,901.472,217.7,8912.84,8462.53,0,0
01:11:15:03:37:13,-36.6782,-9.78472,0,0.0400562,0,0,0,8462.53,415739,8389.6,0,0,0,415739,0,0,901.472,217.717,8912.84,8462.53,0,0
01:11:15:03:37:14,-36.106,-8.92642,0,0.0400562,0,0,0,8462.53,415739,8389.6,0,0,0,415739,0,0,901.472,217.733,8912.84,8462.53,0,0
01:11:15:03:37:15,-36.3921,-8.64032,0,0.0400562,0,0,0,8462.53,415739,8389.6,0,0,0,415739,0,0,901.472,217.75,8912.84,8462.53,0,0
01:11:15:03:37:16,-36.106,-8.64032,0,0.0400562,0,0,0,8462.53,415739,8389.6,0,0,0,415739,0,0,901.472,217.767,8912.84,8462.53,0,0
01:11:15:03:37:17,-36.6782,-8.92642,0,0.0400562,0,0,0,8462.53,415739,8389.6,0,0,0,415739,0,0,901.472,217.783,8912.84,8462.53,0,0
01:11:15:03:37:18,-36.6782,-9.21252,0,0.0400562,0,0,0,8462.53,415739,8389.6,0,0,0,415739,0,0,901.472,217.8,8912.84,8462.53,0,0
01:11:15:03:37:19,-36.9643,-9.21252,0,0.0400562,0,0,0,8462.53,415739,8389.6,0,0,0,415739,0,0,901.472,217.817,8912.84,8462.53,0,0
01:11:15:03:37:20,-36.3921,-8.64032,0,0.0400562,0,0,0,8462.53,415739,8389.6,0,0,0,415739,0,0,901.472,217.833,8912.84,8462.53,0,0
01:11:15:03:37:21,-36.3921,-8.64032,0,0.0400562,0,0,0,8462.53,415739,8389.6,0,0,0,415739,0,0,901.472,217.85,8912.84,8462.53,0,0
01:11:15:03:37:22,-36.3921,-8.92642,0,0.0400562,0,0,0,8462.53,415739,8389.6,0,0,0,415739,0,0,901.472,217.867,8912.84,8462.53,0,0
01:11:15:03:37:23,-36.3921,-9.21252,0,0.0400562,0,0,0,8462.53,415739,8389.6,0,0,0,415739,0,0,901.472,217.883,8912.84,8462.53,0,0
01:11:15:03:37:24,-36.106,-9.21252,0,0.0400562,0,0,0,8462.53,415739,8389.6,0,0,0,415739,0,0,901.472,217.9,8912.84,8462.53,0,0
01:11:15:03:37:25,-36.3921,-8.64032,0,0.0400562,0,0,0,8462.53,415739,8389.6,0,0,0,415739,0,0,901.472,217.917,8912.84,8462.53,0,0
01:11:15:03:37:26,-36.3921,-8.92642,0,0.0400562,0,0,0,8462.53,415739,8389.6,0,0,0,415739,0,0,901.472,217.933,8912.84,8462.53,0,0
01:11:15:03:37:27,-36.3921,-8.92642,0,0.0400562,0,0,0,8462.53,415739,8389.6,0,0,0,415739,0,0,901.472,217.95,8912.84,8462.53,0,0
01:11:15:03:37:28,-36.3921,-8.35421,0,0.0400562,0,0,0,8462.53,415739,8389.6,0,0,0,415739,0,0,901.472,217.967,8912.84,8462.53,0,0
01:11:15:03:37:29,-36.3921,-8.92642,0,0.0400562,0,0,0,8462.53,415739,8389.6,0,0,0,415739,0,0,901.472,217.983,8912.84,8462.53,0,0
01:11:15:03:37:30,-36.3921,-8.06811,0,0.0400562,0,0,0,8462.53,415739,8389.6,0,0,0,415739,0,0,901.472,218,8912.84,8462.53,0,0
01:11:15:03:37:31,-36.106,-9.21252,0,0.0400562,0,0,0,8462.53,415739,8389.6,0,0,0,415739,0,0,901.472,218.017,8912.84,8462.53,0,0
01:11:15:03:37:32,-36.6782,-8.92642,0,0.0400562,0,0,0,8462.53,415739,8389.6,0,0,0,415739,0,0,901.472,218.033,8912.84,8462.53,0,0
01:11:15:03:37:33,-35.8199,-8.92642,0,0.0400562,0,0,0,8462.53,415739,8389.6,0,0,0,415739,0,0,901.472,218.05,8912.84,8462.53,0,0
01:11:15:03:37:34,-36.106,-8.92642,0,0.0400562,0,0,0,8462.53,415739,8389.6,0,0,0,415739,0,0,901.472,218.067,8912.84,8462.53,0,0
01:11:15:03:37:35,-36.6782,-8.64032,0,0.0400562,0,0,0,8462.53,415739,8389.6,0,0,0,415739,0,0,901.472,218.083,8912.84,8462.53,0,0
01:11:15:03:37:36,-36.6782,-8.92642,0,0.0400562,0,0,0,8462.53,415739,8389.6,0,0,0,415739,0,0,901.472,218.1,8912.84,8462.53,0,0
01:11:15:03:37:37,-36.106,-8.64032,0,0.0400562,0,0,0,8462.53,415739,8389.6,0,0,0,415739,0,0,901.472,218.117,8912.84,8462.53,0,0
01:11:15:03:37:38,-36.6782,-8.92642,0,0.0400562,0,0,0,8462.53,415739,8389.6,0,0,0,415739,0,0,901.472,218.133,8912.84,8462.53,0,0
01:11:15:03:37:39,-36.3921,-8.92642,0,0.0400562,0,0,0,8462.53,415739,8389.6,0,0,0,415739,0,0,901.472,218.15,8912.84,8462.53,0,0
01:11:15:03:37:40,-36.3921,-8.64032,0,0.0400562,0,0,0,8462.53,415739,8389.6,0,0,0,415739,0,0,901.472,218.167,8912.84,8462.53,0,0
01:11:15:03:37:41,-36.6782,-8.64032,0,0.0400562,0,0,0,8462.53,415739,8389.6,0,0,0,415739,0,0,901.472,218.183,8912.84,8462.53,0,0
01:11:15:03:37:42,-36.3921,-8.35421,0,0.0400562,0,0,0,8462.53,415739,8389.6,0,0,0,415739,0,0,901.472,218.2,8912.84,8462.53,0,0
01:11:15:03:37:43,-36.9643,-8.35421,0,0.0400562,0,0,0,8462.53,415739,8389.6,0,0,0,415739,0,0,901.472,218.217,8912.84,8462.53,0,0
01:11:15:03:37:44,-36.3921,-8.64032,0,0.0400562,0,0,0,8462.53,415739,8389.6,0,0,0,415739,0,0,901.472,218.233,8912.84,8462.53,0,0
01:11:15:03:37:45,-35.5338,-8.92642,0,0.0400562,0,0,0,8462.53,415739,8389.6,0,0,0,415739,0,0,901.472,218.25,8912.84,8462.53,0,0
01:11:15:03:37:46,-36.106,-8.92642,0,0.0400562,0,0,0,8462.53,415739,8389.6,0,0,0,415739,0,0,901.472,218.267,8912.84,8462.53,0,0
01:11:15:03:37:47,-35.8199,-8.64032,0,0.0400562,0,0,0,8462.53,415739,8389.6,0,0,0,415739,0,0,901.472,218.283,8912.84,8462.53,0,0
01:11:15:03:37:48,-36.106,-9.21252,0,0.0400562,0,0,0,8462.53,415739,8389.6,0,0,0,415739,0,0,901.472,218.3,8912.84,8462.53,0,0
01:11:15:03:37:49,-36.6782,-9.21252,0,0.0400562,0,0,0,8462.53,415739,8389.6,0,0,0,415739,0,0,901.472,218.317,8912.84,8462.53,0,0
01:11:15:03:37:50,-35.8199,-9.21252,0,0.0400562,0,0,0,8462.53,415739,8389.6,0,0,0,415739,0,0,901.472,218.333,8912.84,8462.53,0,0
01:11:15:03:37:51,-35.5338,-8.64032,0,0.0400562,0,0,0,8462.53,415739,8389.6,0,0,0,415739,0,0,901.472,218.35,8912.84,8462.53,0,0
01:11:15:03:37:52,-36.106,-8.92642,0,0.0400562,0,0,0,8462.53,415739,8389.6,0,0,0,415739,0,0,901.472,218.367,8912.84,8462.53,0,0
01:11:15:03:37:53,-35.8199,-8.64032,0,0.0400562,0,0,0,8462.53,415739,8389.6,0,0,0,415739,0,0,901.472,218.383,8912.84,8462.53,0,0
01:11:15:03:37:54,-35.5338,-8.92642,0,0.0400562,0,0,0,8462.53,415739,8389.6,0,0,0,415739,0,0,901.472,218.4,8912.84,8462.53,0,0
01:11:15:03:37:55,-35.5338,-8.64032,0,0.0400562,0,0,0,8462.53,415739,8389.6,0,0,0,415739,0,0,901.472,218.417,8912.84,8462.53,0,0
01:11:15:03:37:56,-36.6782,-8.92642,0,0.0400562,0,0,0,8462.53,415739,8389.6,0,0,0,415739,0,0,901.472,218.433,8912.84,8462.53,0,0
01:11:15:03:37:57,-36.106,-8.64032,0,0.0400562,0,0,0,8462.53,415739,8389.6,0,0,0,415739,0,0,901.472,218.45,8912.84,8462.53,0,0
01:11:15:03:37:58,-36.106,-9.21252,0,0.0400562,0,0,0,8462.53,415739,8389.6,0,0,0,415739,0,0,901.472,218.467,8912.84,8462.53,0,0
01:11:15:03:37:59,-36.3921,-9.21252,0,0.0400562,0,0,0,8462.53,415739,8389.6,0,0,0,415739,0,0,901.472,218.483,8912.84,8462.53,0,0
01:11:15:03:38:00,-35.8199,-8.64032,0,0.0400562,0,0,0,8462.53,415739,8389.6,0,0,0,415739,0,0,901.472,218.5,8912.84,8462.53,0,0
01:11:15:03:38:01,-35.8199,-8.92642,0,0.0400562,0,0,0,8462.53,415739,8389.6,0,0,0,415739,0,0,901.472,218.517,8912.84,8462.53,0,0
01:11:15:03:38:02,-36.106,-8.35421,0,0.0400562,0,0,0,8462.53,415739,8389.6,0,0,0,415739,0,0,901.472,218.533,8912.84,8462.53,0,0
01:11:15:03:38:03,-35.8199,-8.64032,0,0.0400562,0,0,0,8462.53,415739,8389.6,0,0,0,415739,0,0,901.472,218.55,8912.84,8462.53,0,0
01:11:15:03:38:04,-35.5338,-8.92642,0,0.0400562,0,0,0,8462.53,415739,8389.6,0,0,0,415739,0,0,901.472,218.567,8912.84,8462.53,0,0
01:11:15:03:38:05,-35.8199,-9.21252,0,0.0400562,0,0,0,8462.53,415739,8389.6,0,0,0,415739,0,0,901.472,218.583,8912.84,8462.53,0,0
01:11:15:03:38:06,-35.8199,-8.64032,0,0.0400562,0,0,0,8462.53,415739,8389.6,0,0,0,415739,0,0,901.472,218.6,8912.84,8462.53,0,0
01:11:15:03:38:07,-35.5338,-9.21252,0,0.0400562,0,0,0,8462.53,415739,8389.6,0,0,0,415739,0,0,901.472,218.617,8912.84,8462.53,0,0
01:11:15:03:38:08,-35.8199,-8.64032,0,0.0400562,0,0,0,8462.53,415739,8389.6,0,0,0,415739,0,0,901.472,218.633,8912.84,8462.53,0,0
01:11:15:03:38:09,-35.8199,-8.64032,0,0.0400562,0,0,0,8462.53,415739,8389.6,0,0,0,415739,0,0,901.472,218.65,8912.84,8462.53,0,0
01:11:15:03:38:10,-35.8199,-8.64032,0,0.0400562,0,0,0,8462.53,415739,8389.6,0,0,0,415739,0,0,901.472,218.667,8912.84,8462.53,0,0
01:11:15:03:38:11,-36.106,-8.92642,0,0.0400562,0,0,0,8462.53,415739,8389.6,0,0,0,415739,0,0,901.472,218.683,8912.84,8462.53,0,0
01:11:15:03:38:12,-35.2477,-8.64032,0,0.0400562,0,0,0,8462.53,415739,8389.6,0,0,0,415739,0,0,901.472,218.7,8912.84,8462.53,0,0
01:11:15:03:38:13,-35.5338,-8.64032,0,0.0400562,0,0,0,8462.53,415739,8389.6,0,0,0,415739,0,0,901.472,218.717,8912.84,8462.53,0,0
01:11:15:03:38:14,-35.8199,-9.21252,0,0.0400562,0,0,0,8462.53,415739,8389.6,0,0,0,415739,0,0,901.472,218.733,8912.84,8462.53,0,0
01:11:15:03:38:15,-35.5338,-8.92642,0,0.0400562,0,0,0,8462.53,415739,8389.6,0,0,0,415739,0,0,901.472,218.75,8912.84,8462.53,0,0
01:11:15:03:38:16,-35.5338,-8.92642,0,0.0400562,0,0,0,8462.53,415739,8389.6,0,0,0,415739,0,0,901.472,218.767,8912.84,8462.53,0,0
01:11:15:03:38:17,-35.8199,-7.78201,0,0.0400562,0,0,0,8462.53,415739,8389.6,0,0,0,415739,0,0,901.472,218.783,8912.84,8462.53,0,0
01:11:15:03:38:18,-35.5338,-9.21252,0,0.0400562,0,0,0,8462.53,415739,8389.6,0,0,0,415739,0,0,901.472,218.8,8912.84,8462.53,0,0
01:11:15:03:38:19,-35.2477,-9.49862,0,0.0400562,0,0,0,8462.53,415739,8389.6,0,0,0,415739,0,0,901.472,218.817,8912.84,8462.53,0,0
01:11:15:03:38:20,-35.5338,-8.64032,0,0.0400562,0,0,0,8462.53,415739,8389.6,0,0,0,415739,0,0,901.472,218.833,8912.84,8462.53,0,0
01:11:15:03:38:21,-35.2477,-9.21252,0,0.0400562,0,0,0,8462.53,415739,8389.6,0,0,0,415739,0,0,901.472,218.85,8912.84,8462.53,0,0
01:11:15:03:38:22,-36.106,-9.49862,0,0.0400562,0,0,0,8462.53,415739,8389.6,0,0,0,415739,0,0,901.472,218.867,8912.84,8462.53,0,0
01:11:15:03:38:23,-35.5338,-8.92642,0,0.0400562,0,0,0,8462.53,415739,8389.6,0,0,0,415739,0,0,901.472,218.883,8912.84,8462.53,0,0
01:11:15:03:38:24,-35.5338,-8.92642,0,0.0400562,0,0,0,8462.53,415739,8389.6,0,0,0,415739,0,0,901.472,218.9,8912.84,8462.53,0,0
01:11:15:03:38:25,-35.8199,-9.49862,0,0.0400562,0,0,0,8462.53,415739,8389.6,0,0,0,415739,0,0,901.472,218.917,8912.84,8462.53,0,0
01:11:15:03:38:26,-35.5338,-8.64032,0,0.0400562,0,0,0,8462.53,415739,8389.6,0,0,0,415739,0,0,901.472,218.933,8912.84,8462.53,0,0
01:11:15:03:38:27,-35.2477,-8.06811,0,0.0400562,0,0,0,8462.53,415739,8389.6,0,0,0,415739,0,0,901.472,218.95,8912.84,8462.53,0,0
01:11:15:03:38:28,-35.8199,-8.64032,0,0.0400562,0,0,0,8462.53,415739,8389.6,0,0,0,415739,0,0,901.472,218.967,8912.84,8462.53,0,0
01:11:15:03:38:29,-35.8199,-8.35421,0,0.0400562,0,0,0,8462.53,415739,8389.6,0,0,0,415739,0,0,901.472,218.983,8912.84,8462.53,0,0
01:11:15:03:38:30,-35.5338,-8.92642,0,0.0400562,0,0,0,8462.53,415739,8389.6,0,0,0,415739,0,0,901.472,219,8912.84,8462.53,0,0
01:11:15:03:38:31,-34.9616,-9.21252,0,0.0400562,0,0,0,8462.53,415739,8389.6,0,0,0,415739,0,0,901.472,219.017,8912.84,8462.53,0,0
01:11:15:03:38:32,-35.5338,-8.35421,0,0.0400562,0,0,0,8462.53,415739,8389.6,0,0,0,415739,0,0,901.472,219.033,8912.84,8462.53,0,0
01:11:15:03:38:33,-35.2477,-8.92642,0,0.0400562,0,0,0,8462.53,415739,8389.6,0,0,0,415739,0,0,901.472,219.05,8912.84,8462.53,0,0
01:11:15:03:38:34,-35.5338,-8.64032,0,0.0400562,0,0,0,8462.53,415739,8389.6,0,0,0,415739,0,0,901.472,219.067,8912.84,8462.53,0,0
01:11:15:03:38:35,-35.2477,-8.92642,0,0.0400562,0,0,0,8462.53,415739,8389.6,0,0,0,415739,0,0,901.472,219.083,8912.84,8462.53,0,0
01:11:15:03:38:36,-35.2477,-8.35421,0,0.0400562,0,0,0,8462.53,415739,8389.6,0,0,0,415739,0,0,901.472,219.1,8912.84,8462.53,0,0
01:11:15:03:38:37,-35.5338,-8.35421,0,0.0400562,0,0,0,8462.53,415739,8389.6,0,0,0,415739,0,0,901.472,219.117,8912.84,8462.53,0,0
01:11:15:03:38:38,-35.2477,-8.64032,0,0.0400562,0,0,0,8462.53,415739,8389.6,0,0,0,415739,0,0,901.472,219.133,8912.84,8462.53,0,0
01:11:15:03:38:39,-35.5338,-8.64032,0,0.0400562,0,0,0,8462.53,415739,8389.6,0,0,0,415739,0,0,901.472,219.15,8912.84,8462.53,0,0
01:11:15:03:38:40,-35.5338,-8.64032,0,0.0400562,0,0,0,8462.53,415739,8389.6,0,0,0,415739,0,0,901.472,219.167,8912.84,8462.53,0,0
01:11:15:03:38:41,-35.5338,-9.21252,0,0.0400562,0,0,0,8462.53,415739,8389.6,0,0,0,415739,0,0,901.472,219.183,8912.84,8462.53,0,0
01:11:15:03:38:42,-35.2477,-8.92642,0,0.0400562,0,0,0,8462.53,415739,8389.6,0,0,0,415739,0,0,901.472,219.2,8912.84,8462.53,0,0
01:11:15:03:38:43,-34.9616,-8.64032,0,0.0400562,0,0,0,8462.53,415739,8389.6,0,0,0,415739,0,0,901.472,219.217,8912.84,8462.53,0,0
01:11:15:03:38:44,-34.6755,-9.21252,0,0.0400562,0,0,0,8462.53,415739,8389.6,0,0,0,415739,0,0,901.472,219.233,8912.84,8462.53,0,0
01:11:15:03:38:45,-34.9616,-8.64032,0,0.0400562,0,0,0,8462.53,415739,8389.6,0,0,0,415739,0,0,901.472,219.25,8912.84,8462.53,0,0
01:11:15:03:38:46,-34.9616,-8.64032,0,0.0400562,0,0,0,8462.53,415739,8389.6,0,0,0,415739,0,0,901.472,219.267,8912.84,8462.53,0,0
01:11:15:03:38:47,-35.2477,-8.64032,0,0.0400562,0,0,0,8462.53,415739,8389.6,0,0,0,415739,0,0,901.472,219.283,8912.84,8462.53,0,0
01:11:15:03:38:48,-34.6755,-8.64032,0,0.0400562,0,0,0,8462.53,415739,8389.6,0,0,0,415739,0,0,901.472,219.3,8912.84,8462.53,0,0
01:11:15:03:38:49,-34.9616,-8.35421,0,0.0400562,0,0,0,8462.53,415739,8389.6,0,0,0,415739,0,0,901.472,219.317,8912.84,8462.53,0,0
01:11:15:03:38:50,-34.6755,-8.35421,0,0.0400562,0,0,0,8462.53,415739,8389.6,0,0,0,415739,0,0,901.472,219.333,8912.84,8462.53,0,0
01:11:15:03:38:51,-34.9616,-8.35421,0,0.0400562,0,0,0,8462.53,415739,8389.6,0,0,0,415739,0,0,901.472,219.35,8912.84,8462.53,0,0
01:11:15:03:38:52,-34.9616,-8.06811,0,0.0400562,0,0,0,8462.53,415739,8389.6,0,0,0,415739,0,0,901.472,219.367,8912.84,8462.53,0,0
01:11:15:03:38:53,-35.2477,-8.35421,0,0.0400562,0,0,0,8462.53,415739,8389.6,0,0,0,415739,0,0,901.472,219.383,8912.84,8462.53,0,0
01:11:15:03:38:54,-34.6755,-8.06811,0,0.0400562,0,0,0,8462.53,415739,8389.6,0,0,0,415739,0,0,901.472,219.4,8912.84,8462.53,0,0
01:11:15:03:38:55,-34.9616,-8.35421,0,0.0400562,0,0,0,8462.53,415739,8389.6,0,0,0,415739,0,0,901.472,219.417,8912.84,8462.53,0,0
01:11:15:03:38:56,-35.2477,-8.35421,0,0.0400562,0,0,0,8462.53,415739,8389.6,0,0,0,415739,0,0,901.472,219.433,8912.84,8462.53,0,0
01:11:15:03:38:57,-34.3894,-8.35421,0,0.0400562,0,0,0,8462.53,415739,8389.6,0,0,0,415739,0,0,901.472,219.45,8912.84,8462.53,0,0
01:11:15:03:38:58,-35.2477,-8.06811,0,0.0400562,0,0,0,8462.53,415739,8389.6,0,0,0,415739,0,0,901.472,219.467,8912.84,8462.53,0,0
01:11:15:03:38:59,-34.9616,-8.35421,0,0.0400562,0,0,0,8462.53,415739,8389.6,0,0,0,415739,0,0,901.472,219.483,8912.84,8462.53,0,0
01:11:15:03:39:00,-35.2477,-8.35421,0,0.0400562,0,0,0,8462.53,415739,8389.6,0,0,0,415739,0,0,901.472,219.5,8912.84,8462.53,0,0
01:11:15:03:39:01,-35.2477,-8.64032,0,0.0400562,0,0,0,8462.53,415739,8389.6,0,0,0,415739,0,0,901.472,219.517,8912.84,8462.53,0,0
01:11:15:03:39:02,-35.2477,-8.64032,0,0.0400562,0,0,0,8462.53,415739,8389.6,0,0,0,415739,0,0,901.472,219.533,8912.84,8462.53,0,0
01:11:15:03:39:03,-34.9616,-8.92642,0,0.0400562,0,0,0,8462.53,415739,8389.6,0,0,0,415739,0,0,901.472,219.55,8912.84,8462.53,0,0
01:11:15:03:39:04,-34.6755,-8.35421,0,0.0400562,0,0,0,8462.53,415739,8389.6,0,0,0,415739,0,0,901.472,219.567,8912.84,8462.53,0,0
01:11:15:03:39:05,-35.2477,-8.64032,0,0.0400562,0,0,0,8462.53,415739,8389.6,0,0,0,415739,0,0,901.472,219.583,8912.84,8462.53,0,0
01:11:15:03:39:06,-35.2477,-8.35421,0,0.0400562,0,0,0,8462.53,415739,8389.6,0,0,0,415739,0,0,901.472,219.6,8912.84,8462.53,0,0
01:11:15:03:39:07,-34.9616,-8.35421,0,0.0400562,0,0,0,8462.53,415739,8389.6,0,0,0,415739,0,0,901.472,219.617,8912.84,8462.53,0,0
01:11:15:03:39:08,-34.9616,-8.35421,0,0.0400562,0,0,0,8462.53,415739,8389.6,0,0,0,415739,0,0,901.472,219.633,8912.84,8462.53,0,0
01:11:15:03:39:09,-34.9616,-8.64032,0,0.0400562,0,0,0,8462.53,415739,8389.6,0,0,0,415739,0,0,901.472,219.65,8912.84,8462.53,0,0
01:11:15:03:39:10,-34.9616,-8.06811,0,0.0400562,0,0,0,8462.53,415739,8389.6,0,0,0,415739,0,0,901.472,219.667,8912.84,8462.53,0,0
01:11:15:03:39:11,-34.3894,-8.35421,0,0.0400562,0,0,0,8462.53,415739,8389.6,0,0,0,415739,0,0,901.472,219.683,8912.84,8462.53,0,0
01:11:15:03:39:12,-34.9616,-8.35421,0,0.0400562,0,0,0,8462.53,415739,8389.6,0,0,0,415739,0,0,901.472,219.7,8912.84,8462.53,0,0
01:11:15:03:39:13,-34.6755,-8.06811,0,0.0400562,0,0,0,8462.53,415739,8389.6,0,0,0,415739,0,0,901.472,219.717,8912.84,8462.53,0,0
01:11:15:03:39:14,-34.9616,-8.35421,0,0.0400562,0,0,0,8462.53,415739,8389.6,0,0,0,415739,0,0,901.472,219.733,8912.84,8462.53,0,0
01:11:15:03:39:15,-34.9616,-8.64032,0,0.0400562,0,0,0,8462.53,415739,8389.6,0,0,0,415739,0,0,901.472,219.75,8912.84,8462.53,0,0
01:11:15:03:39:16,-34.9616,-8.35421,0,0.0400562,0,0,0,8462.53,415739,8389.6,0,0,0,415739,0,0,901.472,219.767,8912.84,8462.53,0,0
01:11:15:03:39:17,-34.6755,-8.06811,0,0.0400562,0,0,0,8462.53,415739,8389.6,0,0,0,415739,0,0,901.472,219.783,8912.84,8462.53,0,0
01:11:15:03:39:18,-34.9616,-8.35421,0,0.0400562,0,0,0,8462.53,415739,8389.6,0,0,0,415739,0,0,901.472,219.8,8912.84,8462.53,0,0
01:11:15:03:39:19,-34.9616,-8.06811,0,0.0400562,0,0,0,8462.53,415739,8389.6,0,0,0,415739,0,0,901.472,219.817,8912.84,8462.53,0,0
01:11:15:03:39:20,-34.1033,-8.06811,0,0.0400562,0,0,0,8462.53,415739,8389.6,0,0,0,415739,0,0,901.472,219.833,8912.84,8462.53,0,0
01:11:15:03:39:21,-34.3894,-8.06811,0,0.0400562,0,0,0,8462.53,415739,8389.6,0,0,0,415739,0,0,901.472,219.85,8912.84,8462.53,0,0
01:11:15:03:39:22,-34.6755,-8.35421,0,0.0400562,0,0,0,8462.53,415739,8389.6,0,0,0,415739,0,0,901.472,219.867,8912.84,8462.53,0,0
01:11:15:03:39:23,-34.6755,-8.06811,0,0.0400562,0,0,0,8462.53,415739,8389.6,0,0,0,415739,0,0,901.472,219.883,8912.84,8462.53,0,0
01:11:15:03:39:24,-34.6755,-8.06811,0,0.0400562,0,0,0,8462.53,415739,8389.6,0,0,0,415739,0,0,901.472,219.9,8912.84,8462.53,0,0
01:11:15:03:39:25,-35.2477,-8.06811,0,0.0400562,0,0,0,8462.53,415739,8389.6,0,0,0,415739,0,0,901.472,219.917,8912.84,8462.53,0,0
01:11:15:03:39:26,-34.9616,-7.78201,0,0.0400562,0,0,0,8462.53,415739,8389.6,0,0,0,415739,0,0,901.472,219.933,8912.84,8462.53,0,0
01:11:15:03:39:27,-34.6755,-8.35421,0,0.0400562,0,0,0,8462.53,415739,8389.6,0,0,0,415739,0,0,901.472,219.95,8912.84,8462.53,0,0
01:11:15:03:39:28,-34.3894,-7.78201,0,0.0400562,0,0,0,8462.53,415739,8389.6,0,0,0,415739,0,0,901.472,219.967,8912.84,8462.53,0,0
01:11:15:03:39:29,-34.6755,-8.06811,0,0.0400562,0,0,0,8462.53,415739,8389.6,0,0,0,415739,0,0,901.472,219.983,8912.84,8462.53,0,0
01:11:15:03:39:30,-34.6755,-7.78201,0,0.0400562,0,0,0,8462.53,415739,8389.6,0,0,0,415739,0,0,901.472,220,8912.84,8462.53,0,0
01:11:15:03:39:31,-34.6755,-7.78201,0,0.0400562,0,0,0,8462.53,415739,8389.6,0,0,0,415739,0,0,901.472,220.017,8912.84,8462.53,0,0
01:11:15:03:39:32,-34.6755,-8.06811,0,0.0400562,0,0,0,8462.53,415739,8389.6,0,0,0,415739,0,0,901.472,220.033,8912.84,8462.53,0,0
01:11:15:03:39:33,-34.3894,-7.49591,0,0.0400562,0,0,0,8462.53,415739,8389.6,0,0,0,415739,0,0,901.472,220.05,8912.84,8462.53,0,0
01:11:15:03:39:34,-34.3894,-7.78201,0,0.0400562,0,0,0,8462.53,415739,8389.6,0,0,0,415739,0,0,901.472,220.067,8912.84,8462.53,0,0
01:11:15:03:39:35,-34.6755,-7.49591,0,0.0400562,0,0,0,8462.53,415739,8389.6,0,0,0,415739,0,0,901.472,220.083,8912.84,8462.53,0,0
01:11:15:03:39:36,-34.1033,-7.49591,0,0.0400562,0,0,0,8462.53,415739,8389.6,0,0,0,415739,0,0,901.472,220.1,8912.84,8462.53,0,0
01:11:15:03:39:37,-34.6755,-8.06811,0,0.0400562,0,0,0,8462.53,415739,8389.6,0,0,0,415739,0,0,901.472,220.117,8912.84,8462.53,0,0
01:11:15:03:39:38,-34.6755,-7.78201,0,0.0400562,0,0,0,8462.53,415739,8389.6,0,0,0,415739,0,0,901.472,220.133,8912.84,8462.53,0,0
01:11:15:03:39:39,-34.6755,-8.35421,0,0.0400562,0,0,0,8462.53,415739,8389.6,0,0,0,415739,0,0,901.472,220.15,8912.84,8462.53,0,0
01:11:15:03:39:40,-34.3894,-7.78201,0,0.0400562,0,0,0,8462.53,415739,8389.6,0,0,0,415739,0,0,901.472,220.167,8912.84,8462.53,0,0
01:11:15:03:39:41,-34.3894,-7.78201,0,0.0400562,0,0,0,8462.53,415739,8389.6,0,0,0,415739,0,0,901.472,220.183,8912.84,8462.53,0,0
01:11:15:03:39:42,-33.8172,-8.35421,0,0.0400562,0,0,0,8462.53,415739,8389.6,0,0,0,415739,0,0,901.472,220.2,8912.84,8462.53,0,0
01:11:15:03:39:43,-33.8172,-8.35421,0,0.0400562,0,0,0,8462.53,415739,8389.6,0,0,0,415739,0,0,901.472,220.217,8912.84,8462.53,0,0
01:11:15:03:39:44,-34.1033,-8.06811,0,0.0400562,0,0,0,8462.53,415739,8389.6,0,0,0,415739,0,0,901.472,220.233,8912.84,8462.53,0,0
01:11:15:03:39:45,-34.1033,-7.78201,0,0.0400562,0,0,0,8462.53,415739,8389.6,0,0,0,415739,0,0,901.472,220.25,8912.84,8462.53,0,0
01:11:15:03:39:46,-34.3894,-8.06811,0,0.0400562,0,0,0,8462.53,415739,8389.6,0,0,0,415739,0,0,901.472,220.267,8912.84,8462.53,0,0
01:11:15:03:39:47,-34.1033,-8.35421,0,0.0400562,0,0,0,8462.53,415739,8389.6,0,0,0,415739,0,0,901.472,220.283,8912.84,8462.53,0,0
01:11:15:03:39:48,-33.8172,-8.06811,0,0.0400562,0,0,0,8462.53,415739,8389.6,0,0,0,415739,0,0,901.472,220.3,8912.84,8462.53,0,0
01:11:15:03:39:49,-34.1033,-8.06811,0,0.0400562,0,0,0,8462.53,415739,8389.6,0,0,0,415739,0,0,901.472,220.317,8912.84,8462.53,0,0
01:11:15:03:39:50,-33.8172,-8.06811,0,0.0400562,0,0,0,8462.53,415739,8389.6,0,0,0,415739,0,0,901.472,220.333,8912.84,8462.53,0,0
01:11:15:03:39:51,-34.1033,-8.35421,0,0.0400562,0,0,0,8462.53,415739,8389.6,0,0,0,415739,0,0,901.472,220.35,8912.84,8462.53,0,0
01:11:15:03:39:52,-34.1033,-8.06811,0,0.0400562,0,0,0,8462.53,415739,8389.6,0,0,0,415739,0,0,901.472,220.367,8912.84,8462.53,0,0
01:11:15:03:39:53,-34.3894,-7.78201,0,0.0400562,0,0,0,8462.53,415739,8389.6,0,0,0,415739,0,0,901.472,220.383,8912.84,8462.53,0,0
01:11:15:03:39:54,-34.1033,-8.35421,0,0.0400562,0,0,0,8462.53,415739,8389.6,0,0,0,415739,0,0,901.472,220.4,8912.84,8462.53,0,0
01:11:15:03:39:55,-33.8172,-8.64032,0,0.0400562,0,0,0,8462.53,415739,8389.6,0,0,0,415739,0,0,901.472,220.417,8912.84,8462.53,0,0
01:11:15:03:39:56,-33.8172,-7.78201,0,0.0400562,0,0,0,8462.53,415739,8389.6,0,0,0,415739,0,0,901.472,220.433,8912.84,8462.53,0,0
01:11:15:03:39:57,-34.1033,-7.78201,0,0.0400562,0,0,0,8462.53,415739,8389.6,0,0,0,415739,0,0,901.472,220.45,8912.84,8462.53,0,0
01:11:15:03:39:58,-33.8172,-8.06811,0,0.0400562,0,0,0,8462.53,415739,8389.6,0,0,0,415739,0,0,901.472,220.467,8912.84,8462.53,0,0
01:11:15:03:39:59,-34.1033,-8.64032,0,0.0400562,0,0,0,8462.53,415739,8389.6,0,0,0,415739,0,0,901.472,220.483,8912.84,8462.53,0,0
01:11:15:03:40:00,-34.3894,-8.35421,0,0.0400562,0,0,0,8462.53,415739,8389.6,0,0,0,415739,0,0,901.472,220.5,8912.84,8462.53,0,0
01:11:15:03:40:01,-34.3894,-8.35421,0,0.0400562,0,0,0,8462.53,415739,8389.6,0,0,0,415739,0,0,901.472,220.517,8912.84,8462.53,0,0
01:11:15:03:40:02,-33.5311,-8.06811,0,0.0400562,0,0,0,8462.53,415739,8389.6,0,0,0,415739,0,0,901.472,220.533,8912.84,8462.53,0,0
01:11:15:03:40:03,-33.8172,-8.06811,0,0.0400562,0,0,0,8462.53,415739,8389.6,0,0,0,415739,0,0,901.472,220.55,8912.84,8462.53,0,0
01:11:15:03:40:04,-33.8172,-7.78201,0,0.0400562,0,0,0,8462.53,415739,8389.6,0,0,0,415739,0,0,901.472,220.567,8912.84,8462.53,0,0
01:11:15:03:40:05,-34.1033,-8.35421,0,0.0400562,0,0,0,8462.53,415739,8389.6,0,0,0,415739,0,0,901.472,220.583,8912.84,8462.53,0,0
01:11:15:03:40:06,-33.8172,-8.35421,0,0.0400562,0,0,0,8462.53,415739,8389.6,0,0,0,415739,0,0,901.472,220.6,8912.84,8462.53,0,0
01:11:15:03:40:07,-34.1033,-8.64032,0,0.0400562,0,0,0,8462.53,415739,8389.6,0,0,0,415739,0,0,901.472,220.617,8912.84,8462.53,0,0
01:11:15:03:40:08,-33.8172,-8.35421,0,0.0400562,0,0,0,8462.53,415739,8389.6,0,0,0,415739,0,0,901.472,220.633,8912.84,8462.53,0,0
01:11:15:03:40:09,-34.3894,-8.06811,0,0.0400562,0,0,0,8462.53,415739,8389.6,0,0,0,415739,0,0,901.472,220.65,8912.84,8462.53,0,0
01:11:15:03:40:10,-34.1033,-8.06811,0,0.0400562,0,0,0,8462.53,415739,8389.6,0,0,0,415739,0,0,901.472,220.667,8912.84,8462.53,0,0
01:11:15:03:40:11,-34.3894,-8.35421,0,0.0400562,0,0,0,8462.53,415739,8389.6,0,0,0,415739,0,0,901.472,220.683,8912.84,8462.53,0,0
01:11:15:03:40:12,-34.1033,-8.35421,0,0.0400562,0,0,0,8462.53,415739,8389.6,0,0,0,415739,0,0,901.472,220.7,8912.84,8462.53,0,0
01:11:15:03:40:13,-33.5311,-7.20981,0,0.0400562,0,0,0,8462.53,415739,8389.6,0,0,0,415739,0,0,901.472,220.717,8912.84,8462.53,0,0
01:11:15:03:40:14,-33.5311,-8.06811,0,0.0400562,0,0,0,8462.53,415739,8389.6,0,0,0,415739,0,0,901.472,220.733,8912.84,8462.53,0,0
01:11:15:03:40:15,-33.5311,-7.78201,0,0.0400562,0,0,0,8462.53,415739,8389.6,0,0,0,415739,0,0,901.472,220.75,8912.84,8462.53,0,0
01:11:15:03:40:16,-33.8172,-8.06811,0,0.0400562,0,0,0,8462.53,415739,8389.6,0,0,0,415739,0,0,901.472,220.767,8912.84,8462.53,0,0
01:11:15:03:40:17,-33.5311,-8.06811,0,0.0400562,0,0,0,8462.53,415739,8389.6,0,0,0,415739,0,0,901.472,220.783,8912.84,8462.53,0,0
01:11:15:03:40:18,-33.5311,-8.35421,0,0.0400562,0,0,0,8462.53,415739,8389.6,0,0,0,415739,0,0,901.472,220.8,8912.84,8462.53,0,0
01:11:15:03:40:19,-33.8172,-7.78201,0,0.0400562,0,0,0,8462.53,415739,8389.6,0,0,0,415739,0,0,901.472,220.817,8912.84,8462.53,0,0
01:11:15:03:40:20,-33.5311,-8.06811,0,0.0400562,0,0,0,8462.53,415739,8389.6,0,0,0,415739,0,0,901.472,220.833,8912.84,8462.53,0,0
01:11:15:03:40:21,-34.1033,-7.49591,0,0.0400562,0,0,0,8462.53,415739,8389.6,0,0,0,415739,0,0,901.472,220.85,8912.84,8462.53,0,0
01:11:15:03:40:22,-34.9616,-7.78201,0,0.0400562,0,0,0,8462.53,415739,8389.6,0,0,0,415739,0,0,901.472,220.867,8912.84,8462.53,0,0
01:11:15:03:40:23,-34.1033,-7.78201,0,0.0400562,0,0,0,8462.53,415739,8389.6,0,0,0,415739,0,0,901.472,220.883,8912.84,8462.53,0,0
01:11:15:03:40:24,-33.8172,-7.49591,0,0.0400562,0,0,0,8462.53,415739,8389.6,0,0,0,415739,0,0,901.472,220.9,8912.84,8462.53,0,0
01:11:15:03:40:25,-34.3894,-7.78201,0,0.0400562,0,0,0,8462.53,415739,8389.6,0,0,0,415739,0,0,901.472,220.917,8912.84,8462.53,0,0
01:11:15:03:40:26,-34.1033,-8.35421,0,0.0400562,0,0,0,8462.53,415739,8389.6,0,0,0,415739,0,0,901.472,220.933,8912.84,8462.53,0,0
01:11:15:03:40:27,-33.5311,-8.35421,0,0.0400562,0,0,0,8462.53,415739,8389.6,0,0,0,415739,0,0,901.472,220.95,8912.84,8462.53,0,0
01:11:15:03:40:28,-33.5311,-8.35421,0,0.0400562,0,0,0,8462.53,415739,8389.6,0,0,0,415739,0,0,901.472,220.967,8912.84,8462.53,0,0
01:11:15:03:40:29,-33.8172,-8.35421,0,0.0400562,0,0,0,8462.53,415739,8389.6,0,0,0,415739,0,0,901.472,220.983,8912.84,8462.53,0,0
01:11:15:03:40:30,-33.8172,-7.49591,0,0.0400562,0,0,0,8462.53,415739,8389.6,0,0,0,415739,0,0,901.472,221,8912.84,8462.53,0,0
01:11:15:03:40:31,-33.5311,-8.06811,0,0.0400562,0,0,0,8462.53,415739,8389.6,0,0,0,415739,0,0,901.472,221.017,8912.84,8462.53,0,0
01:11:15:03:40:32,-34.1033,-7.78201,0,0.0400562,0,0,0,8462.53,415739,8389.6,0,0,0,415739,0,0,901.472,221.033,8912.84,8462.53,0,0
01:11:15:03:40:33,-33.8172,-8.35421,0,0.0400562,0,0,0,8462.53,415739,8389.6,0,0,0,415739,0,0,901.472,221.05,8912.84,8462.53,0,0
01:11:15:03:40:34,-33.5311,-7.78201,0,0.0400562,0,0,0,8462.53,415739,8389.6,0,0,0,415739,0,0,901.472,221.067,8912.84,8462.53,0,0
01:11:15:03:40:35,-34.1033,-7.78201,0,0.0400562,0,0,0,8462.53,415739,8389.6,0,0,0,415739,0,0,901.472,221.083,8912.84,8462.53,0,0
01:11:15:03:40:36,-33.8172,-8.06811,0,0.0400562,0,0,0,8462.53,415739,8389.6,0,0,0,415739,0,0,901.472,221.1,8912.84,8462.53,0,0
01:11:15:03:40:37,-33.5311,-7.78201,0,0.0400562,0,0,0,8462.53,415739,8389.6,0,0,0,415739,0,0,901.472,221.117,8912.84,8462.53,0,0
01:11:15:03:40:38,-34.1033,-8.06811,0,0.0400562,0,0,0,8462.53,415739,8389.6,0,0,0,415739,0,0,901.472,221.133,8912.84,8462.53,0,0
01:11:15:03:40:39,-33.5311,-7.78201,0,0.0400562,0,0,0,8462.53,415739,8389.6,0,0,0,415739,0,0,901.472,221.15,8912.84,8462.53,0,0
01:11:15:03:40:40,-34.1033,-7.78201,0,0.0400562,0,0,0,8462.53,415739,8389.6,0,0,0,415739,0,0,901.472,221.167,8912.84,8462.53,0,0
01:11:15:03:40:41,-32.9589,-8.06811,0,0.0400562,0,0,0,8462.53,415739,8389.6,0,0,0,415739,0,0,901.472,221.183,8912.84,8462.53,0,0
01:11:15:03:40:42,-33.8172,-8.35421,0,0.0400562,0,0,0,8462.53,415739,8389.6,0,0,0,415739,0,0,901.472,221.2,8912.84,8462.53,0,0
01:11:15:03:40:43,-33.5311,-7.78201,0,0.0400562,0,0,0,8462.53,415739,8389.6,0,0,0,415739,0,0,901.472,221.217,8912.84,8462.53,0,0
01:11:15:03:40:44,-33.8172,-7.49591,0,0.0400562,0,0,0,8462.53,415739,8389.6,0,0,0,415739,0,0,901.472,221.233,8912.84,8462.53,0,0
01:11:15:03:40:45,-33.8172,-8.06811,0,0.0400562,0,0,0,8462.53,415739,8389.6,0,0,0,415739,0,0,901.472,221.25,8912.84,8462.53,0,0
01:11:15:03:40:46,-33.5311,-7.78201,0,0.0400562,0,0,0,8462.53,415739,8389.6,0,0,0,415739,0,0,901.472,221.267,8912.84,8462.53,0,0
01:11:15:03:40:47,-33.8172,-7.49591,0,0.0400562,0,0,0,8462.53,415739,8389.6,0,0,0,415739,0,0,901.472,221.283,8912.84,8462.53,0,0
01:11:15:03:40:48,-33.5311,-7.49591,0,0.0400562,0,0,0,8462.53,415739,8389.6,0,0,0,415739,0,0,901.472,221.3,8912.84,8462.53,0,0
01:11:15:03:40:49,-33.245,-7.78201,0,0.0400562,0,0,0,8462.53,415739,8389.6,0,0,0,415739,0,0,901.472,221.317,8912.84,8462.53,0,0
01:11:15:03:40:50,-33.5311,-7.49591,0,0.0400562,0,0,0,8462.53,415739,8389.6,0,0,0,415739,0,0,901.472,221.333,8912.84,8462.53,0,0
01:11:15:03:40:51,-33.8172,-7.49591,0,0.0400562,0,0,0,8462.53,415739,8389.6,0,0,0,415739,0,0,901.472,221.35,8912.84,8462.53,0,0
01:11:15:03:40:52,-33.8172,-7.78201,0,0.0400562,0,0,0,8462.53,415739,8389.6,0,0,0,415739,0,0,901.472,221.367,8912.84,8462.53,0,0
01:11:15:03:40:53,-33.5311,-8.06811,0,0.0400562,0,0,0,8462.53,415739,8389.6,0,0,0,415739,0,0,901.472,221.383,8912.84,8462.53,0,0
01:11:15:03:40:54,-33.8172,-7.78201,0,0.0400562,0,0,0,8462.53,415739,8389.6,0,0,0,415739,0,0,901.472,221.4,8912.84,8462.53,0,0
01:11:15:03:40:55,-33.8172,-7.78201,0,0.0400562,0,0,0,8462.53,415739,8389.6,0,0,0,415739,0,0,901.472,221.417,8912.84,8462.53,0,0
01:11:15:03:40:56,-33.5311,-7.78201,0,0.0400562,0,0,0,8462.53,415739,8389.6,0,0,0,415739,0,0,901.472,221.433,8912.84,8462.53,0,0
01:11:15:03:40:57,-33.5311,-7.78201,0,0.0400562,0,0,0,8462.53,415739,8389.6,0,0,0,415739,0,0,901.472,221.45,8912.84,8462.53,0,0
01:11:15:03:40:58,-33.5311,-8.06811,0,0.0400562,0,0,0,8462.53,415739,8389.6,0,0,0,415739,0,0,901.472,221.467,8912.84,8462.53,0,0
01:11:15:03:40:59,-33.8172,-7.49591,0,0.0400562,0,0,0,8462.53,415739,8389.6,0,0,0,415739,0,0,901.472,221.483,8912.84,8462.53,0,0
01:11:15:03:41:00,-33.5311,-8.06811,0,0.0400562,0,0,0,8462.53,415739,8389.6,0,0,0,415739,0,0,901.472,221.5,8912.84,8462.53,0,0
01:11:15:03:41:01,-33.8172,-8.06811,0,0.0400562,0,0,0,8462.53,415739,8389.6,0,0,0,415739,0,0,901.472,221.517,8912.84,8462.53,0,0
01:11:15:03:41:02,-33.5311,-7.78201,0,0.0400562,0,0,0,8462.53,415739,8389.6,0,0,0,415739,0,0,901.472,221.533,8912.84,8462.53,0,0
01:11:15:03:41:03,-33.245,-8.06811,0,0.0400562,0,0,0,8462.53,415739,8389.6,0,0,0,415739,0,0,901.472,221.55,8912.84,8462.53,0,0
01:11:15:03:41:04,-33.5311,-7.78201,0,0.0400562,0,0,0,8462.53,415739,8389.6,0,0,0,415739,0,0,901.472,221.567,8912.84,8462.53,0,0
01:11:15:03:41:05,-33.245,-7.78201,0,0.0400562,0,0,0,8462.53,415739,8389.6,0,0,0,415739,0,0,901.472,221.583,8912.84,8462.53,0,0
01:11:15:03:41:06,-34.1033,-7.78201,0,0.0400562,0,0,0,8462.53,415739,8389.6,0,0,0,415739,0,0,901.472,221.6,8912.84,8462.53,0,0
01:11:15:03:41:07,-33.245,-7.78201,0,0.0400562,0,0,0,8462.53,415739,8389.6,0,0,0,415739,0,0,901.472,221.617,8912.84,8462.53,0,0
01:11:15:03:41:08,-33.245,-8.06811,0,0.0400562,0,0,0,8462.53,415739,8389.6,0,0,0,415739,0,0,901.472,221.633,8912.84,8462.53,0,0
01:11:15:03:41:09,-32.9589,-7.49591,0,0.0400562,0,0,0,8462.53,415739,8389.6,0,0,0,415739,0,0,901.472,221.65,8912.84,8462.53,0,0
01:11:15:03:41:10,-32.9589,-8.06811,0,0.0400562,0,0,0,8462.53,415739,8389.6,0,0,0,415739,0,0,901.472,221.667,8912.84,8462.53,0,0
01:11:15:03:41:11,-33.5311,-7.49591,0,0.0400562,0,0,0,8462.53,415739,8389.6,0,0,0,415739,0,0,901.472,221.683,8912.84,8462.53,0,0
01:11:15:03:41:12,-32.9589,-8.06811,0,0.0400562,0,0,0,8462.53,415739,8389.6,0,0,0,415739,0,0,901.472,221.7,8912.84,8462.53,0,0
01:11:15:03:41:13,-33.245,-7.20981,0,0.0400562,0,0,0,8462.53,415739,8389.6,0,0,0,415739,0,0,901.472,221.717,8912.84,8462.53,0,0
01:11:15:03:41:14,-33.5311,-7.78201,0,0.0400562,0,0,0,8462.53,415739,8389.6,0,0,0,415739,0,0,901.472,221.733,8912.84,8462.53,0,0
01:11:15:03:41:15,-33.5311,-7.78201,0,0.0400562,0,0,0,8462.53,415739,8389.6,0,0,0,415739,0,0,901.472,221.75,8912.84,8462.53,0,0
01:11:15:03:41:16,-33.5311,-8.35421,0,0.0400562,0,0,0,8462.53,415739,8389.6,0,0,0,415739,0,0,901.472,221.767,8912.84,8462.53,0,0
01:11:15:03:41:17,-32.9589,-7.78201,0,0.0400562,0,0,0,8462.53,415739,8389.6,0,0,0,415739,0,0,901.472,221.783,8912.84,8462.53,0,0
01:11:15:03:41:18,-33.5311,-7.78201,0,0.0400562,0,0,0,8462.53,415739,8389.6,0,0,0,415739,0,0,901.472,221.8,8912.84,8462.53,0,0
01:11:15:03:41:19,-33.245,-7.20981,0,0.0400562,0,0,0,8462.53,415739,8389.6,0,0,0,415739,0,0,901.472,221.817,8912.84,8462.53,0,0
01:11:15:03:41:20,-33.5311,-8.06811,0,0.0400562,0,0,0,8462.53,415739,8389.6,0,0,0,415739,0,0,901.472,221.833,8912.84,8462.53,0,0
01:11:15:03:41:21,-33.8172,-7.78201,0,0.0400562,0,0,0,8462.53,415739,8389.6,0,0,0,415739,0,0,901.472,221.85,8912.84,8462.53,0,0
01:11:15:03:41:22,-33.245,-7.20981,0,0.0400562,0,0,0,8462.53,415739,8389.6,0,0,0,415739,0,0,901.472,221.867,8912.84,8462.53,0,0
01:11:15:03:41:23,-33.8172,-8.06811,0,0.0400562,0,0,0,8462.53,415739,8389.6,0,0,0,415739,0,0,901.472,221.883,8912.84,8462.53,0,0
01:11:15:03:41:24,-33.5311,-7.49591,0,0.0400562,0,0,0,8462.53,415739,8389.6,0,0,0,415739,0,0,901.472,221.9,8912.84,8462.53,0,0
01:11:15:03:41:25,-32.9589,-7.78201,0,0.0400562,0,0,0,8462.53,415739,8389.6,0,0,0,415739,0,0,901.472,221.917,8912.84,8462.53,0,0
01:11:15:03:41:26,-33.245,-7.49591,0,0.0400562,0,0,0,8462.53,415739,8389.6,0,0,0,415739,0,0,901.472,221.933,8912.84,8462.53,0,0
01:11:15:03:41:27,-32.9589,-7.20981,0,0.0400562,0,0,0,8462.53,415739,8389.6,0,0,0,415739,0,0,901.472,221.95,8912.84,8462.53,0,0
01:11:15:03:41:28,-33.5311,-8.06811,0,0.0400562,0,0,0,8462.53,415739,8389.6,0,0,0,415739,0,0,901.472,221.967,8912.84,8462.53,0,0
01:11:15:03:41:29,-32.9589,-7.78201,0,0.0400562,0,0,0,8462.53,415739,8389.6,0,0,0,415739,0,0,901.472,221.983,8912.84,8462.53,0,0
01:11:15:03:41:30,-33.5311,-8.06811,0,0.0400562,0,0,0,8462.53,415739,8389.6,0,0,0,415739,0,0,901.472,222,8912.84,8462.53,0,0
01:11:15:03:41:31,-33.5311,-7.78201,0,0.0400562,0,0,0,8462.53,415739,8389.6,0,0,0,415739,0,0,901.472,222.017,8912.84,8462.53,0,0
01:11:15:03:41:32,-32.9589,-7.78201,0,0.0400562,0,0,0,8462.53,415739,8389.6,0,0,0,415739,0,0,901.472,222.033,8912.84,8462.53,0,0
01:11:15:03:41:33,-33.5311,-7.49591,0,0.0400562,0,0,0,8462.53,415739,8389.6,0,0,0,415739,0,0,901.472,222.05,8912.84,8462.53,0,0
01:11:15:03:41:34,-32.9589,-8.35421,0,0.0400562,0,0,0,8462.53,415739,8389.6,0,0,0,415739,0,0,901.472,222.067,8912.84,8462.53,0,0
01:11:15:03:41:35,-32.9589,-7.49591,0,0.0400562,0,0,0,8462.53,415739,8389.6,0,0,0,415739,0,0,901.472,222.083,8912.84,8462.53,0,0
01:11:15:03:41:36,-32.9589,-8.06811,0,0.0400562,0,0,0,8462.53,415739,8389.6,0,0,0,415739,0,0,901.472,222.1,8912.84,8462.53,0,0
01:11:15:03:41:37,-33.245,-7.78201,0,0.0400562,0,0,0,8462.53,415739,8389.6,0,0,0,415739,0,0,901.472,222.117,8912.84,8462.53,0,0
01:11:15:03:41:38,-32.9589,-7.49591,0,0.0400562,0,0,0,8462.53,415739,8389.6,0,0,0,415739,0,0,901.472,222.133,8912.84,8462.53,0,0
01:11:15:03:41:39,-32.9589,-7.78201,0,0.0400562,0,0,0,8462.53,415739,8389.6,0,0,0,415739,0,0,901.472,222.15,8912.84,8462.53,0,0
01:11:15:03:41:40,-33.5311,-7.49591,0,0.0400562,0,0,0,8462.53,415739,8389.6,0,0,0,415739,0,0,901.472,222.167,8912.84,8462.53,0,0
01:11:15:03:41:41,-33.5311,-7.78201,0,0.0400562,0,0,0,8462.53,415739,8389.6,0,0,0,415739,0,0,901.472,222.183,8912.84,8462.53,0,0
01:11:15:03:41:42,-33.245,-7.49591,0,0.0400562,0,0,0,8462.53,415739,8389.6,0,0,0,415739,0,0,901.472,222.2,8912.84,8462.53,0,0
01:11:15:03:41:43,-33.5311,-7.78201,0,0.0400562,0,0,0,8462.53,415739,8389.6,0,0,0,415739,0,0,901.472,222.217,8912.84,8462.53,0,0
01:11:15:03:41:44,-33.5311,-7.49591,0,0.0400562,0,0,0,8462.53,415739,8389.6,0,0,0,415739,0,0,901.472,222.233,8912.84,8462.53,0,0
01:11:15:03:41:45,-33.5311,-7.49591,0,0.0400562,0,0,0,8462.53,415739,8389.6,0,0,0,415739,0,0,901.472,222.25,8912.84,8462.53,0,0
01:11:15:03:41:46,-32.9589,-7.49591,0,0.0400562,0,0,0,8462.53,415739,8389.6,0,0,0,415739,0,0,901.472,222.267,8912.84,8462.53,0,0
01:11:15:03:41:47,-32.9589,-7.78201,0,0.0400562,0,0,0,8462.53,415739,8389.6,0,0,0,415739,0,0,901.472,222.283,8912.84,8462.53,0,0
01:11:15:03:41:48,-32.6728,-7.78201,0,0.0400562,0,0,0,8462.53,415739,8389.6,0,0,0,415739,0,0,901.472,222.3,8912.84,8462.53,0,0
01:11:15:03:41:49,-33.5311,-7.78201,0,0.0400562,0,0,0,8462.53,415739,8389.6,0,0,0,415739,0,0,901.472,222.317,8912.84,8462.53,0,0
01:11:15:03:41:50,-33.5311,-7.49591,0,0.0400562,0,0,0,8462.53,415739,8389.6,0,0,0,415739,0,0,901.472,222.333,8912.84,8462.53,0,0
01:11:15:03:41:51,-33.245,-8.06811,0,0.0400562,0,0,0,8462.53,415739,8389.6,0,0,0,415739,0,0,901.472,222.35,8912.84,8462.53,0,0
01:11:15:03:41:52,-33.245,-7.78201,0,0.0400562,0,0,0,8462.53,415739,8389.6,0,0,0,415739,0,0,901.472,222.367,8912.84,8462.53,0,0
01:11:15:03:41:53,-33.245,-8.06811,0,0.0400562,0,0,0,8462.53,415739,8389.6,0,0,0,415739,0,0,901.472,222.383,8912.84,8462.53,0,0
01:11:15:03:41:54,-32.9589,-7.49591,0,0.0400562,0,0,0,8462.53,415739,8389.6,0,0,0,415739,0,0,901.472,222.4,8912.84,8462.53,0,0
01:11:15:03:41:55,-32.9589,-7.78201,0,0.0400562,0,0,0,8462.53,415739,8389.6,0,0,0,415739,0,0,901.472,222.417,8912.84,8462.53,0,0
01:11:15:03:41:56,-32.9589,-7.49591,0,0.0400562,0,0,0,8462.53,415739,8389.6,0,0,0,415739,0,0,901.472,222.433,8912.84,8462.53,0,0
01:11:15:03:41:57,-32.9589,-8.06811,0,0.0400562,0,0,0,8462.53,415739,8389.6,0,0,0,415739,0,0,901.472,222.45,8912.84,8462.53,0,0
01:11:15:03:41:58,-33.245,-7.49591,0,0.0400562,0,0,0,8462.53,415739,8389.6,0,0,0,415739,0,0,901.472,222.467,8912.84,8462.53,0,0
01:11:15:03:41:59,-32.6728,-7.78201,0,0.0400562,0,0,0,8462.53,415739,8389.6,0,0,0,415739,0,0,901.472,222.483,8912.84,8462.53,0,0
01:11:15:03:42:00,-33.245,-7.78201,0,0.0400562,0,0,0,8462.53,415739,8389.6,0,0,0,415739,0,0,901.472,222.5,8912.84,8462.53,0,0
01:11:15:03:42:01,-33.245,-7.78201,0,0.0400562,0,0,0,8462.53,415739,8389.6,0,0,0,415739,0,0,901.472,222.517,8912.84,8462.53,0,0
01:11:15:03:42:02,-32.9589,-7.78201,0,0.0400562,0,0,0,8462.53,415739,8389.6,0,0,0,415739,0,0,901.472,222.533,8912.84,8462.53,0,0
01:11:15:03:42:03,-32.9589,-7.49591,0,0.0400562,0,0,0,8462.53,415739,8389.6,0,0,0,415739,0,0,901.472,222.55,8912.84,8462.53,0,0
01:11:15:03:42:04,-32.9589,-7.49591,0,0.0400562,0,0,0,8462.53,415739,8389.6,0,0,0,415739,0,0,901.472,222.567,8912.84,8462.53,0,0
01:11:15:03:42:05,-32.9589,-7.49591,0,0.0400562,0,0,0,8462.53,415739,8389.6,0,0,0,415739,0,0,901.472,222.583,8912.84,8462.53,0,0
01:11:15:03:42:06,-32.6728,-7.78201,0,0.0400562,0,0,0,8462.53,415739,8389.6,0,0,0,415739,0,0,901.472,222.6,8912.84,8462.53,0,0
01:11:15:03:42:07,-32.9589,-8.06811,0,0.0400562,0,0,0,8462.53,415739,8389.6,0,0,0,415739,0,0,901.472,222.617,8912.84,8462.53,0,0
01:11:15:03:42:08,-32.6728,-8.06811,0,0.0400562,0,0,0,8462.53,415739,8389.6,0,0,0,415739,0,0,901.472,222.633,8912.84,8462.53,0,0
01:11:15:03:42:09,-32.6728,-7.20981,0,0.0400562,0,0,0,8462.53,415739,8389.6,0,0,0,415739,0,0,901.472,222.65,8912.84,8462.53,0,0
01:11:15:03:42:10,-32.9589,-7.20981,0,0.0400562,0,0,0,8462.53,415739,8389.6,0,0,0,415739,0,0,901.472,222.667,8912.84,8462.53,0,0
01:11:15:03:42:11,-32.6728,-7.78201,0,0.0400562,0,0,0,8462.53,415739,8389.6,0,0,0,415739,0,0,901.472,222.683,8912.84,8462.53,0,0
01:11:15:03:42:12,-32.3867,-7.78201,0,0.0400562,0,0,0,8462.53,415739,8389.6,0,0,0,415739,0,0,901.472,222.7,8912.84,8462.53,0,0
01:11:15:03:42:13,-33.245,-8.06811,0,0.0400562,0,0,0,8462.53,415739,8389.6,0,0,0,415739,0,0,901.472,222.717,8912.84,8462.53,0,0
01:11:15:03:42:14,-32.9589,-7.20981,0,0.0400562,0,0,0,8462.53,415739,8389.6,0,0,0,415739,0,0,901.472,222.733,8912.84,8462.53,0,0
01:11:15:03:42:15,-32.9589,-7.20981,0,0.0400562,0,0,0,8462.53,415739,8389.6,0,0,0,415739,0,0,901.472,222.75,8912.84,8462.53,0,0
01:11:15:03:42:16,-32.9589,-6.92371,0,0.0400562,0,0,0,8462.53,415739,8389.6,0,0,0,415739,0,0,901.472,222.767,8912.84,8462.53,0,0
01:11:15:03:42:17,-32.9589,-7.20981,0,0.0400562,0,0,0,8462.53,415739,8389.6,0,0,0,415739,0,0,901.472,222.783,8912.84,8462.53,0,0
01:11:15:03:42:18,-32.3867,-8.06811,0,0.0400562,0,0,0,8462.53,415739,8389.6,0,0,0,415739,0,0,901.472,222.8,8912.84,8462.53,0,0
01:11:15:03:42:19,-32.6728,-6.92371,0,0.0400562,0,0,0,8462.53,415739,8389.6,0,0,0,415739,0,0,901.472,222.817,8912.84,8462.53,0,0
01:11:15:03:42:20,-32.9589,-7.20981,0,0.0400562,0,0,0,8462.53,415739,8389.6,0,0,0,415739,0,0,901.472,222.833,8912.84,8462.53,0,0
01:11:15:03:42:21,-33.245,-7.20981,0,0.0400562,0,0,0,8462.53,415739,8389.6,0,0,0,415739,0,0,901.472,222.85,8912.84,8462.53,0,0
01:11:15:03:42:22,-32.6728,-7.20981,0,0.0400562,0,0,0,8462.53,415739,8389.6,0,0,0,415739,0,0,901.472,222.867,8912.84,8462.53,0,0
01:11:15:03:42:23,-32.6728,-7.49591,0,0.0400562,0,0,0,8462.53,415739,8389.6,0,0,0,415739,0,0,901.472,222.883,8912.84,8462.53,0,0
01:11:15:03:42:24,-32.9589,-7.78201,0,0.0400562,0,0,0,8462.53,415739,8389.6,0,0,0,415739,0,0,901.472,222.9,8912.84,8462.53,0,0
01:11:15:03:42:25,-32.3867,-7.49591,0,0.0400562,0,0,0,8462.53,415739,8389.6,0,0,0,415739,0,0,901.472,222.917,8912.84,8462.53,0,0
01:11:15:03:42:26,-32.9589,-7.49591,0,0.0400562,0,0,0,8462.53,415739,8389.6,0,0,0,415739,0,0,901.472,222.933,8912.84,8462.53,0,0
01:11:15:03:42:27,-32.9589,-7.49591,0,0.0400562,0,0,0,8462.53,415739,8389.6,0,0,0,415739,0,0,901.472,222.95,8912.84,8462.53,0,0
01:11:15:03:42:28,-32.9589,-7.49591,0,0.0400562,0,0,0,8462.53,415739,8389.6,0,0,0,415739,0,0,901.472,222.967,8912.84,8462.53,0,0
01:11:15:03:42:29,-32.6728,-7.49591,0,0.0400562,0,0,0,8462.53,415739,8389.6,0,0,0,415739,0,0,901.472,222.983,8912.84,8462.53,0,0
01:11:15:03:42:30,-32.3867,-7.78201,0,0.0400562,0,0,0,8462.53,415739,8389.6,0,0,0,415739,0,0,901.472,223,8912.84,8462.53,0,0
01:11:15:03:42:31,-32.6728,-7.78201,0,0.0400562,0,0,0,8462.53,415739,8389.6,0,0,0,415739,0,0,901.472,223.017,8912.84,8462.53,0,0
01:11:15:03:42:32,-32.9589,-7.78201,0,0.0400562,0,0,0,8462.53,415739,8389.6,0,0,0,415739,0,0,901.472,223.033,8912.84,8462.53,0,0
01:11:15:03:42:33,-32.6728,-7.20981,0,0.0400562,0,0,0,8462.53,415739,8389.6,0,0,0,415739,0,0,901.472,223.05,8912.84,8462.53,0,0
01:11:15:03:42:34,-32.9589,-6.92371,0,0.0400562,0,0,0,8462.53,415739,8389.6,0,0,0,415739,0,0,901.472,223.067,8912.84,8462.53,0,0
01:11:15:03:42:35,-32.9589,-7.49591,0,0.0400562,0,0,0,8462.53,415739,8389.6,0,0,0,415739,0,0,901.472,223.083,8912.84,8462.53,0,0
01:11:15:03:42:36,-32.6728,-7.49591,0,0.0400562,0,0,0,8462.53,415739,8389.6,0,0,0,415739,0,0,901.472,223.1,8912.84,8462.53,0,0
01:11:15:03:42:37,-32.6728,-7.78201,0,0.0400562,0,0,0,8462.53,415739,8389.6,0,0,0,415739,0,0,901.472,223.117,8912.84,8462.53,0,0
01:11:15:03:42:38,-32.9589,-7.20981,0,0.0400562,0,0,0,8462.53,415739,8389.6,0,0,0,415739,0,0,901.472,223.133,8912.84,8462.53,0,0
01:11:15:03:42:39,-32.6728,-6.63761,0,0.0400562,0,0,0,8462.53,415739,8389.6,0,0,0,415739,0,0,901.472,223.15,8912.84,8462.53,0,0
01:11:15:03:42:40,-32.3867,-7.49591,0,0.0400562,0,0,0,8462.53,415739,8389.6,0,0,0,415739,0,0,901.472,223.167,8912.84,8462.53,0,0
01:11:15:03:42:41,-32.9589,-7.20981,0,0.0400562,0,0,0,8462.53,415739,8389.6,0,0,0,415739,0,0,901.472,223.183,8912.84,8462.53,0,0
01:11:15:03:42:42,-32.6728,-7.78201,0,0.0400562,0,0,0,8462.53,415739,8389.6,0,0,0,415739,0,0,901.472,223.2,8912.84,8462.53,0,0
01:11:15:03:42:43,-33.245,-7.78201,0,0.0400562,0,0,0,8462.53,415739,8389.6,0,0,0,415739,0,0,901.472,223.217,8912.84,8462.53,0,0
01:11:15:03:42:44,-32.6728,-7.78201,0,0.0400562,0,0,0,8462.53,415739,8389.6,0,0,0,415739,0,0,901.472,223.233,8912.84,8462.53,0,0
01:11:15:03:42:45,-33.245,-7.49591,0,0.0400562,0,0,0,8462.53,415739,8389.6,0,0,0,415739,0,0,901.472,223.25,8912.84,8462.53,0,0
01:11:15:03:42:46,-32.6728,-7.20981,0,0.0400562,0,0,0,8462.53,415739,8389.6,0,0,0,415739,0,0,901.472,223.267,8912.84,8462.53,0,0
01:11:15:03:42:47,-32.9589,-7.20981,0,0.0400562,0,0,0,8462.53,415739,8389.6,0,0,0,415739,0,0,901.472,223.283,8912.84,8462.53,0,0
01:11:15:03:42:48,-32.6728,-7.78201,0,0.0400562,0,0,0,8462.53,415739,8389.6,0,0,0,415739,0,0,901.472,223.3,8912.84,8462.53,0,0
01:11:15:03:42:49,-32.6728,-7.20981,0,0.0400562,0,0,0,8462.53,415739,8389.6,0,0,0,415739,0,0,901.472,223.317,8912.84,8462.53,0,0
01:11:15:03:42:50,-32.3867,-7.20981,0,0.0400562,0,0,0,8462.53,415739,8389.6,0,0,0,415739,0,0,901.472,223.333,8912.84,8462.53,0,0
01:11:15:03:42:51,-32.3867,-7.49591,0,0.0400562,0,0,0,8462.53,415739,8389.6,0,0,0,415739,0,0,901.472,223.35,8912.84,8462.53,0,0
01:11:15:03:42:52,-32.3867,-7.49591,0,0.0400562,0,0,0,8462.53,415739,8389.6,0,0,0,415739,0,0,901.472,223.367,8912.84,8462.53,0,0
01:11:15:03:42:53,-32.6728,-7.20981,0,0.0400562,0,0,0,8462.53,415739,8389.6,0,0,0,415739,0,0,901.472,223.383,8912.84,8462.53,0,0
01:11:15:03:42:54,-32.9589,-7.49591,0,0.0400562,0,0,0,8462.53,415739,8389.6,0,0,0,415739,0,0,901.472,223.4,8912.84,8462.53,0,0
01:11:15:03:42:55,-32.6728,-7.49591,0,0.0400562,0,0,0,8462.53,415739,8389.6,0,0,0,415739,0,0,901.472,223.417,8912.84,8462.53,0,0
01:11:15:03:42:56,-32.3867,-7.49591,0,0.0400562,0,0,0,8462.53,415739,8389.6,0,0,0,415739,0,0,901.472,223.433,8912.84,8462.53,0,0
01:11:15:03:42:57,-32.3867,-7.20981,0,0.0400562,0,0,0,8462.53,415739,8389.6,0,0,0,415739,0,0,901.472,223.45,8912.84,8462.53,0,0
01:11:15:03:42:58,-32.3867,-6.92371,0,0.0400562,0,0,0,8462.53,415739,8389.6,0,0,0,415739,0,0,901.472,223.467,8912.84,8462.53,0,0
01:11:15:03:42:59,-32.6728,-8.06811,0,0.0400562,0,0,0,8462.53,415739,8389.6,0,0,0,415739,0,0,901.472,223.483,8912.84,8462.53,0,0
01:11:15:03:43:00,-32.6728,-7.49591,0,0.0400562,0,0,0,8462.53,415739,8389.6,0,0,0,415739,0,0,901.472,223.5,8912.84,8462.53,0,0
01:11:15:03:43:01,-32.3867,-7.20981,0,0.0400562,0,0,0,8462.53,415739,8389.6,0,0,0,415739,0,0,901.472,223.517,8912.84,8462.53,0,0
01:11:15:03:43:02,-32.1006,-6.92371,0,0.0400562,0,0,0,8462.53,415739,8389.6,0,0,0,415739,0,0,901.472,223.533,8912.84,8462.53,0,0
01:11:15:03:43:03,-32.9589,-7.20981,0,0.0400562,0,0,0,8462.53,415739,8389.6,0,0,0,415739,0,0,901.472,223.55,8912.84,8462.53,0,0
01:11:15:03:43:04,-32.1006,-7.20981,0,0.0400562,0,0,0,8462.53,415739,8389.6,0,0,0,415739,0,0,901.472,223.567,8912.84,8462.53,0,0
01:11:15:03:43:05,-32.3867,-7.49591,0,0.0400562,0,0,0,8462.53,415739,8389.6,0,0,0,415739,0,0,901.472,223.583,8912.84,8462.53,0,0
01:11:15:03:43:06,-32.1006,-7.20981,0,0.0400562,0,0,0,8462.53,415739,8389.6,0,0,0,415739,0,0,901.472,223.6,8912.84,8462.53,0,0
01:11:15:03:43:07,-32.3867,-7.20981,0,0.0400562,0,0,0,8462.53,415739,8389.6,0,0,0,415739,0,0,901.472,223.617,8912.84,8462.53,0,0
01:11:15:03:43:08,-32.3867,-6.63761,0,0.0400562,0,0,0,8462.53,415739,8389.6,0,0,0,415739,0,0,901.472,223.633,8912.84,8462.53,0,0
01:11:15:03:43:09,-32.3867,-7.20981,0,0.0400562,0,0,0,8462.53,415739,8389.6,0,0,0,415739,0,0,901.472,223.65,8912.84,8462.53,0,0
01:11:15:03:43:10,-32.6728,-7.49591,0,0.0400562,0,0,0,8462.53,415739,8389.6,0,0,0,415739,0,0,901.472,223.667,8912.84,8462.53,0,0
01:11:15:03:43:11,-31.8145,-7.49591,0,0.0400562,0,0,0,8462.53,415739,8389.6,0,0,0,415739,0,0,901.472,223.683,8912.84,8462.53,0,0
01:11:15:03:43:12,-32.9589,-7.49591,0,0.0400562,0,0,0,8462.53,415739,8389.6,0,0,0,415739,0,0,901.472,223.7,8912.84,8462.53,0,0
01:11:15:03:43:13,-33.245,-7.20981,0,0.0400562,0,0,0,8462.53,415739,8389.6,0,0,0,415739,0,0,901.472,223.717,8912.84,8462.53,0,0
01:11:15:03:43:14,-32.1006,-7.49591,0,0.0400562,0,0,0,8462.53,415739,8389.6,0,0,0,415739,0,0,901.472,223.733,8912.84,8462.53,0,0
01:11:15:03:43:15,-32.3867,-7.49591,0,0.0400562,0,0,0,8462.53,415739,8389.6,0,0,0,415739,0,0,901.472,223.75,8912.84,8462.53,0,0
01:11:15:03:43:16,-32.3867,-7.78201,0,0.0400562,0,0,0,8462.53,415739,8389.6,0,0,0,415739,0,0,901.472,223.767,8912.84,8462.53,0,0
01:11:15:03:43:17,-32.1006,-6.92371,0,0.0400562,0,0,0,8462.53,415739,8389.6,0,0,0,415739,0,0,901.472,223.783,8912.84,8462.53,0,0
01:11:15:03:43:18,-32.1006,-7.49591,0,0.0400562,0,0,0,8462.53,415739,8389.6,0,0,0,415739,0,0,901.472,223.8,8912.84,8462.53,0,0
01:11:15:03:43:19,-32.9589,-7.78201,0,0.0400562,0,0,0,8462.53,415739,8389.6,0,0,0,415739,0,0,901.472,223.817,8912.84,8462.53,0,0
01:11:15:03:43:20,-32.6728,-6.92371,0,0.0400562,0,0,0,8462.53,415739,8389.6,0,0,0,415739,0,0,901.472,223.833,8912.84,8462.53,0,0
01:11:15:03:43:21,-31.8145,-7.20981,0,0.0400562,0,0,0,8462.53,415739,8389.6,0,0,0,415739,0,0,901.472,223.85,8912.84,8462.53,0,0
01:11:15:03:43:22,-32.3867,-7.49591,0,0.0400562,0,0,0,8462.53,415739,8389.6,0,0,0,415739,0,0,901.472,223.867,8912.84,8462.53,0,0
01:11:15:03:43:23,-32.1006,-7.49591,0,0.0400562,0,0,0,8462.53,415739,8389.6,0,0,0,415739,0,0,901.472,223.883,8912.84,8462.53,0,0
01:11:15:03:43:24,-32.6728,-6.92371,0,0.0400562,0,0,0,8462.53,415739,8389.6,0,0,0,415739,0,0,901.472,223.9,8912.84,8462.53,0,0
01:11:15:03:43:25,-32.6728,-7.20981,0,0.0400562,0,0,0,8462.53,415739,8389.6,0,0,0,415739,0,0,901.472,223.917,8912.84,8462.53,0,0
01:11:15:03:43:26,-32.1006,-7.20981,0,0.0400562,0,0,0,8462.53,415739,8389.6,0,0,0,415739,0,0,901.472,223.933,8912.84,8462.53,0,0
01:11:15:03:43:27,-32.3867,-7.49591,0,0.0400562,0,0,0,8462.53,415739,8389.6,0,0,0,415739,0,0,901.472,223.95,8912.84,8462.53,0,0
01:11:15:03:43:28,-32.3867,-6.92371,0,0.0400562,0,0,0,8462.53,415739,8389.6,0,0,0,415739,0,0,901.472,223.967,8912.84,8462.53,0,0
01:11:15:03:43:29,-31.8145,-7.49591,0,0.0400562,0,0,0,8462.53,415739,8389.6,0,0,0,415739,0,0,901.472,223.983,8912.84,8462.53,0,0
01:11:15:03:43:30,-32.3867,-6.92371,0,0.0400562,0,0,0,8462.53,415739,8389.6,0,0,0,415739,0,0,901.472,224,8912.84,8462.53,0,0
01:11:15:03:43:31,-32.3867,-7.20981,0,0.0400562,0,0,0,8462.53,415739,8389.6,0,0,0,415739,0,0,901.472,224.017,8912.84,8462.53,0,0
01:11:15:03:43:32,-32.1006,-7.78201,0,0.0400562,0,0,0,8462.53,415739,8389.6,0,0,0,415739,0,0,901.472,224.033,8912.84,8462.53,0,0
01:11:15:03:43:33,-31.8145,-7.49591,0,0.0400562,0,0,0,8462.53,415739,8389.6,0,0,0,415739,0,0,901.472,224.05,8912.84,8462.53,0,0
01:11:15:03:43:34,-32.3867,-7.49591,0,0.0400562,0,0,0,8462.53,415739,8389.6,0,0,0,415739,0,0,901.472,224.067,8912.84,8462.53,0,0
01:11:15:03:43:35,-32.1006,-7.20981,0,0.0400562,0,0,0,8462.53,415739,8389.6,0,0,0,415739,0,0,901.472,224.083,8912.84,8462.53,0,0
01:11:15:03:43:36,-32.3867,-7.20981,0,0.0400562,0,0,0,8462.53,415739,8389.6,0,0,0,415739,0,0,901.472,224.1,8912.84,8462.53,0,0
01:11:15:03:43:37,-32.6728,-7.49591,0,0.0400562,0,0,0,8462.53,415739,8389.6,0,0,0,415739,0,0,901.472,224.117,8912.84,8462.53,0,0
01:11:15:03:43:38,-32.3867,-6.92371,0,0.0400562,0,0,0,8462.53,415739,8389.6,0,0,0,415739,0,0,901.472,224.133,8912.84,8462.53,0,0
01:11:15:03:43:39,-32.3867,-7.20981,0,0.0400562,0,0,0,8462.53,415739,8389.6,0,0,0,415739,0,0,901.472,224.15,8912.84,8462.53,0,0
01:11:15:03:43:40,-32.3867,-7.49591,0,0.0400562,0,0,0,8462.53,415739,8389.6,0,0,0,415739,0,0,901.472,224.167,8912.84,8462.53,0,0
01:11:15:03:43:41,-32.3867,-6.63761,0,0.0400562,0,0,0,8462.53,415739,8389.6,0,0,0,415739,0,0,901.472,224.183,8912.84,8462.53,0,0
01:11:15:03:43:42,-32.9589,-7.20981,0,0.0400562,0,0,0,8462.53,415739,8389.6,0,0,0,415739,0,0,901.472,224.2,8912.84,8462.53,0,0
01:11:15:03:43:43,-32.1006,-7.20981,0,0.0400562,0,0,0,8462.53,415739,8389.6,0,0,0,415739,0,0,901.472,224.217,8912.84,8462.53,0,0
01:11:15:03:43:44,-32.1006,-6.63761,0,0.0400562,0,0,0,8462.53,415739,8389.6,0,0,0,415739,0,0,901.472,224.233,8912.84,8462.53,0,0
01:11:15:03:43:45,-32.1006,-7.20981,0,0.0400562,0,0,0,8462.53,415739,8389.6,0,0,0,415739,0,0,901.472,224.25,8912.84,8462.53,0,0
01:11:15:03:43:46,-32.6728,-8.06811,0,0.0400562,0,0,0,8462.53,415739,8389.6,0,0,0,415739,0,0,901.472,224.267,8912.84,8462.53,0,0
01:11:15:03:43:47,-32.6728,-7.20981,0,0.0400562,0,0,0,8462.53,415739,8389.6,0,0,0,415739,0,0,901.472,224.283,8912.84,8462.53,0,0
01:11:15:03:43:48,-32.1006,-6.92371,0,0.0400562,0,0,0,8462.53,415739,8389.6,0,0,0,415739,0,0,901.472,224.3,8912.84,8462.53,0,0
01:11:15:03:43:49,-32.1006,-7.20981,0,0.0400562,0,0,0,8462.53,415739,8389.6,0,0,0,415739,0,0,901.472,224.317,8912.84,8462.53,0,0
01:11:15:03:43:50,-32.1006,-6.63761,0,0.0400562,0,0,0,8462.53,415739,8389.6,0,0,0,415739,0,0,901.472,224.333,8912.84,8462.53,0,0
01:11:15:03:43:51,-32.1006,-6.63761,0,0.0400562,0,0,0,8462.53,415739,8389.6,0,0,0,415739,0,0,901.472,224.35,8912.84,8462.53,0,0
01:11:15:03:43:52,-32.3867,-7.49591,0,0.0400562,0,0,0,8462.53,415739,8389.6,0,0,0,415739,0,0,901.472,224.367,8912.84,8462.53,0,0
01:11:15:03:43:53,-32.1006,-6.92371,0,0.0400562,0,0,0,8462.53,415739,8389.6,0,0,0,415739,0,0,901.472,224.383,8912.84,8462.53,0,0
01:11:15:03:43:54,-32.3867,-7.20981,0,0.0400562,0,0,0,8462.53,415739,8389.6,0,0,0,415739,0,0,901.472,224.4,8912.84,8462.53,0,0
01:11:15:03:43:55,-32.1006,-6.92371,0,0.0400562,0,0,0,8462.53,415739,8389.6,0,0,0,415739,0,0,901.472,224.417,8912.84,8462.53,0,0
01:11:15:03:43:56,-31.5284,-6.92371,0,0.0400562,0,0,0,8462.53,415739,8389.6,0,0,0,415739,0,0,901.472,224.433,8912.84,8462.53,0,0
01:11:15:03:43:57,-32.3867,-7.20981,0,0.0400562,0,0,0,8462.53,415739,8389.6,0,0,0,415739,0,0,901.472,224.45,8912.84,8462.53,0,0
01:11:15:03:43:58,-31.8145,-7.20981,0,0.0400562,0,0,0,8462.53,415739,8389.6,0,0,0,415739,0,0,901.472,224.467,8912.84,8462.53,0,0
01:11:15:03:43:59,-32.3867,-7.49591,0,0.0400562,0,0,0,8462.53,415739,8389.6,0,0,0,415739,0,0,901.472,224.483,8912.84,8462.53,0,0
01:11:15:03:44:00,-32.3867,-7.20981,0,0.0400562,0,0,0,8462.53,415739,8389.6,0,0,0,415739,0,0,901.472,224.5,8912.84,8462.53,0,0
01:11:15:03:44:01,-32.1006,-7.49591,0,0.0400562,0,0,0,8462.53,415739,8389.6,0,0,0,415739,0,0,901.472,224.517,8912.84,8462.53,0,0
01:11:15:03:44:02,-31.5284,-7.20981,0,0.0400562,0,0,0,8462.53,415739,8389.6,0,0,0,415739,0,0,901.472,224.533,8912.84,8462.53,0,0
01:11:15:03:44:03,-31.8145,-7.49591,0,0.0400562,0,0,0,8462.53,415739,8389.6,0,0,0,415739,0,0,901.472,224.55,8912.84,8462.53,0,0
01:11:15:03:44:04,-31.8145,-7.20981,0,0.0400562,0,0,0,8462.53,415739,8389.6,0,0,0,415739,0,0,901.472,224.567,8912.84,8462.53,0,0
01:11:15:03:44:05,-32.3867,-7.20981,0,0.0400562,0,0,0,8462.53,415739,8389.6,0,0,0,415739,0,0,901.472,224.583,8912.84,8462.53,0,0
01:11:15:03:44:06,-32.3867,-7.20981,0,0.0400562,0,0,0,8462.53,415739,8389.6,0,0,0,415739,0,0,901.472,224.6,8912.84,8462.53,0,0
01:11:15:03:44:07,-32.1006,-7.20981,0,0.0400562,0,0,0,8462.53,415739,8389.6,0,0,0,415739,0,0,901.472,224.617,8912.84,8462.53,0,0
01:11:15:03:44:08,-32.3867,-7.20981,0,0.0400562,0,0,0,8462.53,415739,8389.6,0,0,0,415739,0,0,901.472,224.633,8912.84,8462.53,0,0
01:11:15:03:44:09,-32.1006,-7.78201,0,0.0400562,0,0,0,8462.53,415739,8389.6,0,0,0,415739,0,0,901.472,224.65,8912.84,8462.53,0,0
01:11:15:03:44:10,-32.3867,-7.49591,0,0.0400562,0,0,0,8462.53,415739,8389.6,0,0,0,415739,0,0,901.472,224.667,8912.84,8462.53,0,0
01:11:15:03:44:11,-32.6728,-7.20981,0,0.0400562,0,0,0,8462.53,415739,8389.6,0,0,0,415739,0,0,901.472,224.683,8912.84,8462.53,0,0
01:11:15:03:44:12,-32.3867,-7.49591,0,0.0400562,0,0,0,8462.53,415739,8389.6,0,0,0,415739,0,0,901.472,224.7,8912.84,8462.53,0,0
01:11:15:03:44:13,-32.3867,-6.63761,0,0.0400562,0,0,0,8462.53,415739,8389.6,0,0,0,415739,0,0,901.472,224.717,8912.84,8462.53,0,0
01:11:15:03:44:14,-31.8145,-7.20981,0,0.0400562,0,0,0,8462.53,415739,8389.6,0,0,0,415739,0,0,901.472,224.733,8912.84,8462.53,0,0
01:11:15:03:44:15,-32.3867,-6.92371,0,0.0400562,0,0,0,8462.53,415739,8389.6,0,0,0,415739,0,0,901.472,224.75,8912.84,8462.53,0,0
01:11:15:03:44:16,-32.1006,-6.63761,0,0.0400562,0,0,0,8462.53,415739,8389.6,0,0,0,415739,0,0,901.472,224.767,8912.84,8462.53,0,0
01:11:15:03:44:17,-31.8145,-6.92371,0,0.0400562,0,0,0,8462.53,415739,8389.6,0,0,0,415739,0,0,901.472,224.783,8912.84,8462.53,0,0
01:11:15:03:44:18,-32.1006,-7.49591,0,0.0400562,0,0,0,8462.53,415739,8389.6,0,0,0,415739,0,0,901.472,224.8,8912.84,8462.53,0,0
01:11:15:03:44:19,-31.5284,-7.20981,0,0.0400562,0,0,0,8462.53,415739,8389.6,0,0,0,415739,0,0,901.472,224.817,8912.84,8462.53,0,0
01:11:15:03:44:20,-32.1006,-7.20981,0,0.0400562,0,0,0,8462.53,415739,8389.6,0,0,0,415739,0,0,901.472,224.833,8912.84,8462.53,0,0
01:11:15:03:44:21,-32.6728,-7.49591,0,0.0400562,0,0,0,8462.53,415739,8389.6,0,0,0,415739,0,0,901.472,224.85,8912.84,8462.53,0,0
01:11:15:03:44:22,-32.1006,-6.92371,0,0.0400562,0,0,0,8462.53,415739,8389.6,0,0,0,415739,0,0,901.472,224.867,8912.84,8462.53,0,0
01:11:15:03:44:23,-32.1006,-7.20981,0,0.0400562,0,0,0,8462.53,415739,8389.6,0,0,0,415739,0,0,901.472,224.883,8912.84,8462.53,0,0
01:11:15:03:44:24,-32.1006,-7.20981,0,0.0400562,0,0,0,8462.53,415739,8389.6,0,0,0,415739,0,0,901.472,224.9,8912.84,8462.53,0,0
01:11:15:03:44:25,-31.8145,-7.20981,0,0.0400562,0,0,0,8462.53,415739,8389.6,0,0,0,415739,0,0,901.472,224.917,8912.84,8462.53,0,0
01:11:15:03:44:26,-31.8145,-7.20981,0,0.0400562,0,0,0,8462.53,415739,8389.6,0,0,0,415739,0,0,901.472,224.933,8912.84,8462.53,0,0
01:11:15:03:44:27,-32.1006,-6.92371,0,0.0400562,0,0,0,8462.53,415739,8389.6,0,0,0,415739,0,0,901.472,224.95,8912.84,8462.53,0,0
01:11:15:03:44:28,-31.8145,-6.92371,0,0.0400562,0,0,0,8462.53,415739,8389.6,0,0,0,415739,0,0,901.472,224.967,8912.84,8462.53,0,0
01:11:15:03:44:29,-32.1006,-7.20981,0,0.0400562,0,0,0,8462.53,415739,8389.6,0,0,0,415739,0,0,901.472,224.983,8912.84,8462.53,0,0
01:11:15:03:44:30,-31.8145,-7.49591,0,0.0400562,0,0,0,8462.53,415739,8389.6,0,0,0,415739,0,0,901.472,225,8912.84,8462.53,0,0
01:11:15:03:44:31,-32.1006,-6.92371,0,0.0400562,0,0,0,8462.53,415739,8389.6,0,0,0,415739,0,0,901.472,225.017,8912.84,8462.53,0,0
01:11:15:03:44:32,-32.1006,-7.20981,0,0.0400562,0,0,0,8462.53,415739,8389.6,0,0,0,415739,0,0,901.472,225.033,8912.84,8462.53,0,0
01:11:15:03:44:33,-31.5284,-7.20981,0,0.0400562,0,0,0,8462.53,415739,8389.6,0,0,0,415739,0,0,901.472,225.05,8912.84,8462.53,0,0
01:11:15:03:44:34,-32.3867,-7.20981,0,0.0400562,0,0,0,8462.53,415739,8389.6,0,0,0,415739,0,0,901.472,225.067,8912.84,8462.53,0,0
01:11:15:03:44:35,-31.5284,-7.49591,0,0.0400562,0,0,0,8462.53,415739,8389.6,0,0,0,415739,0,0,901.472,225.083,8912.84,8462.53,0,0
01:11:15:03:44:36,-31.2423,-7.20981,0,0.0400562,0,0,0,8462.53,415739,8389.6,0,0,0,415739,0,0,901.472,225.1,8912.84,8462.53,0,0
01:11:15:03:44:37,-32.1006,-7.78201,0,0.0400562,0,0,0,8462.53,415739,8389.6,0,0,0,415739,0,0,901.472,225.117,8912.84,8462.53,0,0
01:11:15:03:44:38,-31.2423,-7.20981,0,0.0400562,0,0,0,8462.53,415739,8389.6,0,0,0,415739,0,0,901.472,225.133,8912.84,8462.53,0,0
01:11:15:03:44:39,-32.3867,-7.49591,0,0.0400562,0,0,0,8462.53,415739,8389.6,0,0,0,415739,0,0,901.472,225.15,8912.84,8462.53,0,0
01:11:15:03:44:40,-32.3867,-7.20981,0,0.0400562,0,0,0,8462.53,415739,8389.6,0,0,0,415739,0,0,901.472,225.167,8912.84,8462.53,0,0
01:11:15:03:44:41,-31.8145,-7.49591,0,0.0400562,0,0,0,8462.53,415739,8389.6,0,0,0,415739,0,0,901.472,225.183,8912.84,8462.53,0,0
01:11:15:03:44:42,-32.6728,-7.78201,0,0.0400562,0,0,0,8462.53,415739,8389.6,0,0,0,415739,0,0,901.472,225.2,8912.84,8462.53,0,0
01:11:15:03:44:43,-32.1006,-6.92371,0,0.0400562,0,0,0,8462.53,415739,8389.6,0,0,0,415739,0,0,901.472,225.217,8912.84,8462.53,0,0
01:11:15:03:44:44,-32.1006,-6.92371,0,0.0400562,0,0,0,8462.53,415739,8389.6,0,0,0,415739,0,0,901.472,225.233,8912.84,8462.53,0,0
01:11:15:03:44:45,-31.2423,-7.20981,0,0.0400562,0,0,0,8462.53,415739,8389.6,0,0,0,415739,0,0,901.472,225.25,8912.84,8462.53,0,0
01:11:15:03:44:46,-31.8145,-7.49591,0,0.0400562,0,0,0,8462.53,415739,8389.6,0,0,0,415739,0,0,901.472,225.267,8912.84,8462.53,0,0
01:11:15:03:44:47,-31.2423,-7.49591,0,0.0400562,0,0,0,8462.53,415739,8389.6,0,0,0,415739,0,0,901.472,225.283,8912.84,8462.53,0,0
01:11:15:03:44:48,-32.1006,-7.49591,0,0.0400562,0,0,0,8462.53,415739,8389.6,0,0,0,415739,0,0,901.472,225.3,8912.84,8462.53,0,0
01:11:15:03:44:49,-31.5284,-7.20981,0,0.0400562,0,0,0,8462.53,415739,8389.6,0,0,0,415739,0,0,901.472,225.317,8912.84,8462.53,0,0
01:11:15:03:44:50,-32.3867,-6.92371,0,0.0400562,0,0,0,8462.53,415739,8389.6,0,0,0,415739,0,0,901.472,225.333,8912.84,8462.53,0,0
01:11:15:03:44:51,-31.8145,-6.92371,0,0.0400562,0,0,0,8462.53,415739,8389.6,0,0,0,415739,0,0,901.472,225.35,8912.84,8462.53,0,0
01:11:15:03:44:52,-31.8145,-7.49591,0,0.0400562,0,0,0,8462.53,415739,8389.6,0,0,0,415739,0,0,901.472,225.367,8912.84,8462.53,0,0
01:11:15:03:44:53,-31.8145,-7.49591,0,0.0400562,0,0,0,8462.53,415739,8389.6,0,0,0,415739,0,0,901.472,225.383,8912.84,8462.53,0,0
01:11:15:03:44:54,-32.1006,-7.49591,0,0.0400562,0,0,0,8462.53,415739,8389.6,0,0,0,415739,0,0,901.472,225.4,8912.84,8462.53,0,0
01:11:15:03:44:55,-31.8145,-6.63761,0,0.0400562,0,0,0,8462.53,415739,8389.6,0,0,0,415739,0,0,901.472,225.417,8912.84,8462.53,0,0
01:11:15:03:44:56,-31.8145,-6.92371,0,0.0400562,0,0,0,8462.53,415739,8389.6,0,0,0,415739,0,0,901.472,225.433,8912.84,8462.53,0,0
01:11:15:03:44:57,-31.8145,-6.92371,0,0.0400562,0,0,0,8462.53,415739,8389.6,0,0,0,415739,0,0,901.472,225.45,8912.84,8462.53,0,0
01:11:15:03:44:58,-31.5284,-7.20981,0,0.0400562,0,0,0,8462.53,415739,8389.6,0,0,0,415739,0,0,901.472,225.467,8912.84,8462.53,0,0
01:11:15:03:44:59,-32.1006,-7.20981,0,0.0400562,0,0,0,8462.53,415739,8389.6,0,0,0,415739,0,0,901.472,225.483,8912.84,8462.53,0,0
01:11:15:03:45:00,-31.8145,-7.20981,0,0.0400562,0,0,0,8462.53,415739,8389.6,0,0,0,415739,0,0,901.472,225.5,8912.84,8462.53,0,0
01:11:15:03:45:01,-31.5284,-7.20981,0,0.0400562,0,0,0,8462.53,415739,8389.6,0,0,0,415739,0,0,901.472,225.517,8912.84,8462.53,0,0
01:11:15:03:45:02,-31.8145,-7.20981,0,0.0400562,0,0,0,8462.53,415739,8389.6,0,0,0,415739,0,0,901.472,225.533,8912.84,8462.53,0,0
01:11:15:03:45:03,-32.1006,-7.78201,0,0.0400562,0,0,0,8462.53,415739,8389.6,0,0,0,415739,0,0,901.472,225.55,8912.84,8462.53,0,0
01:11:15:03:45:04,-31.8145,-6.92371,0,0.0400562,0,0,0,8462.53,415739,8389.6,0,0,0,415739,0,0,901.472,225.567,8912.84,8462.53,0,0
01:11:15:03:45:05,-32.1006,-6.92371,0,0.0400562,0,0,0,8462.53,415739,8389.6,0,0,0,415739,0,0,901.472,225.583,8912.84,8462.53,0,0
01:11:15:03:45:06,-31.8145,-6.92371,0,0.0400562,0,0,0,8462.53,415739,8389.6,0,0,0,415739,0,0,901.472,225.6,8912.84,8462.53,0,0
01:11:15:03:45:07,-31.5284,-6.92371,0,0.0400562,0,0,0,8462.53,415739,8389.6,0,0,0,415739,0,0,901.472,225.617,8912.84,8462.53,0,0
01:11:15:03:45:08,-31.8145,-7.20981,0,0.0400562,0,0,0,8462.53,415739,8389.6,0,0,0,415739,0,0,901.472,225.633,8912.84,8462.53,0,0
01:11:15:03:45:09,-32.1006,-6.92371,0,0.0400562,0,0,0,8462.53,415739,8389.6,0,0,0,415739,0,0,901.472,225.65,8912.84,8462.53,0,0
01:11:15:03:45:10,-31.5284,-6.92371,0,0.0400562,0,0,0,8462.53,415739,8389.6,0,0,0,415739,0,0,901.472,225.667,8912.84,8462.53,0,0
01:11:15:03:45:11,-32.1006,-7.49591,0,0.0400562,0,0,0,8462.53,415739,8389.6,0,0,0,415739,0,0,901.472,225.683,8912.84,8462.53,0,0
01:11:15:03:45:12,-31.8145,-6.92371,0,0.0400562,0,0,0,8462.53,415739,8389.6,0,0,0,415739,0,0,901.472,225.7,8912.84,8462.53,0,0
01:11:15:03:45:13,-32.3867,-6.63761,0,0.0400562,0,0,0,8462.53,415739,8389.6,0,0,0,415739,0,0,901.472,225.717,8912.84,8462.53,0,0
01:11:15:03:45:14,-31.8145,-7.20981,0,0.0400562,0,0,0,8462.53,415739,8389.6,0,0,0,415739,0,0,901.472,225.733,8912.84,8462.53,0,0
01:11:15:03:45:15,-32.1006,-6.92371,0,0.0400562,0,0,0,8462.53,415739,8389.6,0,0,0,415739,0,0,901.472,225.75,8912.84,8462.53,0,0
01:11:15:03:45:16,-31.8145,-6.92371,0,0.0400562,0,0,0,8462.53,415739,8389.6,0,0,0,415739,0,0,901.472,225.767,8912.84,8462.53,0,0
01:11:15:03:45:17,-32.1006,-7.20981,0,0.0400562,0,0,0,8462.53,415739,8389.6,0,0,0,415739,0,0,901.472,225.783,8912.84,8462.53,0,0
01:11:15:03:45:18,-30.9562,-7.49591,0,0.0400562,0,0,0,8462.53,415739,8389.6,0,0,0,415739,0,0,901.472,225.8,8912.84,8462.53,0,0
01:11:15:03:45:19,-31.5284,-7.78201,0,0.0400562,0,0,0,8462.53,415739,8389.6,0,0,0,415739,0,0,901.472,225.817,8912.84,8462.53,0,0
01:11:15:03:45:20,-31.8145,-7.20981,0,0.0400562,0,0,0,8462.53,415739,8389.6,0,0,0,415739,0,0,901.472,225.833,8912.84,8462.53,0,0
01:11:15:03:45:21,-31.2423,-7.20981,0,0.0400562,0,0,0,8462.53,415739,8389.6,0,0,0,415739,0,0,901.472,225.85,8912.84,8462.53,0,0
01:11:15:03:45:22,-32.1006,-7.49591,0,0.0400562,0,0,0,8462.53,415739,8389.6,0,0,0,415739,0,0,901.472,225.867,8912.84,8462.53,0,0
01:11:15:03:45:23,-31.5284,-6.92371,0,0.0400562,0,0,0,8462.53,415739,8389.6,0,0,0,415739,0,0,901.472,225.883,8912.84,8462.53,0,0
01:11:15:03:45:24,-31.5284,-7.49591,0,0.0400562,0,0,0,8462.53,415739,8389.6,0,0,0,415739,0,0,901.472,225.9,8912.84,8462.53,0,0
01:11:15:03:45:25,-31.5284,-6.92371,0,0.0400562,0,0,0,8462.53,415739,8389.6,0,0,0,415739,0,0,901.472,225.917,8912.84,8462.53,0,0
01:11:15:03:45:26,-31.8145,-6.92371,0,0.0400562,0,0,0,8462.53,415739,8389.6,0,0,0,415739,0,0,901.472,225.933,8912.84,8462.53,0,0
01:11:15:03:45:27,-31.5284,-6.63761,0,0.0400562,0,0,0,8462.53,415739,8389.6,0,0,0,415739,0,0,901.472,225.95,8912.84,8462.53,0,0
01:11:15:03:45:28,-31.2423,-7.49591,0,0.0400562,0,0,0,8462.53,415739,8389.6,0,0,0,415739,0,0,901.472,225.967,8912.84,8462.53,0,0
01:11:15:03:45:29,-31.8145,-6.63761,0,0.0400562,0,0,0,8462.53,415739,8389.6,0,0,0,415739,0,0,901.472,225.983,8912.84,8462.53,0,0
01:11:15:03:45:30,-31.5284,-7.20981,0,0.0400562,0,0,0,8462.53,415739,8389.6,0,0,0,415739,0,0,901.472,226,8912.84,8462.53,0,0
01:11:15:03:45:31,-31.8145,-7.20981,0,0.0400562,0,0,0,8462.53,415739,8389.6,0,0,0,415739,0,0,901.472,226.017,8912.84,8462.53,0,0
01:11:15:03:45:32,-31.5284,-7.20981,0,0.0400562,0,0,0,8462.53,415739,8389.6,0,0,0,415739,0,0,901.472,226.033,8912.84,8462.53,0,0
01:11:15:03:45:33,-31.8145,-7.20981,0,0.0400562,0,0,0,8462.53,415739,8389.6,0,0,0,415739,0,0,901.472,226.05,8912.84,8462.53,0,0
01:11:15:03:45:34,-31.5284,-6.92371,0,0.0400562,0,0,0,8462.53,415739,8389.6,0,0,0,415739,0,0,901.472,226.067,8912.84,8462.53,0,0
01:11:15:03:45:35,-31.5284,-6.92371,0,0.0400562,0,0,0,8462.53,415739,8389.6,0,0,0,415739,0,0,901.472,226.083,8912.84,8462.53,0,0
01:11:15:03:45:36,-31.8145,-6.92371,0,0.0400562,0,0,0,8462.53,415739,8389.6,0,0,0,415739,0,0,901.472,226.1,8912.84,8462.53,0,0
01:11:15:03:45:37,-32.1006,-6.92371,0,0.0400562,0,0,0,8462.53,415739,8389.6,0,0,0,415739,0,0,901.472,226.117,8912.84,8462.53,0,0
01:11:15:03:45:38,-31.5284,-6.92371,0,0.0400562,0,0,0,8462.53,415739,8389.6,0,0,0,415739,0,0,901.472,226.133,8912.84,8462.53,0,0
01:11:15:03:45:39,-31.8145,-7.20981,0,0.0400562,0,0,0,8462.53,415739,8389.6,0,0,0,415739,0,0,901.472,226.15,8912.84,8462.53,0,0
01:11:15:03:45:40,-31.5284,-6.92371,0,0.0400562,0,0,0,8462.53,415739,8389.6,0,0,0,415739,0,0,901.472,226.167,8912.84,8462.53,0,0
01:11:15:03:45:41,-31.5284,-6.92371,0,0.0400562,0,0,0,8462.53,415739,8389.6,0,0,0,415739,0,0,901.472,226.183,8912.84,8462.53,0,0
01:11:15:03:45:42,-31.5284,-6.92371,0,0.0400562,0,0,0,8462.53,415739,8389.6,0,0,0,415739,0,0,901.472,226.2,8912.84,8462.53,0,0
01:11:15:03:45:43,-31.8145,-6.35151,0,0.0400562,0,0,0,8462.53,415739,8389.6,0,0,0,415739,0,0,901.472,226.217,8912.84,8462.53,0,0
01:11:15:03:45:44,-31.5284,-6.35151,0,0.0400562,0,0,0,8462.53,415739,8389.6,0,0,0,415739,0,0,901.472,226.233,8912.84,8462.53,0,0
01:11:15:03:45:45,-31.8145,-7.20981,0,0.0400562,0,0,0,8462.53,415739,8389.6,0,0,0,415739,0,0,901.472,226.25,8912.84,8462.53,0,0
01:11:15:03:45:46,-31.5284,-7.20981,0,0.0400562,0,0,0,8462.53,415739,8389.6,0,0,0,415739,0,0,901.472,226.267,8912.84,8462.53,0,0
01:11:15:03:45:47,-32.1006,-7.20981,0,0.0400562,0,0,0,8462.53,415739,8389.6,0,0,0,415739,0,0,901.472,226.283,8912.84,8462.53,0,0
01:11:15:03:45:48,-31.2423,-6.63761,0,0.0400562,0,0,0,8462.53,415739,8389.6,0,0,0,415739,0,0,901.472,226.3,8912.84,8462.53,0,0
01:11:15:03:45:49,-31.5284,-6.92371,0,0.0400562,0,0,0,8462.53,415739,8389.6,0,0,0,415739,0,0,901.472,226.317,8912.84,8462.53,0,0
01:11:15:03:45:50,-32.1006,-6.63761,0,0.0400562,0,0,0,8462.53,415739,8389.6,0,0,0,415739,0,0,901.472,226.333,8912.84,8462.53,0,0
01:11:15:03:45:51,-31.8145,-7.49591,0,0.0400562,0,0,0,8462.53,415739,8389.6,0,0,0,415739,0,0,901.472,226.35,8912.84,8462.53,0,0
01:11:15:03:45:52,-31.8145,-6.63761,0,0.0400562,0,0,0,8462.53,415739,8389.6,0,0,0,415739,0,0,901.472,226.367,8912.84,8462.53,0,0
01:11:15:03:45:53,-31.8145,-7.20981,0,0.0400562,0,0,0,8462.53,415739,8389.6,0,0,0,415739,0,0,901.472,226.383,8912.84,8462.53,0,0
01:11:15:03:45:54,-31.5284,-6.63761,0,0.0400562,0,0,0,8462.53,415739,8389.6,0,0,0,415739,0,0,901.472,226.4,8912.84,8462.53,0,0
01:11:15:03:45:55,-31.2423,-6.92371,0,0.0400562,0,0,0,8462.53,415739,8389.6,0,0,0,415739,0,0,901.472,226.417,8912.84,8462.53,0,0
01:11:15:03:45:56,-31.2423,-6.92371,0,0.0400562,0,0,0,8462.53,415739,8389.6,0,0,0,415739,0,0,901.472,226.433,8912.84,8462.53,0,0
01:11:15:03:45:57,-31.2423,-7.20981,0,0.0400562,0,0,0,8462.53,415739,8389.6,0,0,0,415739,0,0,901.472,226.45,8912.84,8462.53,0,0
01:11:15:03:45:58,-32.1006,-6.63761,0,0.0400562,0,0,0,8462.53,415739,8389.6,0,0,0,415739,0,0,901.472,226.467,8912.84,8462.53,0,0
01:11:15:03:45:59,-30.9562,-6.92371,0,0.0400562,0,0,0,8462.53,415739,8389.6,0,0,0,415739,0,0,901.472,226.483,8912.84,8462.53,0,0
01:11:15:03:46:00,-31.8145,-6.92371,0,0.0400562,0,0,0,8462.53,415739,8389.6,0,0,0,415739,0,0,901.472,226.5,8912.84,8462.53,0,0
01:11:15:03:46:01,-31.8145,-6.63761,0,0.0400562,0,0,0,8462.53,415739,8389.6,0,0,0,415739,0,0,901.472,226.517,8912.84,8462.53,0,0
01:11:15:03:46:02,-31.2423,-6.92371,0,0.0400562,0,0,0,8462.53,415739,8389.6,0,0,0,415739,0,0,901.472,226.533,8912.84,8462.53,0,0
01:11:15:03:46:03,-32.1006,-6.92371,0,0.0400562,0,0,0,8462.53,415739,8389.6,0,0,0,415739,0,0,901.472,226.55,8912.84,8462.53,0,0
01:11:15:03:46:04,-31.2423,-6.92371,0,0.0400562,0,0,0,8462.53,415739,8389.6,0,0,0,415739,0,0,901.472,226.567,8912.84,8462.53,0,0
01:11:15:03:46:05,-31.5284,-7.78201,0,0.0400562,0,0,0,8462.53,415739,8389.6,0,0,0,415739,0,0,901.472,226.583,8912.84,8462.53,0,0
01:11:15:03:46:06,-31.5284,-7.20981,0,0.0400562,0,0,0,8462.53,415739,8389.6,0,0,0,415739,0,0,901.472,226.6,8912.84,8462.53,0,0
01:11:15:03:46:07,-31.8145,-7.20981,0,0.0400562,0,0,0,8462.53,415739,8389.6,0,0,0,415739,0,0,901.472,226.617,8912.84,8462.53,0,0
01:11:15:03:46:08,-32.3867,-7.20981,0,0.0400562,0,0,0,8462.53,415739,8389.6,0,0,0,415739,0,0,901.472,226.633,8912.84,8462.53,0,0
01:11:15:03:46:09,-31.8145,-6.92371,0,0.0400562,0,0,0,8462.53,415739,8389.6,0,0,0,415739,0,0,901.472,226.65,8912.84,8462.53,0,0
01:11:15:03:46:10,-31.8145,-6.92371,0,0.0400562,0,0,0,8462.53,415739,8389.6,0,0,0,415739,0,0,901.472,226.667,8912.84,8462.53,0,0
01:11:15:03:46:11,-31.8145,-7.20981,0,0.0400562,0,0,0,8462.53,415739,8389.6,0,0,0,415739,0,0,901.472,226.683,8912.84,8462.53,0,0
01:11:15:03:46:12,-31.8145,-7.20981,0,0.0400562,0,0,0,8462.53,415739,8389.6,0,0,0,415739,0,0,901.472,226.7,8912.84,8462.53,0,0
01:11:15:03:46:13,-31.2423,-6.92371,0,0.0400562,0,0,0,8462.53,415739,8389.6,0,0,0,415739,0,0,901.472,226.717,8912.84,8462.53,0,0
01:11:15:03:46:14,-31.2423,-7.20981,0,0.0400562,0,0,0,8462.53,415739,8389.6,0,0,0,415739,0,0,901.472,226.733,8912.84,8462.53,0,0
01:11:15:03:46:15,-31.8145,-7.20981,0,0.0400562,0,0,0,8462.53,415739,8389.6,0,0,0,415739,0,0,901.472,226.75,8912.84,8462.53,0,0
01:11:15:03:46:16,-31.8145,-7.49591,0,0.0400562,0,0,0,8462.53,415739,8389.6,0,0,0,415739,0,0,901.472,226.767,8912.84,8462.53,0,0
01:11:15:03:46:17,-31.2423,-6.35151,0,0.0400562,0,0,0,8462.53,415739,8389.6,0,0,0,415739,0,0,901.472,226.783,8912.84,8462.53,0,0
01:11:15:03:46:18,-30.384,-5.4932,0,0.0400562,0,0,0,8462.53,415739,8389.6,0,0,0,415739,0,0,901.472,226.8,8912.84,8462.53,0,0
01:11:15:03:46:19,-29.2396,-4.3488,0,0.0400562,0,0,0,8462.53,415739,8389.6,0,0,0,415739,0,0,901.472,226.817,8912.84,8462.53,0,0
01:11:15:03:46:20,-29.2396,-4.921,0,0.0400562,0,0,0,8462.53,415739,8389.6,0,0,0,415739,0,0,901.472,226.833,8912.84,8462.53,0,0
01:11:15:03:46:21,-28.6674,-4.6349,0,0.0400562,0,0,0,8462.53,415739,8389.6,0,0,0,415739,0,0,901.472,226.85,8912.84,8462.53,0,0
01:11:15:03:46:22,-28.9535,-4.0627,0,0.0400562,0,0,0,8462.53,415739,8389.6,0,0,0,415739,0,0,901.472,226.867,8912.84,8462.53,0,0
01:11:15:03:46:23,-28.6674,-4.0627,0,0.0400562,0,0,0,8462.53,415739,8389.6,0,0,0,415739,0,0,901.472,226.883,8912.84,8462.53,0,0
01:11:15:03:46:24,-28.6674,-4.3488,0,0.0400562,0,0,0,8462.53,415739,8389.6,0,0,0,415739,0,0,901.472,226.9,8912.84,8462.53,0,0
01:11:15:03:46:25,-29.2396,-4.0627,0,0.0400562,0,0,0,8462.53,415739,8389.6,0,0,0,415739,0,0,901.472,226.917,8912.84,8462.53,0,0
01:11:15:03:46:26,-29.2396,-3.77659,0,0.0400562,0,0,0,8462.53,415739,8389.6,0,0,0,415739,0,0,901.472,226.933,8912.84,8462.53,0,0
01:11:15:03:46:27,-28.9535,-4.0627,0,0.0400562,0,0,0,8462.53,415739,8389.6,0,0,0,415739,0,0,901.472,226.95,8912.84,8462.53,0,0
01:11:15:03:46:28,-28.6674,-4.3488,0,0.0400562,0,0,0,8462.53,415739,8389.6,0,0,0,415739,0,0,901.472,226.967,8912.84,8462.53,0,0
01:11:15:03:46:29,-28.6674,-4.0627,0,0.0400562,0,0,0,8462.53,415739,8389.6,0,0,0,415739,0,0,901.472,226.983,8912.84,8462.53,0,0
01:11:15:03:46:30,-28.0952,-4.6349,0,0.0400562,0,0,0,8462.53,415739,8389.6,0,0,0,415739,0,0,901.472,227,8912.84,8462.53,0,0
01:11:15:03:46:31,-28.6674,-4.3488,0,0.0400562,0,0,0,8462.53,415739,8389.6,0,0,0,415739,0,0,901.472,227.017,8912.84,8462.53,0,0
01:11:15:03:46:32,-28.9535,-4.3488,0,0.0400562,0,0,0,8462.53,415739,8389.6,0,0,0,415739,0,0,901.472,227.033,8912.84,8462.53,0,0
01:11:15:03:46:33,-29.2396,-4.3488,0,0.0400562,0,0,0,8462.53,415739,8389.6,0,0,0,415739,0,0,901.472,227.05,8912.84,8462.53,0,0
01:11:15:03:46:34,-29.2396,-4.6349,0,0.0400562,0,0,0,8462.53,415739,8389.6,0,0,0,415739,0,0,901.472,227.067,8912.84,8462.53,0,0
01:11:15:03:46:35,-28.9535,-4.0627,0,0.0400562,0,0,0,8462.53,415739,8389.6,0,0,0,415739,0,0,901.472,227.083,8912.84,8462.53,0,0
01:11:15:03:46:36,-28.9535,-4.3488,0,0.0400562,0,0,0,8462.53,415739,8389.6,0,0,0,415739,0,0,901.472,227.1,8912.84,8462.53,0,0
01:11:15:03:46:37,-28.9535,-4.6349,0,0.0400562,0,0,0,8462.53,415739,8389.6,0,0,0,415739,0,0,901.472,227.117,8912.84,8462.53,0,0
01:11:15:03:46:38,-28.6674,-4.921,0,0.0400562,0,0,0,8462.53,415739,8389.6,0,0,0,415739,0,0,901.472,227.133,8912.84,8462.53,0,0
01:11:15:03:46:39,-28.9535,-4.0627,0,0.0400562,0,0,0,8462.53,415739,8389.6,0,0,0,415739,0,0,901.472,227.15,8912.84,8462.53,0,0
01:11:15:03:46:40,-28.9535,-4.6349,0,0.0400562,0,0,0,8462.53,415739,8389.6,0,0,0,415739,0,0,901.472,227.167,8912.84,8462.53,0,0
01:11:15:03:46:41,-28.0952,-4.3488,0,0.0400562,0,0,0,8462.53,415739,8389.6,0,0,0,415739,0,0,901.472,227.183,8912.84,8462.53,0,0
01:11:15:03:46:42,-28.9535,-4.3488,0,0.0400562,0,0,0,8462.53,415739,8389.6,0,0,0,415739,0,0,901.472,227.2,8912.84,8462.53,0,0
01:11:15:03:46:43,-28.3813,-4.6349,0,0.0400562,0,0,0,8462.53,415739,8389.6,0,0,0,415739,0,0,901.472,227.217,8912.84,8462.53,0,0
01:11:15:03:46:44,-28.6674,-4.3488,0,0.0400562,0,0,0,8462.53,415739,8389.6,0,0,0,415739,0,0,901.472,227.233,8912.84,8462.53,0,0
01:11:15:03:46:45,-28.6674,-4.0627,0,0.0400562,0,0,0,8462.53,415739,8389.6,0,0,0,415739,0,0,901.472,227.25,8912.84,8462.53,0,0
01:11:15:03:46:46,-28.9535,-3.77659,0,0.0400562,0,0,0,8462.53,415739,8389.6,0,0,0,415739,0,0,901.472,227.267,8912.84,8462.53,0,0
01:11:15:03:46:47,-28.9535,-3.77659,0,0.0400562,0,0,0,8462.53,415739,8389.6,0,0,0,415739,0,0,901.472,227.283,8912.84,8462.53,0,0
01:11:15:03:46:48,-28.3813,-3.77659,0,0.0400562,0,0,0,8462.53,415739,8389.6,0,0,0,415739,0,0,901.472,227.3,8912.84,8462.53,0,0
01:11:15:03:46:49,-28.9535,-4.3488,0,0.0400562,0,0,0,8462.53,415739,8389.6,0,0,0,415739,0,0,901.472,227.317,8912.84,8462.53,0,0
01:11:15:03:46:50,-28.3813,-4.0627,0,0.0400562,0,0,0,8462.53,415739,8389.6,0,0,0,415739,0,0,901.472,227.333,8912.84,8462.53,0,0
01:11:15:03:46:51,-28.3813,-4.0627,0,0.0400562,0,0,0,8462.53,415739,8389.6,0,0,0,415739,0,0,901.472,227.35,8912.84,8462.53,0,0
01:11:15:03:46:52,-28.9535,-4.3488,0,0.0400562,0,0,0,8462.53,415739,8389.6,0,0,0,415739,0,0,901.472,227.367,8912.84,8462.53,0,0
01:11:15:03:46:53,-28.3813,-4.6349,0,0.0400562,0,0,0,8462.53,415739,8389.6,0,0,0,415739,0,0,901.472,227.383,8912.84,8462.53,0,0
01:11:15:03:46:54,-28.6674,-4.0627,0,0.0400562,0,0,0,8462.53,415739,8389.6,0,0,0,415739,0,0,901.472,227.4,8912.84,8462.53,0,0
01:11:15:03:46:55,-28.6674,-4.6349,0,0.0400562,0,0,0,8462.53,415739,8389.6,0,0,0,415739,0,0,901.472,227.417,8912.84,8462.53,0,0
01:11:15:03:46:56,-28.6674,-4.6349,0,0.0400562,0,0,0,8462.53,415739,8389.6,0,0,0,415739,0,0,901.472,227.433,8912.84,8462.53,0,0
01:11:15:03:46:57,-28.3813,-4.6349,0,0.0400562,0,0,0,8462.53,415739,8389.6,0,0,0,415739,0,0,901.472,227.45,8912.84,8462.53,0,0
01:11:15:03:46:58,-29.2396,-4.921,0,0.0400562,0,0,0,8462.53,415739,8389.6,0,0,0,415739,0,0,901.472,227.467,8912.84,8462.53,0,0
01:11:15:03:46:59,-28.0952,-4.6349,0,0.0400562,0,0,0,8462.53,415739,8389.6,0,0,0,415739,0,0,901.472,227.483,8912.84,8462.53,0,0
01:11:15:03:47:00,-28.0952,-4.3488,0,0.0400562,0,0,0,8462.53,415739,8389.6,0,0,0,415739,0,0,901.472,227.5,8912.84,8462.53,0,0
01:11:15:03:47:01,-28.9535,-4.3488,0,0.0400562,0,0,0,8462.53,415739,8389.6,0,0,0,415739,0,0,901.472,227.517,8912.84,8462.53,0,0
01:11:15:03:47:02,-28.6674,-4.6349,0,0.0400562,0,0,0,8462.53,415739,8389.6,0,0,0,415739,0,0,901.472,227.533,8912.84,8462.53,0,0
01:11:15:03:47:03,-28.3813,-4.3488,0,0.0400562,0,0,0,8462.53,415739,8389.6,0,0,0,415739,0,0,901.472,227.55,8912.84,8462.53,0,0
01:11:15:03:47:04,-28.9535,-4.3488,0,0.0400562,0,0,0,8462.53,415739,8389.6,0,0,0,415739,0,0,901.472,227.567,8912.84,8462.53,0,0
01:11:15:03:47:05,-29.2396,-4.6349,0,0.0400562,0,0,0,8462.53,415739,8389.6,0,0,0,415739,0,0,901.472,227.583,8912.84,8462.53,0,0
01:11:15:03:47:06,-28.6674,-4.6349,0,0.0400562,0,0,0,8462.53,415739,8389.6,0,0,0,415739,0,0,901.472,227.6,8912.84,8462.53,0,0
01:11:15:03:47:07,-28.9535,-4.0627,0,0.0400562,0,0,0,8462.53,415739,8389.6,0,0,0,415739,0,0,901.472,227.617,8912.84,8462.53,0,0
01:11:15:03:47:08,-28.3813,-4.3488,0,0.0400562,0,0,0,8462.53,415739,8389.6,0,0,0,415739,0,0,901.472,227.633,8912.84,8462.53,0,0
01:11:15:03:47:09,-28.6674,-4.0627,0,0.0400562,0,0,0,8462.53,415739,8389.6,0,0,0,415739,0,0,901.472,227.65,8912.84,8462.53,0,0
01:11:15:03:47:10,-28.0952,-3.77659,0,0.0400562,0,0,0,8462.53,415739,8389.6,0,0,0,415739,0,0,901.472,227.667,8912.84,8462.53,0,0
01:11:15:03:47:11,-28.3813,-4.921,0,0.0400562,0,0,0,8462.53,415739,8389.6,0,0,0,415739,0,0,901.472,227.683,8912.84,8462.53,0,0
01:11:15:03:47:12,-28.9535,-4.6349,0,0.0400562,0,0,0,8462.53,415739,8389.6,0,0,0,415739,0,0,901.472,227.7,8912.84,8462.53,0,0
01:11:15:03:47:13,-28.3813,-4.3488,0,0.0400562,0,0,0,8462.53,415739,8389.6,0,0,0,415739,0,0,901.472,227.717,8912.84,8462.53,0,0
01:11:15:03:47:14,-28.9535,-4.6349,0,0.0400562,0,0,0,8462.53,415739,8389.6,0,0,0,415739,0,0,901.472,227.733,8912.84,8462.53,0,0
01:11:15:03:47:15,-28.6674,-4.6349,0,0.0400562,0,0,0,8462.53,415739,8389.6,0,0,0,415739,0,0,901.472,227.75,8912.84,8462.53,0,0
01:11:15:03:47:16,-28.6674,-4.6349,0,0.0400562,0,0,0,8462.53,415739,8389.6,0,0,0,415739,0,0,901.472,227.767,8912.84,8462.53,0,0
01:11:15:03:47:17,-28.9535,-4.3488,0,0.0400562,0,0,0,8462.53,415739,8389.6,0,0,0,415739,0,0,901.472,227.783,8912.84,8462.53,0,0
01:11:15:03:47:18,-28.0952,-4.6349,0,0.0400562,0,0,0,8462.53,415739,8389.6,0,0,0,415739,0,0,901.472,227.8,8912.84,8462.53,0,0
01:11:15:03:47:19,-28.6674,-4.921,0,0.0400562,0,0,0,8462.53,415739,8389.6,0,0,0,415739,0,0,901.472,227.817,8912.84,8462.53,0,0
01:11:15:03:47:20,-28.3813,-4.3488,0,0.0400562,0,0,0,8462.53,415739,8389.6,0,0,0,415739,0,0,901.472,227.833,8912.84,8462.53,0,0
01:11:15:03:47:21,-28.6674,-4.0627,0,0.0400562,0,0,0,8462.53,415739,8389.6,0,0,0,415739,0,0,901.472,227.85,8912.84,8462.53,0,0
01:11:15:03:47:22,-28.3813,-4.3488,0,0.0400562,0,0,0,8462.53,415739,8389.6,0,0,0,415739,0,0,901.472,227.867,8912.84,8462.53,0,0
01:11:15:03:47:23,-28.9535,-4.3488,0,0.0400562,0,0,0,8462.53,415739,8389.6,0,0,0,415739,0,0,901.472,227.883,8912.84,8462.53,0,0
01:11:15:03:47:24,-28.6674,-4.0627,0,0.0400562,0,0,0,8462.53,415739,8389.6,0,0,0,415739,0,0,901.472,227.9,8912.84,8462.53,0,0
01:11:15:03:47:25,-28.6674,-4.3488,0,0.0400562,0,0,0,8462.53,415739,8389.6,0,0,0,415739,0,0,901.472,227.917,8912.84,8462.53,0,0
01:11:15:03:47:26,-28.3813,-4.0627,0,0.0400562,0,0,0,8462.53,415739,8389.6,0,0,0,415739,0,0,901.472,227.933,8912.84,8462.53,0,0
01:11:15:03:47:27,-29.2396,-3.77659,0,0.0400562,0,0,0,8462.53,415739,8389.6,0,0,0,415739,0,0,901.472,227.95,8912.84,8462.53,0,0
01:11:15:03:47:28,-28.6674,-4.0627,0,0.0400562,0,0,0,8462.53,415739,8389.6,0,0,0,415739,0,0,901.472,227.967,8912.84,8462.53,0,0
01:11:15:03:47:29,-28.6674,-4.6349,0,0.0400562,0,0,0,8462.53,415739,8389.6,0,0,0,415739,0,0,901.472,227.983,8912.84,8462.53,0,0
01:11:15:03:47:30,-28.6674,-4.6349,0,0.0400562,0,0,0,8462.53,415739,8389.6,0,0,0,415739,0,0,901.472,228,8912.84,8462.53,0,0
01:11:15:03:47:31,-29.2396,-4.3488,0,0.0400562,0,0,0,8462.53,415739,8389.6,0,0,0,415739,0,0,901.472,228.017,8912.84,8462.53,0,0
01:11:15:03:47:32,-28.6674,-4.0627,0,0.0400562,0,0,0,8462.53,415739,8389.6,0,0,0,415739,0,0,901.472,228.033,8912.84,8462.53,0,0
01:11:15:03:47:33,-28.3813,-4.921,0,0.0400562,0,0,0,8462.53,415739,8389.6,0,0,0,415739,0,0,901.472,228.05,8912.84,8462.53,0,0
01:11:15:03:47:34,-29.2396,-4.921,0,0.0400562,0,0,0,8462.53,415739,8389.6,0,0,0,415739,0,0,901.472,228.067,8912.84,8462.53,0,0
01:11:15:03:47:35,-28.3813,-4.921,0,0.0400562,0,0,0,8462.53,415739,8389.6,0,0,0,415739,0,0,901.472,228.083,8912.84,8462.53,0,0
01:11:15:03:47:36,-28.9535,-4.3488,0,0.0400562,0,0,0,8462.53,415739,8389.6,0,0,0,415739,0,0,901.472,228.1,8912.84,8462.53,0,0
01:11:15:03:47:37,-29.5257,-4.3488,0,0.0400562,0,0,0,8462.53,415739,8389.6,0,0,0,415739,0,0,901.472,228.117,8912.84,8462.53,0,0
01:11:15:03:47:38,-28.9535,-4.3488,0,0.0400562,0,0,0,8462.53,415739,8389.6,0,0,0,415739,0,0,901.472,228.133,8912.84,8462.53,0,0
01:11:15:03:47:39,-29.8118,-4.6349,0,0.0400562,0,0,0,8462.53,415739,8389.6,0,0,0,415739,0,0,901.472,228.15,8912.84,8462.53,0,0
01:11:15:03:47:40,-29.2396,-4.0627,0,0.0400562,0,0,0,8462.53,415739,8389.6,0,0,0,415739,0,0,901.472,228.167,8912.84,8462.53,0,0
01:11:15:03:47:41,-28.6674,-4.3488,0,0.0400562,0,0,0,8462.53,415739,8389.6,0,0,0,415739,0,0,901.472,228.183,8912.84,8462.53,0,0
01:11:15:03:47:42,-28.9535,-4.3488,0,0.0400562,0,0,0,8462.53,415739,8389.6,0,0,0,415739,0,0,901.472,228.2,8912.84,8462.53,0,0
01:11:15:03:47:43,-28.3813,-4.6349,0,0.0400562,0,0,0,8462.53,415739,8389.6,0,0,0,415739,0,0,901.472,228.217,8912.84,8462.53,0,0
01:11:15:03:47:44,-29.2396,-4.6349,0,0.0400562,0,0,0,8462.53,415739,8389.6,0,0,0,415739,0,0,901.472,228.233,8912.84,8462.53,0,0
01:11:15:03:47:45,-28.6674,-4.6349,0,0.0400562,0,0,0,8462.53,415739,8389.6,0,0,0,415739,0,0,901.472,228.25,8912.84,8462.53,0,0
01:11:15:03:47:46,-29.2396,-4.3488,0,0.0400562,0,0,0,8462.53,415739,8389.6,0,0,0,415739,0,0,901.472,228.267,8912.84,8462.53,0,0
01:11:15:03:47:47,-28.3813,-4.3488,0,0.0400562,0,0,0,8462.53,415739,8389.6,0,0,0,415739,0,0,901.472,228.283,8912.84,8462.53,0,0
01:11:15:03:47:48,-29.2396,-4.3488,0,0.0400562,0,0,0,8462.53,415739,8389.6,0,0,0,415739,0,0,901.472,228.3,8912.84,8462.53,0,0
01:11:15:03:47:49,-29.2396,-4.921,0,0.0400562,0,0,0,8462.53,415739,8389.6,0,0,0,415739,0,0,901.472,228.317,8912.84,8462.53,0,0
01:11:15:03:47:50,-28.6674,-4.6349,0,0.0400562,0,0,0,8462.53,415739,8389.6,0,0,0,415739,0,0,901.472,228.333,8912.84,8462.53,0,0
01:11:15:03:47:51,-29.2396,-4.6349,0,0.0400562,0,0,0,8462.53,415739,8389.6,0,0,0,415739,0,0,901.472,228.35,8912.84,8462.53,0,0
01:11:15:03:47:52,-28.9535,-4.6349,0,0.0400562,0,0,0,8462.53,415739,8389.6,0,0,0,415739,0,0,901.472,228.367,8912.84,8462.53,0,0
01:11:15:03:47:53,-29.2396,-5.2071,0,0.0400562,0,0,0,8462.53,415739,8389.6,0,0,0,415739,0,0,901.472,228.383,8912.84,8462.53,0,0
01:11:15:03:47:54,-29.2396,-5.2071,0,0.0400562,0,0,0,8462.53,415739,8389.6,0,0,0,415739,0,0,901.472,228.4,8912.84,8462.53,0,0
01:11:15:03:47:55,-28.9535,-4.6349,0,0.0400562,0,0,0,8462.53,415739,8389.6,0,0,0,415739,0,0,901.472,228.417,8912.84,8462.53,0,0
01:11:15:03:47:56,-29.5257,-4.6349,0,0.0400562,0,0,0,8462.53,415739,8389.6,0,0,0,415739,0,0,901.472,228.433,8912.84,8462.53,0,0
01:11:15:03:47:57,-29.2396,-4.921,0,0.0400562,0,0,0,8462.53,415739,8389.6,0,0,0,415739,0,0,901.472,228.45,8912.84,8462.53,0,0
01:11:15:03:47:58,-28.9535,-4.921,0,0.0400562,0,0,0,8462.53,415739,8389.6,0,0,0,415739,0,0,901.472,228.467,8912.84,8462.53,0,0
01:11:15:03:47:59,-28.6674,-4.6349,0,0.0400562,0,0,0,8462.53,415739,8389.6,0,0,0,415739,0,0,901.472,228.483,8912.84,8462.53,0,0
01:11:15:03:48:00,-29.2396,-4.921,0,0.0400562,0,0,0,8462.53,415739,8389.6,0,0,0,415739,0,0,901.472,228.5,8912.84,8462.53,0,0
01:11:15:03:48:01,-28.9535,-4.921,0,0.0400562,0,0,0,8462.53,415739,8389.6,0,0,0,415739,0,0,901.472,228.517,8912.84,8462.53,0,0
01:11:15:03:48:02,-29.5257,-4.6349,0,0.0400562,0,0,0,8462.53,415739,8389.6,0,0,0,415739,0,0,901.472,228.533,8912.84,8462.53,0,0
01:11:15:03:48:03,-29.2396,-4.3488,0,0.0400562,0,0,0,8462.53,415739,8389.6,0,0,0,415739,0,0,901.472,228.55,8912.84,8462.53,0,0
01:11:15:03:48:04,-28.6674,-4.6349,0,0.0400562,0,0,0,8462.53,415739,8389.6,0,0,0,415739,0,0,901.472,228.567,8912.84,8462.53,0,0
01:11:15:03:48:05,-28.9535,-4.6349,0,0.0400562,0,0,0,8462.53,415739,8389.6,0,0,0,415739,0,0,901.472,228.583,8912.84,8462.53,0,0
01:11:15:03:48:06,-28.9535,-4.921,0,0.0400562,0,0,0,8462.53,415739,8389.6,0,0,0,415739,0,0,901.472,228.6,8912.84,8462.53,0,0
01:11:15:03:48:07,-28.6674,-4.6349,0,0.0400562,0,0,0,8462.53,415739,8389.6,0,0,0,415739,0,0,901.472,228.617,8912.84,8462.53,0,0
01:11:15:03:48:08,-29.2396,-5.2071,0,0.0400562,0,0,0,8462.53,415739,8389.6,0,0,0,415739,0,0,901.472,228.633,8912.84,8462.53,0,0
01:11:15:03:48:09,-29.5257,-4.6349,0,0.0400562,0,0,0,8462.53,415739,8389.6,0,0,0,415739,0,0,901.472,228.65,8912.84,8462.53,0,0
01:11:15:03:48:10,-29.2396,-4.921,0,0.0400562,0,0,0,8462.53,415739,8389.6,0,0,0,415739,0,0,901.472,228.667,8912.84,8462.53,0,0
01:11:15:03:48:11,-29.2396,-5.2071,0,0.0400562,0,0,0,8462.53,415739,8389.6,0,0,0,415739,0,0,901.472,228.683,8912.84,8462.53,0,0
01:11:15:03:48:12,-29.2396,-4.921,0,0.0400562,0,0,0,8462.53,415739,8389.6,0,0,0,415739,0,0,901.472,228.7,8912.84,8462.53,0,0
01:11:15:03:48:13,-28.9535,-5.2071,0,0.0400562,0,0,0,8462.53,415739,8389.6,0,0,0,415739,0,0,901.472,228.717,8912.84,8462.53,0,0
01:11:15:03:48:14,-28.9535,-5.2071,0,0.0400562,0,0,0,8462.53,415739,8389.6,0,0,0,415739,0,0,901.472,228.733,8912.84,8462.53,0,0
01:11:15:03:48:15,-29.2396,-4.921,0,0.0400562,0,0,0,8462.53,415739,8389.6,0,0,0,415739,0,0,901.472,228.75,8912.84,8462.53,0,0
01:11:15:03:48:16,-29.2396,-4.921,0,0.0400562,0,0,0,8462.53,415739,8389.6,0,0,0,415739,0,0,901.472,228.767,8912.84,8462.53,0,0
01:11:15:03:48:17,-28.9535,-4.921,0,0.0400562,0,0,0,8462.53,415739,8389.6,0,0,0,415739,0,0,901.472,228.783,8912.84,8462.53,0,0
01:11:15:03:48:18,-28.9535,-4.6349,0,0.0400562,0,0,0,8462.53,415739,8389.6,0,0,0,415739,0,0,901.472,228.8,8912.84,8462.53,0,0
01:11:15:03:48:19,-29.5257,-4.921,0,0.0400562,0,0,0,8462.53,415739,8389.6,0,0,0,415739,0,0,901.472,228.817,8912.84,8462.53,0,0
01:11:15:03:48:20,-29.5257,-4.921,0,0.0400562,0,0,0,8462.53,415739,8389.6,0,0,0,415739,0,0,901.472,228.833,8912.84,8462.53,0,0
01:11:15:03:48:21,-29.5257,-4.921,0,0.0400562,0,0,0,8462.53,415739,8389.6,0,0,0,415739,0,0,901.472,228.85,8912.84,8462.53,0,0
01:11:15:03:48:22,-29.2396,-4.6349,0,0.0400562,0,0,0,8462.53,415739,8389.6,0,0,0,415739,0,0,901.472,228.867,8912.84,8462.53,0,0
01:11:15:03:48:23,-28.6674,-5.2071,0,0.0400562,0,0,0,8462.53,415739,8389.6,0,0,0,415739,0,0,901.472,228.883,8912.84,8462.53,0,0
01:11:15:03:48:24,-29.2396,-4.6349,0,0.0400562,0,0,0,8462.53,415739,8389.6,0,0,0,415739,0,0,901.472,228.9,8912.84,8462.53,0,0
01:11:15:03:48:25,-29.2396,-5.2071,0,0.0400562,0,0,0,8462.53,415739,8389.6,0,0,0,415739,0,0,901.472,228.917,8912.84,8462.53,0,0
01:11:15:03:48:26,-29.5257,-4.6349,0,0.0400562,0,0,0,8462.53,415739,8389.6,0,0,0,415739,0,0,901.472,228.933,8912.84,8462.53,0,0
01:11:15:03:48:27,-29.8118,-4.921,0,0.0400562,0,0,0,8462.53,415739,8389.6,0,0,0,415739,0,0,901.472,228.95,8912.84,8462.53,0,0
01:11:15:03:48:28,-29.5257,-5.2071,0,0.0400562,0,0,0,8462.53,415739,8389.6,0,0,0,415739,0,0,901.472,228.967,8912.84,8462.53,0,0
01:11:15:03:48:29,-29.2396,-4.921,0,0.0400562,0,0,0,8462.53,415739,8389.6,0,0,0,415739,0,0,901.472,228.983,8912.84,8462.53,0,0
01:11:15:03:48:30,-29.2396,-5.2071,0,0.0400562,0,0,0,8462.53,415739,8389.6,0,0,0,415739,0,0,901.472,229,8912.84,8462.53,0,0
01:11:15:03:48:31,-29.5257,-5.4932,0,0.0400562,0,0,0,8462.53,415739,8389.6,0,0,0,415739,0,0,901.472,229.017,8912.84,8462.53,0,0
01:11:15:03:48:32,-29.5257,-4.921,0,0.0400562,0,0,0,8462.53,415739,8389.6,0,0,0,415739,0,0,901.472,229.033,8912.84,8462.53,0,0
01:11:15:03:48:33,-30.0979,-5.2071,0,0.0400562,0,0,0,8462.53,415739,8389.6,0,0,0,415739,0,0,901.472,229.05,8912.84,8462.53,0,0
01:11:15:03:48:34,-30.0979,-5.2071,0,0.0400562,0,0,0,8462.53,415739,8389.6,0,0,0,415739,0,0,901.472,229.067,8912.84,8462.53,0,0
01:11:15:03:48:35,-29.8118,-5.4932,0,0.0400562,0,0,0,8462.53,415739,8389.6,0,0,0,415739,0,0,901.472,229.083,8912.84,8462.53,0,0
01:11:15:03:48:36,-29.5257,-5.2071,0,0.0400562,0,0,0,8462.53,415739,8389.6,0,0,0,415739,0,0,901.472,229.1,8912.84,8462.53,0,0
01:11:15:03:48:37,-30.0979,-5.2071,0,0.0400562,0,0,0,8462.53,415739,8389.6,0,0,0,415739,0,0,901.472,229.117,8912.84,8462.53,0,0
01:11:15:03:48:38,-29.8118,-4.3488,0,0.0400562,0,0,0,8462.53,415739,8389.6,0,0,0,415739,0,0,901.472,229.133,8912.84,8462.53,0,0
01:11:15:03:48:39,-29.8118,-4.6349,0,0.0400562,0,0,0,8462.53,415739,8389.6,0,0,0,415739,0,0,901.472,229.15,8912.84,8462.53,0,0
01:11:15:03:48:40,-29.8118,-5.4932,0,0.0400562,0,0,0,8462.53,415739,8389.6,0,0,0,415739,0,0,901.472,229.167,8912.84,8462.53,0,0
01:11:15:03:48:41,-30.0979,-5.2071,0,0.0400562,0,0,0,8462.53,415739,8389.6,0,0,0,415739,0,0,901.472,229.183,8912.84,8462.53,0,0
01:11:15:03:48:42,-30.0979,-5.2071,0,0.0400562,0,0,0,8462.53,415739,8389.6,0,0,0,415739,0,0,901.472,229.2,8912.84,8462.53,0,0
01:11:15:03:48:43,-30.384,-5.4932,0,0.0400562,0,0,0,8462.53,415739,8389.6,0,0,0,415739,0,0,901.472,229.217,8912.84,8462.53,0,0
01:11:15:03:48:44,-30.0979,-5.2071,0,0.0400562,0,0,0,8462.53,415739,8389.6,0,0,0,415739,0,0,901.472,229.233,8912.84,8462.53,0,0
01:11:15:03:48:45,-29.8118,-4.921,0,0.0400562,0,0,0,8462.53,415739,8389.6,0,0,0,415739,0,0,901.472,229.25,8912.84,8462.53,0,0
01:11:15:03:48:46,-30.0979,-5.7793,0,0.0400562,0,0,0,8462.53,415739,8389.6,0,0,0,415739,0,0,901.472,229.267,8912.84,8462.53,0,0
01:11:15:03:48:47,-30.0979,-5.4932,0,0.0400562,0,0,0,8462.53,415739,8389.6,0,0,0,415739,0,0,901.472,229.283,8912.84,8462.53,0,0
01:11:15:03:48:48,-29.8118,-5.4932,0,0.0400562,0,0,0,8462.53,415739,8389.6,0,0,0,415739,0,0,901.472,229.3,8912.84,8462.53,0,0
01:11:15:03:48:49,-30.0979,-5.2071,0,0.0400562,0,0,0,8462.53,415739,8389.6,0,0,0,415739,0,0,901.472,229.317,8912.84,8462.53,0,0
01:11:15:03:48:50,-29.8118,-5.4932,0,0.0400562,0,0,0,8462.53,415739,8389.6,0,0,0,415739,0,0,901.472,229.333,8912.84,8462.53,0,0
01:11:15:03:48:51,-30.0979,-5.2071,0,0.0400562,0,0,0,8462.53,415739,8389.6,0,0,0,415739,0,0,901.472,229.35,8912.84,8462.53,0,0
01:11:15:03:48:52,-29.8118,-5.7793,0,0.0400562,0,0,0,8462.53,415739,8389.6,0,0,0,415739,0,0,901.472,229.367,8912.84,8462.53,0,0
01:11:15:03:48:53,-29.8118,-6.0654,0,0.0400562,0,0,0,8462.53,415739,8389.6,0,0,0,415739,0,0,901.472,229.383,8912.84,8462.53,0,0
01:11:15:03:48:54,-30.384,-5.4932,0,0.0400562,0,0,0,8462.53,415739,8389.6,0,0,0,415739,0,0,901.472,229.4,8912.84,8462.53,0,0
01:11:15:03:48:55,-30.6701,-5.4932,0,0.0400562,0,0,0,8462.53,415739,8389.6,0,0,0,415739,0,0,901.472,229.417,8912.84,8462.53,0,0
01:11:15:03:48:56,-29.8118,-5.2071,0,0.0400562,0,0,0,8462.53,415739,8389.6,0,0,0,415739,0,0,901.472,229.433,8912.84,8462.53,0,0
01:11:15:03:48:57,-30.0979,-4.921,0,0.0400562,0,0,0,8462.53,415739,8389.6,0,0,0,415739,0,0,901.472,229.45,8912.84,8462.53,0,0
01:11:15:03:48:58,-30.384,-5.4932,0,0.0400562,0,0,0,8462.53,415739,8389.6,0,0,0,415739,0,0,901.472,229.467,8912.84,8462.53,0,0
01:11:15:03:48:59,-30.384,-5.4932,0,0.0400562,0,0,0,8462.53,415739,8389.6,0,0,0,415739,0,0,901.472,229.483,8912.84,8462.53,0,0
01:11:15:03:49:00,-30.384,-5.2071,0,0.0400562,0,0,0,8462.53,415739,8389.6,0,0,0,415739,0,0,901.472,229.5,8912.84,8462.53,0,0
01:11:15:03:49:01,-30.0979,-6.0654,0,0.0400562,0,0,0,8462.53,415739,8389.6,0,0,0,415739,0,0,901.472,229.517,8912.84,8462.53,0,0
01:11:15:03:49:02,-30.384,-5.2071,0,0.0400562,0,0,0,8462.53,415739,8389.6,0,0,0,415739,0,0,901.472,229.533,8912.84,8462.53,0,0
01:11:15:03:49:03,-30.9562,-5.2071,0,0.0400562,0,0,0,8462.53,415739,8389.6,0,0,0,415739,0,0,901.472,229.55,8912.84,8462.53,0,0
01:11:15:03:49:04,-30.0979,-5.4932,0,0.0400562,0,0,0,8462.53,415739,8389.6,0,0,0,415739,0,0,901.472,229.567,8912.84,8462.53,0,0
01:11:15:03:49:05,-29.5257,-5.7793,0,0.0400562,0,0,0,8462.53,415739,8389.6,0,0,0,415739,0,0,901.472,229.583,8912.84,8462.53,0,0
01:11:15:03:49:06,-30.384,-5.4932,0,0.0400562,0,0,0,8462.53,415739,8389.6,0,0,0,415739,0,0,901.472,229.6,8912.84,8462.53,0,0
01:11:15:03:49:07,-30.0979,-5.7793,0,0.0400562,0,0,0,8462.53,415739,8389.6,0,0,0,415739,0,0,901.472,229.617,8912.84,8462.53,0,0
01:11:15:03:49:08,-29.8118,-5.7793,0,0.0400562,0,0,0,8462.53,415739,8389.6,0,0,0,415739,0,0,901.472,229.633,8912.84,8462.53,0,0
01:11:15:03:49:09,-29.8118,-5.7793,0,0.0400562,0,0,0,8462.53,415739,8389.6,0,0,0,415739,0,0,901.472,229.65,8912.84,8462.53,0,0
01:11:15:03:49:10,-30.0979,-6.0654,0,0.0400562,0,0,0,8462.53,415739,8389.6,0,0,0,415739,0,0,901.472,229.667,8912.84,8462.53,0,0
01:11:15:03:49:11,-30.0979,-5.4932,0,0.0400562,0,0,0,8462.53,415739,8389.6,0,0,0,415739,0,0,901.472,229.683,8912.84,8462.53,0,0
01:11:15:03:49:12,-30.0979,-5.2071,0,0.0400562,0,0,0,8462.53,415739,8389.6,0,0,0,415739,0,0,901.472,229.7,8912.84,8462.53,0,0
01:11:15:03:49:13,-30.384,-5.4932,0,0.0400562,0,0,0,8462.53,415739,8389.6,0,0,0,415739,0,0,901.472,229.717,8912.84,8462.53,0,0
01:11:15:03:49:14,-30.0979,-5.4932,0,0.0400562,0,0,0,8462.53,415739,8389.6,0,0,0,415739,0,0,901.472,229.733,8912.84,8462.53,0,0
01:11:15:03:49:15,-30.384,-5.4932,0,0.0400562,0,0,0,8462.53,415739,8389.6,0,0,0,415739,0,0,901.472,229.75,8912.84,8462.53,0,0
01:11:15:03:49:16,-30.0979,-5.2071,0,0.0400562,0,0,0,8462.53,415739,8389.6,0,0,0,415739,0,0,901.472,229.767,8912.84,8462.53,0,0
01:11:15:03:49:17,-29.8118,-5.2071,0,0.0400562,0,0,0,8462.53,415739,8389.6,0,0,0,415739,0,0,901.472,229.783,8912.84,8462.53,0,0
01:11:15:03:49:18,-29.8118,-5.7793,0,0.0400562,0,0,0,8462.53,415739,8389.6,0,0,0,415739,0,0,901.472,229.8,8912.84,8462.53,0,0
01:11:15:03:49:19,-30.0979,-5.4932,0,0.0400562,0,0,0,8462.53,415739,8389.6,0,0,0,415739,0,0,901.472,229.817,8912.84,8462.53,0,0
01:11:15:03:49:20,-30.384,-5.7793,0,0.0400562,0,0,0,8462.53,415739,8389.6,0,0,0,415739,0,0,901.472,229.833,8912.84,8462.53,0,0
01:11:15:03:49:21,-29.5257,-6.0654,0,0.0400562,0,0,0,8462.53,415739,8389.6,0,0,0,415739,0,0,901.472,229.85,8912.84,8462.53,0,0
01:11:15:03:49:22,-29.8118,-5.4932,0,0.0400562,0,0,0,8462.53,415739,8389.6,0,0,0,415739,0,0,901.472,229.867,8912.84,8462.53,0,0
01:11:15:03:49:23,-30.0979,-5.4932,0,0.0400562,0,0,0,8462.53,415739,8389.6,0,0,0,415739,0,0,901.472,229.883,8912.84,8462.53,0,0
01:11:15:03:49:24,-30.384,-5.4932,0,0.0400562,0,0,0,8462.53,415739,8389.6,0,0,0,415739,0,0,901.472,229.9,8912.84,8462.53,0,0
01:11:15:03:49:25,-29.8118,-6.0654,0,0.0400562,0,0,0,8462.53,415739,8389.6,0,0,0,415739,0,0,901.472,229.917,8912.84,8462.53,0,0
01:11:15:03:49:26,-30.384,-5.4932,0,0.0400562,0,0,0,8462.53,415739,8389.6,0,0,0,415739,0,0,901.472,229.933,8912.84,8462.53,0,0
01:11:15:03:49:27,-29.8118,-5.7793,0,0.0400562,0,0,0,8462.53,415739,8389.6,0,0,0,415739,0,0,901.472,229.95,8912.84,8462.53,0,0
01:11:15:03:49:28,-30.0979,-5.2071,0,0.0400562,0,0,0,8462.53,415739,8389.6,0,0,0,415739,0,0,901.472,229.967,8912.84,8462.53,0,0
01:11:15:03:49:29,-29.5257,-5.4932,0,0.0400562,0,0,0,8462.53,415739,8389.6,0,0,0,415739,0,0,901.472,229.983,8912.84,8462.53,0,0
01:11:15:03:49:30,-30.384,-5.7793,0,0.0400562,0,0,0,8462.53,415739,8389.6,0,0,0,415739,0,0,901.472,230,8912.84,8462.53,0,0
01:11:15:03:49:31,-29.5257,-5.2071,0,0.0400562,0,0,0,8462.53,415739,8389.6,0,0,0,415739,0,0,901.472,230.017,8912.84,8462.53,0,0
01:11:15:03:49:32,-29.8118,-5.4932,0,0.0400562,0,0,0,8462.53,415739,8389.6,0,0,0,415739,0,0,901.472,230.033,8912.84,8462.53,0,0
01:11:15:03:49:33,-30.0979,-5.7793,0,0.0400562,0,0,0,8462.53,415739,8389.6,0,0,0,415739,0,0,901.472,230.05,8912.84,8462.53,0,0
01:11:15:03:49:34,-29.8118,-5.7793,0,0.0400562,0,0,0,8462.53,415739,8389.6,0,0,0,415739,0,0,901.472,230.067,8912.84,8462.53,0,0
01:11:15:03:49:35,-29.8118,-5.7793,0,0.0400562,0,0,0,8462.53,415739,8389.6,0,0,0,415739,0,0,901.472,230.083,8912.84,8462.53,0,0
01:11:15:03:49:36,-29.8118,-5.4932,0,0.0400562,0,0,0,8462.53,415739,8389.6,0,0,0,415739,0,0,901.472,230.1,8912.84,8462.53,0,0
01:11:15:03:49:37,-29.8118,-5.7793,0,0.0400562,0,0,0,8462.53,415739,8389.6,0,0,0,415739,0,0,901.472,230.117,8912.84,8462.53,0,0
01:11:15:03:49:38,-29.5257,-5.4932,0,0.0400562,0,0,0,8462.53,415739,8389.6,0,0,0,415739,0,0,901.472,230.133,8912.84,8462.53,0,0
01:11:15:03:49:39,-29.8118,-5.7793,0,0.0400562,0,0,0,8462.53,415739,8389.6,0,0,0,415739,0,0,901.472,230.15,8912.84,8462.53,0,0
01:11:15:03:49:40,-29.5257,-6.35151,0,0.0400562,0,0,0,8462.53,415739,8389.6,0,0,0,415739,0,0,901.472,230.167,8912.84,8462.53,0,0
01:11:15:03:49:41,-29.5257,-6.0654,0,0.0400562,0,0,0,8462.53,415739,8389.6,0,0,0,415739,0,0,901.472,230.183,8912.84,8462.53,0,0
01:11:15:03:49:42,-30.384,-5.4932,0,0.0400562,0,0,0,8462.53,415739,8389.6,0,0,0,415739,0,0,901.472,230.2,8912.84,8462.53,0,0
01:11:15:03:49:43,-29.8118,-5.7793,0,0.0400562,0,0,0,8462.53,415739,8389.6,0,0,0,415739,0,0,901.472,230.217,8912.84,8462.53,0,0
01:11:15:03:49:44,-30.384,-5.7793,0,0.0400562,0,0,0,8462.53,415739,8389.6,0,0,0,415739,0,0,901.472,230.233,8912.84,8462.53,0,0
01:11:15:03:49:45,-29.5257,-5.4932,0,0.0400562,0,0,0,8462.53,415739,8389.6,0,0,0,415739,0,0,901.472,230.25,8912.84,8462.53,0,0
01:11:15:03:49:46,-30.0979,-5.7793,0,0.0400562,0,0,0,8462.53,415739,8389.6,0,0,0,415739,0,0,901.472,230.267,8912.84,8462.53,0,0
01:11:15:03:49:47,-30.0979,-6.0654,0,0.0400562,0,0,0,8462.53,415739,8389.6,0,0,0,415739,0,0,901.472,230.283,8912.84,8462.53,0,0
01:11:15:03:49:48,-30.384,-5.4932,0,0.0400562,0,0,0,8462.53,415739,8389.6,0,0,0,415739,0,0,901.472,230.3,8912.84,8462.53,0,0
01:11:15:03:49:49,-29.8118,-5.7793,0,0.0400562,0,0,0,8462.53,415739,8389.6,0,0,0,415739,0,0,901.472,230.317,8912.84,8462.53,0,0
01:11:15:03:49:50,-30.0979,-5.4932,0,0.0400562,0,0,0,8462.53,415739,8389.6,0,0,0,415739,0,0,901.472,230.333,8912.84,8462.53,0,0
01:11:15:03:49:51,-29.8118,-5.4932,0,0.0400562,0,0,0,8462.53,415739,8389.6,0,0,0,415739,0,0,901.472,230.35,8912.84,8462.53,0,0
01:11:15:03:49:52,-29.8118,-5.7793,0,0.0400562,0,0,0,8462.53,415739,8389.6,0,0,0,415739,0,0,901.472,230.367,8912.84,8462.53,0,0
01:11:15:03:49:53,-30.0979,-5.7793,0,0.0400562,0,0,0,8462.53,415739,8389.6,0,0,0,415739,0,0,901.472,230.383,8912.84,8462.53,0,0
01:11:15:03:49:54,-29.8118,-5.4932,0,0.0400562,0,0,0,8462.53,415739,8389.6,0,0,0,415739,0,0,901.472,230.4,8912.84,8462.53,0,0
01:11:15:03:49:55,-30.0979,-5.4932,0,0.0400562,0,0,0,8462.53,415739,8389.6,0,0,0,415739,0,0,901.472,230.417,8912.84,8462.53,0,0
01:11:15:03:49:56,-30.0979,-6.35151,0,0.0400562,0,0,0,8462.53,415739,8389.6,0,0,0,415739,0,0,901.472,230.433,8912.84,8462.53,0,0
01:11:15:03:49:57,-29.5257,-5.4932,0,0.0400562,0,0,0,8462.53,415739,8389.6,0,0,0,415739,0,0,901.472,230.45,8912.84,8462.53,0,0
01:11:15:03:49:58,-30.384,-5.2071,0,0.0400562,0,0,0,8462.53,415739,8389.6,0,0,0,415739,0,0,901.472,230.467,8912.84,8462.53,0,0
01:11:15:03:49:59,-30.384,-5.7793,0,0.0400562,0,0,0,8462.53,415739,8389.6,0,0,0,415739,0,0,901.472,230.483,8912.84,8462.53,0,0
01:11:15:03:50:00,-29.8118,-6.0654,0,0.0400562,0,0,0,8462.53,415739,8389.6,0,0,0,415739,0,0,901.472,230.5,8912.84,8462.53,0,0
01:11:15:03:50:01,-29.5257,-5.7793,0,0.0400562,0,0,0,8462.53,415739,8389.6,0,0,0,415739,0,0,901.472,230.517,8912.84,8462.53,0,0
01:11:15:03:50:02,-30.384,-5.4932,0,0.0400562,0,0,0,8462.53,415739,8389.6,0,0,0,415739,0,0,901.472,230.533,8912.84,8462.53,0,0
01:11:15:03:50:03,-29.8118,-5.4932,0,0.0400562,0,0,0,8462.53,415739,8389.6,0,0,0,415739,0,0,901.472,230.55,8912.84,8462.53,0,0
01:11:15:03:50:04,-30.0979,-6.0654,0,0.0400562,0,0,0,8462.53,415739,8389.6,0,0,0,415739,0,0,901.472,230.567,8912.84,8462.53,0,0
01:11:15:03:50:05,-29.8118,-5.7793,0,0.0400562,0,0,0,8462.53,415739,8389.6,0,0,0,415739,0,0,901.472,230.583,8912.84,8462.53,0,0
01:11:15:03:50:06,-30.0979,-6.35151,0,0.0400562,0,0,0,8462.53,415739,8389.6,0,0,0,415739,0,0,901.472,230.6,8912.84,8462.53,0,0
01:11:15:03:50:07,-29.8118,-5.4932,0,0.0400562,0,0,0,8462.53,415739,8389.6,0,0,0,415739,0,0,901.472,230.617,8912.84,8462.53,0,0
01:11:15:03:50:08,-30.0979,-6.0654,0,0.0400562,0,0,0,8462.53,415739,8389.6,0,0,0,415739,0,0,901.472,230.633,8912.84,8462.53,0,0
01:11:15:03:50:09,-29.5257,-6.0654,0,0.0400562,0,0,0,8462.53,415739,8389.6,0,0,0,415739,0,0,901.472,230.65,8912.84,8462.53,0,0
01:11:15:03:50:10,-30.0979,-5.7793,0,0.0400562,0,0,0,8462.53,415739,8389.6,0,0,0,415739,0,0,901.472,230.667,8912.84,8462.53,0,0
01:11:15:03:50:11,-29.5257,-5.7793,0,0.0400562,0,0,0,8462.53,415739,8389.6,0,0,0,415739,0,0,901.472,230.683,8912.84,8462.53,0,0
01:11:15:03:50:12,-29.8118,-5.7793,0,0.0400562,0,0,0,8462.53,415739,8389.6,0,0,0,415739,0,0,901.472,230.7,8912.84,8462.53,0,0
01:11:15:03:50:13,-30.0979,-5.7793,0,0.0400562,0,0,0,8462.53,415739,8389.6,0,0,0,415739,0,0,901.472,230.717,8912.84,8462.53,0,0
01:11:15:03:50:14,-29.8118,-6.0654,0,0.0400562,0,0,0,8462.53,415739,8389.6,0,0,0,415739,0,0,901.472,230.733,8912.84,8462.53,0,0
01:11:15:03:50:15,-29.5257,-5.7793,0,0.0400562,0,0,0,8462.53,415739,8389.6,0,0,0,415739,0,0,901.472,230.75,8912.84,8462.53,0,0
01:11:15:03:50:16,-29.2396,-5.7793,0,0.0400562,0,0,0,8462.53,415739,8389.6,0,0,0,415739,0,0,901.472,230.767,8912.84,8462.53,0,0
01:11:15:03:50:17,-30.0979,-6.0654,0,0.0400562,0,0,0,8462.53,415739,8389.6,0,0,0,415739,0,0,901.472,230.783,8912.84,8462.53,0,0
01:11:15:03:50:18,-30.384,-5.7793,0,0.0400562,0,0,0,8462.53,415739,8389.6,0,0,0,415739,0,0,901.472,230.8,8912.84,8462.53,0,0
01:11:15:03:50:19,-29.8118,-6.35151,0,0.0400562,0,0,0,8462.53,415739,8389.6,0,0,0,415739,0,0,901.472,230.817,8912.84,8462.53,0,0
01:11:15:03:50:20,-29.8118,-5.7793,0,0.0400562,0,0,0,8462.53,415739,8389.6,0,0,0,415739,0,0,901.472,230.833,8912.84,8462.53,0,0
01:11:15:03:50:21,-29.5257,-6.0654,0,0.0400562,0,0,0,8462.53,415739,8389.6,0,0,0,415739,0,0,901.472,230.85,8912.84,8462.53,0,0
01:11:15:03:50:22,-30.0979,-5.7793,0,0.0400562,0,0,0,8462.53,415739,8389.6,0,0,0,415739,0,0,901.472,230.867,8912.84,8462.53,0,0
01:11:15:03:50:23,-29.5257,-6.0654,0,0.0400562,0,0,0,8462.53,415739,8389.6,0,0,0,415739,0,0,901.472,230.883,8912.84,8462.53,0,0
01:11:15:03:50:24,-30.384,-6.0654,0,0.0400562,0,0,0,8462.53,415739,8389.6,0,0,0,415739,0,0,901.472,230.9,8912.84,8462.53,0,0
01:11:15:03:50:25,-30.0979,-5.7793,0,0.0400562,0,0,0,8462.53,415739,8389.6,0,0,0,415739,0,0,901.472,230.917,8912.84,8462.53,0,0
01:11:15:03:50:26,-30.0979,-6.35151,0,0.0400562,0,0,0,8462.53,415739,8389.6,0,0,0,415739,0,0,901.472,230.933,8912.84,8462.53,0,0
01:11:15:03:50:27,-29.5257,-5.7793,0,0.0400562,0,0,0,8462.53,415739,8389.6,0,0,0,415739,0,0,901.472,230.95,8912.84,8462.53,0,0
01:11:15:03:50:28,-29.8118,-6.0654,0,0.0400562,0,0,0,8462.53,415739,8389.6,0,0,0,415739,0,0,901.472,230.967,8912.84,8462.53,0,0
01:11:15:03:50:29,-30.0979,-5.7793,0,0.0400562,0,0,0,8462.53,415739,8389.6,0,0,0,415739,0,0,901.472,230.983,8912.84,8462.53,0,0
01:11:15:03:50:30,-29.8118,-5.7793,0,0.0400562,0,0,0,8462.53,415739,8389.6,0,0,0,415739,0,0,901.472,231,8912.84,8462.53,0,0
01:11:15:03:50:31,-29.8118,-6.35151,0,0.0400562,0,0,0,8462.53,415739,8389.6,0,0,0,415739,0,0,901.472,231.017,8912.84,8462.53,0,0
01:11:15:03:50:32,-29.8118,-5.7793,0,0.0400562,0,0,0,8462.53,415739,8389.6,0,0,0,415739,0,0,901.472,231.033,8912.84,8462.53,0,0
01:11:15:03:50:33,-29.5257,-6.35151,0,0.0400562,0,0,0,8462.53,415739,8389.6,0,0,0,415739,0,0,901.472,231.05,8912.84,8462.53,0,0
01:11:15:03:50:34,-30.0979,-5.7793,0,0.0400562,0,0,0,8462.53,415739,8389.6,0,0,0,415739,0,0,901.472,231.067,8912.84,8462.53,0,0
01:11:15:03:50:35,-29.8118,-5.7793,0,0.0400562,0,0,0,8462.53,415739,8389.6,0,0,0,415739,0,0,901.472,231.083,8912.84,8462.53,0,0
01:11:15:03:50:36,-29.8118,-5.7793,0,0.0400562,0,0,0,8462.53,415739,8389.6,0,0,0,415739,0,0,901.472,231.1,8912.84,8462.53,0,0
01:11:15:03:50:37,-29.5257,-5.2071,0,0.0400562,0,0,0,8462.53,415739,8389.6,0,0,0,415739,0,0,901.472,231.117,8912.84,8462.53,0,0
01:11:15:03:50:38,-29.5257,-5.4932,0,0.0400562,0,0,0,8462.53,415739,8389.6,0,0,0,415739,0,0,901.472,231.133,8912.84,8462.53,0,0
01:11:15:03:50:39,-29.5257,-6.0654,0,0.0400562,0,0,0,8462.53,415739,8389.6,0,0,0,415739,0,0,901.472,231.15,8912.84,8462.53,0,0
01:11:15:03:50:40,-28.6674,-5.4932,0,0.0400562,0,0,0,8462.53,415739,8389.6,0,0,0,415739,0,0,901.472,231.167,8912.84,8462.53,0,0
01:11:15:03:50:41,-29.2396,-5.7793,0,0.0400562,0,0,0,8462.53,415739,8389.6,0,0,0,415739,0,0,901.472,231.183,8912.84,8462.53,0,0
01:11:15:03:50:42,-29.5257,-6.35151,0,0.0400562,0,0,0,8462.53,415739,8389.6,0,0,0,415739,0,0,901.472,231.2,8912.84,8462.53,0,0
01:11:15:03:50:43,-29.8118,-5.7793,0,0.0400562,0,0,0,8462.53,415739,8389.6,0,0,0,415739,0,0,901.472,231.217,8912.84,8462.53,0,0
01:11:15:03:50:44,-29.8118,-6.35151,0,0.0400562,0,0,0,8462.53,415739,8389.6,0,0,0,415739,0,0,901.472,231.233,8912.84,8462.53,0,0
01:11:15:03:50:45,-29.2396,-5.2071,0,0.0400562,0,0,0,8462.53,415739,8389.6,0,0,0,415739,0,0,901.472,231.25,8912.84,8462.53,0,0
01:11:15:03:50:46,-29.8118,-6.35151,0,0.0400562,0,0,0,8462.53,415739,8389.6,0,0,0,415739,0,0,901.472,231.267,8912.84,8462.53,0,0
01:11:15:03:50:47,-29.8118,-6.0654,0,0.0400562,0,0,0,8462.53,415739,8389.6,0,0,0,415739,0,0,901.472,231.283,8912.84,8462.53,0,0
01:11:15:03:50:48,-29.2396,-5.7793,0,0.0400562,0,0,0,8462.53,415739,8389.6,0,0,0,415739,0,0,901.472,231.3,8912.84,8462.53,0,0
01:11:15:03:50:49,-30.0979,-5.4932,0,0.0400562,0,0,0,8462.53,415739,8389.6,0,0,0,415739,0,0,901.472,231.317,8912.84,8462.53,0,0
01:11:15:03:50:50,-29.8118,-6.63761,0,0.0400562,0,0,0,8462.53,415739,8389.6,0,0,0,415739,0,0,901.472,231.333,8912.84,8462.53,0,0
01:11:15:03:50:51,-29.5257,-6.0654,0,0.0400562,0,0,0,8462.53,415739,8389.6,0,0,0,415739,0,0,901.472,231.35,8912.84,8462.53,0,0
01:11:15:03:50:52,-29.5257,-6.0654,0,0.0400562,0,0,0,8462.53,415739,8389.6,0,0,0,415739,0,0,901.472,231.367,8912.84,8462.53,0,0
01:11:15:03:50:53,-29.8118,-5.7793,0,0.0400562,0,0,0,8462.53,415739,8389.6,0,0,0,415739,0,0,901.472,231.383,8912.84,8462.53,0,0
01:11:15:03:50:54,-29.5257,-6.0654,0,0.0400562,0,0,0,8462.53,415739,8389.6,0,0,0,415739,0,0,901.472,231.4,8912.84,8462.53,0,0
01:11:15:03:50:55,-29.5257,-6.35151,0,0.0400562,0,0,0,8462.53,415739,8389.6,0,0,0,415739,0,0,901.472,231.417,8912.84,8462.53,0,0
01:11:15:03:50:56,-29.5257,-6.0654,0,0.0400562,0,0,0,8462.53,415739,8389.6,0,0,0,415739,0,0,901.472,231.433,8912.84,8462.53,0,0
01:11:15:03:50:57,-30.0979,-6.0654,0,0.0400562,0,0,0,8462.53,415739,8389.6,0,0,0,415739,0,0,901.472,231.45,8912.84,8462.53,0,0
01:11:15:03:50:58,-29.5257,-5.7793,0,0.0400562,0,0,0,8462.53,415739,8389.6,0,0,0,415739,0,0,901.472,231.467,8912.84,8462.53,0,0
01:11:15:03:50:59,-29.8118,-6.0654,0,0.0400562,0,0,0,8462.53,415739,8389.6,0,0,0,415739,0,0,901.472,231.483,8912.84,8462.53,0,0
01:11:15:03:51:00,-29.5257,-5.4932,0,0.0400562,0,0,0,8462.53,415739,8389.6,0,0,0,415739,0,0,901.472,231.5,8912.84,8462.53,0,0
01:11:15:03:51:01,-29.5257,-5.7793,0,0.0400562,0,0,0,8462.53,415739,8389.6,0,0,0,415739,0,0,901.472,231.517,8912.84,8462.53,0,0
01:11:15:03:51:02,-29.2396,-5.7793,0,0.0400562,0,0,0,8462.53,415739,8389.6,0,0,0,415739,0,0,901.472,231.533,8912.84,8462.53,0,0
01:11:15:03:51:03,-29.8118,-6.63761,0,0.0400562,0,0,0,8462.53,415739,8389.6,0,0,0,415739,0,0,901.472,231.55,8912.84,8462.53,0,0
01:11:15:03:51:04,-29.5257,-6.0654,0,0.0400562,0,0,0,8462.53,415739,8389.6,0,0,0,415739,0,0,901.472,231.567,8912.84,8462.53,0,0
01:11:15:03:51:05,-29.2396,-6.0654,0,0.0400562,0,0,0,8462.53,415739,8389.6,0,0,0,415739,0,0,901.472,231.583,8912.84,8462.53,0,0
01:11:15:03:51:06,-29.2396,-5.7793,0,0.0400562,0,0,0,8462.53,415739,8389.6,0,0,0,415739,0,0,901.472,231.6,8912.84,8462.53,0,0
01:11:15:03:51:07,-29.5257,-5.7793,0,0.0400562,0,0,0,8462.53,415739,8389.6,0,0,0,415739,0,0,901.472,231.617,8912.84,8462.53,0,0
01:11:15:03:51:08,-29.5257,-5.4932,0,0.0400562,0,0,0,8462.53,415739,8389.6,0,0,0,415739,0,0,901.472,231.633,8912.84,8462.53,0,0
01:11:15:03:51:09,-29.8118,-5.7793,0,0.0400562,0,0,0,8462.53,415739,8389.6,0,0,0,415739,0,0,901.472,231.65,8912.84,8462.53,0,0
01:11:15:03:51:10,-29.5257,-5.7793,0,0.0400562,0,0,0,8462.53,415739,8389.6,0,0,0,415739,0,0,901.472,231.667,8912.84,8462.53,0,0
01:11:15:03:51:11,-29.5257,-6.63761,0,0.0400562,0,0,0,8462.53,415739,8389.6,0,0,0,415739,0,0,901.472,231.683,8912.84,8462.53,0,0
01:11:15:03:51:12,-29.8118,-6.0654,0,0.0400562,0,0,0,8462.53,415739,8389.6,0,0,0,415739,0,0,901.472,231.7,8912.84,8462.53,0,0
01:11:15:03:51:13,-29.2396,-6.0654,0,0.0400562,0,0,0,8462.53,415739,8389.6,0,0,0,415739,0,0,901.472,231.717,8912.84,8462.53,0,0
01:11:15:03:51:14,-29.5257,-5.7793,0,0.0400562,0,0,0,8462.53,415739,8389.6,0,0,0,415739,0,0,901.472,231.733,8912.84,8462.53,0,0
01:11:15:03:51:15,-29.5257,-6.0654,0,0.0400562,0,0,0,8462.53,415739,8389.6,0,0,0,415739,0,0,901.472,231.75,8912.84,8462.53,0,0
01:11:15:03:51:16,-29.5257,-6.0654,0,0.0400562,0,0,0,8462.53,415739,8389.6,0,0,0,415739,0,0,901.472,231.767,8912.84,8462.53,0,0
01:11:15:03:51:17,-30.0979,-5.7793,0,0.0400562,0,0,0,8462.53,415739,8389.6,0,0,0,415739,0,0,901.472,231.783,8912.84,8462.53,0,0
01:11:15:03:51:18,-29.5257,-6.0654,0,0.0400562,0,0,0,8462.53,415739,8389.6,0,0,0,415739,0,0,901.472,231.8,8912.84,8462.53,0,0
01:11:15:03:51:19,-29.8118,-6.0654,0,0.0400562,0,0,0,8462.53,415739,8389.6,0,0,0,415739,0,0,901.472,231.817,8912.84,8462.53,0,0
01:11:15:03:51:20,-29.8118,-6.63761,0,0.0400562,0,0,0,8462.53,415739,8389.6,0,0,0,415739,0,0,901.472,231.833,8912.84,8462.53,0,0
01:11:15:03:51:21,-29.5257,-6.35151,0,0.0400562,0,0,0,8462.53,415739,8389.6,0,0,0,415739,0,0,901.472,231.85,8912.84,8462.53,0,0
01:11:15:03:51:22,-30.0979,-6.0654,0,0.0400562,0,0,0,8462.53,415739,8389.6,0,0,0,415739,0,0,901.472,231.867,8912.84,8462.53,0,0
01:11:15:03:51:23,-29.5257,-6.0654,0,0.0400562,0,0,0,8462.53,415739,8389.6,0,0,0,415739,0,0,901.472,231.883,8912.84,8462.53,0,0
01:11:15:03:51:24,-30.0979,-6.0654,0,0.0400562,0,0,0,8462.53,415739,8389.6,0,0,0,415739,0,0,901.472,231.9,8912.84,8462.53,0,0
01:11:15:03:51:25,-29.5257,-5.7793,0,0.0400562,0,0,0,8462.53,415739,8389.6,0,0,0,415739,0,0,901.472,231.917,8912.84,8462.53,0,0
01:11:15:03:51:26,-29.2396,-6.63761,0,0.0400562,0,0,0,8462.53,415739,8389.6,0,0,0,415739,0,0,901.472,231.933,8912.84,8462.53,0,0
01:11:15:03:51:27,-29.2396,-6.0654,0,0.0400562,0,0,0,8462.53,415739,8389.6,0,0,0,415739,0,0,901.472,231.95,8912.84,8462.53,0,0
01:11:15:03:51:28,-29.8118,-5.7793,0,0.0400562,0,0,0,8462.53,415739,8389.6,0,0,0,415739,0,0,901.472,231.967,8912.84,8462.53,0,0
01:11:15:03:51:29,-30.0979,-5.7793,0,0.0400562,0,0,0,8462.53,415739,8389.6,0,0,0,415739,0,0,901.472,231.983,8912.84,8462.53,0,0
01:11:15:03:51:30,-29.5257,-6.0654,0,0.0400562,0,0,0,8462.53,415739,8389.6,0,0,0,415739,0,0,901.472,232,8912.84,8462.53,0,0
01:11:15:03:51:31,-29.8118,-6.35151,0,0.0400562,0,0,0,8462.53,415739,8389.6,0,0,0,415739,0,0,901.472,232.017,8912.84,8462.53,0,0
01:11:15:03:51:32,-29.8118,-5.7793,0,0.0400562,0,0,0,8462.53,415739,8389.6,0,0,0,415739,0,0,901.472,232.033,8912.84,8462.53,0,0
01:11:15:03:51:33,-29.5257,-5.7793,0,0.0400562,0,0,0,8462.53,415739,8389.6,0,0,0,415739,0,0,901.472,232.05,8912.84,8462.53,0,0
01:11:15:03:51:34,-29.8118,-6.0654,0,0.0400562,0,0,0,8462.53,415739,8389.6,0,0,0,415739,0,0,901.472,232.067,8912.84,8462.53,0,0
01:11:15:03:51:35,-29.5257,-6.0654,0,0.0400562,0,0,0,8462.53,415739,8389.6,0,0,0,415739,0,0,901.472,232.083,8912.84,8462.53,0,0
01:11:15:03:51:36,-29.8118,-6.0654,0,0.0400562,0,0,0,8462.53,415739,8389.6,0,0,0,415739,0,0,901.472,232.1,8912.84,8462.53,0,0
01:11:15:03:51:37,-29.2396,-6.35151,0,0.0400562,0,0,0,8462.53,415739,8389.6,0,0,0,415739,0,0,901.472,232.117,8912.84,8462.53,0,0
01:11:15:03:51:38,-29.8118,-6.0654,0,0.0400562,0,0,0,8462.53,415739,8389.6,0,0,0,415739,0,0,901.472,232.133,8912.84,8462.53,0,0
01:11:15:03:51:39,-29.5257,-6.0654,0,0.0400562,0,0,0,8462.53,415739,8389.6,0,0,0,415739,0,0,901.472,232.15,8912.84,8462.53,0,0
01:11:15:03:51:40,-29.8118,-6.0654,0,0.0400562,0,0,0,8462.53,415739,8389.6,0,0,0,415739,0,0,901.472,232.167,8912.84,8462.53,0,0
01:11:15:03:51:41,-29.8118,-6.0654,0,0.0400562,0,0,0,8462.53,415739,8389.6,0,0,0,415739,0,0,901.472,232.183,8912.84,8462.53,0,0
01:11:15:03:51:42,-29.5257,-6.0654,0,0.0400562,0,0,0,8462.53,415739,8389.6,0,0,0,415739,0,0,901.472,232.2,8912.84,8462.53,0,0
01:11:15:03:51:43,-29.5257,-6.0654,0,0.0400562,0,0,0,8462.53,415739,8389.6,0,0,0,415739,0,0,901.472,232.217,8912.84,8462.53,0,0
01:11:15:03:51:44,-29.2396,-5.4932,0,0.0400562,0,0,0,8462.53,415739,8389.6,0,0,0,415739,0,0,901.472,232.233,8912.84,8462.53,0,0
01:11:15:03:51:45,-29.2396,-5.7793,0,0.0400562,0,0,0,8462.53,415739,8389.6,0,0,0,415739,0,0,901.472,232.25,8912.84,8462.53,0,0
01:11:15:03:51:46,-29.5257,-5.7793,0,0.0400562,0,0,0,8462.53,415739,8389.6,0,0,0,415739,0,0,901.472,232.267,8912.84,8462.53,0,0
01:11:15:03:51:47,-29.2396,-6.63761,0,0.0400562,0,0,0,8462.53,415739,8389.6,0,0,0,415739,0,0,901.472,232.283,8912.84,8462.53,0,0
01:11:15:03:51:48,-29.5257,-5.7793,0,0.0400562,0,0,0,8462.53,415739,8389.6,0,0,0,415739,0,0,901.472,232.3,8912.84,8462.53,0,0
01:11:15:03:51:49,-29.5257,-5.7793,0,0.0400562,0,0,0,8462.53,415739,8389.6,0,0,0,415739,0,0,901.472,232.317,8912.84,8462.53,0,0
01:11:15:03:51:50,-29.8118,-6.35151,0,0.0400562,0,0,0,8462.53,415739,8389.6,0,0,0,415739,0,0,901.472,232.333,8912.84,8462.53,0,0
01:11:15:03:51:51,-29.2396,-5.7793,0,0.0400562,0,0,0,8462.53,415739,8389.6,0,0,0,415739,0,0,901.472,232.35,8912.84,8462.53,0,0
01:11:15:03:51:52,-27.2369,-2.91829,0,0.0400562,0,0,0,8462.53,415739,8389.6,0,0,0,415739,0,0,901.472,232.367,8912.84,8462.53,0,0
01:11:15:03:51:53,-25.8064,-0.629481,0,0.0400562,0,0,0,8462.53,415739,8389.6,0,0,0,415739,0,0,901.472,232.383,8912.84,8462.53,0,0
01:11:15:03:51:54,-24.0898,-0.343379,0,0.0400562,0,0,0,8462.53,415739,8389.6,0,0,0,415739,0,0,901.472,232.4,8912.84,8462.53,0,0
01:11:15:03:51:55,-21.801,2.23153,0,0.0400562,0,0,0,8462.53,415739,8389.6,0,0,0,415739,0,0,901.472,232.417,8912.84,8462.53,0,0
01:11:15:03:51:56,-20.3705,3.08984,0,0.0400562,0,0,0,8462.53,415739,8389.6,0,0,0,415739,0,0,901.472,232.433,8912.84,8462.53,0,0
01:11:15:03:51:57,-19.2261,3.66204,0,0.0400562,0,0,0,8462.53,415739,8389.6,0,0,0,415739,0,0,901.472,232.45,8912.84,8462.53,0,0
01:11:15:03:51:58,-18.6539,5.09254,0,0.0400562,0,0,0,8462.53,415739,8389.6,0,0,0,415739,0,0,901.472,232.467,8912.84,8462.53,0,0
01:11:15:03:51:59,-18.6539,5.09254,0,0.0400562,0,0,0,8462.53,415739,8389.6,0,0,0,415739,0,0,901.472,232.483,8912.84,8462.53,0,0
01:11:15:03:52:00,-18.3678,4.52034,0,0.0400562,0,0,0,8462.53,415739,8389.6,0,0,0,415739,0,0,901.472,232.5,8912.84,8462.53,0,0
01:11:15:03:52:01,-18.3678,5.37864,0,0.0400562,0,0,0,8462.53,415739,8389.6,0,0,0,415739,0,0,901.472,232.517,8912.84,8462.53,0,0
01:11:15:03:52:02,-18.6539,5.37864,0,0.0400562,0,0,0,8462.53,415739,8389.6,0,0,0,415739,0,0,901.472,232.533,8912.84,8462.53,0,0
01:11:15:03:52:03,-18.3678,5.37864,0,0.0400562,0,0,0,8462.53,415739,8389.6,0,0,0,415739,0,0,901.472,232.55,8912.84,8462.53,0,0
01:11:15:03:52:04,-18.3678,5.37864,0,0.0400562,0,0,0,8462.53,415739,8389.6,0,0,0,415739,0,0,901.472,232.567,8912.84,8462.53,0,0
01:11:15:03:52:05,-18.0817,5.09254,0,0.0400562,0,0,0,8462.53,415739,8389.6,0,0,0,415739,0,0,901.472,232.583,8912.84,8462.53,0,0
01:11:15:03:52:06,-15.7928,8.23966,0,0.0400562,0,0,0,8462.53,415739,8389.6,0,0,0,415739,0,0,901.472,232.6,8912.84,8462.53,0,0
01:11:15:03:52:07,-14.3623,9.95626,0,0.0400562,0,0,0,8462.53,415739,8389.6,0,0,0,415739,0,0,901.472,232.617,8912.84,8462.53,0,0
01:11:15:03:52:08,-9.21252,14.2478,0,0.0400562,0,0,0,8462.53,415739,8389.6,0,0,0,415739,0,0,901.472,232.633,8912.84,8462.53,0,0
01:11:15:03:52:09,-2.05999,21.6864,0,0.0400562,0,0,0,8462.53,415739,8389.6,0,0,0,415739,0,0,901.472,232.65,8912.84,8462.53,0,0
01:11:15:03:52:10,6.23695,29.4111,0,0.0400562,0,0,0,8462.53,415739,8389.6,0,0,0,415739,0,0,901.472,232.667,8912.84,8462.53,0,0
01:11:15:03:52:11,9.09796,32.5583,0,0.0400562,0,0,0,8462.53,415739,8389.6,0,0,0,415739,0,0,901.472,232.683,8912.84,8462.53,0,0
01:11:15:03:52:12,12.8173,35.7054,0,0.0400562,0,0,0,8462.53,415739,8389.6,0,0,0,415739,0,0,901.472,232.7,8912.84,8462.53,0,0
01:11:15:03:52:13,16.8227,40.5691,0,0.0400562,0,0,0,8462.53,415739,8389.6,0,0,0,415739,0,0,901.472,232.717,8912.84,8462.53,0,0
01:11:15:03:52:14,16.5366,39.9969,0,0.0400562,0,0,0,8462.53,415739,8389.6,0,0,0,415739,0,0,901.472,232.733,8912.84,8462.53,0,0
01:11:15:03:52:15,19.1115,43.144,0,0.0400562,0,0,0,8462.53,415739,8389.6,0,0,0,415739,0,0,901.472,232.75,8912.84,8462.53,0,0
01:11:15:03:52:16,21.6864,46.005,0,0.0400562,0,0,0,8462.53,415739,8389.6,0,0,0,415739,0,0,901.472,232.767,8912.84,8462.53,0,0
01:11:15:03:52:17,22.5447,47.1494,0,0.0400562,0,0,0,8462.53,415739,8389.6,0,0,0,415739,0,0,901.472,232.783,8912.84,8462.53,0,0
01:11:15:03:52:18,25.4057,49.4382,0,0.0400562,0,0,0,8462.53,415739,8389.6,0,0,0,415739,0,0,901.472,232.8,8912.84,8462.53,0,0
01:11:15:03:52:19,27.6945,52.5853,0,0.0400562,0,0,0,8462.53,415739,8389.6,0,0,0,415739,0,0,901.472,232.817,8912.84,8462.53,0,0
01:11:15:03:52:20,28.8389,53.4436,0,0.0400562,0,0,0,8462.53,415739,8389.6,0,0,0,415739,0,0,901.472,232.833,8912.84,8462.53,0,0
01:11:15:03:52:21,31.1278,55.4464,0,0.0400562,0,0,0,8462.53,415739,8389.6,0,0,0,415739,0,0,901.472,232.85,8912.84,8462.53,0,0
01:11:15:03:52:22,31.1278,55.1603,0,0.0400562,0,0,0,8462.53,415739,8389.6,0,0,0,415739,0,0,901.472,232.867,8912.84,8462.53,0,0
01:11:15:03:52:23,31.4139,56.3047,0,0.0400562,0,0,0,8462.53,415739,8389.6,0,0,0,415739,0,0,901.472,232.883,8912.84,8462.53,0,0
01:11:15:03:52:24,29.9833,53.7298,0,0.0400562,0,0,0,8462.53,415739,8389.6,0,0,0,415739,0,0,901.472,232.9,8912.84,8462.53,0,0
01:11:15:03:52:25,30.8417,55.7325,0,0.0400562,0,0,0,8462.53,415739,8389.6,0,0,0,415739,0,0,901.472,232.917,8912.84,8462.53,0,0
01:11:15:03:52:26,33.1305,56.8769,0,0.0400562,0,0,0,8462.53,415739,8389.6,0,0,0,415739,0,0,901.472,232.933,8912.84,8462.53,0,0
01:11:15:03:52:27,33.4166,58.0213,0,0.0400562,0,0,0,8462.53,415739,8389.6,0,0,0,415739,0,0,901.472,232.95,8912.84,8462.53,0,0
01:11:15:03:52:28,34.561,59.1657,0,0.0400562,0,0,0,8462.53,415739,8389.6,0,0,0,415739,0,0,901.472,232.967,8912.84,8462.53,0,0
01:11:15:03:52:29,36.2776,60.8823,0,0.0400562,0,0,0,8462.53,415739,8389.6,0,0,0,415739,0,0,901.472,232.983,8912.84,8462.53,0,0
01:11:15:03:52:30,36.2776,60.5962,0,0.0400562,0,0,0,8462.53,415739,8389.6,0,0,0,415739,0,0,901.472,233,8912.84,8462.53,0,0
01:11:15:03:52:31,35.7054,59.7379,0,0.0400562,0,0,0,8462.53,415739,8389.6,0,0,0,415739,0,0,901.472,233.017,8912.84,8462.53,0,0
01:11:15:03:52:32,33.7027,58.0213,0,0.0400562,0,0,0,8462.53,415739,8389.6,0,0,0,415739,0,0,901.472,233.033,8912.84,8462.53,0,0
01:11:15:03:52:33,34.561,59.1657,0,0.0400562,0,0,0,8462.53,415739,8389.6,0,0,0,415739,0,0,901.472,233.05,8912.84,8462.53,0,0
01:11:15:03:52:34,37.7081,62.3128,0,0.0400562,0,0,0,8462.53,415739,8389.6,0,0,0,415739,0,0,901.472,233.067,8912.84,8462.53,0,0
01:11:15:03:52:35,34.8471,60.3101,0,0.0400562,0,0,0,8462.53,415739,8389.6,0,0,0,415739,0,0,901.472,233.083,8912.84,8462.53,0,0
01:11:15:03:52:36,33.4166,57.4491,0,0.0400562,0,0,0,8462.53,415739,8389.6,0,0,0,415739,0,0,901.472,233.1,8912.84,8462.53,0,0
01:11:15:03:52:37,40.5691,64.8877,0,0.0400562,0,0,0,8462.53,415739,8389.6,0,0,0,415739,0,0,901.472,233.117,8912.84,8462.53,0,0
01:11:15:03:52:38,38.5664,62.885,0,0.0400562,0,0,0,8462.53,415739,8389.6,0,0,0,415739,0,0,901.472,233.133,8912.84,8462.53,0,0
01:11:15:03:52:39,40.283,65.4599,0,0.0400562,0,0,0,8462.53,415739,8389.6,0,0,0,415739,0,0,901.472,233.15,8912.84,8462.53,0,0
01:11:15:03:52:40,35.9915,60.024,0,0.0400562,0,0,0,8462.53,415739,8389.6,0,0,0,415739,0,0,901.472,233.167,8912.84,8462.53,0,0
01:11:15:03:52:41,39.9969,64.8877,0,0.0400562,0,0,0,8462.53,415739,8389.6,0,0,0,415739,0,0,901.472,233.183,8912.84,8462.53,0,0
01:11:15:03:52:42,38.5664,63.1711,0,0.0400562,0,0,0,8462.53,415739,8389.6,0,0,0,415739,0,0,901.472,233.2,8912.84,8462.53,0,0
01:11:15:03:52:43,39.9969,65.1738,0,0.0400562,0,0,0,8462.53,415739,8389.6,0,0,0,415739,0,0,901.472,233.217,8912.84,8462.53,0,0
01:11:15:03:52:44,36.5637,61.1684,0,0.0400562,0,0,0,8462.53,415739,8389.6,0,0,0,415739,0,0,901.472,233.233,8912.84,8462.53,0,0
01:11:15:03:52:45,41.9996,66.3182,0,0.0400562,0,0,0,8462.53,415739,8389.6,0,0,0,415739,0,0,901.472,233.25,8912.84,8462.53,0,0
01:11:15:03:52:46,36.5637,60.3101,0,0.0400562,0,0,0,8462.53,415739,8389.6,0,0,0,415739,0,0,901.472,233.267,8912.84,8462.53,0,0
01:11:15:03:52:47,38.8525,64.6016,0,0.0400562,0,0,0,8462.53,415739,8389.6,0,0,0,415739,0,0,901.472,233.283,8912.84,8462.53,0,0
01:11:15:03:52:48,39.9969,64.3155,0,0.0400562,0,0,0,8462.53,415739,8389.6,0,0,0,415739,0,0,901.472,233.3,8912.84,8462.53,0,0
01:11:15:03:52:49,36.8498,61.7406,0,0.0400562,0,0,0,8462.53,415739,8389.6,0,0,0,415739,0,0,901.472,233.317,8912.84,8462.53,0,0
01:11:15:03:52:50,39.4247,63.4572,0,0.0400562,0,0,0,8462.53,415739,8389.6,0,0,0,415739,0,0,901.472,233.333,8912.84,8462.53,0,0
01:11:15:03:52:51,36.2776,60.5962,0,0.0400562,0,0,0,8462.53,415739,8389.6,0,0,0,415739,0,0,901.472,233.35,8912.84,8462.53,0,0
01:11:15:03:52:52,42.5718,67.7487,0,0.0400562,0,0,0,8462.53,415739,8389.6,0,0,0,415739,0,0,901.472,233.367,8912.84,8462.53,0,0
01:11:15:03:52:53,36.2776,60.024,0,0.0400562,0,0,0,8462.53,415739,8389.6,0,0,0,415739,0,0,901.472,233.383,8912.84,8462.53,0,0
01:11:15:03:52:54,42.8579,68.3209,0,0.0400562,0,0,0,8462.53,415739,8389.6,0,0,0,415739,0,0,901.472,233.4,8912.84,8462.53,0,0
01:11:15:03:52:55,38.5664,62.0267,0,0.0400562,0,0,0,8462.53,415739,8389.6,0,0,0,415739,0,0,901.472,233.417,8912.84,8462.53,0,0
01:11:15:03:52:56,40.5691,65.746,0,0.0400562,0,0,0,8462.53,415739,8389.6,0,0,0,415739,0,0,901.472,233.433,8912.84,8462.53,0,0
01:11:15:03:52:57,36.8498,61.1684,0,0.0400562,0,0,0,8462.53,415739,8389.6,0,0,0,415739,0,0,901.472,233.45,8912.84,8462.53,0,0
01:11:15:03:52:58,39.9969,64.3155,0,0.0400562,0,0,0,8462.53,415739,8389.6,0,0,0,415739,0,0,901.472,233.467,8912.84,8462.53,0,0
01:11:15:03:52:59,38.5664,62.0267,0,0.0400562,0,0,0,8462.53,415739,8389.6,0,0,0,415739,0,0,901.472,233.483,8912.84,8462.53,0,0
01:11:15:03:53:00,37.9942,61.7406,0,0.0400562,0,0,0,8462.53,415739,8389.6,0,0,0,415739,0,0,901.472,233.5,8912.84,8462.53,0,0
01:11:15:03:53:01,38.8525,62.885,0,0.0400562,0,0,0,8462.53,415739,8389.6,0,0,0,415739,0,0,901.472,233.517,8912.84,8462.53,0,0
01:11:15:03:53:02,39.9969,64.0294,0,0.0400562,0,0,0,8462.53,415739,8389.6,0,0,0,415739,0,0,901.472,233.533,8912.84,8462.53,0,0
01:11:15:03:53:03,38.2803,62.0267,0,0.0400562,0,0,0,8462.53,415739,8389.6,0,0,0,415739,0,0,901.472,233.55,8912.84,8462.53,0,0
01:11:15:03:53:04,36.8498,61.1684,0,0.0400562,0,0,0,8462.53,415739,8389.6,0,0,0,415739,0,0,901.472,233.567,8912.84,8462.53,0,0
01:11:15:03:53:05,41.9996,66.3182,0,0.0400562,0,0,0,8462.53,415739,8389.6,0,0,0,415739,0,0,901.472,233.583,8912.84,8462.53,0,0
01:11:15:03:53:06,35.4193,59.4518,0,0.0400562,0,0,0,8462.53,415739,8389.6,0,0,0,415739,0,0,901.472,233.6,8912.84,8462.53,0,0
01:11:15:03:53:07,44.8606,68.607,0,0.0400562,0,0,0,8462.53,415739,8389.6,0,0,0,415739,0,0,901.472,233.617,8912.84,8462.53,0,0
01:11:15:03:53:08,37.422,60.3101,0,0.0400562,0,0,0,8462.53,415739,8389.6,0,0,0,415739,0,0,901.472,233.633,8912.84,8462.53,0,0
01:11:15:03:53:09,38.5664,62.3128,0,0.0400562,0,0,0,8462.53,415739,8389.6,0,0,0,415739,0,0,901.472,233.65,8912.84,8462.53,0,0
01:11:15:03:53:10,39.7108,62.885,0,0.0400562,0,0,0,8462.53,415739,8389.6,0,0,0,415739,0,0,901.472,233.667,8912.84,8462.53,0,0
01:11:15:03:53:11,39.7108,63.1711,0,0.0400562,0,0,0,8462.53,415739,8389.6,0,0,0,415739,0,0,901.472,233.683,8912.84,8462.53,0,0
01:11:15:03:53:12,39.4247,62.5989,0,0.0400562,0,0,0,8462.53,415739,8389.6,0,0,0,415739,0,0,901.472,233.7,8912.84,8462.53,0,0
01:11:15:03:53:13,40.8552,65.4599,0,0.0400562,0,0,0,8462.53,415739,8389.6,0,0,0,415739,0,0,901.472,233.717,8912.84,8462.53,0,0
01:11:15:03:53:14,39.7108,63.1711,0,0.0400562,0,0,0,8462.53,415739,8389.6,0,0,0,415739,0,0,901.472,233.733,8912.84,8462.53,0,0
01:11:15:03:53:15,39.4247,63.1711,0,0.0400562,0,0,0,8462.53,415739,8389.6,0,0,0,415739,0,0,901.472,233.75,8912.84,8462.53,0,0
01:11:15:03:53:16,37.422,61.7406,0,0.0400562,0,0,0,8462.53,415739,8389.6,0,0,0,415739,0,0,901.472,233.767,8912.84,8462.53,0,0
01:11:15:03:53:17,40.283,63.1711,0,0.0400562,0,0,0,8462.53,415739,8389.6,0,0,0,415739,0,0,901.472,233.783,8912.84,8462.53,0,0
01:11:15:03:53:18,36.5637,61.1684,0,0.0400562,0,0,0,8462.53,415739,8389.6,0,0,0,415739,0,0,901.472,233.8,8912.84,8462.53,0,0
01:11:15:03:53:19,42.5718,66.8904,0,0.0400562,0,0,0,8462.53,415739,8389.6,0,0,0,415739,0,0,901.472,233.817,8912.84,8462.53,0,0
01:11:15:03:53:20,35.7054,59.1657,0,0.0400562,0,0,0,8462.53,415739,8389.6,0,0,0,415739,0,0,901.472,233.833,8912.84,8462.53,0,0
01:11:15:03:53:21,40.283,63.4572,0,0.0400562,0,0,0,8462.53,415739,8389.6,0,0,0,415739,0,0,901.472,233.85,8912.84,8462.53,0,0
01:11:15:03:53:22,41.1413,65.1738,0,0.0400562,0,0,0,8462.53,415739,8389.6,0,0,0,415739,0,0,901.472,233.867,8912.84,8462.53,0,0
01:11:15:03:53:23,38.5664,62.3128,0,0.0400562,0,0,0,8462.53,415739,8389.6,0,0,0,415739,0,0,901.472,233.883,8912.84,8462.53,0,0
01:11:15:03:53:24,39.9969,63.1711,0,0.0400562,0,0,0,8462.53,415739,8389.6,0,0,0,415739,0,0,901.472,233.9,8912.84,8462.53,0,0
01:11:15:03:53:25,35.7054,59.4518,0,0.0400562,0,0,0,8462.53,415739,8389.6,0,0,0,415739,0,0,901.472,233.917,8912.84,8462.53,0,0
01:11:15:03:53:26,41.7135,64.6016,0,0.0400562,0,0,0,8462.53,415739,8389.6,0,0,0,415739,0,0,901.472,233.933,8912.84,8462.53,0,0
01:11:15:03:53:27,37.7081,61.7406,0,0.0400562,0,0,0,8462.53,415739,8389.6,0,0,0,415739,0,0,901.472,233.95,8912.84,8462.53,0,0
01:11:15:03:53:28,40.283,63.4572,0,0.0400562,0,0,0,8462.53,415739,8389.6,0,0,0,415739,0,0,901.472,233.967,8912.84,8462.53,0,0
01:11:15:03:53:29,37.1359,60.5962,0,0.0400562,0,0,0,8462.53,415739,8389.6,0,0,0,415739,0,0,901.472,233.983,8912.84,8462.53,0,0
01:11:15:03:53:30,45.4328,68.3209,0,0.0400562,0,0,0,8462.53,415739,8389.6,0,0,0,415739,0,0,901.472,234,8912.84,8462.53,0,0
01:11:15:03:53:31,38.2803,62.0267,0,0.0400562,0,0,0,8462.53,415739,8389.6,0,0,0,415739,0,0,901.472,234.017,8912.84,8462.53,0,0
01:11:15:03:53:32,43.7162,66.8904,0,0.0400562,0,0,0,8462.53,415739,8389.6,0,0,0,415739,0,0,901.472,234.033,8912.84,8462.53,0,0
01:11:15:03:53:33,37.422,61.1684,0,0.0400562,0,0,0,8462.53,415739,8389.6,0,0,0,415739,0,0,901.472,234.05,8912.84,8462.53,0,0
01:11:15:03:53:34,39.1386,62.3128,0,0.0400562,0,0,0,8462.53,415739,8389.6,0,0,0,415739,0,0,901.472,234.067,8912.84,8462.53,0,0
01:11:15:03:53:35,42.2857,65.4599,0,0.0400562,0,0,0,8462.53,415739,8389.6,0,0,0,415739,0,0,901.472,234.083,8912.84,8462.53,0,0
01:11:15:03:53:36,39.1386,62.5989,0,0.0400562,0,0,0,8462.53,415739,8389.6,0,0,0,415739,0,0,901.472,234.1,8912.84,8462.53,0,0
01:11:15:03:53:37,39.9969,63.4572,0,0.0400562,0,0,0,8462.53,415739,8389.6,0,0,0,415739,0,0,901.472,234.117,8912.84,8462.53,0,0
01:11:15:03:53:38,35.7054,59.1657,0,0.0400562,0,0,0,8462.53,415739,8389.6,0,0,0,415739,0,0,901.472,234.133,8912.84,8462.53,0,0
01:11:15:03:53:39,39.4247,63.1711,0,0.0400562,0,0,0,8462.53,415739,8389.6,0,0,0,415739,0,0,901.472,234.15,8912.84,8462.53,0,0
01:11:15:03:53:40,40.8552,64.8877,0,0.0400562,0,0,0,8462.53,415739,8389.6,0,0,0,415739,0,0,901.472,234.167,8912.84,8462.53,0,0
01:11:15:03:53:41,36.2776,60.3101,0,0.0400562,0,0,0,8462.53,415739,8389.6,0,0,0,415739,0,0,901.472,234.183,8912.84,8462.53,0,0
01:11:15:03:53:42,42.5718,66.3182,0,0.0400562,0,0,0,8462.53,415739,8389.6,0,0,0,415739,0,0,901.472,234.2,8912.84,8462.53,0,0
01:11:15:03:53:43,37.9942,62.3128,0,0.0400562,0,0,0,8462.53,415739,8389.6,0,0,0,415739,0,0,901.472,234.217,8912.84,8462.53,0,0
01:11:15:03:53:44,41.4274,64.8877,0,0.0400562,0,0,0,8462.53,415739,8389.6,0,0,0,415739,0,0,901.472,234.233,8912.84,8462.53,0,0
01:11:15:03:53:45,38.2803,61.7406,0,0.0400562,0,0,0,8462.53,415739,8389.6,0,0,0,415739,0,0,901.472,234.25,8912.84,8462.53,0,0
01:11:15:03:53:46,41.1413,64.6016,0,0.0400562,0,0,0,8462.53,415739,8389.6,0,0,0,415739,0,0,901.472,234.267,8912.84,8462.53,0,0
01:11:15:03:53:47,40.5691,64.6016,0,0.0400562,0,0,0,8462.53,415739,8389.6,0,0,0,415739,0,0,901.472,234.283,8912.84,8462.53,0,0
01:11:15:03:53:48,37.7081,61.4545,0,0.0400562,0,0,0,8462.53,415739,8389.6,0,0,0,415739,0,0,901.472,234.3,8912.84,8462.53,0,0
01:11:15:03:53:49,39.7108,64.0294,0,0.0400562,0,0,0,8462.53,415739,8389.6,0,0,0,415739,0,0,901.472,234.317,8912.84,8462.53,0,0
01:11:15:03:53:50,34.8471,58.0213,0,0.0400562,0,0,0,8462.53,415739,8389.6,0,0,0,415739,0,0,901.472,234.333,8912.84,8462.53,0,0
01:11:15:03:53:51,42.5718,66.0321,0,0.0400562,0,0,0,8462.53,415739,8389.6,0,0,0,415739,0,0,901.472,234.35,8912.84,8462.53,0,0
01:11:15:03:53:52,37.7081,62.0267,0,0.0400562,0,0,0,8462.53,415739,8389.6,0,0,0,415739,0,0,901.472,234.367,8912.84,8462.53,0,0
01:11:15:03:53:53,40.8552,64.0294,0,0.0400562,0,0,0,8462.53,415739,8389.6,0,0,0,415739,0,0,901.472,234.383,8912.84,8462.53,0,0
01:11:15:03:53:54,37.422,60.3101,0,0.0400562,0,0,0,8462.53,415739,8389.6,0,0,0,415739,0,0,901.472,234.4,8912.84,8462.53,0,0
01:11:15:03:53:55,38.8525,62.3128,0,0.0400562,0,0,0,8462.53,415739,8389.6,0,0,0,415739,0,0,901.472,234.417,8912.84,8462.53,0,0
01:11:15:03:53:56,40.283,63.1711,0,0.0400562,0,0,0,8462.53,415739,8389.6,0,0,0,415739,0,0,901.472,234.433,8912.84,8462.53,0,0
01:11:15:03:53:57,38.2803,62.3128,0,0.0400562,0,0,0,8462.53,415739,8389.6,0,0,0,415739,0,0,901.472,234.45,8912.84,8462.53,0,0
01:11:15:03:53:58,39.9969,62.885,0,0.0400562,0,0,0,8462.53,415739,8389.6,0,0,0,415739,0,0,901.472,234.467,8912.84,8462.53,0,0
01:11:15:03:53:59,38.5664,62.0267,0,0.0400562,0,0,0,8462.53,415739,8389.6,0,0,0,415739,0,0,901.472,234.483,8912.84,8462.53,0,0
01:11:15:03:54:00,38.5664,61.7406,0,0.0400562,0,0,0,8462.53,415739,8389.6,0,0,0,415739,0,0,901.472,234.5,8912.84,8462.53,0,0
01:11:15:03:54:01,37.422,60.8823,0,0.0400562,0,0,0,8462.53,415739,8389.6,0,0,0,415739,0,0,901.472,234.517,8912.84,8462.53,0,0
01:11:15:03:54:02,41.1413,64.0294,0,0.0400562,0,0,0,8462.53,415739,8389.6,0,0,0,415739,0,0,901.472,234.533,8912.84,8462.53,0,0
01:11:15:03:54:03,37.7081,60.8823,0,0.0400562,0,0,0,8462.53,415739,8389.6,0,0,0,415739,0,0,901.472,234.55,8912.84,8462.53,0,0
01:11:15:03:54:04,38.2803,61.7406,0,0.0400562,0,0,0,8462.53,415739,8389.6,0,0,0,415739,0,0,901.472,234.567,8912.84,8462.53,0,0
01:11:15:03:54:05,38.8525,62.3128,0,0.0400562,0,0,0,8462.53,415739,8389.6,0,0,0,415739,0,0,901.472,234.583,8912.84,8462.53,0,0
01:11:15:03:54:06,36.8498,60.024,0,0.0400562,0,0,0,8462.53,415739,8389.6,0,0,0,415739,0,0,901.472,234.6,8912.84,8462.53,0,0
01:11:15:03:54:07,42.5718,66.0321,0,0.0400562,0,0,0,8462.53,415739,8389.6,0,0,0,415739,0,0,901.472,234.617,8912.84,8462.53,0,0
01:11:15:03:54:08,37.1359,60.8823,0,0.0400562,0,0,0,8462.53,415739,8389.6,0,0,0,415739,0,0,901.472,234.633,8912.84,8462.53,0,0
01:11:15:03:54:09,41.7135,64.8877,0,0.0400562,0,0,0,8462.53,415739,8389.6,0,0,0,415739,0,0,901.472,234.65,8912.84,8462.53,0,0
01:11:15:03:54:10,36.8498,59.7379,0,0.0400562,0,0,0,8462.53,415739,8389.6,0,0,0,415739,0,0,901.472,234.667,8912.84,8462.53,0,0
01:11:15:03:54:11,39.4247,62.885,0,0.0400562,0,0,0,8462.53,415739,8389.6,0,0,0,415739,0,0,901.472,234.683,8912.84,8462.53,0,0
01:11:15:03:54:12,37.9942,62.0267,0,0.0400562,0,0,0,8462.53,415739,8389.6,0,0,0,415739,0,0,901.472,234.7,8912.84,8462.53,0,0
01:11:15:03:54:13,43.144,66.0321,0,0.0400562,0,0,0,8462.53,415739,8389.6,0,0,0,415739,0,0,901.472,234.717,8912.84,8462.53,0,0
01:11:15:03:54:14,37.7081,61.1684,0,0.0400562,0,0,0,8462.53,415739,8389.6,0,0,0,415739,0,0,901.472,234.733,8912.84,8462.53,0,0
01:11:15:03:54:15,40.283,64.0294,0,0.0400562,0,0,0,8462.53,415739,8389.6,0,0,0,415739,0,0,901.472,234.75,8912.84,8462.53,0,0
01:11:15:03:54:16,37.9942,61.1684,0,0.0400562,0,0,0,8462.53,415739,8389.6,0,0,0,415739,0,0,901.472,234.767,8912.84,8462.53,0,0
01:11:15:03:54:17,41.7135,65.1738,0,0.0400562,0,0,0,8462.53,415739,8389.6,0,0,0,415739,0,0,901.472,234.783,8912.84,8462.53,0,0
01:11:15:03:54:18,39.9969,63.1711,0,0.0400562,0,0,0,8462.53,415739,8389.6,0,0,0,415739,0,0,901.472,234.8,8912.84,8462.53,0,0
01:11:15:03:54:19,40.8552,63.7433,0,0.0400562,0,0,0,8462.53,415739,8389.6,0,0,0,415739,0,0,901.472,234.817,8912.84,8462.53,0,0
01:11:15:03:54:20,39.9969,62.885,0,0.0400562,0,0,0,8462.53,415739,8389.6,0,0,0,415739,0,0,901.472,234.833,8912.84,8462.53,0,0
01:11:15:03:54:21,42.2857,65.746,0,0.0400562,0,0,0,8462.53,415739,8389.6,0,0,0,415739,0,0,901.472,234.85,8912.84,8462.53,0,0
01:11:15:03:54:22,41.1413,64.6016,0,0.0400562,0,0,0,8462.53,415739,8389.6,0,0,0,415739,0,0,901.472,234.867,8912.84,8462.53,0,0
01:11:15:03:54:23,43.4301,66.8904,0,0.0400562,0,0,0,8462.53,415739,8389.6,0,0,0,415739,0,0,901.472,234.883,8912.84,8462.53,0,0
01:11:15:03:54:24,37.7081,60.5962,0,0.0400562,0,0,0,8462.53,415739,8389.6,0,0,0,415739,0,0,901.472,234.9,8912.84,8462.53,0,0
01:11:15:03:54:25,44.5745,68.0348,0,0.0400562,0,0,0,8462.53,415739,8389.6,0,0,0,415739,0,0,901.472,234.917,8912.84,8462.53,0,0
01:11:15:03:54:26,38.8525,60.5962,0,0.0400562,0,0,0,8462.53,415739,8389.6,0,0,0,415739,0,0,901.472,234.933,8912.84,8462.53,0,0
01:11:15:03:54:27,42.8579,65.1738,0,0.0400562,0,0,0,8462.53,415739,8389.6,0,0,0,415739,0,0,901.472,234.95,8912.84,8462.53,0,0
01:11:15:03:54:28,42.2857,65.1738,0,0.0400562,0,0,0,8462.53,415739,8389.6,0,0,0,415739,0,0,901.472,234.967,8912.84,8462.53,0,0
01:11:15:03:54:29,41.7135,64.3155,0,0.0400562,0,0,0,8462.53,415739,8389.6,0,0,0,415739,0,0,901.472,234.983,8912.84,8462.53,0,0
01:11:15:03:54:30,42.8579,65.4599,0,0.0400562,0,0,0,8462.53,415739,8389.6,0,0,0,415739,0,0,901.472,235,8912.84,8462.53,0,0
01:11:15:03:54:31,39.7108,63.4572,0,0.0400562,0,0,0,8462.53,415739,8389.6,0,0,0,415739,0,0,901.472,235.017,8912.84,8462.53,0,0
01:11:15:03:54:32,41.9996,64.0294,0,0.0400562,0,0,0,8462.53,415739,8389.6,0,0,0,415739,0,0,901.472,235.033,8912.84,8462.53,0,0
01:11:15:03:54:33,40.5691,64.3155,0,0.0400562,0,0,0,8462.53,415739,8389.6,0,0,0,415739,0,0,901.472,235.05,8912.84,8462.53,0,0
01:11:15:03:54:34,41.4274,64.0294,0,0.0400562,0,0,0,8462.53,415739,8389.6,0,0,0,415739,0,0,901.472,235.067,8912.84,8462.53,0,0
01:11:15:03:54:35,41.1413,64.0294,0,0.0400562,0,0,0,8462.53,415739,8389.6,0,0,0,415739,0,0,901.472,235.083,8912.84,8462.53,0,0
01:11:15:03:54:36,44.5745,67.1765,0,0.0400562,0,0,0,8462.53,415739,8389.6,0,0,0,415739,0,0,901.472,235.1,8912.84,8462.53,0,0
01:11:15:03:54:37,40.283,63.1711,0,0.0400562,0,0,0,8462.53,415739,8389.6,0,0,0,415739,0,0,901.472,235.117,8912.84,8462.53,0,0
01:11:15:03:54:38,42.5718,66.0321,0,0.0400562,0,0,0,8462.53,415739,8389.6,0,0,0,415739,0,0,901.472,235.133,8912.84,8462.53,0,0
01:11:15:03:54:39,39.4247,63.1711,0,0.0400562,0,0,0,8462.53,415739,8389.6,0,0,0,415739,0,0,901.472,235.15,8912.84,8462.53,0,0
01:11:15:03:54:40,44.8606,67.4626,0,0.0400562,0,0,0,8462.53,415739,8389.6,0,0,0,415739,0,0,901.472,235.167,8912.84,8462.53,0,0
01:11:15:03:54:41,39.9969,63.4572,0,0.0400562,0,0,0,8462.53,415739,8389.6,0,0,0,415739,0,0,901.472,235.183,8912.84,8462.53,0,0
01:11:15:03:54:42,47.4355,70.3236,0,0.0400562,0,0,0,8462.53,415739,8389.6,0,0,0,415739,0,0,901.472,235.2,8912.84,8462.53,0,0
01:11:15:03:54:43,41.4274,65.1738,0,0.0400562,0,0,0,8462.53,415739,8389.6,0,0,0,415739,0,0,901.472,235.217,8912.84,8462.53,0,0
01:11:15:03:54:44,46.2911,69.1792,0,0.0400562,0,0,0,8462.53,415739,8389.6,0,0,0,415739,0,0,901.472,235.233,8912.84,8462.53,0,0
01:11:15:03:54:45,40.5691,63.4572,0,0.0400562,0,0,0,8462.53,415739,8389.6,0,0,0,415739,0,0,901.472,235.25,8912.84,8462.53,0,0
01:11:15:03:54:46,42.5718,65.4599,0,0.0400562,0,0,0,8462.53,415739,8389.6,0,0,0,415739,0,0,901.472,235.267,8912.84,8462.53,0,0
01:11:15:03:54:47,43.144,66.3182,0,0.0400562,0,0,0,8462.53,415739,8389.6,0,0,0,415739,0,0,901.472,235.283,8912.84,8462.53,0,0
01:11:15:03:54:48,40.8552,63.7433,0,0.0400562,0,0,0,8462.53,415739,8389.6,0,0,0,415739,0,0,901.472,235.3,8912.84,8462.53,0,0
01:11:15:03:54:49,40.8552,63.7433,0,0.0400562,0,0,0,8462.53,415739,8389.6,0,0,0,415739,0,0,901.472,235.317,8912.84,8462.53,0,0
01:11:15:03:54:50,40.8552,64.6016,0,0.0400562,0,0,0,8462.53,415739,8389.6,0,0,0,415739,0,0,901.472,235.333,8912.84,8462.53,0,0
01:11:15:03:54:51,41.4274,63.4572,0,0.0400562,0,0,0,8462.53,415739,8389.6,0,0,0,415739,0,0,901.472,235.35,8912.84,8462.53,0,0
01:11:15:03:54:52,43.4301,66.6043,0,0.0400562,0,0,0,8462.53,415739,8389.6,0,0,0,415739,0,0,901.472,235.367,8912.84,8462.53,0,0
01:11:15:03:54:53,40.8552,63.1711,0,0.0400562,0,0,0,8462.53,415739,8389.6,0,0,0,415739,0,0,901.472,235.383,8912.84,8462.53,0,0
01:11:15:03:54:54,44.8606,67.1765,0,0.0400562,0,0,0,8462.53,415739,8389.6,0,0,0,415739,0,0,901.472,235.4,8912.84,8462.53,0,0
01:11:15:03:54:55,39.9969,62.5989,0,0.0400562,0,0,0,8462.53,415739,8389.6,0,0,0,415739,0,0,901.472,235.417,8912.84,8462.53,0,0
01:11:15:03:54:56,43.144,66.0321,0,0.0400562,0,0,0,8462.53,415739,8389.6,0,0,0,415739,0,0,901.472,235.433,8912.84,8462.53,0,0
01:11:15:03:54:57,39.4247,61.7406,0,0.0400562,0,0,0,8462.53,415739,8389.6,0,0,0,415739,0,0,901.472,235.45,8912.84,8462.53,0,0
01:11:15:03:54:58,41.9996,65.1738,0,0.0400562,0,0,0,8462.53,415739,8389.6,0,0,0,415739,0,0,901.472,235.467,8912.84,8462.53,0,0
01:11:15:03:54:59,39.1386,62.0267,0,0.0400562,0,0,0,8462.53,415739,8389.6,0,0,0,415739,0,0,901.472,235.483,8912.84,8462.53,0,0
01:11:15:03:55:00,44.0023,66.8904,0,0.0400562,0,0,0,8462.53,415739,8389.6,0,0,0,415739,0,0,901.472,235.5,8912.84,8462.53,0,0
01:11:15:03:55:01,38.8525,61.4545,0,0.0400562,0,0,0,8462.53,415739,8389.6,0,0,0,415739,0,0,901.472,235.517,8912.84,8462.53,0,0
01:11:15:03:55:02,45.4328,68.8931,0,0.0400562,0,0,0,8462.53,415739,8389.6,0,0,0,415739,0,0,901.472,235.533,8912.84,8462.53,0,0
01:11:15:03:55:03,41.1413,64.0294,0,0.0400562,0,0,0,8462.53,415739,8389.6,0,0,0,415739,0,0,901.472,235.55,8912.84,8462.53,0,0
01:11:15:03:55:04,43.144,66.6043,0,0.0400562,0,0,0,8462.53,415739,8389.6,0,0,0,415739,0,0,901.472,235.567,8912.84,8462.53,0,0
01:11:15:03:55:05,39.7108,62.885,0,0.0400562,0,0,0,8462.53,415739,8389.6,0,0,0,415739,0,0,901.472,235.583,8912.84,8462.53,0,0
01:11:15:03:55:06,44.2884,67.1765,0,0.0400562,0,0,0,8462.53,415739,8389.6,0,0,0,415739,0,0,901.472,235.6,8912.84,8462.53,0,0
01:11:15:03:55:07,44.0023,66.8904,0,0.0400562,0,0,0,8462.53,415739,8389.6,0,0,0,415739,0,0,901.472,235.617,8912.84,8462.53,0,0
01:11:15:03:55:08,41.4274,64.6016,0,0.0400562,0,0,0,8462.53,415739,8389.6,0,0,0,415739,0,0,901.472,235.633,8912.84,8462.53,0,0
01:11:15:03:55:09,43.4301,66.6043,0,0.0400562,0,0,0,8462.53,415739,8389.6,0,0,0,415739,0,0,901.472,235.65,8912.84,8462.53,0,0
01:11:15:03:55:10,42.2857,65.4599,0,0.0400562,0,0,0,8462.53,415739,8389.6,0,0,0,415739,0,0,901.472,235.667,8912.84,8462.53,0,0
01:11:15:03:55:11,44.2884,66.8904,0,0.0400562,0,0,0,8462.53,415739,8389.6,0,0,0,415739,0,0,901.472,235.683,8912.84,8462.53,0,0
01:11:15:03:55:12,42.5718,65.4599,0,0.0400562,0,0,0,8462.53,415739,8389.6,0,0,0,415739,0,0,901.472,235.7,8912.84,8462.53,0,0
01:11:15:03:55:13,41.4274,65.1738,0,0.0400562,0,0,0,8462.53,415739,8389.6,0,0,0,415739,0,0,901.472,235.717,8912.84,8462.53,0,0
01:11:15:03:55:14,41.9996,64.8877,0,0.0400562,0,0,0,8462.53,415739,8389.6,0,0,0,415739,0,0,901.472,235.733,8912.84,8462.53,0,0
01:11:15:03:55:15,42.5718,65.4599,0,0.0400562,0,0,0,8462.53,415739,8389.6,0,0,0,415739,0,0,901.472,235.75,8912.84,8462.53,0,0
01:11:15:03:55:16,45.4328,68.3209,0,0.0400562,0,0,0,8462.53,415739,8389.6,0,0,0,415739,0,0,901.472,235.767,8912.84,8462.53,0,0
01:11:15:03:55:17,41.9996,64.6016,0,0.0400562,0,0,0,8462.53,415739,8389.6,0,0,0,415739,0,0,901.472,235.783,8912.84,8462.53,0,0
01:11:15:03:55:18,43.4301,66.3182,0,0.0400562,0,0,0,8462.53,415739,8389.6,0,0,0,415739,0,0,901.472,235.8,8912.84,8462.53,0,0
01:11:15:03:55:19,43.4301,66.6043,0,0.0400562,0,0,0,8462.53,415739,8389.6,0,0,0,415739,0,0,901.472,235.817,8912.84,8462.53,0,0
01:11:15:03:55:20,44.0023,66.6043,0,0.0400562,0,0,0,8462.53,415739,8389.6,0,0,0,415739,0,0,901.472,235.833,8912.84,8462.53,0,0
01:11:15:03:55:21,39.1386,62.885,0,0.0400562,0,0,0,8462.53,415739,8389.6,0,0,0,415739,0,0,901.472,235.85,8912.84,8462.53,0,0
01:11:15:03:55:22,47.7216,71.1819,0,0.0400562,0,0,0,8462.53,415739,8389.6,0,0,0,415739,0,0,901.472,235.867,8912.84,8462.53,0,0
01:11:15:03:55:23,41.7135,65.746,0,0.0400562,0,0,0,8462.53,415739,8389.6,0,0,0,415739,0,0,901.472,235.883,8912.84,8462.53,0,0
01:11:15:03:55:24,46.8633,69.7514,0,0.0400562,0,0,0,8462.53,415739,8389.6,0,0,0,415739,0,0,901.472,235.9,8912.84,8462.53,0,0
01:11:15:03:55:25,41.9996,64.6016,0,0.0400562,0,0,0,8462.53,415739,8389.6,0,0,0,415739,0,0,901.472,235.917,8912.84,8462.53,0,0
01:11:15:03:55:26,45.7189,68.607,0,0.0400562,0,0,0,8462.53,415739,8389.6,0,0,0,415739,0,0,901.472,235.933,8912.84,8462.53,0,0
01:11:15:03:55:27,41.7135,64.3155,0,0.0400562,0,0,0,8462.53,415739,8389.6,0,0,0,415739,0,0,901.472,235.95,8912.84,8462.53,0,0
01:11:15:03:55:28,41.1413,64.3155,0,0.0400562,0,0,0,8462.53,415739,8389.6,0,0,0,415739,0,0,901.472,235.967,8912.84,8462.53,0,0
01:11:15:03:55:29,48.0077,70.3236,0,0.0400562,0,0,0,8462.53,415739,8389.6,0,0,0,415739,0,0,901.472,235.983,8912.84,8462.53,0,0
01:11:15:03:55:30,41.9996,64.8877,0,0.0400562,0,0,0,8462.53,415739,8389.6,0,0,0,415739,0,0,901.472,236,8912.84,8462.53,0,0
01:11:15:03:55:31,62.5989,94.6422,0,0.0400562,0,0,0,8462.53,415739,8389.6,0,0,0,415739,0,0,901.472,236.017,8912.84,8462.53,0,0
01:11:15:03:55:32,404.776,416.22,0,0.0400562,0,0,0,0,0,3685.31,0,0,0,0,0,0,-3802.82,0,0,0,0,0
01:11:15:03:55:33,551.546,571.287,0,0.0400562,0,0,0,0,0,3801.98,0,0,0,0,0,0,-3686.15,0,0,0,0,0
01:11:15:03:55:34,552.118,568.14,1.41488,0.0400562,0,0,0,0,0,3802.56,0,0,0,0,0,0,-3685.57,0,0.0117906,0,0,0
01:11:15:03:55:35,1192.41,1188.98,0.95319,0.0400562,1.41488,0,0,0.0117906,0,4436.83,0,0,0,0,0,0,-3051.3,0,0.0315245,0.0117906,0,0
01:11:15:03:55:36,1708.54,1715.69,0.175257,0.0400562,0.95319,0,0,0.0315245,0,4956,0,0,0,0,0,0,-2532.13,0,0.0409282,0.0315245,0,0
01:11:15:03:55:37,1744.59,1756.89,1.1557,0.0400562,0.175257,0,0,0.0409282,0,4994.88,0,0,0,0,0,0,-2493.24,0,0.0520196,0.0409282,0,0
01:11:15:03:55:38,1741.15,1754.6,1.37255,0.0400562,1.1557,0,0,0.0520196,0,4987.4,0,0,0,0,0,0,-2500.73,0,0.0730884,0.0520196,0,0
01:11:15:03:55:39,1738.87,1752.03,0.428186,0.0400562,1.37255,0,0,0.0730884,0,4983.61,0,0,0,0,0,0,-2504.52,0,0.0880945,0.0730884,0,0
01:11:15:03:55:40,1739.44,1752.03,0,0.0400562,0.428186,0,0,0.0880945,0,4989.17,0,0,0,0,0,0,-2498.96,0,0.0916627,0.0880945,0,0
01:11:15:03:55:41,1750.31,1762.61,0,0.0400562,0,0,0,0.0916627,0,5000.76,0,0,0,0,0,0,-2487.37,0,0.0916627,0.0916627,0,0
01:11:15:03:55:42,1749.17,1762.61,0,0.0400562,0,0,0,0.0916627,0,4999.61,0,0,0,0,0,0,-2488.52,0,0.0916627,0.0916627,0,0
01:11:15:03:55:43,1748.31,1761.18,0,0.0400562,0,0,0,0.0916627,0,4998.76,0,0,0,0,0,0,-2489.37,0,0.0916627,0.0916627,0,0
01:11:15:03:55:44,1747.16,1759.75,0,0.0400562,0,0,0,0.0916627,0,4997.61,0,0,0,0,0,0,-2490.51,0,0.0916627,0.0916627,0,0
01:11:15:03:55:45,1745.45,1758.32,0,0.0400562,0,0,0,0.0916627,0,4995.9,0,0,0,0,0,0,-2492.23,0,0.0916627,0.0916627,0,0
01:11:15:03:55:46,1744.87,1757.46,0,0.0400562,0,0,0,0.0916627,0,4995.33,0,0,0,0,0,0,-2492.8,0,0.0916627,0.0916627,0,0
01:11:15:03:55:47,1744.02,1756.32,0,0.0400562,0,0,0,0.0916627,0,4994.47,0,0,0,0,0,0,-2493.66,0,0.0916627,0.0916627,0,0
01:11:15:03:55:48,1919.68,1954.87,0,0.0400562,0,0,0,0.0916627,0,5170.14,0,0,0,0,0,0,-2317.99,0,0.0916627,0.0916627,0,0
01:11:15:03:55:49,2182.9,2205.78,0,0.0400562,0,0,0,0.0916627,0,5433.35,0,0,0,0,0,0,-2054.78,0,0.0916627,0.0916627,0,0
01:11:15:03:55:50,2262.72,2273.02,0.779507,0.0400562,0,0,0,0.0916627,0,5513.18,0,0,0,0,0,0,-1974.95,0,0.0981586,0.0916627,0,0
01:11:15:03:55:51,2261,2270.44,0.493439,0.0400562,0.779507,0,0,0.0981586,0,5509.38,0,0,0,0,0,0,-1978.75,0,0.108766,0.0981586,0,0
01:11:15:03:55:52,2259.28,2269.01,0.236975,0.0400562,0.493439,0,0,0.108766,0,5508.82,0,0,0,0,0,0,-1979.3,0,0.114853,0.108766,0,0
01:11:15:03:55:53,2263,2270.73,0.0495186,0.0400562,0.236975,0,0,0.114853,0,5513.22,0,0,0,0,0,0,-1974.91,0,0.117241,0.114853,0,0
01:11:15:03:55:54,2275.31,2285.03,0,0.0400562,0.0495186,0,0,0.117241,0,5525.75,0,0,0,0,0,0,-1962.37,0,0.117653,0.117241,0,0
01:11:15:03:55:55,2274.73,2283.6,0.101321,0.0400562,0,0,0,0.117653,0,5525.2,0,0,0,0,0,0,-1962.93,0,0.118498,0.117653,0,0
01:11:15:03:55:56,2273.02,2282.74,0.111397,0.0400562,0.101321,0,0,0.118498,0,5523.43,0,0,0,0,0,0,-1964.7,0,0.12027,0.118498,0,0
01:11:15:03:55:57,2272.44,2282.46,0.111397,0.0400562,0.111397,0,0,0.12027,0,5522.85,0,0,0,0,0,0,-1965.28,0,0.122127,0.12027,0,0
01:11:15:03:55:58,2270.73,2280.74,0,0.0400562,0.111397,0,0,0.122127,0,5521.13,0,0,0,0,0,0,-1967,0,0.123055,0.122127,0,0
01:11:15:03:55:59,2270.44,2279.6,0,0.0400562,0,0,0,0.123055,0,5520.91,0,0,0,0,0,0,-1967.22,0,0.123055,0.123055,0,0
01:11:15:03:56:00,2269.3,2279.6,0,0.0400562,0,0,0,0.123055,0,5519.77,0,0,0,0,0,0,-1968.36,0,0.123055,0.123055,0,0
01:11:15:03:56:01,2268.73,2277.88,0,0.0400562,0,0,0,0.123055,0,5519.2,0,0,0,0,0,0,-1968.93,0,0.123055,0.123055,0,0
01:11:15:03:56:02,2267.29,2277.31,0,0.0400562,0,0,0,0.123055,0,5517.77,0,0,0,0,0,0,-1970.36,0,0.123055,0.123055,0,0
01:11:15:03:56:03,2267.01,2276.45,0,0.0400562,0,0,0,0.123055,0,5517.48,0,0,0,0,0,0,-1970.64,0,0.123055,0.123055,0,0
01:11:15:03:56:04,2265.58,2275.02,0,0.0400562,0,0,0,0.123055,0,5516.05,0,0,0,0,0,0,-1972.07,0,0.123055,0.123055,0,0
01:11:15:03:56:05,2265.01,2274.45,0,0.0400562,0,0,0,0.123055,0,5515.48,0,0,0,0,0,0,-1972.65,0,0.123055,0.123055,0,0
01:11:15:03:56:06,2264.15,2273.88,0,0.0400562,0,0,0,0.123055,0,5514.62,0,0,0,0,0,0,-1973.51,0,0.123055,0.123055,0,0
01:11:15:03:56:07,2263,2273.02,0,0.0400562,0,0,0,0.123055,0,5513.48,0,0,0,0,0,0,-1974.65,0,0.123055,0.123055,0,0
01:11:15:03:56:08,2261.86,2271.87,0,0.0400562,0,0,0,0.123055,0,5512.33,0,0,0,0,0,0,-1975.79,0,0.123055,0.123055,0,0
01:11:15:03:56:09,2261.29,2271.01,0,0.0400562,0,0,0,0.123055,0,5511.76,0,0,0,0,0,0,-1976.37,0,0.123055,0.123055,0,0
01:11:15:03:56:10,2260.14,2269.87,0,0.0400562,0,0,0,0.123055,0,5510.62,0,0,0,0,0,0,-1977.51,0,0.123055,0.123055,0,0
01:11:15:03:56:11,2259.28,2269.58,0,0.0400562,0,0,0,0.123055,0,5509.76,0,0,0,0,0,0,-1978.37,0,0.123055,0.123055,0,0
01:11:15:03:56:12,2258.71,2269.01,0,0.0400562,0,0,0,0.123055,0,5509.19,0,0,0,0,0,0,-1978.94,0,0.123055,0.123055,0,0
01:11:15:03:56:13,2258.14,2268.15,0,0.0400562,0,0,0,0.123055,0,5508.61,0,0,0,0,0,0,-1979.51,0,0.123055,0.123055,0,0
01:11:15:03:56:14,2257.85,2267.87,0,0.0400562,0,0,0,0.123055,0,5508.33,0,0,0,0,0,0,-1979.8,0,0.123055,0.123055,0,0
01:11:15:03:56:15,2256.71,2266.15,0,0.0400562,0,0,0,0.123055,0,5507.18,0,0,0,0,0,0,-1980.94,0,0.123055,0.123055,0,0
01:11:15:03:56:16,2255.85,2265.86,0,0.0400562,0,0,0,0.123055,0,5506.33,0,0,0,0,0,0,-1981.8,0,0.123055,0.123055,0,0
01:11:15:03:56:17,2255.56,2265.01,0,0.0400562,0,0,0,0.123055,0,5506.04,0,0,0,0,0,0,-1982.09,0,0.123055,0.123055,0,0
01:11:15:03:56:18,2253.85,2264.15,0,0.0400562,0,0,0,0.123055,0,5504.32,0,0,0,0,0,0,-1983.8,0,0.123055,0.123055,0,0
01:11:15:03:56:19,2253.85,2263.29,0,0.0400562,0,0,0,0.123055,0,5504.32,0,0,0,0,0,0,-1983.8,0,0.123055,0.123055,0,0
01:11:15:03:56:20,2253.28,2263,0,0.0400562,0,0,0,0.123055,0,5503.75,0,0,0,0,0,0,-1984.38,0,0.123055,0.123055,0,0
01:11:15:03:56:21,2252.7,2262.43,0,0.0400562,0,0,0,0.123055,0,5503.18,0,0,0,0,0,0,-1984.95,0,0.123055,0.123055,0,0
01:11:15:03:56:22,2251.85,2261.86,0,0.0400562,0,0,0,0.123055,0,5502.32,0,0,0,0,0,0,-1985.81,0,0.123055,0.123055,0,0
01:11:15:03:56:23,2251.27,2261.29,0,0.0400562,0,0,0,0.123055,0,5501.75,0,0,0,0,0,0,-1986.38,0,0.123055,0.123055,0,0
01:11:15:03:56:24,2251.27,2261.29,0,0.0400562,0,0,0,0.123055,0,5501.75,0,0,0,0,0,0,-1986.38,0,0.123055,0.123055,0,0
01:11:15:03:56:25,2250.13,2260.71,0,0.0400562,0,0,0,0.123055,0,5500.6,0,0,0,0,0,0,-1987.52,0,0.123055,0.123055,0,0
01:11:15:03:56:26,2249.84,2260.43,0,0.0400562,0,0,0,0.123055,0,5500.32,0,0,0,0,0,0,-1987.81,0,0.123055,0.123055,0,0
01:11:15:03:56:27,2250.13,2260.14,0,0.0400562,0,0,0,0.123055,0,5500.6,0,0,0,0,0,0,-1987.52,0,0.123055,0.123055,0,0
01:11:15:03:56:28,2249.27,2259.28,0,0.0400562,0,0,0,0.123055,0,5499.75,0,0,0,0,0,0,-1988.38,0,0.123055,0.123055,0,0
01:11:15:03:56:29,2590.3,2590.59,0,0.0400562,0,0,0,0.123055,0,5840.78,0,0,0,0,0,0,-1647.35,0,0.123055,0.123055,0,0
01:11:15:03:56:30,2939.63,2937.06,0,0.0400562,0,0,0,0.123055,0,6190.11,0,0,0,0,0,0,-1298.02,0,0.123055,0.123055,0,0
01:11:15:03:56:31,3251.48,3248.05,0.657577,0.0400562,0,0,0,0.123055,0,6501.96,0,0,0,0,0,0,-986.17,0,0.128535,0.123055,0,0
01:11:15:03:56:32,3515.84,3510.69,0.657577,0.0400562,0.657577,0,0,0.128535,0,6764.78,0,0,0,0,0,0,-723.348,0,0.139495,0.128535,0,0
01:11:15:03:56:33,3721.26,3714.97,0.843308,0.0400562,0.657577,0,0,0.139495,0,6970.2,0,0,0,0,0,0,-517.928,0,0.152002,0.139495,0,0
01:11:15:03:56:34,3842.85,3839.42,0.749827,0.0400562,0.843308,0,0,0.152002,0,7090.94,0,0,0,0,0,0,-397.193,0,0.165278,0.152002,0,0
01:11:15:03:56:35,3894.35,3892.92,0.627951,0.0400562,0.749827,0,0,0.165278,0,7142.89,0,0,0,0,0,0,-345.242,0,0.17676,0.165278,0,0
01:11:15:03:56:36,3893.78,3892.35,0.315236,0.0400562,0.627951,0,0,0.17676,0,7142.84,0,0,0,0,0,0,-345.287,0,0.18462,0.17676,0,0
01:11:15:03:56:37,3892.64,3890.92,0.212407,0.0400562,0.315236,0,0,0.18462,0,7142.7,0,0,0,0,0,0,-345.427,0,0.189017,0.18462,0,0
01:11:15:03:56:38,3891.78,3890.06,0,0.0400562,0.212407,0,0,0.189017,0,7142.05,0,0,0,0,0,0,-346.076,0,0.190787,0.189017,0,0
01:11:15:03:56:39,3890.63,3889.2,0,0.0400562,0,0,0,0.190787,0,7141.11,0,0,0,0,0,0,-347.014,0,0.190787,0.190787,0,0
01:11:15:03:56:40,3886.63,3885.48,0,0.0400562,0,0,0,0.190787,0,7137.11,0,0,0,0,0,0,-351.019,0,0.190787,0.190787,0,0
01:11:15:03:56:41,3885.77,3884.91,0,0.0400562,0,0,0,0.190787,0,7136.25,0,0,0,0,0,0,-351.878,0,0.190787,0.190787,0,0
01:11:15:03:56:42,4146.98,4134.39,0,0.0400562,0,0,0,0.190787,0,7397.46,0,0,0,0,0,0,-90.6671,0,0.190787,0.190787,0,0
01:11:15:03:56:43,4365.56,4361.56,0.348781,0.0400562,0,0,0,0.190787,0,7616.04,0,0,0,0,0,0,127.914,0,0.193693,0.190787,0,0
01:11:15:03:56:44,4364.13,4359.84,0.0786447,0.0400562,0.348781,0,0,0.193693,0,7614.12,0,0,0,0,0,0,125.988,0,0.197255,0.193693,0,0
01:11:15:03:56:45,4364.99,4359.55,0.96382,0.0400562,0.0786447,0,0,0.197255,0,7615.44,0,0,0,0,0,0,127.307,0,0.205942,0.197255,0,0
01:11:15:03:56:46,4521.77,4543.52,0.351521,0.0400562,0.96382,0,0,0.205942,0,7769.22,0,0,0,0,0,0,281.089,0,0.216903,0.205942,0,0
01:11:15:03:56:47,4695.44,4689.14,0.243167,0.0400562,0.351521,0,0,0.216903,0,7945.41,0,0,0,0,0,0,457.286,0,0.221859,0.216903,0,0
01:11:15:03:56:48,4694.86,4688,0,0.0400562,0.243167,0,0,0.221859,0,7945.08,0,0,0,0,0,0,456.956,0,0.223885,0.221859,0,0
01:11:15:03:56:49,4694.01,4687.43,0.824406,0.0400562,0,0,0,0.223885,0,7944.49,0,0,0,0,0,0,456.358,0,0.230756,0.223885,0,0
01:11:15:03:56:50,4875.97,4860.52,0.250774,0.0400562,0.824406,0,0,0.230756,0,8124.15,0,0,0,0,0,0,636.021,0,0.239715,0.230756,0,0
01:11:15:03:56:51,5036.75,5028.74,0.0695722,0.0400562,0.250774,0,0,0.239715,0,8286.96,0,0,0,0,0,0,798.832,0,0.242385,0.239715,0,0
01:11:15:03:56:52,5034.75,5027.6,0,0.0400562,0.0695722,0,0,0.242385,0,8285.21,0,0,0,0,0,0,797.077,0,0.242965,0.242385,0,0
01:11:15:03:56:53,5034.18,5026.46,0.733842,0.0400562,0,0,0,0.242965,0,8284.66,0,0,0,0,0,0,796.533,0,0.24908,0.242965,0,0
01:11:15:03:56:54,5257.91,5244.18,0.457699,0.0400562,0.733842,0,0,0.24908,0,8506.52,0,0,0,0,0,0,1018.4,0,0.25901,0.24908,0,0
01:11:15:03:56:55,5306.55,5296.82,0.117901,0.0400562,0.457699,0,0,0.25901,0,8556.22,0,0,0,0,0,0,1068.1,0,0.263806,0.25901,0,0
01:11:15:03:56:56,5301.11,5291.96,0.402772,0.0400562,0.117901,0,0,0.263806,0,8551.52,0,0,0,0,0,0,1063.39,0,0.268145,0.263806,0,0
01:11:15:03:56:57,5299.97,5290.24,0.309625,0.0400562,0.402772,0,0,0.268145,0,8549.81,0,0,0,0,0,0,1061.68,0,0.274082,0.268145,0,0
01:11:15:03:56:58,5299.11,5289.67,0.220846,0.0400562,0.309625,0,0,0.274082,0,8549.19,0,0,0,0,0,0,1061.06,0,0.278502,0.274082,0,0
01:11:15:03:56:59,5525.13,5505.96,0.146081,0.0400562,0.220846,0,0,0.278502,0,8775.39,0,0,0,0,0,0,1287.26,0,0.28156,0.278502,0,0
01:11:15:03:57:00,5593.79,5584.07,0,0.0400562,0.146081,0,0,0.28156,0,8844.17,0,0,0,0,0,0,1356.04,0,0.282777,0.28156,0,0
01:11:15:03:57:01,5594.37,5582.92,0.538815,0.0400562,0,0,0,0.282777,0,8844.85,0,0,0,0,0,0,1356.72,0,0.287268,0.282777,0,0
01:11:15:03:57:02,5591.79,5580.92,0.459048,0.0400562,0.538815,0,0,0.287268,0,8841.2,0,0,0,0,0,0,1353.07,0,0.295583,0.287268,0,0
01:11:15:03:57:03,5882.18,5890.77,0.151408,0.0400562,0.459048,0,0,0.295583,0,9131.86,0,0,0,0,0,0,1643.73,0,0.30067,0.295583,0,0
01:11:15:03:57:04,5939.4,5927.1,0,0.0400562,0.151408,0,0,0.30067,0,9189.77,0,0,0,0,0,0,1701.64,0,0.301932,0.30067,0,0
01:11:15:03:57:05,5937.97,5925.39,0.788865,0.0400562,0,0,0,0.301932,0,9188.45,0,0,0,0,0,0,1700.33,0,0.308506,0.301932,0,0
01:11:15:03:57:06,6065.57,6076.16,0.286758,0.0400562,0.788865,0,0,0.308506,0,9313.93,0,0,0,0,0,0,1825.8,0,0.317469,0.308506,0,0
01:11:15:03:57:07,6115.07,6101.34,0.0723345,0.0400562,0.286758,0,0,0.317469,0,9365.2,0,0,0,0,0,0,1877.07,0,0.320462,0.317469,0,0
01:11:15:03:57:08,6111.35,6097.33,0.422186,0.0400562,0.0723345,0,0,0.320462,0,9361.8,0,0,0,0,0,0,1873.67,0,0.324583,0.320462,0,0
01:11:15:03:57:09,6108.78,6095.33,0.397753,0.0400562,0.422186,0,0,0.324583,0,9358.56,0,0,0,0,0,0,1870.43,0,0.331416,0.324583,0,0
01:11:15:03:57:10,6106.77,6093.61,0.248345,0.0400562,0.397753,0,0,0.331416,0,9356.63,0,0,0,0,0,0,1868.5,0,0.3368,0.331416,0,0
01:11:15:03:57:11,6104.77,6091.61,0,0.0400562,0.248345,0,0,0.3368,0,9354.98,0,0,0,0,0,0,1866.85,0,0.338869,0.3368,0,0
01:11:15:03:57:12,6103.34,6090.18,0,0.0400562,0,0,0,0.338869,0,9353.82,0,0,0,0,0,0,1865.7,0,0.338869,0.338869,0,0
01:11:15:03:57:13,6101.91,6088.75,0,0.0400562,0,0,0,0.338869,0,9352.39,0,0,0,0,0,0,1864.26,0,0.338869,0.338869,0,0
01:11:15:03:57:14,6100.48,6087.03,0,0.0400562,0,0,0,0.338869,0,9350.96,0,0,0,0,0,0,1862.83,0,0.338869,0.338869,0,0
01:11:15:03:57:15,6099.05,6085.89,0,0.0400562,0,0,0,0.338869,0,9349.53,0,0,0,0,0,0,1861.4,0,0.338869,0.338869,0,0
01:11:15:03:57:16,6097.33,6083.6,0,0.0400562,0,0,0,0.338869,0,9347.82,0,0,0,0,0,0,1859.69,0,0.338869,0.338869,0,0
01:11:15:03:57:17,6097.05,6083.31,0,0.0400562,0,0,0,0.338869,0,9347.53,0,0,0,0,0,0,1859.4,0,0.338869,0.338869,0,0
01:11:15:03:57:18,6095.62,6081.88,0,0.0400562,0,0,0,0.338869,0,9346.1,0,0,0,0,0,0,1857.97,0,0.338869,0.338869,0,0
01:11:15:03:57:19,6093.61,6079.88,0,0.0400562,0,0,0,0.338869,0,9344.1,0,0,0,0,0,0,1855.97,0,0.338869,0.338869,0,0
01:11:15:03:57:20,6091.9,6078.74,0,0.0400562,0,0,0,0.338869,0,9342.38,0,0,0,0,0,0,1854.25,0,0.338869,0.338869,0,0
01:11:15:03:57:21,6089.32,6076.45,0,0.0400562,0,0,0,0.338869,0,9339.8,0,0,0,0,0,0,1851.68,0,0.338869,0.338869,0,0
01:11:15:03:57:22,6087.6,6074.16,0,0.0400562,0,0,0,0.338869,0,9338.09,0,0,0,0,0,0,1849.96,0,0.338869,0.338869,0,0
01:11:15:03:57:23,6085.89,6072.44,0,0.0400562,0,0,0,0.338869,0,9336.37,0,0,0,0,0,0,1848.24,0,0.338869,0.338869,0,0
01:11:15:03:57:24,6083.89,6071.01,0,0.0400562,0,0,0,0.338869,0,9334.37,0,0,0,0,0,0,1846.24,0,0.338869,0.338869,0,0
01:11:15:03:57:25,6082.74,6069.29,0,0.0400562,0,0,0,0.338869,0,9333.22,0,0,0,0,0,0,1845.1,0,0.338869,0.338869,0,0
01:11:15:03:57:26,6081.6,6067.29,0,0.0400562,0,0,0,0.338869,0,9332.08,0,0,0,0,0,0,1843.95,0,0.338869,0.338869,0,0
01:11:15:03:57:27,6079.88,6067.01,0,0.0400562,0,0,0,0.338869,0,9330.36,0,0,0,0,0,0,1842.24,0,0.338869,0.338869,0,0
01:11:15:03:57:28,6078.74,6065.57,0,0.0400562,0,0,0,0.338869,0,9329.22,0,0,0,0,0,0,1841.09,0,0.338869,0.338869,0,0
01:11:15:03:57:29,6077.02,6064.43,0,0.0400562,0,0,0,0.338869,0,9327.5,0,0,0,0,0,0,1839.37,0,0.338869,0.338869,0,0
01:11:15:03:57:30,6075.3,6062.43,0,0.0400562,0,0,0,0.338869,0,9325.79,0,0,0,0,0,0,1837.66,0,0.338869,0.338869,0,0
01:11:15:03:57:31,6074.44,6061.28,0,0.0400562,0,0,0,0.338869,0,9324.93,0,0,0,0,0,0,1836.8,0,0.338869,0.338869,0,0
01:11:15:03:57:32,6073.59,6060.14,0,0.0400562,0,0,0,0.338869,0,9324.07,0,0,0,0,0,0,1835.94,0,0.338869,0.338869,0,0
01:11:15:03:57:33,6073.3,6059.85,0,0.0400562,0,0,0,0.338869,0,9323.78,0,0,0,0,0,0,1835.65,0,0.338869,0.338869,0,0
01:11:15:03:57:34,6072.44,6058.71,0,0.0400562,0,0,0,0.338869,0,9322.92,0,0,0,0,0,0,1834.8,0,0.338869,0.338869,0,0
01:11:15:03:57:35,6071.58,6058.42,0,0.0400562,0,0,0,0.338869,0,9322.07,0,0,0,0,0,0,1833.94,0,0.338869,0.338869,0,0
01:11:15:03:57:36,6070.72,6057.85,0,0.0400562,0,0,0,0.338869,0,9321.21,0,0,0,0,0,0,1833.08,0,0.338869,0.338869,0,0
01:11:15:03:57:37,6127.09,6113.93,0,0.0400562,0,0,0,0.338869,0,9377.57,0,0,0,0,0,0,1889.44,0,0.338869,0.338869,0,0
01:11:15:03:57:38,6125.66,6113.07,0,0.0400562,0,0,0,0.338869,0,9376.14,0,0,0,0,0,0,1888.01,0,0.338869,0.338869,0,0
01:11:15:03:57:39,6125.37,6113.07,0.524274,0.0400562,0,0,0,0.338869,0,9375.85,0,0,0,0,0,0,1887.72,0,0.343238,0.338869,0,0
01:11:15:03:57:40,6124.8,6113.07,0.339066,0.0400562,0.524274,0,0,0.343238,0,9374.25,0,0,0,0,0,0,1886.13,0,0.350433,0.343238,0,0
01:11:15:03:57:41,6450.67,6476.7,0.168788,0.0400562,0.339066,0,0,0.350433,0,9700.68,0,0,0,0,0,0,2212.55,0,0.354665,0.350433,0,0
01:11:15:03:57:42,6915.58,6938.18,0,0.0400562,0.168788,0,0,0.354665,0,10165.9,0,0,0,0,0,0,2677.8,0,0.356072,0.354665,0,0
01:11:15:03:57:43,7396.52,7418.26,0.013533,0.0400562,0,0,0,0.356072,0,10647,0,0,0,0,0,0,3158.88,0,0.356184,0.356072,0,0
01:11:15:03:57:44,7460.03,7453.45,1.20727,0.0400562,0.013533,0,0,0.356184,0,10710.5,0,0,0,0,0,0,3222.39,0,0.366358,0.356184,0,0
01:11:15:03:57:45,7455.74,7448.3,1.20426,0.0400562,1.20727,0,0,0.366358,0,10701.7,0,0,0,0,0,0,3213.56,0,0.386454,0.366358,0,0
01:11:15:03:57:46,7450.88,7444.01,0.84334,0.0400562,1.20426,0,0,0.386454,0,10696.9,0,0,0,0,0,0,3208.73,0,0.403517,0.386454,0,0
01:11:15:03:57:47,7555.3,7537.57,0.242067,0.0400562,0.84334,0,0,0.403517,0,10803.4,0,0,0,0,0,0,3315.28,0,0.412562,0.403517,0,0
01:11:15:03:57:48,7760.44,7753.29,0.0362865,0.0400562,0.242067,0,0,0.412562,0,11010.7,0,0,0,0,0,0,3522.56,0,0.414882,0.412562,0,0
01:11:15:03:57:49,7756.72,7748.99,0,0.0400562,0.0362865,0,0,0.414882,0,11007.2,0,0,0,0,0,0,3519.09,0,0.415184,0.414882,0,0
01:11:15:03:57:50,7752.71,7744.7,0.930646,0.0400562,0,0,0,0.415184,0,11003.2,0,0,0,0,0,0,3515.09,0,0.422939,0.415184,0,0
01:11:15:03:57:51,7963,7944.4,0.30339,0.0400562,0.930646,0,0,0.422939,0,11210.7,0,0,0,0,0,0,3722.53,0,0.433223,0.422939,0,0
01:11:15:03:57:52,8162.98,8152.68,0.0702348,0.0400562,0.30339,0,0,0.433223,0,11413.1,0,0,0,0,0,0,3924.98,0,0.436337,0.433223,0,0
01:11:15:03:57:53,8159.84,8150.11,0.398715,0.0400562,0.0702348,0,0,0.436337,0,11410.3,0,0,0,0,0,0,3922.2,0,0.440244,0.436337,0,0
01:11:15:03:57:54,8155.83,8145.24,0.612214,0.0400562,0.398715,0,0,0.440244,0,11405.7,0,0,0,0,0,0,3917.59,0,0.448669,0.440244,0,0
01:11:15:03:57:55,8347.8,8328.92,0.284271,0.0400562,0.612214,0,0,0.448669,0,11597,0,0,0,0,0,0,4108.84,0,0.45614,0.448669,0,0
01:11:15:03:57:56,8459.67,8447.37,0,0.0400562,0.284271,0,0,0.45614,0,11709.8,0,0,0,0,0,0,4221.72,0,0.458509,0.45614,0,0
01:11:15:03:57:57,8455.38,8443.93,0.508931,0.0400562,0,0,0,0.458509,0,11705.9,0,0,0,0,0,0,4217.77,0,0.46275,0.458509,0,0
01:11:15:03:57:58,8451.37,8439.64,0.650384,0.0400562,0.508931,0,0,0.46275,0,11700.9,0,0,0,0,0,0,4212.8,0,0.472411,0.46275,0,0
01:11:15:03:57:59,8512.88,8497.44,0.650384,0.0400562,0.650384,0,0,0.472411,0,11761.9,0,0,0,0,0,0,4273.78,0,0.48325,0.472411,0,0
01:11:15:03:58:00,8521.18,8509.45,0.0381048,0.0400562,0.650384,0,0,0.48325,0,11770.2,0,0,0,0,0,0,4282.08,0,0.488988,0.48325,0,0
01:11:15:03:58:01,8516.32,8504.59,0.421302,0.0400562,0.0381048,0,0,0.488988,0,11766.8,0,0,0,0,0,0,4278.71,0,0.492816,0.488988,0,0
01:11:15:03:58:02,8512.31,8499.44,0.253789,0.0400562,0.421302,0,0,0.492816,0,11762.2,0,0,0,0,0,0,4274.02,0,0.498442,0.492816,0,0
01:11:15:03:58:03,8508.59,8496.29,0.11432,0.0400562,0.253789,0,0,0.498442,0,11758.8,0,0,0,0,0,0,4270.72,0,0.501509,0.498442,0,0
01:11:15:03:58:04,8503.73,8490.57,0,0.0400562,0.11432,0,0,0.501509,0,11754.2,0,0,0,0,0,0,4266.07,0,0.502462,0.501509,0,0
01:11:15:03:58:05,8497.44,8484.85,0,0.0400562,0,0,0,0.502462,0,11748,0,0,0,0,0,0,4259.85,0,0.502462,0.502462,0,0
01:11:15:03:58:06,8491.43,8479.41,0,0.0400562,0,0,0,0.502462,0,11742,0,0,0,0,0,0,4253.84,0,0.502462,0.502462,0,0
01:11:15:03:58:07,8486.85,8475.12,0,0.0400562,0,0,0,0.502462,0,11737.4,0,0,0,0,0,0,4249.26,0,0.502462,0.502462,0,0
01:11:15:03:58:08,8483.13,8470.26,0,0.0400562,0,0,0,0.502462,0,11733.7,0,0,0,0,0,0,4245.54,0,0.502462,0.502462,0,0
01:11:15:03:58:09,8479.12,8467.11,0,0.0400562,0,0,0,0.502462,0,11729.7,0,0,0,0,0,0,4241.53,0,0.502462,0.502462,0,0
01:11:15:03:58:10,8475.69,8463.96,0,0.0400562,0,0,0,0.502462,0,11726.2,0,0,0,0,0,0,4238.1,0,0.502462,0.502462,0,0
01:11:15:03:58:11,8473.4,8461.67,0,0.0400562,0,0,0,0.502462,0,11723.9,0,0,0,0,0,0,4235.81,0,0.502462,0.502462,0,0
01:11:15:03:58:12,8470.83,8458.81,0,0.0400562,0,0,0,0.502462,0,11721.4,0,0,0,0,0,0,4233.24,0,0.502462,0.502462,0,0
01:11:15:03:58:13,8463.96,8451.95,0,0.0400562,0,0,0,0.502462,0,11714.5,0,0,0,0,0,0,4226.37,0,0.502462,0.502462,0,0
01:11:15:03:58:14,8457.09,8445.65,0,0.0400562,0,0,0,0.502462,0,11707.6,0,0,0,0,0,0,4219.51,0,0.502462,0.502462,0,0
01:11:15:03:58:15,8454.52,8442.22,0,0.0400562,0,0,0,0.502462,0,11705.1,0,0,0,0,0,0,4216.93,0,0.502462,0.502462,0,0
01:11:15:03:58:16,8452.23,8439.36,0,0.0400562,0,0,0,0.502462,0,11702.8,0,0,0,0,0,0,4214.64,0,0.502462,0.502462,0,0
01:11:15:03:58:17,8449.37,8437.07,0,0.0400562,0,0,0,0.502462,0,11699.9,0,0,0,0,0,0,4211.78,0,0.502462,0.502462,0,0
01:11:15:03:58:18,8445.08,8433.35,0,0.0400562,0,0,0,0.502462,0,11695.6,0,0,0,0,0,0,4207.49,0,0.502462,0.502462,0,0
01:11:15:03:58:19,8441.93,8430.2,0,0.0400562,0,0,0,0.502462,0,11692.5,0,0,0,0,0,0,4204.34,0,0.502462,0.502462,0,0
01:11:15:03:58:20,8440.21,8426.77,0,0.0400562,0,0,0,0.502462,0,11690.8,0,0,0,0,0,0,4202.63,0,0.502462,0.502462,0,0
01:11:15:03:58:21,8437.35,8425.05,0,0.0400562,0,0,0,0.502462,0,11687.9,0,0,0,0,0,0,4199.77,0,0.502462,0.502462,0,0
01:11:15:03:58:22,8435.64,8423.33,0,0.0400562,0,0,0,0.502462,0,11686.2,0,0,0,0,0,0,4198.05,0,0.502462,0.502462,0,0
01:11:15:03:58:23,8433.35,8421.33,0,0.0400562,0,0,0,0.502462,0,11683.9,0,0,0,0,0,0,4195.76,0,0.502462,0.502462,0,0
01:11:15:03:58:24,8431.35,8419.9,0,0.0400562,0,0,0,0.502462,0,11681.9,0,0,0,0,0,0,4193.76,0,0.502462,0.502462,0,0
01:11:15:03:58:25,8429.92,8417.33,0,0.0400562,0,0,0,0.502462,0,11680.5,0,0,0,0,0,0,4192.33,0,0.502462,0.502462,0,0
01:11:15:03:58:26,8427.34,8415.61,0,0.0400562,0,0,0,0.502462,0,11677.9,0,0,0,0,0,0,4189.75,0,0.502462,0.502462,0,0
01:11:15:03:58:27,8425.05,8413.04,0,0.0400562,0,0,0,0.502462,0,11675.6,0,0,0,0,0,0,4187.46,0,0.502462,0.502462,0,0
01:11:15:03:58:28,8422.19,8410.75,0,0.0400562,0,0,0,0.502462,0,11672.7,0,0,0,0,0,0,4184.6,0,0.502462,0.502462,0,0
01:11:15:03:58:29,8420.76,8409.03,0,0.0400562,0,0,0,0.502462,0,11671.3,0,0,0,0,0,0,4183.17,0,0.502462,0.502462,0,0
01:11:15:03:58:30,8419.33,8406.17,0,0.0400562,0,0,0,0.502462,0,11669.9,0,0,0,0,0,0,4181.74,0,0.502462,0.502462,0,0
01:11:15:03:58:31,8417.04,8404.74,0,0.0400562,0,0,0,0.502462,0,11667.6,0,0,0,0,0,0,4179.45,0,0.502462,0.502462,0,0
01:11:15:03:58:32,8414.75,8402.74,0,0.0400562,0,0,0,0.502462,0,11665.3,0,0,0,0,0,0,4177.16,0,0.502462,0.502462,0,0
01:11:15:03:58:33,8412.75,8399.88,0,0.0400562,0,0,0,0.502462,0,11663.3,0,0,0,0,0,0,4175.16,0,0.502462,0.502462,0,0
01:11:15:03:58:34,8410.46,8398.73,0,0.0400562,0,0,0,0.502462,0,11661,0,0,0,0,0,0,4172.87,0,0.502462,0.502462,0,0
01:11:15:03:58:35,8409.03,8397.01,0,0.0400562,0,0,0,0.502462,0,11659.6,0,0,0,0,0,0,4171.44,0,0.502462,0.502462,0,0
01:11:15:03:58:36,8406.46,8394.15,0,0.0400562,0,0,0,0.502462,0,11657,0,0,0,0,0,0,4168.87,0,0.502462,0.502462,0,0
01:11:15:03:58:37,8404.74,8393.01,0,0.0400562,0,0,0,0.502462,0,11655.3,0,0,0,0,0,0,4167.15,0,0.502462,0.502462,0,0
01:11:15:03:58:38,8402.74,8391,0,0.0400562,0,0,0,0.502462,0,11653.3,0,0,0,0,0,0,4165.15,0,0.502462,0.502462,0,0
01:11:15:03:58:39,8401.31,8389.86,0,0.0400562,0,0,0,0.502462,0,11651.8,0,0,0,0,0,0,4163.72,0,0.502462,0.502462,0,0
01:11:15:03:58:40,8399.88,8387.57,0,0.0400562,0,0,0,0.502462,0,11650.4,0,0,0,0,0,0,4162.29,0,0.502462,0.502462,0,0
01:11:15:03:58:41,8397.3,8386.14,0,0.0400562,0,0,0,0.502462,0,11647.8,0,0,0,0,0,0,4159.71,0,0.502462,0.502462,0,0
01:11:15:03:58:42,8396.16,8384.42,0,0.0400562,0,0,0,0.502462,0,11646.7,0,0,0,0,0,0,4158.57,0,0.502462,0.502462,0,0
01:11:15:03:58:43,8394.15,8381.56,0,0.0400562,0,0,0,0.502462,0,11644.7,0,0,0,0,0,0,4156.56,0,0.502462,0.502462,0,0
01:11:15:03:58:44,8391.58,8380.13,0,0.0400562,0,0,0,0.502462,0,11642.1,0,0,0,0,0,0,4153.99,0,0.502462,0.502462,0,0
01:11:15:03:58:45,8389.86,8378.13,0,0.0400562,0,0,0,0.502462,0,11640.4,0,0,0,0,0,0,4152.27,0,0.502462,0.502462,0,0
01:11:15:03:58:46,8388.14,8376.41,0,0.0400562,0,0,0,0.502462,0,11638.7,0,0,0,0,0,0,4150.56,0,0.502462,0.502462,0,0
01:11:15:03:58:47,8386.14,8374.13,0,0.0400562,0,0,0,0.502462,0,11636.7,0,0,0,0,0,0,4148.55,0,0.502462,0.502462,0,0
01:11:15:03:58:48,8384.14,8372.7,0,0.0400562,0,0,0,0.502462,0,11634.7,0,0,0,0,0,0,4146.55,0,0.502462,0.502462,0,0
01:11:15:03:58:49,8382.71,8371.26,0,0.0400562,0,0,0,0.502462,0,11633.2,0,0,0,0,0,0,4145.12,0,0.502462,0.502462,0,0
01:11:15:03:58:50,8380.71,8369.26,0,0.0400562,0,0,0,0.502462,0,11631.2,0,0,0,0,0,0,4143.12,0,0.502462,0.502462,0,0
01:11:15:03:58:51,8379.28,8367.26,0,0.0400562,0,0,0,0.502462,0,11629.8,0,0,0,0,0,0,4141.69,0,0.502462,0.502462,0,0
01:11:15:03:58:52,8376.99,8365.26,0,0.0400562,0,0,0,0.502462,0,11627.5,0,0,0,0,0,0,4139.4,0,0.502462,0.502462,0,0
01:11:15:03:58:53,8374.98,8364.11,0,0.0400562,0,0,0,0.502462,0,11625.5,0,0,0,0,0,0,4137.39,0,0.502462,0.502462,0,0
01:11:15:03:58:54,8373.27,8362.11,0,0.0400562,0,0,0,0.502462,0,11623.8,0,0,0,0,0,0,4135.68,0,0.502462,0.502462,0,0
01:11:15:03:58:55,8371.55,8359.82,0,0.0400562,0,0,0,0.502462,0,11622.1,0,0,0,0,0,0,4133.96,0,0.502462,0.502462,0,0
01:11:15:03:58:56,8369.83,8358.96,0,0.0400562,0,0,0,0.502462,0,11620.4,0,0,0,0,0,0,4132.24,0,0.502462,0.502462,0,0
01:11:15:03:58:57,8368.69,8356.96,0,0.0400562,0,0,0,0.502462,0,11619.2,0,0,0,0,0,0,4131.1,0,0.502462,0.502462,0,0
01:11:15:03:58:58,8362.11,8348.95,0,0.0400562,0,0,0,0.502462,0,11612.6,0,0,0,0,0,0,4124.52,0,0.502462,0.502462,0,0
01:11:15:03:58:59,8348.95,8337.5,0,0.0400562,0,0,0,0.502462,0,11599.5,0,0,0,0,0,0,4111.36,0,0.502462,0.502462,0,0
01:11:15:03:59:00,8339.79,8328.06,0,0.0400562,0,0,0,0.502462,0,11590.3,0,0,0,0,0,0,4102.2,0,0.502462,0.502462,0,0
01:11:15:03:59:01,8331.78,8320.05,0,0.0400562,0,0,0,0.502462,0,11582.3,0,0,0,0,0,0,4094.19,0,0.502462,0.502462,0,0
01:11:15:03:59:02,8323.2,8310.61,0,0.0400562,0,0,0,0.502462,0,11573.7,0,0,0,0,0,0,4085.61,0,0.502462,0.502462,0,0
01:11:15:03:59:03,8314.04,8302.6,0,0.0400562,0,0,0,0.502462,0,11564.6,0,0,0,0,0,0,4076.46,0,0.502462,0.502462,0,0
01:11:15:03:59:04,8295.73,8285.43,0,0.0400562,0,0,0,0.502462,0,11546.3,0,0,0,0,0,0,4058.14,0,0.502462,0.502462,0,0
01:11:15:03:59:05,8227.07,8218.2,0,0.0400562,0,0,0,0.502462,0,11477.6,0,0,0,0,0,0,3989.48,0,0.502462,0.502462,0,0
01:11:15:03:59:06,8161.55,8152.11,0,0.0400562,0,0,0,0.502462,0,11412.1,0,0,0,0,0,0,3923.96,0,0.502462,0.502462,0,0
01:11:15:03:59:07,8084.88,8074.86,0,0.0400562,0,0,0,0.502462,0,11335.4,0,0,0,0,0,0,3847.29,0,0.502462,0.502462,0,0
01:11:15:03:59:08,7993.61,7984.46,0,0.0400562,0,0,0,0.502462,0,11244.1,0,0,0,0,0,0,3756.02,0,0.502462,0.502462,0,0
01:11:15:03:59:09,7896.62,7887.18,0,0.0400562,0,0,0,0.502462,0,11147.2,0,0,0,0,0,0,3659.03,0,0.502462,0.502462,0,0
01:11:15:03:59:10,7799.63,7790.19,0,0.0400562,0,0,0,0.502462,0,11050.2,0,0,0,0,0,0,3562.04,0,0.502462,0.502462,0,0
01:11:15:03:59:11,7705.51,7694.35,0,0.0400562,0,0,0,0.502462,0,10956,0,0,0,0,0,0,3467.92,0,0.502462,0.502462,0,0
01:11:15:03:59:12,7610.81,7601.37,0,0.0400562,0,0,0,0.502462,0,10861.3,0,0,0,0,0,0,3373.22,0,0.502462,0.502462,0,0
01:11:15:03:59:13,7514.1,7504.95,0,0.0400562,0,0,0,0.502462,0,10764.6,0,0,0,0,0,0,3276.52,0,0.502462,0.502462,0,0
01:11:15:03:59:14,7409.96,7400.24,0,0.0400562,0,0,0,0.502462,0,10660.5,0,0,0,0,0,0,3172.37,0,0.502462,0.502462,0,0
01:11:15:03:59:15,7299.53,7289.52,0,0.0400562,0,0,0,0.502462,0,10550.1,0,0,0,0,0,0,3061.94,0,0.502462,0.502462,0,0
01:11:15:03:59:16,7184.8,7174.5,0,0.0400562,0,0,0,0.502462,0,10435.3,0,0,0,0,0,0,2947.21,0,0.502462,0.502462,0,0
01:11:15:03:59:17,7071.79,7050.62,0,0.0400562,0,0,0,0.502462,0,10322.3,0,0,0,0,0,0,2834.2,0,0.502462,0.502462,0,0
01:11:15:03:59:18,6960.79,6939.9,0,0.0400562,0,0,0,0.502462,0,10211.3,0,0,0,0,0,0,2723.2,0,0.502462,0.502462,0,0
01:11:15:03:59:19,6849.49,6829.46,0,0.0400562,0,0,0,0.502462,0,10100,0,0,0,0,0,0,2611.9,0,0.502462,0.502462,0,0
01:11:15:03:59:20,6740.2,6719.89,0,0.0400562,0,0,0,0.502462,0,9990.74,0,0,0,0,0,0,2502.61,0,0.502462,0.502462,0,0
01:11:15:03:59:21,6628.05,6607.16,0,0.0400562,0,0,0,0.502462,0,9878.59,0,0,0,0,0,0,2390.46,0,0.502462,0.502462,0,0
01:11:15:03:59:22,6505.88,6495.58,0,0.0400562,0,0,0,0.502462,0,9756.42,0,0,0,0,0,0,2268.3,0,0.502462,0.502462,0,0
01:11:15:03:59:23,6396.02,6386.29,0,0.0400562,0,0,0,0.502462,0,9646.56,0,0,0,0,0,0,2158.43,0,0.502462,0.502462,0,0
01:11:15:03:59:24,6288.45,6279.01,0,0.0400562,0,0,0,0.502462,0,9538.99,0,0,0,0,0,0,2050.86,0,0.502462,0.502462,0,0
01:11:15:03:59:25,6182.88,6173.15,0,0.0400562,0,0,0,0.502462,0,9433.42,0,0,0,0,0,0,1945.29,0,0.502462,0.502462,0,0
01:11:15:03:59:26,6077.59,6067.58,0,0.0400562,0,0,0,0.502462,0,9328.13,0,0,0,0,0,0,1840,0,0.502462,0.502462,0,0
01:11:15:03:59:27,5971.73,5961.72,0,0.0400562,0,0,0,0.502462,0,9222.27,0,0,0,0,0,0,1734.14,0,0.502462,0.502462,0,0
01:11:15:03:59:28,5859.3,5849.57,0,0.0400562,0,0,0,0.502462,0,9109.83,0,0,0,0,0,0,1621.71,0,0.502462,0.502462,0,0
01:11:15:03:59:29,5742.85,5732.55,0,0.0400562,0,0,0,0.502462,0,8993.39,0,0,0,0,0,0,1505.26,0,0.502462,0.502462,0,0
01:11:15:03:59:30,5632.13,5622.4,0,0.0400562,0,0,0,0.502462,0,8882.67,0,0,0,0,0,0,1394.54,0,0.502462,0.502462,0,0
01:11:15:03:59:31,5518.84,5509.39,0,0.0400562,0,0,0,0.502462,0,8769.37,0,0,0,0,0,0,1281.25,0,0.502462,0.502462,0,0
01:11:15:03:59:32,5407.83,5397.24,0,0.0400562,0,0,0,0.502462,0,8658.37,0,0,0,0,0,0,1170.24,0,0.502462,0.502462,0,0
01:11:15:03:59:33,5298.82,5288.52,0,0.0400562,0,0,0,0.502462,0,8549.36,0,0,0,0,0,0,1061.23,0,0.502462,0.502462,0,0
01:11:15:03:59:34,5192.39,5182.09,0,0.0400562,0,0,0,0.502462,0,8442.93,0,0,0,0,0,0,954.804,0,0.502462,0.502462,0,0
01:11:15:03:59:35,5094.26,5083.39,0,0.0400562,0,0,0,0.502462,0,8344.8,0,0,0,0,0,0,856.672,0,0.502462,0.502462,0,0
01:11:15:03:59:36,5056.5,5044.48,0,0.0400562,0,0,0,0.502462,0,8307.03,0,0,0,0,0,0,818.906,0,0.502462,0.502462,0,0
01:11:15:03:59:37,5039.9,5025.6,0,0.0400562,0,0,0,0.502462,0,8290.44,0,0,0,0,0,0,802.313,0,0.502462,0.502462,0,0
01:11:15:03:59:38,5029.03,5015.01,0,0.0400562,0,0,0,0.502462,0,8279.57,0,0,0,0,0,0,791.441,0,0.502462,0.502462,0,0
01:11:15:03:59:39,5022.45,5009,0,0.0400562,0,0,0,0.502462,0,8272.99,0,0,0,0,0,0,784.86,0,0.502462,0.502462,0,0
01:11:15:03:59:40,5020.45,5007,0,0.0400562,0,0,0,0.502462,0,8270.99,0,0,0,0,0,0,782.858,0,0.502462,0.502462,0,0
01:11:15:03:59:41,5018.44,5004.71,0,0.0400562,0,0,0,0.502462,0,8268.98,0,0,0,0,0,0,780.855,0,0.502462,0.502462,0,0
01:11:15:03:59:42,5016.16,5002.99,0,0.0400562,0,0,0,0.502462,0,8266.69,0,0,0,0,0,0,778.566,0,0.502462,0.502462,0,0
01:11:15:03:59:43,5014.44,5000.99,0,0.0400562,0,0,0,0.502462,0,8264.98,0,0,0,0,0,0,776.85,0,0.502462,0.502462,0,0
01:11:15:03:59:44,5012.44,4999.85,0,0.0400562,0,0,0,0.502462,0,8262.98,0,0,0,0,0,0,774.847,0,0.502462,0.502462,0,0
01:11:15:03:59:45,5010.15,4997.56,0,0.0400562,0,0,0,0.502462,0,8260.69,0,0,0,0,0,0,772.558,0,0.502462,0.502462,0,0
01:11:15:03:59:46,5008.72,4994.98,0,0.0400562,0,0,0,0.502462,0,8259.25,0,0,0,0,0,0,771.127,0,0.502462,0.502462,0,0
01:11:15:03:59:47,5006.71,4993.84,0,0.0400562,0,0,0,0.502462,0,8257.25,0,0,0,0,0,0,769.124,0,0.502462,0.502462,0,0
01:11:15:03:59:48,5004.43,4991.26,0,0.0400562,0,0,0,0.502462,0,8254.96,0,0,0,0,0,0,766.836,0,0.502462,0.502462,0,0
01:11:15:03:59:49,5002.99,4988.98,0,0.0400562,0,0,0,0.502462,0,8253.53,0,0,0,0,0,0,765.406,0,0.502462,0.502462,0,0
01:11:15:03:59:50,5000.42,4988.12,0,0.0400562,0,0,0,0.502462,0,8250.96,0,0,0,0,0,0,762.831,0,0.502462,0.502462,0,0
01:11:15:03:59:51,4998.7,4985.54,0,0.0400562,0,0,0,0.502462,0,8249.24,0,0,0,0,0,0,761.114,0,0.502462,0.502462,0,0
01:11:15:03:59:52,4996.7,4983.83,0,0.0400562,0,0,0,0.502462,0,8247.24,0,0,0,0,0,0,759.111,0,0.502462,0.502462,0,0
01:11:15:03:59:53,4995.27,4981.82,0,0.0400562,0,0,0,0.502462,0,8245.81,0,0,0,0,0,0,757.68,0,0.502462,0.502462,0,0
01:11:15:03:59:54,4992.41,4979.82,0,0.0400562,0,0,0,0.502462,0,8242.95,0,0,0,0,0,0,754.819,0,0.502462,0.502462,0,0
01:11:15:03:59:55,4991.55,4977.53,0,0.0400562,0,0,0,0.502462,0,8242.09,0,0,0,0,0,0,753.962,0,0.502462,0.502462,0,0
01:11:15:03:59:56,4989.26,4975.82,0,0.0400562,0,0,0,0.502462,0,8239.8,0,0,0,0,0,0,751.672,0,0.502462,0.502462,0,0
01:11:15:03:59:57,4986.97,4974.1,0,0.0400562,0,0,0,0.502462,0,8237.51,0,0,0,0,0,0,749.384,0,0.502462,0.502462,0,0
01:11:15:03:59:58,4985.54,4972.38,0,0.0400562,0,0,0,0.502462,0,8236.08,0,0,0,0,0,0,747.954,0,0.502462,0.502462,0,0
01:11:15:03:59:59,4983.25,4969.52,0,0.0400562,0,0,0,0.502462,0,8233.79,0,0,0,0,0,0,745.664,0,0.502462,0.502462,0,0
01:11:15:04:00:00,4981.54,4967.8,0,0.0400562,0,0,0,0.502462,0,8232.08,0,0,0,0,0,0,743.948,0,0.502462,0.502462,0,0
01:11:15:04:00:01,4979.82,4965.8,0,0.0400562,0,0,0,0.502462,0,8230.36,0,0,0,0,0,0,742.231,0,0.502462,0.502462,0,0
01:11:15:04:00:02,4977.53,4964.09,0,0.0400562,0,0,0,0.502462,0,8228.07,0,0,0,0,0,0,739.943,0,0.502462,0.502462,0,0
01:11:15:04:00:03,4975.82,4962.37,0,0.0400562,0,0,0,0.502462,0,8226.35,0,0,0,0,0,0,738.226,0,0.502462,0.502462,0,0
01:11:15:04:00:04,4973.53,4960.65,0,0.0400562,0,0,0,0.502462,0,8224.07,0,0,0,0,0,0,735.938,0,0.502462,0.502462,0,0
01:11:15:04:00:05,4971.52,4958.65,0,0.0400562,0,0,0,0.502462,0,8222.06,0,0,0,0,0,0,733.934,0,0.502462,0.502462,0,0
01:11:15:04:00:06,4969.81,4956.36,0,0.0400562,0,0,0,0.502462,0,8220.35,0,0,0,0,0,0,732.218,0,0.502462,0.502462,0,0
01:11:15:04:00:07,4968.09,4954.93,0,0.0400562,0,0,0,0.502462,0,8218.63,0,0,0,0,0,0,730.502,0,0.502462,0.502462,0,0
01:11:15:04:00:08,4965.8,4953.21,0,0.0400562,0,0,0,0.502462,0,8216.34,0,0,0,0,0,0,728.212,0,0.502462,0.502462,0,0
01:11:15:04:00:09,4963.8,4950.92,0,0.0400562,0,0,0,0.502462,0,8214.34,0,0,0,0,0,0,726.21,0,0.502462,0.502462,0,0
01:11:15:04:00:10,4961.8,4949.21,0,0.0400562,0,0,0,0.502462,0,8212.33,0,0,0,0,0,0,724.207,0,0.502462,0.502462,0,0
01:11:15:04:00:11,4959.79,4947.21,0,0.0400562,0,0,0,0.502462,0,8210.33,0,0,0,0,0,0,722.204,0,0.502462,0.502462,0,0
01:11:15:04:00:12,4958.36,4944.63,0,0.0400562,0,0,0,0.502462,0,8208.9,0,0,0,0,0,0,720.774,0,0.502462,0.502462,0,0
01:11:15:04:00:13,4956.36,4943.2,0,0.0400562,0,0,0,0.502462,0,8206.9,0,0,0,0,0,0,718.771,0,0.502462,0.502462,0,0
01:11:15:04:00:14,4954.36,4942.06,0,0.0400562,0,0,0,0.502462,0,8204.9,0,0,0,0,0,0,716.768,0,0.502462,0.502462,0,0
01:11:15:04:00:15,4952.93,4939.77,0,0.0400562,0,0,0,0.502462,0,8203.47,0,0,0,0,0,0,715.338,0,0.502462,0.502462,0,0
01:11:15:04:00:16,4950.92,4937.19,0,0.0400562,0,0,0,0.502462,0,8201.46,0,0,0,0,0,0,713.335,0,0.502462,0.502462,0,0
01:11:15:04:00:17,4948.92,4935.76,0,0.0400562,0,0,0,0.502462,0,8199.46,0,0,0,0,0,0,711.332,0,0.502462,0.502462,0,0
01:11:15:04:00:18,4947.49,4934.33,0,0.0400562,0,0,0,0.502462,0,8198.03,0,0,0,0,0,0,709.902,0,0.502462,0.502462,0,0
01:11:15:04:00:19,4945.49,4931.76,0,0.0400562,0,0,0,0.502462,0,8196.03,0,0,0,0,0,0,707.899,0,0.502462,0.502462,0,0
01:11:15:04:00:20,4943.49,4930.33,0,0.0400562,0,0,0,0.502462,0,8194.02,0,0,0,0,0,0,705.896,0,0.502462,0.502462,0,0
01:11:15:04:00:21,4941.77,4928.32,0,0.0400562,0,0,0,0.502462,0,8192.31,0,0,0,0,0,0,704.18,0,0.502462,0.502462,0,0
01:11:15:04:00:22,4939.77,4926.03,0,0.0400562,0,0,0,0.502462,0,8190.31,0,0,0,0,0,0,702.177,0,0.502462,0.502462,0,0
01:11:15:04:00:23,4937.48,4924.03,0,0.0400562,0,0,0,0.502462,0,8188.02,0,0,0,0,0,0,699.888,0,0.502462,0.502462,0,0
01:11:15:04:00:24,4935.19,4922.03,0,0.0400562,0,0,0,0.502462,0,8185.73,0,0,0,0,0,0,697.599,0,0.502462,0.502462,0,0
01:11:15:04:00:25,4934.33,4920.88,0,0.0400562,0,0,0,0.502462,0,8184.87,0,0,0,0,0,0,696.741,0,0.502462,0.502462,0,0
01:11:15:04:00:26,4932.04,4918.88,0,0.0400562,0,0,0,0.502462,0,8182.58,0,0,0,0,0,0,694.452,0,0.502462,0.502462,0,0
01:11:15:04:00:27,4930.61,4916.88,0,0.0400562,0,0,0,0.502462,0,8181.15,0,0,0,0,0,0,693.021,0,0.502462,0.502462,0,0
01:11:15:04:00:28,4928.32,4914.88,0,0.0400562,0,0,0,0.502462,0,8178.86,0,0,0,0,0,0,690.733,0,0.502462,0.502462,0,0
01:11:15:04:00:29,4925.46,4912.3,0,0.0400562,0,0,0,0.502462,0,8176,0,0,0,0,0,0,687.872,0,0.502462,0.502462,0,0
01:11:15:04:00:30,4924.03,4910.58,0,0.0400562,0,0,0,0.502462,0,8174.57,0,0,0,0,0,0,686.441,0,0.502462,0.502462,0,0
01:11:15:04:00:31,4921.74,4909.15,0,0.0400562,0,0,0,0.502462,0,8172.28,0,0,0,0,0,0,684.152,0,0.502462,0.502462,0,0
01:11:15:04:00:32,4920.03,4906.01,0,0.0400562,0,0,0,0.502462,0,8170.56,0,0,0,0,0,0,682.436,0,0.502462,0.502462,0,0
01:11:15:04:00:33,4918.31,4904.86,0,0.0400562,0,0,0,0.502462,0,8168.85,0,0,0,0,0,0,680.72,0,0.502462,0.502462,0,0
01:11:15:04:00:34,4917.16,4903.43,0,0.0400562,0,0,0,0.502462,0,8167.7,0,0,0,0,0,0,679.575,0,0.502462,0.502462,0,0
01:11:15:04:00:35,4915.73,4901.71,0,0.0400562,0,0,0,0.502462,0,8166.27,0,0,0,0,0,0,678.144,0,0.502462,0.502462,0,0
01:11:15:04:00:36,4914.02,4900.28,0,0.0400562,0,0,0,0.502462,0,8164.56,0,0,0,0,0,0,676.428,0,0.502462,0.502462,0,0
01:11:15:04:00:37,4913.16,4899.14,0,0.0400562,0,0,0,0.502462,0,8163.7,0,0,0,0,0,0,675.569,0,0.502462,0.502462,0,0
01:11:15:04:00:38,4873.96,4849.07,0,0.0400562,0,0,0,0.502462,0,8124.5,0,0,0,0,0,0,636.373,0,0.502462,0.502462,0,0
01:11:15:04:00:39,4580.71,4575.85,0,0.0400562,0,0,0,0.502462,0,7831.25,0,0,0,0,0,0,343.12,0,0.502462,0.502462,0,0
01:11:15:04:00:40,4219.08,4215.93,0,0.0400562,0,0,0,0.502462,0,7469.62,0,0,0,0,0,0,-18.512,0,0.502462,0.502462,0,0
01:11:15:04:00:41,3995.92,3985.62,0,0.0400562,0,0,0,0.502462,0,7246.46,0,0,0,0,0,0,-241.671,0,0.502462,0.502462,0,0
01:11:15:04:00:42,3986.48,3976.18,0,0.0400562,0,0,0,0.502462,0,7237.02,0,0,0,0,0,0,-251.112,0,0.502462,0.502462,0,0
01:11:15:04:00:43,3973.89,3964.45,0,0.0400562,0,0,0,0.502462,0,7224.43,0,0,0,0,0,0,-263.701,0,0.502462,0.502462,0,0
01:11:15:04:00:44,3961.3,3951,0,0.0400562,0,0,0,0.502462,0,7211.84,0,0,0,0,0,0,-276.289,0,0.502462,0.502462,0,0
01:11:15:04:00:45,3972.46,3961.87,0,0.0400562,0,0,0,0.502462,0,7223,0,0,0,0,0,0,-265.131,0,0.502462,0.502462,0,0
01:11:15:04:00:46,4007.65,3995.35,0,0.0400562,0,0,0,0.502462,0,7258.19,0,0,0,0,0,0,-229.94,0,0.502462,0.502462,0,0
01:11:15:04:00:47,4002.78,3993.06,0,0.0400562,0,0,0,0.502462,0,7253.32,0,0,0,0,0,0,-234.804,0,0.502462,0.502462,0,0
01:11:15:04:00:48,3998.78,3987.91,0,0.0400562,0,0,0,0.502462,0,7249.32,0,0,0,0,0,0,-238.81,0,0.502462,0.502462,0,0
01:11:15:04:00:49,4000.5,3990.77,0,0.0400562,0,0,0,0.502462,0,7251.03,0,0,0,0,0,0,-237.094,0,0.502462,0.502462,0,0
01:11:15:04:00:50,3991.05,3980.76,0,0.0400562,0,0,0,0.502462,0,7241.59,0,0,0,0,0,0,-246.535,0,0.502462,0.502462,0,0
01:11:15:04:00:51,3977.04,3967.02,0,0.0400562,0,0,0,0.502462,0,7227.57,0,0,0,0,0,0,-260.554,0,0.502462,0.502462,0,0
01:11:15:04:00:52,3978.75,3968.45,0,0.0400562,0,0,0,0.502462,0,7229.29,0,0,0,0,0,0,-258.837,0,0.502462,0.502462,0,0
01:11:15:04:00:53,3985.62,3975.03,0,0.0400562,0,0,0,0.502462,0,7236.16,0,0,0,0,0,0,-251.971,0,0.502462,0.502462,0,0
01:11:15:04:00:54,3983.62,3973.32,0,0.0400562,0,0,0,0.502462,0,7234.15,0,0,0,0,0,0,-253.973,0,0.502462,0.502462,0,0
01:11:15:04:00:55,3987.91,3978.47,0,0.0400562,0,0,0,0.502462,0,7238.45,0,0,0,0,0,0,-249.682,0,0.502462,0.502462,0,0
01:11:15:04:00:56,3990.77,3981.33,0,0.0400562,0,0,0,0.502462,0,7241.31,0,0,0,0,0,0,-246.821,0,0.502462,0.502462,0,0
01:11:15:04:00:57,3988.77,3977.89,0,0.0400562,0,0,0,0.502462,0,7239.31,0,0,0,0,0,0,-248.823,0,0.502462,0.502462,0,0
01:11:15:04:00:58,3982.76,3972.74,0,0.0400562,0,0,0,0.502462,0,7233.3,0,0,0,0,0,0,-254.831,0,0.502462,0.502462,0,0
01:11:15:04:00:59,3983.9,3973.89,0,0.0400562,0,0,0,0.502462,0,7234.44,0,0,0,0,0,0,-253.687,0,0.502462,0.502462,0,0
01:11:15:04:01:00,3981.61,3971.31,0,0.0400562,0,0,0,0.502462,0,7232.15,0,0,0,0,0,0,-255.976,0,0.502462,0.502462,0,0
01:11:15:04:01:01,3980.47,3970.17,0,0.0400562,0,0,0,0.502462,0,7231.01,0,0,0,0,0,0,-257.121,0,0.502462,0.502462,0,0
01:11:15:04:01:02,3981.33,3971.03,0,0.0400562,0,0,0,0.502462,0,7231.87,0,0,0,0,0,0,-256.262,0,0.502462,0.502462,0,0
01:11:15:04:01:03,3984.76,3973.89,0,0.0400562,0,0,0,0.502462,0,7235.3,0,0,0,0,0,0,-252.829,0,0.502462,0.502462,0,0
01:11:15:04:01:04,3982.47,3971.89,0,0.0400562,0,0,0,0.502462,0,7233.01,0,0,0,0,0,0,-255.118,0,0.502462,0.502462,0,0
01:11:15:04:01:05,3982.76,3972.74,0,0.0400562,0,0,0,0.502462,0,7233.3,0,0,0,0,0,0,-254.831,0,0.502462,0.502462,0,0
01:11:15:04:01:06,3981.9,3971.89,0,0.0400562,0,0,0,0.502462,0,7232.44,0,0,0,0,0,0,-255.69,0,0.502462,0.502462,0,0
01:11:15:04:01:07,3981.61,3971.03,0,0.0400562,0,0,0,0.502462,0,7232.15,0,0,0,0,0,0,-255.976,0,0.502462,0.502462,0,0
01:11:15:04:01:08,3979.32,3969.88,0,0.0400562,0,0,0,0.502462,0,7229.86,0,0,0,0,0,0,-258.265,0,0.502462,0.502462,0,0
01:11:15:04:01:09,3980.76,3969.6,0,0.0400562,0,0,0,0.502462,0,7231.29,0,0,0,0,0,0,-256.834,0,0.502462,0.502462,0,0
01:11:15:04:01:10,3980.47,3969.31,0,0.0400562,0,0,0,0.502462,0,7231.01,0,0,0,0,0,0,-257.121,0,0.502462,0.502462,0,0
01:11:15:04:01:11,3979.61,3969.02,0,0.0400562,0,0,0,0.502462,0,7230.15,0,0,0,0,0,0,-257.979,0,0.502462,0.502462,0,0
01:11:15:04:01:12,3979.32,3969.02,0,0.0400562,0,0,0,0.502462,0,7229.86,0,0,0,0,0,0,-258.265,0,0.502462,0.502462,0,0
01:11:15:04:01:13,3980.18,3969.88,0,0.0400562,0,0,0,0.502462,0,7230.72,0,0,0,0,0,0,-257.407,0,0.502462,0.502462,0,0
01:11:15:04:01:14,3979.32,3968.17,0,0.0400562,0,0,0,0.502462,0,7229.86,0,0,0,0,0,0,-258.265,0,0.502462,0.502462,0,0
01:11:15:04:01:15,3978.47,3967.88,0,0.0400562,0,0,0,0.502462,0,7229,0,0,0,0,0,0,-259.123,0,0.502462,0.502462,0,0
01:11:15:04:01:16,3978.75,3968.17,0,0.0400562,0,0,0,0.502462,0,7229.29,0,0,0,0,0,0,-258.837,0,0.502462,0.502462,0,0
01:11:15:04:01:17,3978.47,3967.88,0,0.0400562,0,0,0,0.502462,0,7229,0,0,0,0,0,0,-259.123,0,0.502462,0.502462,0,0
01:11:15:04:01:18,3977.32,3967.31,0,0.0400562,0,0,0,0.502462,0,7227.86,0,0,0,0,0,0,-260.267,0,0.502462,0.502462,0,0
01:11:15:04:01:19,3977.89,3967.31,0,0.0400562,0,0,0,0.502462,0,7228.43,0,0,0,0,0,0,-259.695,0,0.502462,0.502462,0,0
01:11:15:04:01:20,3977.61,3967.02,0,0.0400562,0,0,0,0.502462,0,7228.15,0,0,0,0,0,0,-259.982,0,0.502462,0.502462,0,0
01:11:15:04:01:21,3976.75,3966.74,0,0.0400562,0,0,0,0.502462,0,7227.29,0,0,0,0,0,0,-260.839,0,0.502462,0.502462,0,0
01:11:15:04:01:22,3976.46,3967.02,0,0.0400562,0,0,0,0.502462,0,7227,0,0,0,0,0,0,-261.126,0,0.502462,0.502462,0,0
01:11:15:04:01:23,3976.75,3966.45,0,0.0400562,0,0,0,0.502462,0,7227.29,0,0,0,0,0,0,-260.839,0,0.502462,0.502462,0,0
01:11:15:04:01:24,3976.18,3966.16,0,0.0400562,0,0,0,0.502462,0,7226.72,0,0,0,0,0,0,-261.412,0,0.502462,0.502462,0,0
01:11:15:04:01:25,3975.89,3965.31,0,0.0400562,0,0,0,0.502462,0,7226.43,0,0,0,0,0,0,-261.698,0,0.502462,0.502462,0,0
01:11:15:04:01:26,3975.89,3965.31,0,0.0400562,0,0,0,0.502462,0,7226.43,0,0,0,0,0,0,-261.698,0,0.502462,0.502462,0,0
01:11:15:04:01:27,3974.75,3964.73,0,0.0400562,0,0,0,0.502462,0,7225.29,0,0,0,0,0,0,-262.843,0,0.502462,0.502462,0,0
01:11:15:04:01:28,3975.03,3964.16,0,0.0400562,0,0,0,0.502462,0,7225.57,0,0,0,0,0,0,-262.557,0,0.502462,0.502462,0,0
01:11:15:04:01:29,3975.03,3964.73,0,0.0400562,0,0,0,0.502462,0,7225.57,0,0,0,0,0,0,-262.557,0,0.502462,0.502462,0,0
01:11:15:04:01:30,3974.75,3963.88,0,0.0400562,0,0,0,0.502462,0,7225.29,0,0,0,0,0,0,-262.843,0,0.502462,0.502462,0,0
01:11:15:04:01:31,3974.17,3963.3,0,0.0400562,0,0,0,0.502462,0,7224.71,0,0,0,0,0,0,-263.415,0,0.502462,0.502462,0,0
01:11:15:04:01:32,3974.46,3963.59,0,0.0400562,0,0,0,0.502462,0,7225,0,0,0,0,0,0,-263.129,0,0.502462,0.502462,0,0
01:11:15:04:01:33,3973.89,3962.73,0,0.0400562,0,0,0,0.502462,0,7224.43,0,0,0,0,0,0,-263.701,0,0.502462,0.502462,0,0
01:11:15:04:01:34,3973.32,3962.44,0,0.0400562,0,0,0,0.502462,0,7223.86,0,0,0,0,0,0,-264.273,0,0.502462,0.502462,0,0
01:11:15:04:01:35,3973.03,3962.16,0,0.0400562,0,0,0,0.502462,0,7223.57,0,0,0,0,0,0,-264.559,0,0.502462,0.502462,0,0
01:11:15:04:01:36,3973.32,3962.44,0,0.0400562,0,0,0,0.502462,0,7223.86,0,0,0,0,0,0,-264.273,0,0.502462,0.502462,0,0
01:11:15:04:01:37,3972.74,3962.16,0,0.0400562,0,0,0,0.502462,0,7223.28,0,0,0,0,0,0,-264.845,0,0.502462,0.502462,0,0
01:11:15:04:01:38,3972.46,3962.16,0,0.0400562,0,0,0,0.502462,0,7223,0,0,0,0,0,0,-265.131,0,0.502462,0.502462,0,0
01:11:15:04:01:39,3971.89,3961.87,0,0.0400562,0,0,0,0.502462,0,7222.42,0,0,0,0,0,0,-265.703,0,0.502462,0.502462,0,0
01:11:15:04:01:40,3972.74,3961.59,0,0.0400562,0,0,0,0.502462,0,7223.28,0,0,0,0,0,0,-264.845,0,0.502462,0.502462,0,0
01:11:15:04:01:41,3971.6,3961.59,0,0.0400562,0,0,0,0.502462,0,7222.14,0,0,0,0,0,0,-265.99,0,0.502462,0.502462,0,0
01:11:15:04:01:42,3971.89,3961.01,0,0.0400562,0,0,0,0.502462,0,7222.42,0,0,0,0,0,0,-265.703,0,0.502462,0.502462,0,0
01:11:15:04:01:43,3971.03,3960.44,0,0.0400562,0,0,0,0.502462,0,7221.57,0,0,0,0,0,0,-266.562,0,0.502462,0.502462,0,0
01:11:15:04:01:44,3971.03,3960.44,0,0.0400562,0,0,0,0.502462,0,7221.57,0,0,0,0,0,0,-266.562,0,0.502462,0.502462,0,0
01:11:15:04:01:45,3971.03,3960.16,0,0.0400562,0,0,0,0.502462,0,7221.57,0,0,0,0,0,0,-266.562,0,0.502462,0.502462,0,0
01:11:15:04:01:46,3969.88,3960.16,0,0.0400562,0,0,0,0.502462,0,7220.42,0,0,0,0,0,0,-267.706,0,0.502462,0.502462,0,0
01:11:15:04:01:47,3970.74,3959.87,0,0.0400562,0,0,0,0.502462,0,7221.28,0,0,0,0,0,0,-266.848,0,0.502462,0.502462,0,0
01:11:15:04:01:48,3969.88,3959.01,0,0.0400562,0,0,0,0.502462,0,7220.42,0,0,0,0,0,0,-267.706,0,0.502462,0.502462,0,0
01:11:15:04:01:49,3969.31,3958.44,0,0.0400562,0,0,0,0.502462,0,7219.85,0,0,0,0,0,0,-268.278,0,0.502462,0.502462,0,0
01:11:15:04:01:50,3969.6,3958.73,0,0.0400562,0,0,0,0.502462,0,7220.14,0,0,0,0,0,0,-267.993,0,0.502462,0.502462,0,0
01:11:15:04:01:51,3969.02,3958.73,0,0.0400562,0,0,0,0.502462,0,7219.56,0,0,0,0,0,0,-268.565,0,0.502462,0.502462,0,0
01:11:15:04:01:52,3969.31,3957.87,0,0.0400562,0,0,0,0.502462,0,7219.85,0,0,0,0,0,0,-268.278,0,0.502462,0.502462,0,0
01:11:15:04:01:53,3969.02,3957.87,0,0.0400562,0,0,0,0.502462,0,7219.56,0,0,0,0,0,0,-268.565,0,0.502462,0.502462,0,0
01:11:15:04:01:54,3968.45,3957.87,0,0.0400562,0,0,0,0.502462,0,7218.99,0,0,0,0,0,0,-269.137,0,0.502462,0.502462,0,0
01:11:15:04:01:55,3968.17,3957.87,0,0.0400562,0,0,0,0.502462,0,7218.71,0,0,0,0,0,0,-269.423,0,0.502462,0.502462,0,0
01:11:15:04:01:56,3967.88,3957.58,0,0.0400562,0,0,0,0.502462,0,7218.42,0,0,0,0,0,0,-269.709,0,0.502462,0.502462,0,0
01:11:15:04:01:57,3967.31,3957.01,0,0.0400562,0,0,0,0.502462,0,7217.85,0,0,0,0,0,0,-270.281,0,0.502462,0.502462,0,0
01:11:15:04:01:58,3967.31,3956.44,0,0.0400562,0,0,0,0.502462,0,7217.85,0,0,0,0,0,0,-270.281,0,0.502462,0.502462,0,0
01:11:15:04:01:59,3967.31,3957.01,0,0.0400562,0,0,0,0.502462,0,7217.85,0,0,0,0,0,0,-270.281,0,0.502462,0.502462,0,0
01:11:15:04:02:00,3967.31,3956.44,0,0.0400562,0,0,0,0.502462,0,7217.85,0,0,0,0,0,0,-270.281,0,0.502462,0.502462,0,0
01:11:15:04:02:01,3967.31,3956.15,0,0.0400562,0,0,0,0.502462,0,7217.85,0,0,0,0,0,0,-270.281,0,0.502462,0.502462,0,0
01:11:15:04:02:02,3966.45,3955.58,0,0.0400562,0,0,0,0.502462,0,7216.99,0,0,0,0,0,0,-271.139,0,0.502462,0.502462,0,0
01:11:15:04:02:03,3965.88,3956.15,0,0.0400562,0,0,0,0.502462,0,7216.42,0,0,0,0,0,0,-271.711,0,0.502462,0.502462,0,0
01:11:15:04:02:04,3965.59,3955.01,0,0.0400562,0,0,0,0.502462,0,7216.13,0,0,0,0,0,0,-271.998,0,0.502462,0.502462,0,0
01:11:15:04:02:05,3965.88,3954.72,0,0.0400562,0,0,0,0.502462,0,7216.42,0,0,0,0,0,0,-271.711,0,0.502462,0.502462,0,0
01:11:15:04:02:06,3965.31,3954.72,0,0.0400562,0,0,0,0.502462,0,7215.84,0,0,0,0,0,0,-272.283,0,0.502462,0.502462,0,0
01:11:15:04:02:07,3965.31,3955.29,0,0.0400562,0,0,0,0.502462,0,7215.84,0,0,0,0,0,0,-272.283,0,0.502462,0.502462,0,0
01:11:15:04:02:08,3965.02,3954.15,0,0.0400562,0,0,0,0.502462,0,7215.56,0,0,0,0,0,0,-272.57,0,0.502462,0.502462,0,0
01:11:15:04:02:09,3964.73,3954.43,0,0.0400562,0,0,0,0.502462,0,7215.27,0,0,0,0,0,0,-272.856,0,0.502462,0.502462,0,0
01:11:15:04:02:10,3964.45,3954.15,0,0.0400562,0,0,0,0.502462,0,7214.99,0,0,0,0,0,0,-273.142,0,0.502462,0.502462,0,0
01:11:15:04:02:11,3963.88,3953,0,0.0400562,0,0,0,0.502462,0,7214.41,0,0,0,0,0,0,-273.714,0,0.502462,0.502462,0,0
01:11:15:04:02:12,3963.3,3953.29,0,0.0400562,0,0,0,0.502462,0,7213.84,0,0,0,0,0,0,-274.286,0,0.502462,0.502462,0,0
01:11:15:04:02:13,3963.3,3953.58,0,0.0400562,0,0,0,0.502462,0,7213.84,0,0,0,0,0,0,-274.286,0,0.502462,0.502462,0,0
01:11:15:04:02:14,3963.59,3952.72,0,0.0400562,0,0,0,0.502462,0,7214.13,0,0,0,0,0,0,-274.001,0,0.502462,0.502462,0,0
01:11:15:04:02:15,3963.02,3952.72,0,0.0400562,0,0,0,0.502462,0,7213.56,0,0,0,0,0,0,-274.573,0,0.502462,0.502462,0,0
01:11:15:04:02:16,3962.73,3952.15,0,0.0400562,0,0,0,0.502462,0,7213.27,0,0,0,0,0,0,-274.859,0,0.502462,0.502462,0,0
01:11:15:04:02:17,3962.44,3951.86,0,0.0400562,0,0,0,0.502462,0,7212.98,0,0,0,0,0,0,-275.145,0,0.502462,0.502462,0,0
01:11:15:04:02:18,3962.44,3951.57,0,0.0400562,0,0,0,0.502462,0,7212.98,0,0,0,0,0,0,-275.145,0,0.502462,0.502462,0,0
01:11:15:04:02:19,3962.16,3952.15,0,0.0400562,0,0,0,0.502462,0,7212.7,0,0,0,0,0,0,-275.431,0,0.502462,0.502462,0,0
01:11:15:04:02:20,3961.59,3951.57,0,0.0400562,0,0,0,0.502462,0,7212.13,0,0,0,0,0,0,-276.003,0,0.502462,0.502462,0,0
01:11:15:04:02:21,3961.59,3951.29,0,0.0400562,0,0,0,0.502462,0,7212.13,0,0,0,0,0,0,-276.003,0,0.502462,0.502462,0,0
01:11:15:04:02:22,3962.16,3951.29,0,0.0400562,0,0,0,0.502462,0,7212.7,0,0,0,0,0,0,-275.431,0,0.502462,0.502462,0,0
01:11:15:04:02:23,3961.59,3950.71,0,0.0400562,0,0,0,0.502462,0,7212.13,0,0,0,0,0,0,-276.003,0,0.502462,0.502462,0,0
01:11:15:04:02:24,3961.01,3950.71,0,0.0400562,0,0,0,0.502462,0,7211.55,0,0,0,0,0,0,-276.575,0,0.502462,0.502462,0,0
01:11:15:04:02:25,3960.73,3950.43,0,0.0400562,0,0,0,0.502462,0,7211.27,0,0,0,0,0,0,-276.861,0,0.502462,0.502462,0,0
01:11:15:04:02:26,3960.44,3949.57,0,0.0400562,0,0,0,0.502462,0,7210.98,0,0,0,0,0,0,-277.147,0,0.502462,0.502462,0,0
01:11:15:04:02:27,3959.87,3949.86,0,0.0400562,0,0,0,0.502462,0,7210.41,0,0,0,0,0,0,-277.719,0,0.502462,0.502462,0,0
01:11:15:04:02:28,3960.16,3949.28,0,0.0400562,0,0,0,0.502462,0,7210.69,0,0,0,0,0,0,-277.434,0,0.502462,0.502462,0,0
01:11:15:04:02:29,3959.58,3949.28,0,0.0400562,0,0,0,0.502462,0,7210.12,0,0,0,0,0,0,-278.006,0,0.502462,0.502462,0,0
01:11:15:04:02:30,3959.87,3948.43,0,0.0400562,0,0,0,0.502462,0,7210.41,0,0,0,0,0,0,-277.719,0,0.502462,0.502462,0,0
01:11:15:04:02:31,3959.58,3949,0,0.0400562,0,0,0,0.502462,0,7210.12,0,0,0,0,0,0,-278.006,0,0.502462,0.502462,0,0
01:11:15:04:02:32,3959.3,3949,0,0.0400562,0,0,0,0.502462,0,7209.84,0,0,0,0,0,0,-278.292,0,0.502462,0.502462,0,0
01:11:15:04:02:33,3958.73,3947.85,0,0.0400562,0,0,0,0.502462,0,7209.26,0,0,0,0,0,0,-278.864,0,0.502462,0.502462,0,0
01:11:15:04:02:34,3959.01,3947.57,0,0.0400562,0,0,0,0.502462,0,7209.55,0,0,0,0,0,0,-278.578,0,0.502462,0.502462,0,0
01:11:15:04:02:35,3958.44,3948.14,0,0.0400562,0,0,0,0.502462,0,7208.98,0,0,0,0,0,0,-279.15,0,0.502462,0.502462,0,0
01:11:15:04:02:36,3958.44,3947.57,0,0.0400562,0,0,0,0.502462,0,7208.98,0,0,0,0,0,0,-279.15,0,0.502462,0.502462,0,0
01:11:15:04:02:37,3958.15,3947.57,0,0.0400562,0,0,0,0.502462,0,7208.69,0,0,0,0,0,0,-279.437,0,0.502462,0.502462,0,0
01:11:15:04:02:38,3957.58,3946.42,0,0.0400562,0,0,0,0.502462,0,7208.12,0,0,0,0,0,0,-280.009,0,0.502462,0.502462,0,0
01:11:15:04:02:39,3957.29,3946.42,0,0.0400562,0,0,0,0.502462,0,7207.83,0,0,0,0,0,0,-280.295,0,0.502462,0.502462,0,0
01:11:15:04:02:40,3957.29,3946.71,0,0.0400562,0,0,0,0.502462,0,7207.83,0,0,0,0,0,0,-280.295,0,0.502462,0.502462,0,0
01:11:15:04:02:41,3957.01,3946.14,0,0.0400562,0,0,0,0.502462,0,7207.55,0,0,0,0,0,0,-280.581,0,0.502462,0.502462,0,0
01:11:15:04:02:42,3957.29,3945.85,0,0.0400562,0,0,0,0.502462,0,7207.83,0,0,0,0,0,0,-280.295,0,0.502462,0.502462,0,0
01:11:15:04:02:43,3956.72,3945.56,0,0.0400562,0,0,0,0.502462,0,7207.26,0,0,0,0,0,0,-280.867,0,0.502462,0.502462,0,0
01:11:15:04:02:44,3957.01,3945.56,0,0.0400562,0,0,0,0.502462,0,7207.55,0,0,0,0,0,0,-280.581,0,0.502462,0.502462,0,0
01:11:15:04:02:45,3957.01,3944.71,0,0.0400562,0,0,0,0.502462,0,7207.55,0,0,0,0,0,0,-280.581,0,0.502462,0.502462,0,0
01:11:15:04:02:46,3956.15,3944.99,0,0.0400562,0,0,0,0.502462,0,7206.69,0,0,0,0,0,0,-281.439,0,0.502462,0.502462,0,0
01:11:15:04:02:47,3955.58,3944.42,0,0.0400562,0,0,0,0.502462,0,7206.12,0,0,0,0,0,0,-282.011,0,0.502462,0.502462,0,0
01:11:15:04:02:48,3955.01,3944.71,0,0.0400562,0,0,0,0.502462,0,7205.54,0,0,0,0,0,0,-282.583,0,0.502462,0.502462,0,0
01:11:15:04:02:49,3955.58,3944.71,0,0.0400562,0,0,0,0.502462,0,7206.12,0,0,0,0,0,0,-282.011,0,0.502462,0.502462,0,0
01:11:15:04:02:50,3955.01,3944.42,0,0.0400562,0,0,0,0.502462,0,7205.54,0,0,0,0,0,0,-282.583,0,0.502462,0.502462,0,0
01:11:15:04:02:51,3955.29,3944.13,0,0.0400562,0,0,0,0.502462,0,7205.83,0,0,0,0,0,0,-282.297,0,0.502462,0.502462,0,0
01:11:15:04:02:52,3954.72,3943.28,0,0.0400562,0,0,0,0.502462,0,7205.26,0,0,0,0,0,0,-282.869,0,0.502462,0.502462,0,0
01:11:15:04:02:53,3951.29,3940.42,0,0.0400562,0,0,0,0.502462,0,7201.83,0,0,0,0,0,0,-286.303,0,0.502462,0.502462,0,0
01:11:15:04:02:54,3951,3940.7,0,0.0400562,0,0,0,0.502462,0,7201.54,0,0,0,0,0,0,-286.589,0,0.502462,0.502462,0,0
01:11:15:04:02:55,3950.71,3939.84,0,0.0400562,0,0,0,0.502462,0,7201.25,0,0,0,0,0,0,-286.875,0,0.502462,0.502462,0,0
01:11:15:04:02:56,3950.43,3939.56,0,0.0400562,0,0,0,0.502462,0,7200.97,0,0,0,0,0,0,-287.161,0,0.502462,0.502462,0,0
01:11:15:04:02:57,3950.14,3938.41,0,0.0400562,0,0,0,0.502462,0,7200.68,0,0,0,0,0,0,-287.447,0,0.502462,0.502462,0,0
01:11:15:04:02:58,3950.14,3938.98,0,0.0400562,0,0,0,0.502462,0,7200.68,0,0,0,0,0,0,-287.447,0,0.502462,0.502462,0,0
01:11:15:04:02:59,3950.14,3938.7,0,0.0400562,0,0,0,0.502462,0,7200.68,0,0,0,0,0,0,-287.447,0,0.502462,0.502462,0,0
01:11:15:04:03:00,3949,3938.98,0,0.0400562,0,0,0,0.502462,0,7199.54,0,0,0,0,0,0,-288.591,0,0.502462,0.502462,0,0
01:11:15:04:03:01,3949,3938.13,0,0.0400562,0,0,0,0.502462,0,7199.54,0,0,0,0,0,0,-288.591,0,0.502462,0.502462,0,0
01:11:15:04:03:02,3948.71,3937.84,0,0.0400562,0,0,0,0.502462,0,7199.25,0,0,0,0,0,0,-288.878,0,0.502462,0.502462,0,0
01:11:15:04:03:03,3948.71,3937.27,0,0.0400562,0,0,0,0.502462,0,7199.25,0,0,0,0,0,0,-288.878,0,0.502462,0.502462,0,0
01:11:15:04:03:04,3948.14,3937.27,0,0.0400562,0,0,0,0.502462,0,7198.68,0,0,0,0,0,0,-289.45,0,0.502462,0.502462,0,0
01:11:15:04:03:05,3948.14,3936.7,0,0.0400562,0,0,0,0.502462,0,7198.68,0,0,0,0,0,0,-289.45,0,0.502462,0.502462,0,0
01:11:15:04:03:06,3947.85,3937.27,0,0.0400562,0,0,0,0.502462,0,7198.39,0,0,0,0,0,0,-289.736,0,0.502462,0.502462,0,0
01:11:15:04:03:07,3947.57,3936.41,0,0.0400562,0,0,0,0.502462,0,7198.11,0,0,0,0,0,0,-290.022,0,0.502462,0.502462,0,0
01:11:15:04:03:08,3947.57,3936.7,0,0.0400562,0,0,0,0.502462,0,7198.11,0,0,0,0,0,0,-290.022,0,0.502462,0.502462,0,0
01:11:15:04:03:09,3947.57,3936.12,0,0.0400562,0,0,0,0.502462,0,7198.11,0,0,0,0,0,0,-290.022,0,0.502462,0.502462,0,0
01:11:15:04:03:10,3947.28,3935.55,0,0.0400562,0,0,0,0.502462,0,7197.82,0,0,0,0,0,0,-290.308,0,0.502462,0.502462,0,0
01:11:15:04:03:11,3946.42,3935.84,0,0.0400562,0,0,0,0.502462,0,7196.96,0,0,0,0,0,0,-291.166,0,0.502462,0.502462,0,0
01:11:15:04:03:12,3946.71,3935.26,0,0.0400562,0,0,0,0.502462,0,7197.25,0,0,0,0,0,0,-290.881,0,0.502462,0.502462,0,0
01:11:15:04:03:13,3947,3935.26,0,0.0400562,0,0,0,0.502462,0,7197.53,0,0,0,0,0,0,-290.594,0,0.502462,0.502462,0,0
01:11:15:04:03:14,3946.14,3934.41,0,0.0400562,0,0,0,0.502462,0,7196.68,0,0,0,0,0,0,-291.453,0,0.502462,0.502462,0,0
01:11:15:04:03:15,3946.14,3934.69,0,0.0400562,0,0,0,0.502462,0,7196.68,0,0,0,0,0,0,-291.453,0,0.502462,0.502462,0,0
01:11:15:04:03:16,3945.56,3935.26,0,0.0400562,0,0,0,0.502462,0,7196.1,0,0,0,0,0,0,-292.025,0,0.502462,0.502462,0,0
01:11:15:04:03:17,3945.56,3934.41,0,0.0400562,0,0,0,0.502462,0,7196.1,0,0,0,0,0,0,-292.025,0,0.502462,0.502462,0,0
01:11:15:04:03:18,3945.56,3934.69,0,0.0400562,0,0,0,0.502462,0,7196.1,0,0,0,0,0,0,-292.025,0,0.502462,0.502462,0,0
01:11:15:04:03:19,3945.28,3934.41,0,0.0400562,0,0,0,0.502462,0,7195.82,0,0,0,0,0,0,-292.311,0,0.502462,0.502462,0,0
01:11:15:04:03:20,3945.28,3933.83,0,0.0400562,0,0,0,0.502462,0,7195.82,0,0,0,0,0,0,-292.311,0,0.502462,0.502462,0,0
01:11:15:04:03:21,3944.13,3933.55,0,0.0400562,0,0,0,0.502462,0,7194.67,0,0,0,0,0,0,-293.455,0,0.502462,0.502462,0,0
01:11:15:04:03:22,3944.99,3933.55,0,0.0400562,0,0,0,0.502462,0,7195.53,0,0,0,0,0,0,-292.597,0,0.502462,0.502462,0,0
01:11:15:04:03:23,3943.56,3932.4,0,0.0400562,0,0,0,0.502462,0,7194.1,0,0,0,0,0,0,-294.027,0,0.502462,0.502462,0,0
01:11:15:04:03:24,3943.28,3932.12,0,0.0400562,0,0,0,0.502462,0,7193.81,0,0,0,0,0,0,-294.313,0,0.502462,0.502462,0,0
01:11:15:04:03:25,3943.85,3932.4,0,0.0400562,0,0,0,0.502462,0,7194.39,0,0,0,0,0,0,-293.741,0,0.502462,0.502462,0,0
01:11:15:04:03:26,3942.7,3931.83,0,0.0400562,0,0,0,0.502462,0,7193.24,0,0,0,0,0,0,-294.886,0,0.502462,0.502462,0,0
01:11:15:04:03:27,3942.7,3932.12,0,0.0400562,0,0,0,0.502462,0,7193.24,0,0,0,0,0,0,-294.886,0,0.502462,0.502462,0,0
01:11:15:04:03:28,3943.28,3932.12,0,0.0400562,0,0,0,0.502462,0,7193.81,0,0,0,0,0,0,-294.313,0,0.502462,0.502462,0,0
01:11:15:04:03:29,3942.99,3931.83,0,0.0400562,0,0,0,0.502462,0,7193.53,0,0,0,0,0,0,-294.599,0,0.502462,0.502462,0,0
01:11:15:04:03:30,3942.7,3931.26,0,0.0400562,0,0,0,0.502462,0,7193.24,0,0,0,0,0,0,-294.886,0,0.502462,0.502462,0,0
01:11:15:04:03:31,3942.42,3931.55,0,0.0400562,0,0,0,0.502462,0,7192.96,0,0,0,0,0,0,-295.171,0,0.502462,0.502462,0,0
01:11:15:04:03:32,3941.85,3930.4,0,0.0400562,0,0,0,0.502462,0,7192.38,0,0,0,0,0,0,-295.744,0,0.502462,0.502462,0,0
01:11:15:04:03:33,3941.27,3929.54,0,0.0400562,0,0,0,0.502462,0,7191.81,0,0,0,0,0,0,-296.317,0,0.502462,0.502462,0,0
01:11:15:04:03:34,3940.99,3930.12,0,0.0400562,0,0,0,0.502462,0,7191.53,0,0,0,0,0,0,-296.602,0,0.502462,0.502462,0,0
01:11:15:04:03:35,3940.99,3929.26,0,0.0400562,0,0,0,0.502462,0,7191.53,0,0,0,0,0,0,-296.602,0,0.502462,0.502462,0,0
01:11:15:04:03:36,3940.42,3929.26,0,0.0400562,0,0,0,0.502462,0,7190.95,0,0,0,0,0,0,-297.174,0,0.502462,0.502462,0,0
01:11:15:04:03:37,3939.84,3928.68,0,0.0400562,0,0,0,0.502462,0,7190.38,0,0,0,0,0,0,-297.747,0,0.502462,0.502462,0,0
01:11:15:04:03:38,3940.13,3928.68,0,0.0400562,0,0,0,0.502462,0,7190.67,0,0,0,0,0,0,-297.461,0,0.502462,0.502462,0,0
01:11:15:04:03:39,3939.56,3928.11,0,0.0400562,0,0,0,0.502462,0,7190.1,0,0,0,0,0,0,-298.033,0,0.502462,0.502462,0,0
01:11:15:04:03:40,3938.7,3928.11,0,0.0400562,0,0,0,0.502462,0,7189.24,0,0,0,0,0,0,-298.891,0,0.502462,0.502462,0,0
01:11:15:04:03:41,3938.7,3926.97,0,0.0400562,0,0,0,0.502462,0,7189.24,0,0,0,0,0,0,-298.891,0,0.502462,0.502462,0,0
01:11:15:04:03:42,3938.41,3927.54,0,0.0400562,0,0,0,0.502462,0,7188.95,0,0,0,0,0,0,-299.177,0,0.502462,0.502462,0,0
01:11:15:04:03:43,3938.7,3926.97,0,0.0400562,0,0,0,0.502462,0,7189.24,0,0,0,0,0,0,-298.891,0,0.502462,0.502462,0,0
01:11:15:04:03:44,3937.84,3926.97,0,0.0400562,0,0,0,0.502462,0,7188.38,0,0,0,0,0,0,-299.749,0,0.502462,0.502462,0,0
01:11:15:04:03:45,3937.55,3926.4,0,0.0400562,0,0,0,0.502462,0,7188.09,0,0,0,0,0,0,-300.035,0,0.502462,0.502462,0,0
01:11:15:04:03:46,3937.27,3926.4,0,0.0400562,0,0,0,0.502462,0,7187.81,0,0,0,0,0,0,-300.322,0,0.502462,0.502462,0,0
01:11:15:04:03:47,3936.7,3926.11,0,0.0400562,0,0,0,0.502462,0,7187.23,0,0,0,0,0,0,-300.894,0,0.502462,0.502462,0,0
01:11:15:04:03:48,3936.7,3925.25,0,0.0400562,0,0,0,0.502462,0,7187.23,0,0,0,0,0,0,-300.894,0,0.502462,0.502462,0,0
01:11:15:04:03:49,3936.41,3925.25,0,0.0400562,0,0,0,0.502462,0,7186.95,0,0,0,0,0,0,-301.18,0,0.502462,0.502462,0,0
01:11:15:04:03:50,3935.84,3924.39,0,0.0400562,0,0,0,0.502462,0,7186.38,0,0,0,0,0,0,-301.752,0,0.502462,0.502462,0,0
01:11:15:04:03:51,3935.55,3924.11,0,0.0400562,0,0,0,0.502462,0,7186.09,0,0,0,0,0,0,-302.038,0,0.502462,0.502462,0,0
01:11:15:04:03:52,3935.84,3923.82,0,0.0400562,0,0,0,0.502462,0,7186.38,0,0,0,0,0,0,-301.752,0,0.502462,0.502462,0,0
01:11:15:04:03:53,3934.98,3923.82,0,0.0400562,0,0,0,0.502462,0,7185.52,0,0,0,0,0,0,-302.61,0,0.502462,0.502462,0,0
01:11:15:04:03:54,3934.98,3923.82,0,0.0400562,0,0,0,0.502462,0,7185.52,0,0,0,0,0,0,-302.61,0,0.502462,0.502462,0,0
01:11:15:04:03:55,3934.98,3923.82,0,0.0400562,0,0,0,0.502462,0,7185.52,0,0,0,0,0,0,-302.61,0,0.502462,0.502462,0,0
01:11:15:04:03:56,3934.41,3922.96,0,0.0400562,0,0,0,0.502462,0,7184.95,0,0,0,0,0,0,-303.183,0,0.502462,0.502462,0,0
01:11:15:04:03:57,3933.83,3922.68,0,0.0400562,0,0,0,0.502462,0,7184.37,0,0,0,0,0,0,-303.755,0,0.502462,0.502462,0,0
01:11:15:04:03:58,3933.55,3922.96,0,0.0400562,0,0,0,0.502462,0,7184.09,0,0,0,0,0,0,-304.041,0,0.502462,0.502462,0,0
01:11:15:04:03:59,3933.83,3921.82,0,0.0400562,0,0,0,0.502462,0,7184.37,0,0,0,0,0,0,-303.755,0,0.502462,0.502462,0,0
01:11:15:04:04:00,3933.55,3922.39,0,0.0400562,0,0,0,0.502462,0,7184.09,0,0,0,0,0,0,-304.041,0,0.502462,0.502462,0,0
01:11:15:04:04:01,3933.26,3922.1,0,0.0400562,0,0,0,0.502462,0,7183.8,0,0,0,0,0,0,-304.327,0,0.502462,0.502462,0,0
01:11:15:04:04:02,3932.4,3920.96,0,0.0400562,0,0,0,0.502462,0,7182.94,0,0,0,0,0,0,-305.185,0,0.502462,0.502462,0,0
01:11:15:04:04:03,3932.98,3920.67,0,0.0400562,0,0,0,0.502462,0,7183.52,0,0,0,0,0,0,-304.613,0,0.502462,0.502462,0,0
01:11:15:04:04:04,3933.26,3921.53,0,0.0400562,0,0,0,0.502462,0,7183.8,0,0,0,0,0,0,-304.327,0,0.502462,0.502462,0,0
01:11:15:04:04:05,3932.12,3921.25,0,0.0400562,0,0,0,0.502462,0,7182.66,0,0,0,0,0,0,-305.471,0,0.502462,0.502462,0,0
01:11:15:04:04:06,3932.12,3920.67,0,0.0400562,0,0,0,0.502462,0,7182.66,0,0,0,0,0,0,-305.471,0,0.502462,0.502462,0,0
01:11:15:04:04:07,3931.55,3921.25,0,0.0400562,0,0,0,0.502462,0,7182.08,0,0,0,0,0,0,-306.043,0,0.502462,0.502462,0,0
01:11:15:04:04:08,3931.55,3920.39,0,0.0400562,0,0,0,0.502462,0,7182.08,0,0,0,0,0,0,-306.043,0,0.502462,0.502462,0,0
01:11:15:04:04:09,3930.69,3919.24,0,0.0400562,0,0,0,0.502462,0,7181.23,0,0,0,0,0,0,-306.902,0,0.502462,0.502462,0,0
01:11:15:04:04:10,3930.12,3918.67,0,0.0400562,0,0,0,0.502462,0,7180.65,0,0,0,0,0,0,-307.474,0,0.502462,0.502462,0,0
01:11:15:04:04:11,3930.69,3919.82,0,0.0400562,0,0,0,0.502462,0,7181.23,0,0,0,0,0,0,-306.902,0,0.502462,0.502462,0,0
01:11:15:04:04:12,3930.97,3919.82,0,0.0400562,0,0,0,0.502462,0,7181.51,0,0,0,0,0,0,-306.616,0,0.502462,0.502462,0,0
01:11:15:04:04:13,3930.4,3919.24,0,0.0400562,0,0,0,0.502462,0,7180.94,0,0,0,0,0,0,-307.188,0,0.502462,0.502462,0,0
01:11:15:04:04:14,3930.4,3919.24,0,0.0400562,0,0,0,0.502462,0,7180.94,0,0,0,0,0,0,-307.188,0,0.502462,0.502462,0,0
01:11:15:04:04:15,3930.12,3919.24,0,0.0400562,0,0,0,0.502462,0,7180.65,0,0,0,0,0,0,-307.474,0,0.502462,0.502462,0,0
01:11:15:04:04:16,3930.69,3918.67,0,0.0400562,0,0,0,0.502462,0,7181.23,0,0,0,0,0,0,-306.902,0,0.502462,0.502462,0,0
01:11:15:04:04:17,3930.4,3918.96,0,0.0400562,0,0,0,0.502462,0,7180.94,0,0,0,0,0,0,-307.188,0,0.502462,0.502462,0,0
01:11:15:04:04:18,3930.4,3918.96,0,0.0400562,0,0,0,0.502462,0,7180.94,0,0,0,0,0,0,-307.188,0,0.502462,0.502462,0,0
01:11:15:04:04:19,3930.12,3918.67,0,0.0400562,0,0,0,0.502462,0,7180.65,0,0,0,0,0,0,-307.474,0,0.502462,0.502462,0,0
01:11:15:04:04:20,3930.12,3918.96,0,0.0400562,0,0,0,0.502462,0,7180.65,0,0,0,0,0,0,-307.474,0,0.502462,0.502462,0,0
01:11:15:04:04:21,3930.12,3918.67,0,0.0400562,0,0,0,0.502462,0,7180.65,0,0,0,0,0,0,-307.474,0,0.502462,0.502462,0,0
01:11:15:04:04:22,3929.83,3918.67,0,0.0400562,0,0,0,0.502462,0,7180.37,0,0,0,0,0,0,-307.761,0,0.502462,0.502462,0,0
01:11:15:04:04:23,3930.69,3918.39,0,0.0400562,0,0,0,0.502462,0,7181.23,0,0,0,0,0,0,-306.902,0,0.502462,0.502462,0,0
01:11:15:04:04:24,3929.26,3918.39,0,0.0400562,0,0,0,0.502462,0,7179.8,0,0,0,0,0,0,-308.333,0,0.502462,0.502462,0,0
01:11:15:04:04:25,3928.68,3918.39,0,0.0400562,0,0,0,0.502462,0,7179.22,0,0,0,0,0,0,-308.905,0,0.502462,0.502462,0,0
01:11:15:04:04:26,3928.97,3917.53,0,0.0400562,0,0,0,0.502462,0,7179.51,0,0,0,0,0,0,-308.618,0,0.502462,0.502462,0,0
01:11:15:04:04:27,3928.68,3917.53,0,0.0400562,0,0,0,0.502462,0,7179.22,0,0,0,0,0,0,-308.905,0,0.502462,0.502462,0,0
01:11:15:04:04:28,3928.68,3917.53,0,0.0400562,0,0,0,0.502462,0,7179.22,0,0,0,0,0,0,-308.905,0,0.502462,0.502462,0,0
01:11:15:04:04:29,3928.4,3916.67,0,0.0400562,0,0,0,0.502462,0,7178.94,0,0,0,0,0,0,-309.191,0,0.502462,0.502462,0,0
01:11:15:04:04:30,3928.11,3916.67,0,0.0400562,0,0,0,0.502462,0,7178.65,0,0,0,0,0,0,-309.477,0,0.502462,0.502462,0,0
01:11:15:04:04:31,3927.83,3916.38,0,0.0400562,0,0,0,0.502462,0,7178.36,0,0,0,0,0,0,-309.763,0,0.502462,0.502462,0,0
01:11:15:04:04:32,3928.11,3916.95,0,0.0400562,0,0,0,0.502462,0,7178.65,0,0,0,0,0,0,-309.477,0,0.502462,0.502462,0,0
01:11:15:04:04:33,3927.83,3916.67,0,0.0400562,0,0,0,0.502462,0,7178.36,0,0,0,0,0,0,-309.763,0,0.502462,0.502462,0,0
01:11:15:04:04:34,3927.25,3915.81,0,0.0400562,0,0,0,0.502462,0,7177.79,0,0,0,0,0,0,-310.335,0,0.502462,0.502462,0,0
01:11:15:04:04:35,3926.97,3916.67,0,0.0400562,0,0,0,0.502462,0,7177.51,0,0,0,0,0,0,-310.621,0,0.502462,0.502462,0,0
01:11:15:04:04:36,3926.97,3914.95,0,0.0400562,0,0,0,0.502462,0,7177.51,0,0,0,0,0,0,-310.621,0,0.502462,0.502462,0,0
01:11:15:04:04:37,3926.11,3915.24,0,0.0400562,0,0,0,0.502462,0,7176.65,0,0,0,0,0,0,-311.479,0,0.502462,0.502462,0,0
01:11:15:04:04:38,3926.97,3915.52,0,0.0400562,0,0,0,0.502462,0,7177.51,0,0,0,0,0,0,-310.621,0,0.502462,0.502462,0,0
01:11:15:04:04:39,3926.4,3914.95,0,0.0400562,0,0,0,0.502462,0,7176.93,0,0,0,0,0,0,-311.193,0,0.502462,0.502462,0,0
01:11:15:04:04:40,3925.25,3914.09,0,0.0400562,0,0,0,0.502462,0,7175.79,0,0,0,0,0,0,-312.338,0,0.502462,0.502462,0,0
01:11:15:04:04:41,3924.97,3913.52,0,0.0400562,0,0,0,0.502462,0,7175.5,0,0,0,0,0,0,-312.624,0,0.502462,0.502462,0,0
01:11:15:04:04:42,3925.25,3913.52,0,0.0400562,0,0,0,0.502462,0,7175.79,0,0,0,0,0,0,-312.338,0,0.502462,0.502462,0,0
01:11:15:04:04:43,3924.68,3914.09,0,0.0400562,0,0,0,0.502462,0,7175.22,0,0,0,0,0,0,-312.91,0,0.502462,0.502462,0,0
01:11:15:04:04:44,3924.39,3912.66,0,0.0400562,0,0,0,0.502462,0,7174.93,0,0,0,0,0,0,-313.196,0,0.502462,0.502462,0,0
01:11:15:04:04:45,3923.82,3912.95,0,0.0400562,0,0,0,0.502462,0,7174.36,0,0,0,0,0,0,-313.769,0,0.502462,0.502462,0,0
01:11:15:04:04:46,3924.11,3912.66,0,0.0400562,0,0,0,0.502462,0,7174.65,0,0,0,0,0,0,-313.482,0,0.502462,0.502462,0,0
01:11:15:04:04:47,3924.39,3912.66,0,0.0400562,0,0,0,0.502462,0,7174.93,0,0,0,0,0,0,-313.196,0,0.502462,0.502462,0,0
01:11:15:04:04:48,3924.11,3912.09,0,0.0400562,0,0,0,0.502462,0,7174.65,0,0,0,0,0,0,-313.482,0,0.502462,0.502462,0,0
01:11:15:04:04:49,3924.11,3911.8,0,0.0400562,0,0,0,0.502462,0,7174.65,0,0,0,0,0,0,-313.482,0,0.502462,0.502462,0,0
01:11:15:04:04:50,3923.53,3912.09,0,0.0400562,0,0,0,0.502462,0,7174.07,0,0,0,0,0,0,-314.054,0,0.502462,0.502462,0,0
01:11:15:04:04:51,3923.82,3912.09,0,0.0400562,0,0,0,0.502462,0,7174.36,0,0,0,0,0,0,-313.769,0,0.502462,0.502462,0,0
01:11:15:04:04:52,3923.25,3911.52,0,0.0400562,0,0,0,0.502462,0,7173.79,0,0,0,0,0,0,-314.341,0,0.502462,0.502462,0,0
01:11:15:04:04:53,3924.11,3911.8,0,0.0400562,0,0,0,0.502462,0,7174.65,0,0,0,0,0,0,-313.482,0,0.502462,0.502462,0,0
01:11:15:04:04:54,3923.25,3911.23,0,0.0400562,0,0,0,0.502462,0,7173.79,0,0,0,0,0,0,-314.341,0,0.502462,0.502462,0,0
01:11:15:04:04:55,3922.68,3910.37,0,0.0400562,0,0,0,0.502462,0,7173.22,0,0,0,0,0,0,-314.913,0,0.502462,0.502462,0,0
01:11:15:04:04:56,3921.82,3910.37,0,0.0400562,0,0,0,0.502462,0,7172.36,0,0,0,0,0,0,-315.771,0,0.502462,0.502462,0,0
01:11:15:04:04:57,3921.82,3909.8,0,0.0400562,0,0,0,0.502462,0,7172.36,0,0,0,0,0,0,-315.771,0,0.502462,0.502462,0,0
01:11:15:04:04:58,3921.82,3910.37,0,0.0400562,0,0,0,0.502462,0,7172.36,0,0,0,0,0,0,-315.771,0,0.502462,0.502462,0,0
01:11:15:04:04:59,3921.82,3910.37,0,0.0400562,0,0,0,0.502462,0,7172.36,0,0,0,0,0,0,-315.771,0,0.502462,0.502462,0,0
01:11:15:04:05:00,3920.67,3908.37,0,0.0400562,0,0,0,0.502462,0,7171.21,0,0,0,0,0,0,-316.915,0,0.502462,0.502462,0,0
01:11:15:04:05:01,3921.82,3908.66,0,0.0400562,0,0,0,0.502462,0,7172.36,0,0,0,0,0,0,-315.771,0,0.502462,0.502462,0,0
01:11:15:04:05:02,3921.25,3909.23,0,0.0400562,0,0,0,0.502462,0,7171.78,0,0,0,0,0,0,-316.343,0,0.502462,0.502462,0,0
01:11:15:04:05:03,3920.67,3909.52,0,0.0400562,0,0,0,0.502462,0,7171.21,0,0,0,0,0,0,-316.915,0,0.502462,0.502462,0,0
01:11:15:04:05:04,3920.96,3908.94,0,0.0400562,0,0,0,0.502462,0,7171.5,0,0,0,0,0,0,-316.629,0,0.502462,0.502462,0,0
01:11:15:04:05:05,3920.67,3908.94,0,0.0400562,0,0,0,0.502462,0,7171.21,0,0,0,0,0,0,-316.915,0,0.502462,0.502462,0,0
01:11:15:04:05:06,3920.67,3908.66,0,0.0400562,0,0,0,0.502462,0,7171.21,0,0,0,0,0,0,-316.915,0,0.502462,0.502462,0,0
01:11:15:04:05:07,3919.82,3908.66,0,0.0400562,0,0,0,0.502462,0,7170.35,0,0,0,0,0,0,-317.774,0,0.502462,0.502462,0,0
01:11:15:04:05:08,3919.24,3907.51,0,0.0400562,0,0,0,0.502462,0,7169.78,0,0,0,0,0,0,-318.346,0,0.502462,0.502462,0,0
01:11:15:04:05:09,3920.1,3907.8,0,0.0400562,0,0,0,0.502462,0,7170.64,0,0,0,0,0,0,-317.488,0,0.502462,0.502462,0,0
01:11:15:04:05:10,3919.53,3908.09,0,0.0400562,0,0,0,0.502462,0,7170.07,0,0,0,0,0,0,-318.06,0,0.502462,0.502462,0,0
01:11:15:04:05:11,3919.24,3907.51,0,0.0400562,0,0,0,0.502462,0,7169.78,0,0,0,0,0,0,-318.346,0,0.502462,0.502462,0,0
01:11:15:04:05:12,3918.39,3906.94,0,0.0400562,0,0,0,0.502462,0,7168.92,0,0,0,0,0,0,-319.205,0,0.502462,0.502462,0,0
01:11:15:04:05:13,3917.81,3906.65,0,0.0400562,0,0,0,0.502462,0,7168.35,0,0,0,0,0,0,-319.777,0,0.502462,0.502462,0,0
01:11:15:04:05:14,3918.1,3906.37,0,0.0400562,0,0,0,0.502462,0,7168.64,0,0,0,0,0,0,-319.49,0,0.502462,0.502462,0,0
01:11:15:04:05:15,3918.39,3906.08,0,0.0400562,0,0,0,0.502462,0,7168.92,0,0,0,0,0,0,-319.205,0,0.502462,0.502462,0,0
01:11:15:04:05:16,3917.53,3906.08,0,0.0400562,0,0,0,0.502462,0,7168.07,0,0,0,0,0,0,-320.062,0,0.502462,0.502462,0,0
01:11:15:04:05:17,3917.53,3906.37,0,0.0400562,0,0,0,0.502462,0,7168.07,0,0,0,0,0,0,-320.062,0,0.502462,0.502462,0,0
01:11:15:04:05:18,3917.81,3906.65,0,0.0400562,0,0,0,0.502462,0,7168.35,0,0,0,0,0,0,-319.777,0,0.502462,0.502462,0,0
01:11:15:04:05:19,3916.95,3906.08,0,0.0400562,0,0,0,0.502462,0,7167.49,0,0,0,0,0,0,-320.635,0,0.502462,0.502462,0,0
01:11:15:04:05:20,3916.67,3905.22,0,0.0400562,0,0,0,0.502462,0,7167.21,0,0,0,0,0,0,-320.921,0,0.502462,0.502462,0,0
01:11:15:04:05:21,3916.95,3905.51,0,0.0400562,0,0,0,0.502462,0,7167.49,0,0,0,0,0,0,-320.635,0,0.502462,0.502462,0,0
01:11:15:04:05:22,3916.67,3905.51,0,0.0400562,0,0,0,0.502462,0,7167.21,0,0,0,0,0,0,-320.921,0,0.502462,0.502462,0,0
01:11:15:04:05:23,3916.67,3904.94,0,0.0400562,0,0,0,0.502462,0,7167.21,0,0,0,0,0,0,-320.921,0,0.502462,0.502462,0,0
01:11:15:04:05:24,3916.67,3904.94,0,0.0400562,0,0,0,0.502462,0,7167.21,0,0,0,0,0,0,-320.921,0,0.502462,0.502462,0,0
01:11:15:04:05:25,3916.1,3904.94,0,0.0400562,0,0,0,0.502462,0,7166.64,0,0,0,0,0,0,-321.493,0,0.502462,0.502462,0,0
01:11:15:04:05:26,3916.1,3904.08,0,0.0400562,0,0,0,0.502462,0,7166.64,0,0,0,0,0,0,-321.493,0,0.502462,0.502462,0,0
01:11:15:04:05:27,3916.38,3904.08,0,0.0400562,0,0,0,0.502462,0,7166.92,0,0,0,0,0,0,-321.207,0,0.502462,0.502462,0,0
01:11:15:04:05:28,3915.52,3904.37,0,0.0400562,0,0,0,0.502462,0,7166.06,0,0,0,0,0,0,-322.065,0,0.502462,0.502462,0,0
01:11:15:04:05:29,3915.52,3903.51,0,0.0400562,0,0,0,0.502462,0,7166.06,0,0,0,0,0,0,-322.065,0,0.502462,0.502462,0,0
01:11:15:04:05:30,3914.95,3903.22,0,0.0400562,0,0,0,0.502462,0,7165.49,0,0,0,0,0,0,-322.638,0,0.502462,0.502462,0,0
01:11:15:04:05:31,3915.24,3902.94,0,0.0400562,0,0,0,0.502462,0,7165.78,0,0,0,0,0,0,-322.352,0,0.502462,0.502462,0,0
01:11:15:04:05:32,3914.67,3903.22,0,0.0400562,0,0,0,0.502462,0,7165.2,0,0,0,0,0,0,-322.924,0,0.502462,0.502462,0,0
01:11:15:04:05:33,3914.95,3902.08,0,0.0400562,0,0,0,0.502462,0,7165.49,0,0,0,0,0,0,-322.638,0,0.502462,0.502462,0,0
01:11:15:04:05:34,3914.38,3902.65,0,0.0400562,0,0,0,0.502462,0,7164.92,0,0,0,0,0,0,-323.21,0,0.502462,0.502462,0,0
01:11:15:04:05:35,3914.09,3902.94,0,0.0400562,0,0,0,0.502462,0,7164.63,0,0,0,0,0,0,-323.496,0,0.502462,0.502462,0,0
01:11:15:04:05:36,3914.09,3902.36,0,0.0400562,0,0,0,0.502462,0,7164.63,0,0,0,0,0,0,-323.496,0,0.502462,0.502462,0,0
01:11:15:04:05:37,3914.09,3902.65,0,0.0400562,0,0,0,0.502462,0,7164.63,0,0,0,0,0,0,-323.496,0,0.502462,0.502462,0,0
01:11:15:04:05:38,3914.09,3902.08,0,0.0400562,0,0,0,0.502462,0,7164.63,0,0,0,0,0,0,-323.496,0,0.502462,0.502462,0,0
01:11:15:04:05:39,3914.09,3902.36,0,0.0400562,0,0,0,0.502462,0,7164.63,0,0,0,0,0,0,-323.496,0,0.502462,0.502462,0,0
01:11:15:04:05:40,3913.81,3902.08,0,0.0400562,0,0,0,0.502462,0,7164.35,0,0,0,0,0,0,-323.782,0,0.502462,0.502462,0,0
01:11:15:04:05:41,3912.95,3901.79,0,0.0400562,0,0,0,0.502462,0,7163.49,0,0,0,0,0,0,-324.64,0,0.502462,0.502462,0,0
01:11:15:04:05:42,3913.52,3901.22,0,0.0400562,0,0,0,0.502462,0,7164.06,0,0,0,0,0,0,-324.068,0,0.502462,0.502462,0,0
01:11:15:04:05:43,3913.24,3900.65,0,0.0400562,0,0,0,0.502462,0,7163.77,0,0,0,0,0,0,-324.354,0,0.502462,0.502462,0,0
01:11:15:04:05:44,3912.66,3900.65,0,0.0400562,0,0,0,0.502462,0,7163.2,0,0,0,0,0,0,-324.926,0,0.502462,0.502462,0,0
01:11:15:04:05:45,3912.95,3900.93,0,0.0400562,0,0,0,0.502462,0,7163.49,0,0,0,0,0,0,-324.64,0,0.502462,0.502462,0,0
01:11:15:04:05:46,3912.38,3900.93,0,0.0400562,0,0,0,0.502462,0,7162.92,0,0,0,0,0,0,-325.213,0,0.502462,0.502462,0,0
01:11:15:04:05:47,3912.38,3900.07,0,0.0400562,0,0,0,0.502462,0,7162.92,0,0,0,0,0,0,-325.213,0,0.502462,0.502462,0,0
01:11:15:04:05:48,3912.09,3900.07,0,0.0400562,0,0,0,0.502462,0,7162.63,0,0,0,0,0,0,-325.498,0,0.502462,0.502462,0,0
01:11:15:04:05:49,3911.8,3899.79,0,0.0400562,0,0,0,0.502462,0,7162.34,0,0,0,0,0,0,-325.785,0,0.502462,0.502462,0,0
01:11:15:04:05:50,3911.23,3899.79,0,0.0400562,0,0,0,0.502462,0,7161.77,0,0,0,0,0,0,-326.357,0,0.502462,0.502462,0,0
01:11:15:04:05:51,3911.23,3900.07,0,0.0400562,0,0,0,0.502462,0,7161.77,0,0,0,0,0,0,-326.357,0,0.502462,0.502462,0,0
01:11:15:04:05:52,3910.95,3898.93,0,0.0400562,0,0,0,0.502462,0,7161.49,0,0,0,0,0,0,-326.643,0,0.502462,0.502462,0,0
01:11:15:04:05:53,3910.66,3899.22,0,0.0400562,0,0,0,0.502462,0,7161.2,0,0,0,0,0,0,-326.929,0,0.502462,0.502462,0,0
01:11:15:04:05:54,3910.37,3898.64,0,0.0400562,0,0,0,0.502462,0,7160.91,0,0,0,0,0,0,-327.215,0,0.502462,0.502462,0,0
01:11:15:04:05:55,3909.8,3898.93,0,0.0400562,0,0,0,0.502462,0,7160.34,0,0,0,0,0,0,-327.788,0,0.502462,0.502462,0,0
01:11:15:04:05:56,3910.09,3898.93,0,0.0400562,0,0,0,0.502462,0,7160.63,0,0,0,0,0,0,-327.501,0,0.502462,0.502462,0,0
01:11:15:04:05:57,3910.09,3898.07,0,0.0400562,0,0,0,0.502462,0,7160.63,0,0,0,0,0,0,-327.501,0,0.502462,0.502462,0,0
01:11:15:04:05:58,3910.37,3897.79,0,0.0400562,0,0,0,0.502462,0,7160.91,0,0,0,0,0,0,-327.215,0,0.502462,0.502462,0,0
01:11:15:04:05:59,3908.94,3897.21,0,0.0400562,0,0,0,0.502462,0,7159.48,0,0,0,0,0,0,-328.646,0,0.502462,0.502462,0,0
01:11:15:04:06:00,3908.66,3897.5,0,0.0400562,0,0,0,0.502462,0,7159.2,0,0,0,0,0,0,-328.932,0,0.502462,0.502462,0,0
01:11:15:04:06:01,3908.37,3896.07,0,0.0400562,0,0,0,0.502462,0,7158.91,0,0,0,0,0,0,-329.218,0,0.502462,0.502462,0,0
01:11:15:04:06:02,3908.66,3896.36,0,0.0400562,0,0,0,0.502462,0,7159.2,0,0,0,0,0,0,-328.932,0,0.502462,0.502462,0,0
01:11:15:04:06:03,3907.8,3896.07,0,0.0400562,0,0,0,0.502462,0,7158.34,0,0,0,0,0,0,-329.79,0,0.502462,0.502462,0,0
01:11:15:04:06:04,3907.8,3896.07,0,0.0400562,0,0,0,0.502462,0,7158.34,0,0,0,0,0,0,-329.79,0,0.502462,0.502462,0,0
01:11:15:04:06:05,3908.09,3895.5,0,0.0400562,0,0,0,0.502462,0,7158.62,0,0,0,0,0,0,-329.504,0,0.502462,0.502462,0,0
01:11:15:04:06:06,3907.8,3896.36,0,0.0400562,0,0,0,0.502462,0,7158.34,0,0,0,0,0,0,-329.79,0,0.502462,0.502462,0,0
01:11:15:04:06:07,3907.8,3895.78,0,0.0400562,0,0,0,0.502462,0,7158.34,0,0,0,0,0,0,-329.79,0,0.502462,0.502462,0,0
01:11:15:04:06:08,3907.8,3895.78,0,0.0400562,0,0,0,0.502462,0,7158.34,0,0,0,0,0,0,-329.79,0,0.502462,0.502462,0,0
01:11:15:04:06:09,3906.94,3896.07,0,0.0400562,0,0,0,0.502462,0,7157.48,0,0,0,0,0,0,-330.648,0,0.502462,0.502462,0,0
01:11:15:04:06:10,3907.23,3895.78,0,0.0400562,0,0,0,0.502462,0,7157.77,0,0,0,0,0,0,-330.362,0,0.502462,0.502462,0,0
01:11:15:04:06:11,3906.94,3895.21,0,0.0400562,0,0,0,0.502462,0,7157.48,0,0,0,0,0,0,-330.648,0,0.502462,0.502462,0,0
01:11:15:04:06:12,3906.94,3895.21,0,0.0400562,0,0,0,0.502462,0,7157.48,0,0,0,0,0,0,-330.648,0,0.502462,0.502462,0,0
01:11:15:04:06:13,3907.51,3894.92,0,0.0400562,0,0,0,0.502462,0,7158.05,0,0,0,0,0,0,-330.076,0,0.502462,0.502462,0,0
01:11:15:04:06:14,3906.37,3895.21,0,0.0400562,0,0,0,0.502462,0,7156.91,0,0,0,0,0,0,-331.221,0,0.502462,0.502462,0,0
01:11:15:04:06:15,3906.08,3894.07,0,0.0400562,0,0,0,0.502462,0,7156.62,0,0,0,0,0,0,-331.506,0,0.502462,0.502462,0,0
01:11:15:04:06:16,3905.22,3893.49,0,0.0400562,0,0,0,0.502462,0,7155.76,0,0,0,0,0,0,-332.365,0,0.502462,0.502462,0,0
01:11:15:04:06:17,3905.51,3893.49,0,0.0400562,0,0,0,0.502462,0,7156.05,0,0,0,0,0,0,-332.079,0,0.502462,0.502462,0,0
01:11:15:04:06:18,3904.94,3893.21,0,0.0400562,0,0,0,0.502462,0,7155.48,0,0,0,0,0,0,-332.652,0,0.502462,0.502462,0,0
01:11:15:04:06:19,3904.37,3893.21,0,0.0400562,0,0,0,0.502462,0,7154.9,0,0,0,0,0,0,-333.224,0,0.502462,0.502462,0,0
01:11:15:04:06:20,3904.37,3893.21,0,0.0400562,0,0,0,0.502462,0,7154.9,0,0,0,0,0,0,-333.224,0,0.502462,0.502462,0,0
01:11:15:04:06:21,3904.65,3892.64,0,0.0400562,0,0,0,0.502462,0,7155.19,0,0,0,0,0,0,-332.937,0,0.502462,0.502462,0,0
01:11:15:04:06:22,3904.37,3892.92,0,0.0400562,0,0,0,0.502462,0,7154.9,0,0,0,0,0,0,-333.224,0,0.502462,0.502462,0,0
01:11:15:04:06:23,3904.94,3892.64,0,0.0400562,0,0,0,0.502462,0,7155.48,0,0,0,0,0,0,-332.652,0,0.502462,0.502462,0,0
01:11:15:04:06:24,3904.65,3892.64,0,0.0400562,0,0,0,0.502462,0,7155.19,0,0,0,0,0,0,-332.937,0,0.502462,0.502462,0,0
01:11:15:04:06:25,3904.65,3892.64,0,0.0400562,0,0,0,0.502462,0,7155.19,0,0,0,0,0,0,-332.937,0,0.502462,0.502462,0,0
01:11:15:04:06:26,3904.08,3892.35,0,0.0400562,0,0,0,0.502462,0,7154.62,0,0,0,0,0,0,-333.509,0,0.502462,0.502462,0,0
01:11:15:04:06:27,3904.08,3892.06,0,0.0400562,0,0,0,0.502462,0,7154.62,0,0,0,0,0,0,-333.509,0,0.502462,0.502462,0,0
01:11:15:04:06:28,3904.08,3891.78,0,0.0400562,0,0,0,0.502462,0,7154.62,0,0,0,0,0,0,-333.509,0,0.502462,0.502462,0,0
01:11:15:04:06:29,3903.51,3891.78,0,0.0400562,0,0,0,0.502462,0,7154.05,0,0,0,0,0,0,-334.082,0,0.502462,0.502462,0,0
01:11:15:04:06:30,3903.51,3891.49,0,0.0400562,0,0,0,0.502462,0,7154.05,0,0,0,0,0,0,-334.082,0,0.502462,0.502462,0,0
01:11:15:04:06:31,3903.51,3891.21,0,0.0400562,0,0,0,0.502462,0,7154.05,0,0,0,0,0,0,-334.082,0,0.502462,0.502462,0,0
01:11:15:04:06:32,3902.36,3890.35,0,0.0400562,0,0,0,0.502462,0,7152.9,0,0,0,0,0,0,-335.226,0,0.502462,0.502462,0,0
01:11:15:04:06:33,3902.36,3890.63,0,0.0400562,0,0,0,0.502462,0,7152.9,0,0,0,0,0,0,-335.226,0,0.502462,0.502462,0,0
01:11:15:04:06:34,3901.79,3890.35,0,0.0400562,0,0,0,0.502462,0,7152.33,0,0,0,0,0,0,-335.798,0,0.502462,0.502462,0,0
01:11:15:04:06:35,3901.22,3889.2,0,0.0400562,0,0,0,0.502462,0,7151.76,0,0,0,0,0,0,-336.37,0,0.502462,0.502462,0,0
01:11:15:04:06:36,3901.51,3889.49,0,0.0400562,0,0,0,0.502462,0,7152.04,0,0,0,0,0,0,-336.084,0,0.502462,0.502462,0,0
01:11:15:04:06:37,3901.22,3889.2,0,0.0400562,0,0,0,0.502462,0,7151.76,0,0,0,0,0,0,-336.37,0,0.502462,0.502462,0,0
01:11:15:04:06:38,3901.51,3888.92,0,0.0400562,0,0,0,0.502462,0,7152.04,0,0,0,0,0,0,-336.084,0,0.502462,0.502462,0,0
01:11:15:04:06:39,3900.93,3889.2,0,0.0400562,0,0,0,0.502462,0,7151.47,0,0,0,0,0,0,-336.657,0,0.502462,0.502462,0,0
01:11:15:04:06:40,3900.65,3888.63,0,0.0400562,0,0,0,0.502462,0,7151.19,0,0,0,0,0,0,-336.942,0,0.502462,0.502462,0,0
01:11:15:04:06:41,3900.36,3888.34,0,0.0400562,0,0,0,0.502462,0,7150.9,0,0,0,0,0,0,-337.229,0,0.502462,0.502462,0,0
01:11:15:04:06:42,3900.07,3888.34,0,0.0400562,0,0,0,0.502462,0,7150.61,0,0,0,0,0,0,-337.515,0,0.502462,0.502462,0,0
01:11:15:04:06:43,3900.07,3888.06,0,0.0400562,0,0,0,0.502462,0,7150.61,0,0,0,0,0,0,-337.515,0,0.502462,0.502462,0,0
01:11:15:04:06:44,3899.79,3887.77,0,0.0400562,0,0,0,0.502462,0,7150.33,0,0,0,0,0,0,-337.801,0,0.502462,0.502462,0,0
01:11:15:04:06:45,3899.5,3887.77,0,0.0400562,0,0,0,0.502462,0,7150.04,0,0,0,0,0,0,-338.087,0,0.502462,0.502462,0,0
01:11:15:04:06:46,3899.79,3887.2,0,0.0400562,0,0,0,0.502462,0,7150.33,0,0,0,0,0,0,-337.801,0,0.502462,0.502462,0,0
01:11:15:04:06:47,3898.36,3886.63,0,0.0400562,0,0,0,0.502462,0,7148.9,0,0,0,0,0,0,-339.232,0,0.502462,0.502462,0,0
01:11:15:04:06:48,3898.64,3887.2,0,0.0400562,0,0,0,0.502462,0,7149.18,0,0,0,0,0,0,-338.945,0,0.502462,0.502462,0,0
01:11:15:04:06:49,3898.36,3886.34,0,0.0400562,0,0,0,0.502462,0,7148.9,0,0,0,0,0,0,-339.232,0,0.502462,0.502462,0,0
01:11:15:04:06:50,3898.07,3884.91,0,0.0400562,0,0,0,0.502462,0,7148.61,0,0,0,0,0,0,-339.518,0,0.502462,0.502462,0,0
01:11:15:04:06:51,3896.93,3886.34,0,0.0400562,0,0,0,0.502462,0,7147.47,0,0,0,0,0,0,-340.662,0,0.502462,0.502462,0,0
01:11:15:04:06:52,3897.21,3884.91,0,0.0400562,0,0,0,0.502462,0,7147.75,0,0,0,0,0,0,-340.376,0,0.502462,0.502462,0,0
01:11:15:04:06:53,3897.21,3885.48,0,0.0400562,0,0,0,0.502462,0,7147.75,0,0,0,0,0,0,-340.376,0,0.502462,0.502462,0,0
01:11:15:04:06:54,3896.64,3885.48,0,0.0400562,0,0,0,0.502462,0,7147.18,0,0,0,0,0,0,-340.948,0,0.502462,0.502462,0,0
01:11:15:04:06:55,3896.93,3885.2,0,0.0400562,0,0,0,0.502462,0,7147.47,0,0,0,0,0,0,-340.662,0,0.502462,0.502462,0,0
01:11:15:04:06:56,3896.93,3884.05,0,0.0400562,0,0,0,0.502462,0,7147.47,0,0,0,0,0,0,-340.662,0,0.502462,0.502462,0,0
01:11:15:04:06:57,3896.93,3885.48,0,0.0400562,0,0,0,0.502462,0,7147.47,0,0,0,0,0,0,-340.662,0,0.502462,0.502462,0,0
01:11:15:04:06:58,3896.36,3884.63,0,0.0400562,0,0,0,0.502462,0,7146.89,0,0,0,0,0,0,-341.234,0,0.502462,0.502462,0,0
01:11:15:04:06:59,3896.36,3884.34,0,0.0400562,0,0,0,0.502462,0,7146.89,0,0,0,0,0,0,-341.234,0,0.502462,0.502462,0,0
01:11:15:04:07:00,3895.78,3884.05,0,0.0400562,0,0,0,0.502462,0,7146.32,0,0,0,0,0,0,-341.806,0,0.502462,0.502462,0,0
01:11:15:04:07:01,3895.78,3883.48,0,0.0400562,0,0,0,0.502462,0,7146.32,0,0,0,0,0,0,-341.806,0,0.502462,0.502462,0,0
01:11:15:04:07:02,3895.21,3883.19,0,0.0400562,0,0,0,0.502462,0,7145.75,0,0,0,0,0,0,-342.378,0,0.502462,0.502462,0,0
01:11:15:04:07:03,3895.78,3883.19,0,0.0400562,0,0,0,0.502462,0,7146.32,0,0,0,0,0,0,-341.806,0,0.502462,0.502462,0,0
01:11:15:04:07:04,3894.92,3883.19,0,0.0400562,0,0,0,0.502462,0,7145.46,0,0,0,0,0,0,-342.665,0,0.502462,0.502462,0,0
01:11:15:04:07:05,3894.64,3882.34,0,0.0400562,0,0,0,0.502462,0,7145.18,0,0,0,0,0,0,-342.95,0,0.502462,0.502462,0,0
01:11:15:04:07:06,3894.64,3882.34,0,0.0400562,0,0,0,0.502462,0,7145.18,0,0,0,0,0,0,-342.95,0,0.502462,0.502462,0,0
01:11:15:04:07:07,3894.92,3882.91,0,0.0400562,0,0,0,0.502462,0,7145.46,0,0,0,0,0,0,-342.665,0,0.502462,0.502462,0,0
01:11:15:04:07:08,3894.07,3882.05,0,0.0400562,0,0,0,0.502462,0,7144.61,0,0,0,0,0,0,-343.523,0,0.502462,0.502462,0,0
01:11:15:04:07:09,3894.35,3882.34,0,0.0400562,0,0,0,0.502462,0,7144.89,0,0,0,0,0,0,-343.237,0,0.502462,0.502462,0,0
01:11:15:04:07:10,3894.07,3881.76,0,0.0400562,0,0,0,0.502462,0,7144.61,0,0,0,0,0,0,-343.523,0,0.502462,0.502462,0,0
01:11:15:04:07:11,3893.78,3882.05,0,0.0400562,0,0,0,0.502462,0,7144.32,0,0,0,0,0,0,-343.809,0,0.502462,0.502462,0,0
01:11:15:04:07:12,3893.78,3881.76,0,0.0400562,0,0,0,0.502462,0,7144.32,0,0,0,0,0,0,-343.809,0,0.502462,0.502462,0,0
01:11:15:04:07:13,3893.49,3881.19,0,0.0400562,0,0,0,0.502462,0,7144.03,0,0,0,0,0,0,-344.096,0,0.502462,0.502462,0,0
01:11:15:04:07:14,3893.78,3881.48,0,0.0400562,0,0,0,0.502462,0,7144.32,0,0,0,0,0,0,-343.809,0,0.502462,0.502462,0,0
01:11:15:04:07:15,3893.49,3880.91,0,0.0400562,0,0,0,0.502462,0,7144.03,0,0,0,0,0,0,-344.096,0,0.502462,0.502462,0,0
01:11:15:04:07:16,3892.92,3881.19,0,0.0400562,0,0,0,0.502462,0,7143.46,0,0,0,0,0,0,-344.668,0,0.502462,0.502462,0,0
01:11:15:04:07:17,3892.64,3880.62,0,0.0400562,0,0,0,0.502462,0,7143.18,0,0,0,0,0,0,-344.953,0,0.502462,0.502462,0,0
01:11:15:04:07:18,3892.06,3880.33,0,0.0400562,0,0,0,0.502462,0,7142.6,0,0,0,0,0,0,-345.526,0,0.502462,0.502462,0,0
01:11:15:04:07:19,3892.35,3880.05,0,0.0400562,0,0,0,0.502462,0,7142.89,0,0,0,0,0,0,-345.24,0,0.502462,0.502462,0,0
01:11:15:04:07:20,3892.35,3880.33,0,0.0400562,0,0,0,0.502462,0,7142.89,0,0,0,0,0,0,-345.24,0,0.502462,0.502462,0,0
01:11:15:04:07:21,3892.06,3880.05,0,0.0400562,0,0,0,0.502462,0,7142.6,0,0,0,0,0,0,-345.526,0,0.502462,0.502462,0,0
01:11:15:04:07:22,3892.06,3880.33,0,0.0400562,0,0,0,0.502462,0,7142.6,0,0,0,0,0,0,-345.526,0,0.502462,0.502462,0,0
01:11:15:04:07:23,3891.78,3879.19,0,0.0400562,0,0,0,0.502462,0,7142.32,0,0,0,0,0,0,-345.812,0,0.502462,0.502462,0,0
01:11:15:04:07:24,3891.21,3879.48,0,0.0400562,0,0,0,0.502462,0,7141.74,0,0,0,0,0,0,-346.384,0,0.502462,0.502462,0,0
01:11:15:04:07:25,3891.49,3878.62,0,0.0400562,0,0,0,0.502462,0,7142.03,0,0,0,0,0,0,-346.098,0,0.502462,0.502462,0,0
01:11:15:04:07:26,3891.49,3879.19,0,0.0400562,0,0,0,0.502462,0,7142.03,0,0,0,0,0,0,-346.098,0,0.502462,0.502462,0,0
01:11:15:04:07:27,3890.92,3879.19,0,0.0400562,0,0,0,0.502462,0,7141.46,0,0,0,0,0,0,-346.67,0,0.502462,0.502462,0,0
01:11:15:04:07:28,3891.21,3879.19,0,0.0400562,0,0,0,0.502462,0,7141.74,0,0,0,0,0,0,-346.384,0,0.502462,0.502462,0,0
01:11:15:04:07:29,3890.63,3878.62,0,0.0400562,0,0,0,0.502462,0,7141.17,0,0,0,0,0,0,-346.956,0,0.502462,0.502462,0,0
01:11:15:04:07:30,3890.06,3877.47,0,0.0400562,0,0,0,0.502462,0,7140.6,0,0,0,0,0,0,-347.528,0,0.502462,0.502462,0,0
01:11:15:04:07:31,3890.92,3878.33,0,0.0400562,0,0,0,0.502462,0,7141.46,0,0,0,0,0,0,-346.67,0,0.502462,0.502462,0,0
01:11:15:04:07:32,3890.63,3878.04,0,0.0400562,0,0,0,0.502462,0,7141.17,0,0,0,0,0,0,-346.956,0,0.502462,0.502462,0,0
01:11:15:04:07:33,3889.78,3877.76,0,0.0400562,0,0,0,0.502462,0,7140.31,0,0,0,0,0,0,-347.814,0,0.502462,0.502462,0,0
01:11:15:04:07:34,3890.06,3877.76,0,0.0400562,0,0,0,0.502462,0,7140.6,0,0,0,0,0,0,-347.528,0,0.502462,0.502462,0,0
01:11:15:04:07:35,3890.35,3877.76,0,0.0400562,0,0,0,0.502462,0,7140.89,0,0,0,0,0,0,-347.242,0,0.502462,0.502462,0,0
01:11:15:04:07:36,3890.06,3877.19,0,0.0400562,0,0,0,0.502462,0,7140.6,0,0,0,0,0,0,-347.528,0,0.502462,0.502462,0,0
01:11:15:04:07:37,3889.49,3877.19,0,0.0400562,0,0,0,0.502462,0,7140.03,0,0,0,0,0,0,-348.101,0,0.502462,0.502462,0,0
01:11:15:04:07:38,3888.92,3876.61,0,0.0400562,0,0,0,0.502462,0,7139.46,0,0,0,0,0,0,-348.673,0,0.502462,0.502462,0,0
01:11:15:04:07:39,3888.92,3877.19,0,0.0400562,0,0,0,0.502462,0,7139.46,0,0,0,0,0,0,-348.673,0,0.502462,0.502462,0,0
01:11:15:04:07:40,3888.63,3875.76,0,0.0400562,0,0,0,0.502462,0,7139.17,0,0,0,0,0,0,-348.959,0,0.502462,0.502462,0,0
01:11:15:04:07:41,3888.63,3875.76,0,0.0400562,0,0,0,0.502462,0,7139.17,0,0,0,0,0,0,-348.959,0,0.502462,0.502462,0,0
31:10:15:22:55:08,-23.8037,-12.6457,0,0.0680924,0,0,0,0,0,0,0,0,0,0,0,0,-7488.13,0,0,0,0,0
31:10:15:22:55:09,-24.0898,-13.2179,0,0.0680924,0,0,0,0,0,0,0,0,0,0,0,0,-7488.13,0,0,0,0,0
31:10:15:22:55:10,-23.5176,-12.9318,0,0.0720997,0,0,0,0,0,0,0,0,0,0,0,0,-7488.13,0,0,0,0,0
31:10:15:22:55:11,-24.3759,-13.2179,0,0.0667572,0,0,0,0,0,0,0,0,0,0,0,0,-7488.13,0,0,0,0,0
31:10:15:22:55:12,-23.8037,-12.9318,0,0.0667572,0,0,0,0,0,0,0,0,0,0,0,0,-7488.13,0,0,0,0,0
31:10:15:22:55:13,-23.8037,-12.6457,0,0.0680924,0,0,0,0,0,0,0,0,0,0,0,0,-7488.13,0,0,0,0,0
31:10:15:22:55:14,-23.5176,-13.2179,0,0.0667572,0,0,0,0,0,0,0,0,0,0,0,0,-7488.13,0,0,0,0,0
31:10:15:22:55:15,-24.0898,-13.2179,0,0.0694294,0,0,0,0,0,0,0,0,0,0,0,0,-7488.13,0,0,0,0,0
31:10:15:22:55:16,-23.5176,-12.9318,0,0.0694294,0,0,0,0,0,0,0,0,0,0,0,0,-7488.13,0,0,0,0,0
31:10:15:22:55:17,-23.8037,-12.9318,0,0.0694294,0,0,0,0,0,0,0,0,0,0,0,0,-7488.13,0,0,0,0,0
31:10:15:22:55:18,-24.0898,-12.9318,0,0.065424,0,0,0,0,0,0,0,0,0,0,0,0,-7488.13,0,0,0,0,0
31:10:15:22:55:19,-23.5176,-12.6457,0,0.0707626,0,0,0,0,0,0,0,0,0,0,0,0,-7488.13,0,0,0,0,0
31:10:15:22:55:20,-23.8037,-12.3596,0,0.0694294,0,0,0,0,0,0,0,0,0,0,0,0,-7488.13,0,0,0,0,0
31:10:15:22:55:21,-23.8037,-12.6457,0,0.0694294,0,0,0,0,0,0,0,0,0,0,0,0,-7488.13,0,0,0,0,0
31:10:15:22:55:22,-23.2315,-12.6457,0,0.0694294,0,0,0,0,0,0,0,0,0,0,0,0,-7488.13,0,0,0,0,0
31:10:15:22:55:23,-24.0898,-12.0735,0,0.065424,0,0,0,0,0,0,0,0,0,0,0,0,-7488.13,0,0,0,0,0
31:10:15:22:55:24,-24.3759,-12.6457,0,0.0667572,0,0,0,0,0,0,0,0,0,0,0,0,-7488.13,0,0,0,0,0
31:10:15:22:55:25,-24.662,-13.2179,0,0.0667572,0,0,0,0,0,0,0,0,0,0,0,0,-7488.13,0,0,0,0,0
31:10:15:22:55:26,-23.5176,-13.504,0,0.0680924,0,0,0,0,0,0,0,0,0,0,0,0,-7488.13,0,0,0,0,0
31:10:15:22:55:27,-24.0898,-12.9318,0,0.0667572,0,0,0,0,0,0,0,0,0,0,0,0,-7488.13,0,0,0,0,0
31:10:15:22:55:28,-24.0898,-12.3596,0,0.0680924,0,0,0,0,0,0,0,0,0,0,0,0,-7488.13,0,0,0,0,0
31:10:15:22:55:29,-24.3759,-12.6457,0,0.0680924,0,0,0,0,0,0,0,0,0,0,0,0,-7488.13,0,0,0,0,0
31:10:15:22:55:30,-24.0898,-12.3596,0,0.0627537,0,0,0,0,0,0,0,0,0,0,0,0,-7488.13,0,0,0,0,0
31:10:15:22:55:31,-23.5176,-13.504,0,0.0627537,0,0,0,0,0,0,0,0,0,0,0,0,-7488.13,0,0,0,0,0
31:10:15:22:55:32,-24.0898,-12.9318,0,0.0694294,0,0,0,0,0,0,0,0,0,0,0,0,-7488.13,0,0,0,0,0
31:10:15:22:55:33,-23.8037,-12.9318,0,0.065424,0,0,0,0,0,0,0,0,0,0,0,0,-7488.13,0,0,0,0,0
31:10:15:22:55:34,-23.5176,-12.3596,0,0.0667572,0,0,0,0,0,0,0,0,0,0,0,0,-7488.13,0,0,0,0,0
31:10:15:22:55:35,-23.5176,-12.9318,0,0.0667572,0,0,0,0,0,0,0,0,0,0,0,0,-7488.13,0,0,0,0,0
31:10:15:22:55:36,-24.0898,-12.6457,0,0.065424,0,0,0,0,0,0,0,0,0,0,0,0,-7488.13,0,0,0,0,0
31:10:15:22:55:37,-23.8037,-12.9318,0,0.0707626,0,0,0,0,0,0,0,0,0,0,0,0,-7488.13,0,0,0,0,0
31:10:15:22:55:38,-23.8037,-12.3596,0,0.0667572,0,0,0,0,0,0,0,0,0,0,0,0,-7488.13,0,0,0,0,0
31:10:15:22:55:39,-24.0898,-12.3596,0,0.0667572,0,0,0,0,0,0,0,0,0,0,0,0,-7488.13,0,0,0,0,0
31:10:15:22:55:40,-23.5176,-12.9318,0,0.0680924,0,0,0,0,0,0,0,0,0,0,0,0,-7488.13,0,0,0,0,0
31:10:15:22:55:41,-23.8037,-12.9318,0,0.0680924,0,0,0,0,0,0,0,0,0,0,0,0,-7488.13,0,0,0,0,0
31:10:15:22:55:42,-23.5176,-12.6457,0,0.0640869,0,0,0,0,0,0,0,0,0,0,0,0,-7488.13,0,0,0,0,0
31:10:15:22:55:43,-23.5176,-13.504,0,0.0667572,0,0,0,0,0,0,0,0,0,0,0,0,-7488.13,0,0,0,0,0
31:10:15:22:55:44,-23.8037,-12.6457,0,0.0680924,0,0,0,0,0,0,0,0,0,0,0,0,-7488.13,0,0,0,0,0
31:10:15:22:55:45,-23.8037,-12.6457,0,0.0640869,0,0,0,0,0,0,0,0,0,0,0,0,-7488.13,0,0,0,0,0
31:10:15:22:55:46,-24.0898,-12.9318,0,0.065424,0,0,0,0,0,0,0,0,0,0,0,0,-7488.13,0,0,0,0,0
31:10:15:22:55:47,-24.0898,-12.0735,0,0.065424,0,0,0,0,0,0,0,0,0,0,0,0,-7488.13,0,0,0,0,0
31:10:15:22:55:48,-23.5176,-12.9318,0,0.0600815,0,0,0,0,0,0,0,0,0,0,0,0,-7488.13,0,0,0,0,0
31:10:15:22:55:49,-23.8037,-12.9318,0,0.0627537,0,0,0,0,0,0,0,0,0,0,0,0,-7488.13,0,0,0,0,0
31:10:15:22:55:50,-24.0898,-13.2179,0,0.0667572,0,0,0,0,0,0,0,0,0,0,0,0,-7488.13,0,0,0,0,0
31:10:15:22:55:51,-24.3759,-12.9318,0,0.065424,0,0,0,0,0,0,0,0,0,0,0,0,-7488.13,0,0,0,0,0
31:10:15:22:55:52,-23.8037,-12.9318,0,0.0627537,0,0,0,0,0,0,0,0,0,0,0,0,-7488.13,0,0,0,0,0
31:10:15:22:55:53,-24.0898,-13.2179,0,0.0680924,0,0,0,0,0,0,0,0,0,0,0,0,-7488.13,0,0,0,0,0
31:10:15:22:55:54,-24.0898,-12.3596,0,0.0694294,0,0,0,0,0,0,0,0,0,0,0,0,-7488.13,0,0,0,0,0
31:10:15:22:55:55,-23.8037,-12.9318,0,0.0667572,0,0,0,0,0,0,0,0,0,0,0,0,-7488.13,0,0,0,0,0
31:10:15:22:55:56,-24.3759,-12.3596,0,0.0667572,0,0,0,0,0,0,0,0,0,0,0,0,-7488.13,0,0,0,0,0
31:10:15:22:55:57,-23.5176,-12.6457,0,0.065424,0,0,0,0,0,0,0,0,0,0,0,0,-7488.13,0,0,0,0,0
31:10:15:22:55:58,-23.2315,-12.3596,0,0.0640869,0,0,0,0,0,0,0,0,0,0,0,0,-7488.13,0,0,0,0,0
31:10:15:22:55:59,-24.0898,-12.9318,0,0.0667572,0,0,0,0,0,0,0,0,0,0,0,0,-7488.13,0,0,0,0,0
31:10:15:22:56:00,-23.8037,-12.6457,0,0.0667572,0,0,0,0,0,0,0,0,0,0,0,0,-7488.13,0,0,0,0,0
31:10:15:22:56:01,-24.0898,-12.3596,0,0.0680924,0,0,0,0,0,0,0,0,0,0,0,0,-7488.13,0,0,0,0,0
31:10:15:22:56:02,-23.5176,-12.3596,0,0.0694294,0,0,0,0,0,0,0,0,0,0,0,0,-7488.13,0,0,0,0,0
31:10:15:22:56:03,-23.8037,-12.6457,0,0.065424,0,0,0,0,0,0,0,0,0,0,0,0,-7488.13,0,0,0,0,0
31:10:15:22:56:04,-23.5176,-12.3596,0,0.0640869,0,0,0,0,0,0,0,0,0,0,0,0,-7488.13,0,0,0,0,0
31:10:15:22:56:05,-23.8037,-12.6457,0,0.0640869,0,0,0,0,0,0,0,0,0,0,0,0,-7488.13,0,0,0,0,0
31:10:15:22:56:06,-23.5176,-12.3596,0,0.0667572,0,0,0,0,0,0,0,0,0,0,0,0,-7488.13,0,0,0,0,0
31:10:15:22:56:07,-23.8037,-13.2179,0,0.0667572,0,0,0,0,0,0,0,0,0,0,0,0,-7488.13,0,0,0,0,0
31:10:15:22:56:08,-23.8037,-12.3596,0,0.0627537,0,0,0,0,0,0,0,0,0,0,0,0,-7488.13,0,0,0,0,0
31:10:15:22:56:09,-23.8037,-12.6457,0,0.0614185,0,0,0,0,0,0,0,0,0,0,0,0,-7488.13,0,0,0,0,0
31:10:15:22:56:10,-24.0898,-12.3596,0,0.0667572,0,0,0,0,0,0,0,0,0,0,0,0,-7488.13,0,0,0,0,0
31:10:15:22:56:11,-24.0898,-12.3596,0,0.0640869,0,0,0,0,0,0,0,0,0,0,0,0,-7488.13,0,0,0,0,0
31:10:15:22:56:12,-23.8037,-13.2179,0,0.0627537,0,0,0,0,0,0,0,0,0,0,0,0,-7488.13,0,0,0,0,0
31:10:15:22:56:13,-24.0898,-12.9318,0,0.065424,0,0,0,0,0,0,0,0,0,0,0,0,-7488.13,0,0,0,0,0
31:10:15:22:56:14,-23.8037,-12.9318,0,0.0640869,0,0,0,0,0,0,0,0,0,0,0,0,-7488.13,0,0,0,0,0
31:10:15:22:56:15,-23.8037,-12.3596,0,0.065424,0,0,0,0,0,0,0,0,0,0,0,0,-7488.13,0,0,0,0,0
31:10:15:22:56:16,-23.5176,-12.9318,0,0.0640869,0,0,0,0,0,0,0,0,0,0,0,0,-7488.13,0,0,0,0,0
31:10:15:22:56:17,-23.5176,-12.6457,0,0.0640869,0,0,0,0,0,0,0,0,0,0,0,0,-7488.13,0,0,0,0,0
31:10:15:22:56:18,-23.5176,-12.3596,0,0.065424,0,0,0,0,0,0,0,0,0,0,0,0,-7488.13,0,0,0,0,0
31:10:15:22:56:19,-23.5176,-12.6457,0,0.0627537,0,0,0,0,0,0,0,0,0,0,0,0,-7488.13,0,0,0,0,0
31:10:15:22:56:20,-23.5176,-12.9318,0,0.065424,0,0,0,0,0,0,0,0,0,0,0,0,-7488.13,0,0,0,0,0
31:10:15:22:56:21,-23.5176,-12.9318,0,0.0640869,0,0,0,0,0,0,0,0,0,0,0,0,-7488.13,0,0,0,0,0
31:10:15:22:56:22,-24.662,-12.6457,0,0.0667572,0,0,0,0,0,0,0,0,0,0,0,0,-7488.13,0,0,0,0,0
31:10:15:22:56:23,-23.2315,-12.6457,0,0.065424,0,0,0,0,0,0,0,0,0,0,0,0,-7488.13,0,0,0,0,0
31:10:15:22:56:24,-23.8037,-12.6457,0,0.0640869,0,0,0,0,0,0,0,0,0,0,0,0,-7488.13,0,0,0,0,0
31:10:15:22:56:25,-24.0898,-12.3596,0,0.0627537,0,0,0,0,0,0,0,0,0,0,0,0,-7488.13,0,0,0,0,0
31:10:15:22:56:26,-24.3759,-12.3596,0,0.0640869,0,0,0,0,0,0,0,0,0,0,0,0,-7488.13,0,0,0,0,0
31:10:15:22:56:27,-23.5176,-12.6457,0,0.065424,0,0,0,0,0,0,0,0,0,0,0,0,-7488.13,0,0,0,0,0
31:10:15:22:56:28,-23.8037,-12.6457,0,0.0667572,0,0,0,0,0,0,0,0,0,0,0,0,-7488.13,0,0,0,0,0
31:10:15:22:56:29,-23.8037,-12.0735,0,0.0667572,0,0,0,0,0,0,0,0,0,0,0,0,-7488.13,0,0,0,0,0
31:10:15:22:56:30,-23.5176,-12.9318,0,0.0680924,0,0,0,0,0,0,0,0,0,0,0,0,-7488.13,0,0,0,0,0
31:10:15:22:56:31,-24.0898,-12.6457,0,0.0680924,0,0,0,0,0,0,0,0,0,0,0,0,-7488.13,0,0,0,0,0
31:10:15:22:56:32,-23.8037,-12.9318,0,0.0667572,0,0,0,0,0,0,0,0,0,0,0,0,-7488.13,0,0,0,0,0
31:10:15:22:56:33,-23.8037,-13.2179,0,0.0680924,0,0,0,0,0,0,0,0,0,0,0,0,-7488.13,0,0,0,0,0
31:10:15:22:56:34,-23.5176,-12.9318,0,0.0680924,0,0,0,0,0,0,0,0,0,0,0,0,-7488.13,0,0,0,0,0
31:10:15:22:56:35,-23.8037,-12.6457,0,0.0667572,0,0,0,0,0,0,0,0,0,0,0,0,-7488.13,0,0,0,0,0
31:10:15:22:56:36,-23.8037,-12.6457,0,0.0694294,0,0,0,0,0,0,0,0,0,0,0,0,-7488.13,0,0,0,0,0
31:10:15:22:56:37,-23.5176,-13.2179,0,0.0680924,0,0,0,0,0,0,0,0,0,0,0,0,-7488.13,0,0,0,0,0
31:10:15:22:56:38,-23.8037,-12.6457,0,0.065424,0,0,0,0,0,0,0,0,0,0,0,0,-7488.13,0,0,0,0,0
31:10:15:22:56:39,-23.8037,-12.6457,0,0.0667572,0,0,0,0,0,0,0,0,0,0,0,0,-7488.13,0,0,0,0,0
31:10:15:22:56:40,-23.8037,-12.6457,0,0.0694294,0,0,0,0,0,0,0,0,0,0,0,0,-7488.13,0,0,0,0,0
31:10:15:22:56:41,-24.0898,-12.6457,0,0.0667572,0,0,0,0,0,0,0,0,0,0,0,0,-7488.13,0,0,0,0,0
31:10:15:22:56:42,-23.2315,-12.6457,0,0.0667572,0,0,0,0,0,0,0,0,0,0,0,0,-7488.13,0,0,0,0,0
31:10:15:22:56:43,-23.5176,-12.3596,0,0.0680924,0,0,0,0,0,0,0,0,0,0,0,0,-7488.13,0,0,0,0,0
31:10:15:22:56:44,-23.8037,-13.2179,0,0.0667572,0,0,0,0,0,0,0,0,0,0,0,0,-7488.13,0,0,0,0,0
31:10:15:22:56:45,-23.8037,-13.2179,0,0.0667572,0,0,0,0,0,0,0,0,0,0,0,0,-7488.13,0,0,0,0,0
31:10:15:22:56:46,-23.8037,-12.9318,0,0.0694294,0,0,0,0,0,0,0,0,0,0,0,0,-7488.13,0,0,0,0,0
31:10:15:22:56:47,-23.5176,-12.6457,0,0.0667572,0,0,0,0,0,0,0,0,0,0,0,0,-7488.13,0,0,0,0,0
31:10:15:22:56:48,-23.5176,-12.9318,0,0.065424,0,0,0,0,0,0,0,0,0,0,0,0,-7488.13,0,0,0,0,0
31:10:15:22:56:49,-23.8037,-12.9318,0,0.0694294,0,0,0,0,0,0,0,0,0,0,0,0,-7488.13,0,0,0,0,0
31:10:15:22:56:50,-23.8037,-12.9318,0,0.0680924,0,0,0,0,0,0,0,0,0,0,0,0,-7488.13,0,0,0,0,0
31:10:15:22:56:51,-23.5176,-12.6457,0,0.0694294,0,0,0,0,0,0,0,0,0,0,0,0,-7488.13,0,0,0,0,0
31:10:15:22:56:52,-24.0898,-12.6457,0,0.0680924,0,0,0,0,0,0,0,0,0,0,0,0,-7488.13,0,0,0,0,0
31:10:15:22:56:53,-24.0898,-12.9318,0,0.0680924,0,0,0,0,0,0,0,0,0,0,0,0,-7488.13,0,0,0,0,0
31:10:15:22:56:54,-23.5176,-12.6457,0,0.0680924,0,0,0,0,0,0,0,0,0,0,0,0,-7488.13,0,0,0,0,0
31:10:15:22:56:55,-23.5176,-12.9318,0,0.0680924,0,0,0,0,0,0,0,0,0,0,0,0,-7488.13,0,0,0,0,0
31:10:15:22:56:56,-24.0898,-12.6457,0,0.0680924,0,0,0,0,0,0,0,0,0,0,0,0,-7488.13,0,0,0,0,0
31:10:15:22:56:57,-23.5176,-12.9318,0,0.0680924,0,0,0,0,0,0,0,0,0,0,0,0,-7488.13,0,0,0,0,0
31:10:15:22:56:58,-24.0898,-12.6457,0,0.0640869,0,0,0,0,0,0,0,0,0,0,0,0,-7488.13,0,0,0,0,0
31:10:15:22:56:59,-23.2315,-12.3596,0,0.0667572,0,0,0,0,0,0,0,0,0,0,0,0,-7488.13,0,0,0,0,0
31:10:15:22:57:00,-22.9454,-12.6457,0,0.0707626,0,0,0,0,0,0,0,0,0,0,0,0,-7488.13,0,0,0,0,0
31:10:15:22:57:01,-23.2315,-12.9318,0,0.0667572,0,0,0,0,0,0,0,0,0,0,0,0,-7488.13,0,0,0,0,0
31:10:15:22:57:02,-23.5176,-12.9318,0,0.0720997,0,0,0,0,0,0,0,0,0,0,0,0,-7488.13,0,0,0,0,0
31:10:15:22:57:03,-23.5176,-12.6457,0,0.065424,0,0,0,0,0,0,0,0,0,0,0,0,-7488.13,0,0,0,0,0
31:10:15:22:57:04,-23.5176,-12.6457,0,0.0680924,0,0,0,0,0,0,0,0,0,0,0,0,-7488.13,0,0,0,0,0
31:10:15:22:57:05,-23.8037,-12.9318,0,0.0680924,0,0,0,0,0,0,0,0,0,0,0,0,-7488.13,0,0,0,0,0
31:10:15:22:57:06,-23.8037,-12.6457,0,0.0694294,0,0,0,0,0,0,0,0,0,0,0,0,-7488.13,0,0,0,0,0
31:10:15:22:57:07,-24.662,-12.9318,0,0.0680924,0,0,0,0,0,0,0,0,0,0,0,0,-7488.13,0,0,0,0,0
31:10:15:22:57:08,-23.8037,-12.3596,0,0.0667572,0,0,0,0,0,0,0,0,0,0,0,0,-7488.13,0,0,0,0,0
31:10:15:22:57:09,-23.2315,-13.2179,0,0.0667572,0,0,0,0,0,0,0,0,0,0,0,0,-7488.13,0,0,0,0,0
31:10:15:22:57:10,-23.8037,-12.6457,0,0.0694294,0,0,0,0,0,0,0,0,0,0,0,0,-7488.13,0,0,0,0,0
31:10:15:22:57:11,-23.2315,-12.9318,0,0.0694294,0,0,0,0,0,0,0,0,0,0,0,0,-7488.13,0,0,0,0,0
31:10:15:22:57:12,-23.5176,-12.9318,0,0.0680924,0,0,0,0,0,0,0,0,0,0,0,0,-7488.13,0,0,0,0,0
31:10:15:22:57:13,-23.5176,-11.7874,0,0.065424,0,0,0,0,0,0,0,0,0,0,0,0,-7488.13,0,0,0,0,0
31:10:15:22:57:14,-24.0898,-12.3596,0,0.065424,0,0,0,0,0,0,0,0,0,0,0,0,-7488.13,0,0,0,0,0
31:10:15:22:57:15,-23.8037,-12.3596,0,0.0627537,0,0,0,0,0,0,0,0,0,0,0,0,-7488.13,0,0,0,0,0
31:10:15:22:57:16,-23.2315,-12.3596,0,0.0680924,0,0,0,0,0,0,0,0,0,0,0,0,-7488.13,0,0,0,0,0
31:10:15:22:57:17,-23.5176,-12.6457,0,0.0667572,0,0,0,0,0,0,0,0,0,0,0,0,-7488.13,0,0,0,0,0
31:10:15:22:57:18,-24.0898,-12.9318,0,0.0680924,0,0,0,0,0,0,0,0,0,0,0,0,-7488.13,0,0,0,0,0
31:10:15:22:57:19,-23.2315,-12.6457,0,0.0667572,0,0,0,0,0,0,0,0,0,0,0,0,-7488.13,0,0,0,0,0
31:10:15:22:57:20,-24.0898,-12.6457,0,0.065424,0,0,0,0,0,0,0,0,0,0,0,0,-7488.13,0,0,0,0,0
31:10:15:22:57:21,-23.5176,-12.9318,0,0.0680924,0,0,0,0,0,0,0,0,0,0,0,0,-7488.13,0,0,0,0,0
31:10:15:22:57:22,-23.5176,-12.0735,0,0.0680924,0,0,0,0,0,0,0,0,0,0,0,0,-7488.13,0,0,0,0,0
31:10:15:22:57:23,-23.5176,-12.6457,0,0.0680924,0,0,0,0,0,0,0,0,0,0,0,0,-7488.13,0,0,0,0,0
31:10:15:22:57:24,-23.5176,-12.6457,0,0.0680924,0,0,0,0,0,0,0,0,0,0,0,0,-7488.13,0,0,0,0,0
31:10:15:22:57:25,-23.2315,-12.9318,0,0.0694294,0,0,0,0,0,0,0,0,0,0,0,0,-7488.13,0,0,0,0,0
31:10:15:22:57:26,-22.9454,-12.6457,0,0.0694294,0,0,0,0,0,0,0,0,0,0,0,0,-7488.13,0,0,0,0,0
31:10:15:22:57:27,-23.5176,-12.6457,0,0.065424,0,0,0,0,0,0,0,0,0,0,0,0,-7488.13,0,0,0,0,0
31:10:15:22:57:28,-23.5176,-12.9318,0,0.0680924,0,0,0,0,0,0,0,0,0,0,0,0,-7488.13,0,0,0,0,0
31:10:15:22:57:29,-23.8037,-12.6457,0,0.0680924,0,0,0,0,0,0,0,0,0,0,0,0,-7488.13,0,0,0,0,0
31:10:15:22:57:30,-23.5176,-12.3596,0,0.0694294,0,0,0,0,0,0,0,0,0,0,0,0,-7488.13,0,0,0,0,0
31:10:15:22:57:31,-23.2315,-12.3596,0,0.0694294,0,0,0,0,0,0,0,0,0,0,0,0,-7488.13,0,0,0,0,0
31:10:15:22:57:32,-23.5176,-12.3596,0,0.065424,0,0,0,0,0,0,0,0,0,0,0,0,-7488.13,0,0,0,0,0
31:10:15:22:57:33,-23.2315,-12.0735,0,0.065424,0,0,0,0,0,0,0,0,0,0,0,0,-7488.13,0,0,0,0,0
31:10:15:22:57:34,-23.8037,-12.6457,0,0.065424,0,0,0,0,0,0,0,0,0,0,0,0,-7488.13,0,0,0,0,0
31:10:15:22:57:35,-23.5176,-12.9318,0,0.065424,0,0,0,0,0,0,0,0,0,0,0,0,-7488.13,0,0,0,0,0
31:10:15:22:57:36,-23.2315,-12.3596,0,0.0694294,0,0,0,0,0,0,0,0,0,0,0,0,-7488.13,0,0,0,0,0
31:10:15:22:57:37,-23.2315,-12.6457,0,0.065424,0,0,0,0,0,0,0,0,0,0,0,0,-7488.13,0,0,0,0,0
31:10:15:22:57:38,-23.5176,-12.9318,0,0.0680924,0,0,0,0,0,0,0,0,0,0,0,0,-7488.13,0,0,0,0,0
31:10:15:22:57:39,-22.6593,-12.3596,0,0.0667572,0,0,0,0,0,0,0,0,0,0,0,0,-7488.13,0,0,0,0,0
31:10:15:22:57:40,-23.2315,-13.504,0,0.0667572,0,0,0,0,0,0,0,0,0,0,0,0,-7488.13,0,0,0,0,0
31:10:15:22:57:41,-23.2315,-12.3596,0,0.0680924,0,0,0,0,0,0,0,0,0,0,0,0,-7488.13,0,0,0,0,0
31:10:15:22:57:42,-23.5176,-12.9318,0,0.065424,0,0,0,0,0,0,0,0,0,0,0,0,-7488.13,0,0,0,0,0
31:10:15:22:57:43,-23.2315,-12.9318,0,0.0640869,0,0,0,0,0,0,0,0,0,0,0,0,-7488.13,0,0,0,0,0
31:10:15:22:57:44,-22.9454,-12.6457,0,0.0640869,0,0,0,0,0,0,0,0,0,0,0,0,-7488.13,0,0,0,0,0
31:10:15:22:57:45,-23.2315,-12.6457,0,0.0667572,0,0,0,0,0,0,0,0,0,0,0,0,-7488.13,0,0,0,0,0
31:10:15:22:57:46,-23.2315,-12.9318,0,0.065424,0,0,0,0,0,0,0,0,0,0,0,0,-7488.13,0,0,0,0,0
31:10:15:22:57:47,-23.2315,-12.9318,0,0.0640869,0,0,0,0,0,0,0,0,0,0,0,0,-7488.13,0,0,0,0,0
31:10:15:22:57:48,-22.9454,-12.3596,0,0.0667572,0,0,0,0,0,0,0,0,0,0,0,0,-7488.13,0,0,0,0,0
31:10:15:22:57:49,-23.5176,-12.6457,0,0.0680924,0,0,0,0,0,0,0,0,0,0,0,0,-7488.13,0,0,0,0,0
31:10:15:22:57:50,-23.2315,-12.6457,0,0.0667572,0,0,0,0,0,0,0,0,0,0,0,0,-7488.13,0,0,0,0,0
31:10:15:22:57:51,-23.2315,-12.6457,0,0.0627537,0,0,0,0,0,0,0,0,0,0,0,0,-7488.13,0,0,0,0,0
31:10:15:22:57:52,-23.5176,-12.6457,0,0.0600815,0,0,0,0,0,0,0,0,0,0,0,0,-7488.13,0,0,0,0,0
31:10:15:22:57:53,-22.9454,-12.6457,0,0.065424,0,0,0,0,0,0,0,0,0,0,0,0,-7488.13,0,0,0,0,0
31:10:15:22:57:54,-23.2315,-13.2179,0,0.0680924,0,0,0,0,0,0,0,0,0,0,0,0,-7488.13,0,0,0,0,0
31:10:15:22:57:55,-23.2315,-12.9318,0,0.0667572,0,0,0,0,0,0,0,0,0,0,0,0,-7488.13,0,0,0,0,0
31:10:15:22:57:56,-23.2315,-12.9318,0,0.0720997,0,0,0,0,0,0,0,0,0,0,0,0,-7488.13,0,0,0,0,0
31:10:15:22:57:57,-23.5176,-12.6457,0,0.0667572,0,0,0,0,0,0,0,0,0,0,0,0,-7488.13,0,0,0,0,0
31:10:15:22:57:58,-23.8037,-12.3596,0,0.0667572,0,0,0,0,0,0,0,0,0,0,0,0,-7488.13,0,0,0,0,0
31:10:15:22:57:59,-23.8037,-12.9318,0,0.0640869,0,0,0,0,0,0,0,0,0,0,0,0,-7488.13,0,0,0,0,0
31:10:15:22:58:00,-23.5176,-12.6457,0,0.065424,0,0,0,0,0,0,0,0,0,0,0,0,-7488.13,0,0,0,0,0
31:10:15:22:58:01,-23.2315,-12.9318,0,0.0627537,0,0,0,0,0,0,0,0,0,0,0,0,-7488.13,0,0,0,0,0
31:10:15:22:58:02,-22.9454,-12.3596,0,0.0627537,0,0,0,0,0,0,0,0,0,0,0,0,-7488.13,0,0,0,0,0
31:10:15:22:58:03,-23.2315,-12.6457,0,0.0614185,0,0,0,0,0,0,0,0,0,0,0,0,-7488.13,0,0,0,0,0
31:10:15:22:58:04,-23.2315,-12.3596,0,0.0667572,0,0,0,0,0,0,0,0,0,0,0,0,-7488.13,0,0,0,0,0
31:10:15:22:58:05,-23.5176,-12.0735,0,0.0640869,0,0,0,0,0,0,0,0,0,0,0,0,-7488.13,0,0,0,0,0
31:10:15:22:58:06,-23.2315,-12.3596,0,0.0680924,0,0,0,0,0,0,0,0,0,0,0,0,-7488.13,0,0,0,0,0
31:10:15:22:58:07,-23.2315,-13.2179,0,0.065424,0,0,0,0,0,0,0,0,0,0,0,0,-7488.13,0,0,0,0,0
31:10:15:22:58:08,-22.9454,-13.2179,0,0.0667572,0,0,0,0,0,0,0,0,0,0,0,0,-7488.13,0,0,0,0,0
31:10:15:22:58:09,-23.8037,-12.6457,0,0.065424,0,0,0,0,0,0,0,0,0,0,0,0,-7488.13,0,0,0,0,0
31:10:15:22:58:10,-22.9454,-12.9318,0,0.065424,0,0,0,0,0,0,0,0,0,0,0,0,-7488.13,0,0,0,0,0
31:10:15:22:58:11,-23.2315,-12.3596,0,0.065424,0,0,0,0,0,0,0,0,0,0,0,0,-7488.13,0,0,0,0,0
31:10:15:22:58:12,-23.5176,-12.9318,0,0.0667572,0,0,0,0,0,0,0,0,0,0,0,0,-7488.13,0,0,0,0,0
31:10:15:22:58:13,-23.5176,-12.6457,0,0.0667572,0,0,0,0,0,0,0,0,0,0,0,0,-7488.13,0,0,0,0,0
31:10:15:22:58:14,-23.2315,-12.9318,0,0.0667572,0,0,0,0,0,0,0,0,0,0,0,0,-7488.13,0,0,0,0,0
31:10:15:22:58:15,-24.0898,-13.2179,0,0.0680924,0,0,0,0,0,0,0,0,0,0,0,0,-7488.13,0,0,0,0,0
31:10:15:22:58:16,-23.5176,-12.9318,0,0.065424,0,0,0,0,0,0,0,0,0,0,0,0,-7488.13,0,0,0,0,0
31:10:15:22:58:17,-23.2315,-12.6457,0,0.0680924,0,0,0,0,0,0,0,0,0,0,0,0,-7488.13,0,0,0,0,0
31:10:15:22:58:18,-23.8037,-12.9318,0,0.065424,0,0,0,0,0,0,0,0,0,0,0,0,-7488.13,0,0,0,0,0
31:10:15:22:58:19,-23.8037,-12.6457,0,0.0680924,0,0,0,0,0,0,0,0,0,0,0,0,-7488.13,0,0,0,0,0
31:10:15:22:58:20,-23.2315,-12.3596,0,0.065424,0,0,0,0,0,0,0,0,0,0,0,0,-7488.13,0,0,0,0,0
31:10:15:22:58:21,-23.2315,-12.6457,0,0.0640869,0,0,0,0,0,0,0,0,0,0,0,0,-7488.13,0,0,0,0,0
31:10:15:22:58:22,-23.5176,-12.3596,0,0.065424,0,0,0,0,0,0,0,0,0,0,0,0,-7488.13,0,0,0,0,0
31:10:15:22:58:23,-22.6593,-12.9318,0,0.0627537,0,0,0,0,0,0,0,0,0,0,0,0,-7488.13,0,0,0,0,0
31:10:15:22:58:24,-23.2315,-12.6457,0,0.0640869,0,0,0,0,0,0,0,0,0,0,0,0,-7488.13,0,0,0,0,0
31:10:15:22:58:25,-22.9454,-12.6457,0,0.0627537,0,0,0,0,0,0,0,0,0,0,0,0,-7488.13,0,0,0,0,0
31:10:15:22:58:26,-23.2315,-12.0735,0,0.0627537,0,0,0,0,0,0,0,0,0,0,0,0,-7488.13,0,0,0,0,0
31:10:15:22:58:27,-23.2315,-12.6457,0,0.065424,0,0,0,0,0,0,0,0,0,0,0,0,-7488.13,0,0,0,0,0
31:10:15:22:58:28,-23.5176,-12.6457,0,0.0667572,0,0,0,0,0,0,0,0,0,0,0,0,-7488.13,0,0,0,0,0
31:10:15:22:58:29,-23.8037,-12.6457,0,0.065424,0,0,0,0,0,0,0,0,0,0,0,0,-7488.13,0,0,0,0,0
31:10:15:22:58:30,-23.2315,-12.6457,0,0.0667572,0,0,0,0,0,0,0,0,0,0,0,0,-7488.13,0,0,0,0,0
31:10:15:22:58:31,-23.5176,-12.9318,0,0.0640869,0,0,0,0,0,0,0,0,0,0,0,0,-7488.13,0,0,0,0,0
31:10:15:22:58:32,-23.2315,-12.9318,0,0.065424,0,0,0,0,0,0,0,0,0,0,0,0,-7488.13,0,0,0,0,0
31:10:15:22:58:33,-23.5176,-12.3596,0,0.0640869,0,0,0,0,0,0,0,0,0,0,0,0,-7488.13,0,0,0,0,0
31:10:15:22:58:34,-23.2315,-11.7874,0,0.065424,0,0,0,0,0,0,0,0,0,0,0,0,-7488.13,0,0,0,0,0
31:10:15:22:58:35,-23.5176,-12.0735,0,0.065424,0,0,0,0,0,0,0,0,0,0,0,0,-7488.13,0,0,0,0,0
31:10:15:22:58:36,-23.2315,-12.6457,0,0.0640869,0,0,0,0,0,0,0,0,0,0,0,0,-7488.13,0,0,0,0,0
31:10:15:22:58:37,-23.2315,-12.6457,0,0.0640869,0,0,0,0,0,0,0,0,0,0,0,0,-7488.13,0,0,0,0,0
31:10:15:22:58:38,-22.9454,-12.0735,0,0.0627537,0,0,0,0,0,0,0,0,0,0,0,0,-7488.13,0,0,0,0,0
31:10:15:22:58:39,-22.9454,-12.6457,0,0.0614185,0,0,0,0,0,0,0,0,0,0,0,0,-7488.13,0,0,0,0,0
31:10:15:22:58:40,-23.2315,-12.0735,0,0.065424,0,0,0,0,0,0,0,0,0,0,0,0,-7488.13,0,0,0,0,0
31:10:15:22:58:41,-23.2315,-12.3596,0,0.065424,0,0,0,0,0,0,0,0,0,0,0,0,-7488.13,0,0,0,0,0
31:10:15:22:58:42,-22.9454,-12.6457,0,0.0614185,0,0,0,0,0,0,0,0,0,0,0,0,-7488.13,0,0,0,0,0
31:10:15:22:58:43,-23.5176,-12.3596,0,0.065424,0,0,0,0,0,0,0,0,0,0,0,0,-7488.13,0,0,0,0,0
31:10:15:22:58:44,-22.9454,-12.3596,0,0.0680924,0,0,0,0,0,0,0,0,0,0,0,0,-7488.13,0,0,0,0,0
31:10:15:22:58:45,-23.2315,-12.6457,0,0.0707626,0,0,0,0,0,0,0,0,0,0,0,0,-7488.13,0,0,0,0,0
31:10:15:22:58:46,-22.9454,-12.6457,0,0.0707626,0,0,0,0,0,0,0,0,0,0,0,0,-7488.13,0,0,0,0,0
31:10:15:22:58:47,-23.5176,-12.0735,0,0.0707626,0,0,0,0,0,0,0,0,0,0,0,0,-7488.13,0,0,0,0,0
31:10:15:22:58:48,-22.9454,-12.6457,0,0.0720997,0,0,0,0,0,0,0,0,0,0,0,0,-7488.13,0,0,0,0,0
31:10:15:22:58:49,-22.9454,-12.3596,0,0.0667572,0,0,0,0,0,0,0,0,0,0,0,0,-7488.13,0,0,0,0,0
31:10:15:22:58:50,-23.5176,-12.9318,0,0.065424,0,0,0,0,0,0,0,0,0,0,0,0,-7488.13,0,0,0,0,0
31:10:15:22:58:51,-23.2315,-12.0735,0,0.0667572,0,0,0,0,0,0,0,0,0,0,0,0,-7488.13,0,0,0,0,0
31:10:15:22:58:52,-22.9454,-12.3596,0,0.0694294,0,0,0,0,0,0,0,0,0,0,0,0,-7488.13,0,0,0,0,0
31:10:15:22:58:53,-23.2315,-12.3596,0,0.0680924,0,0,0,0,0,0,0,0,0,0,0,0,-7488.13,0,0,0,0,0
31:10:15:22:58:54,-23.5176,-12.6457,0,0.065424,0,0,0,0,0,0,0,0,0,0,0,0,-7488.13,0,0,0,0,0
31:10:15:22:58:55,-23.8037,-12.6457,0,0.0680924,0,0,0,0,0,0,0,0,0,0,0,0,-7488.13,0,0,0,0,0
31:10:15:22:58:56,-23.5176,-12.6457,0,0.0694294,0,0,0,0,0,0,0,0,0,0,0,0,-7488.13,0,0,0,0,0
31:10:15:22:58:57,-22.9454,-12.9318,0,0.0694294,0,0,0,0,0,0,0,0,0,0,0,0,-7488.13,0,0,0,0,0
31:10:15:22:58:58,-22.6593,-12.3596,0,0.0680924,0,0,0,0,0,0,0,0,0,0,0,0,-7488.13,0,0,0,0,0
31:10:15:22:58:59,-23.2315,-12.6457,0,0.0667572,0,0,0,0,0,0,0,0,0,0,0,0,-7488.13,0,0,0,0,0
31:10:15:22:59:00,-23.5176,-12.3596,0,0.0667572,0,0,0,0,0,0,0,0,0,0,0,0,-7488.13,0,0,0,0,0
31:10:15:22:59:01,-22.6593,-12.6457,0,0.065424,0,0,0,0,0,0,0,0,0,0,0,0,-7488.13,0,0,0,0,0
31:10:15:22:59:02,-23.2315,-12.6457,0,0.0667572,0,0,0,0,0,0,0,0,0,0,0,0,-7488.13,0,0,0,0,0
31:10:15:22:59:03,-23.2315,-12.9318,0,0.0680924,0,0,0,0,0,0,0,0,0,0,0,0,-7488.13,0,0,0,0,0
31:10:15:22:59:04,-22.6593,-12.3596,0,0.0680924,0,0,0,0,0,0,0,0,0,0,0,0,-7488.13,0,0,0,0,0
31:10:15:22:59:05,-23.2315,-12.6457,0,0.0680924,0,0,0,0,0,0,0,0,0,0,0,0,-7488.13,0,0,0,0,0
31:10:15:22:59:06,-22.9454,-12.9318,0,0.0694294,0,0,0,0,0,0,0,0,0,0,0,0,-7488.13,0,0,0,0,0
31:10:15:22:59:07,-23.5176,-12.3596,0,0.065424,0,0,0,0,0,0,0,0,0,0,0,0,-7488.13,0,0,0,0,0
31:10:15:22:59:08,-23.2315,-12.3596,0,0.0680924,0,0,0,0,0,0,0,0,0,0,0,0,-7488.13,0,0,0,0,0
31:10:15:22:59:09,-22.6593,-12.0735,0,0.0667572,0,0,0,0,0,0,0,0,0,0,0,0,-7488.13,0,0,0,0,0
31:10:15:22:59:10,-22.3732,-12.0735,0,0.0694294,0,0,0,0,0,0,0,0,0,0,0,0,-7488.13,0,0,0,0,0
31:10:15:22:59:11,-22.6593,-11.7874,0,0.0667572,0,0,0,0,0,0,0,0,0,0,0,0,-7488.13,0,0,0,0,0
31:10:15:22:59:12,-22.3732,-11.5013,0,0.0720997,0,0,0,0,0,0,0,0,0,0,0,0,-7488.13,0,0,0,0,0
31:10:15:22:59:13,-22.6593,-11.5013,0,0.0720997,0,0,0,0,0,0,0,0,0,0,0,0,-7488.13,0,0,0,0,0
31:10:15:22:59:14,-22.6593,-10.9291,0,0.0720997,0,0,0,0,0,0,0,0,0,0,0,0,-7488.13,0,0,0,0,0
31:10:15:22:59:15,-22.0871,-10.9291,0,0.0694294,0,0,0,0,0,0,0,0,0,0,0,0,-7488.13,0,0,0,0,0
31:10:15:22:59:16,-21.5149,-10.643,0,0.0680924,0,0,0,0,0,0,0,0,0,0,0,0,-7488.13,0,0,0,0,0
31:10:15:22:59:17,-22.0871,-10.643,0,0.0680924,0,0,0,0,0,0,0,0,0,0,0,0,-7488.13,0,0,0,0,0
31:10:15:22:59:18,-22.0871,-10.643,0,0.0680924,0,0,0,0,0,0,0,0,0,0,0,0,-7488.13,0,0,0,0,0
31:10:15:22:59:19,-21.801,-10.9291,0,0.0694294,0,0,0,0,0,0,0,0,0,0,0,0,-7488.13,0,0,0,0,0
31:10:15:22:59:20,-21.801,-10.643,0,0.0680924,0,0,0,0,0,0,0,0,0,0,0,0,-7488.13,0,0,0,0,0
31:10:15:22:59:21,-21.5149,-10.643,0,0.0694294,0,0,0,0,0,0,0,0,0,0,0,0,-7488.13,0,0,0,0,0
31:10:15:22:59:22,-21.5149,-10.0708,0,0.0694294,0,0,0,0,0,0,0,0,0,0,0,0,-7488.13,0,0,0,0,0
31:10:15:22:59:23,-21.2288,-9.78472,0,0.0694294,0,0,0,0,0,0,0,0,0,0,0,0,-7488.13,0,0,0,0,0
31:10:15:22:59:24,-21.5149,-10.3569,0,0.0680924,0,0,0,0,0,0,0,0,0,0,0,0,-7488.13,0,0,0,0,0
31:10:15:22:59:25,-21.2288,-10.0708,0,0.0667572,0,0,0,0,0,0,0,0,0,0,0,0,-7488.13,0,0,0,0,0
31:10:15:22:59:26,-21.801,-9.78472,0,0.0667572,0,0,0,0,0,0,0,0,0,0,0,0,-7488.13,0,0,0,0,0
31:10:15:22:59:27,-20.3705,-10.0708,0,0.0667572,0,0,0,0,0,0,0,0,0,0,0,0,-7488.13,0,0,0,0,0
31:10:15:22:59:28,-20.0844,-10.3569,0,0.0680924,0,0,0,0,0,0,0,0,0,0,0,0,-7488.13,0,0,0,0,0
31:10:15:22:59:29,-20.0844,-9.49862,0,0.0694294,0,0,0,0,0,0,0,0,0,0,0,0,-7488.13,0,0,0,0,0
31:10:15:22:59:30,-19.5122,-9.49862,0,0.0680924,0,0,0,0,0,0,0,0,0,0,0,0,-7488.13,0,0,0,0,0
31:10:15:22:59:31,-20.0844,-9.21252,0,0.0627537,0,0,0,0,0,0,0,0,0,0,0,0,-7488.13,0,0,0,0,0
31:10:15:22:59:32,-20.0844,-9.78472,0,0.0640869,0,0,0,0,0,0,0,0,0,0,0,0,-7488.13,0,0,0,0,0
31:10:15:22:59:33,-20.3705,-9.78472,0,0.065424,0,0,0,0,0,0,0,0,0,0,0,0,-7488.13,0,0,0,0,0
31:10:15:22:59:34,-20.0844,-10.0708,0,0.0694294,0,0,0,0,0,0,0,0,0,0,0,0,-7488.13,0,0,0,0,0
31:10:15:22:59:35,-20.0844,-9.49862,0,0.0667572,0,0,0,0,0,0,0,0,0,0,0,0,-7488.13,0,0,0,0,0
31:10:15:22:59:36,-20.0844,-9.78472,0,0.0667572,0,0,0,0,0,0,0,0,0,0,0,0,-7488.13,0,0,0,0,0
31:10:15:22:59:37,-20.0844,-9.49862,0,0.0694294,0,0,0,0,0,0,0,0,0,0,0,0,-7488.13,0,0,0,0,0
31:10:15:22:59:38,-20.3705,-10.0708,0,0.0694294,0,0,0,0,0,0,0,0,0,0,0,0,-7488.13,0,0,0,0,0
31:10:15:22:59:39,-20.3705,-10.3569,0,0.0694294,0,0,0,0,0,0,0,0,0,0,0,0,-7488.13,0,0,0,0,0
31:10:15:22:59:40,-19.7983,-10.0708,0,0.0680924,0,0,0,0,0,0,0,0,0,0,0,0,-7488.13,0,0,0,0,0
31:10:15:22:59:41,-20.3705,-9.78472,0,0.0680924,0,0,0,0,0,0,0,0,0,0,0,0,-7488.13,0,0,0,0,0
31:10:15:22:59:42,-20.0844,-10.0708,0,0.0694294,0,0,0,0,0,0,0,0,0,0,0,0,-7488.13,0,0,0,0,0
31:10:15:22:59:43,-20.0844,-10.0708,0,0.0667572,0,0,0,0,0,0,0,0,0,0,0,0,-7488.13,0,0,0,0,0
31:10:15:22:59:44,-20.3705,-9.78472,0,0.0694294,0,0,0,0,0,0,0,0,0,0,0,0,-7488.13,0,0,0,0,0
31:10:15:22:59:45,-19.7983,-9.49862,0,0.0680924,0,0,0,0,0,0,0,0,0,0,0,0,-7488.13,0,0,0,0,0
31:10:15:22:59:46,-19.7983,-9.78472,0,0.0694294,0,0,0,0,0,0,0,0,0,0,0,0,-7488.13,0,0,0,0,0
31:10:15:22:59:47,-19.7983,-9.78472,0,0.0667572,0,0,0,0,0,0,0,0,0,0,0,0,-7488.13,0,0,0,0,0
31:10:15:22:59:48,-20.0844,-10.0708,0,0.0694294,0,0,0,0,0,0,0,0,0,0,0,0,-7488.13,0,0,0,0,0
31:10:15:22:59:49,-19.7983,-9.78472,0,0.0667572,0,0,0,0,0,0,0,0,0,0,0,0,-7488.13,0,0,0,0,0
31:10:15:22:59:50,-19.7983,-9.78472,0,0.0694294,0,0,0,0,0,0,0,0,0,0,0,0,-7488.13,0,0,0,0,0
31:10:15:22:59:51,-19.7983,-9.49862,0,0.0680924,0,0,0,0,0,0,0,0,0,0,0,0,-7488.13,0,0,0,0,0
31:10:15:22:59:52,-19.5122,-10.0708,0,0.0667572,0,0,0,0,0,0,0,0,0,0,0,0,-7488.13,0,0,0,0,0
31:10:15:22:59:53,-19.7983,-9.78472,0,0.0667572,0,0,0,0,0,0,0,0,0,0,0,0,-7488.13,0,0,0,0,0
31:10:15:22:59:54,-20.3705,-9.49862,0,0.0680924,0,0,0,0,0,0,0,0,0,0,0,0,-7488.13,0,0,0,0,0
31:10:15:22:59:55,-19.7983,-9.49862,0,0.0667572,0,0,0,0,0,0,0,0,0,0,0,0,-7488.13,0,0,0,0,0
31:10:15:22:59:56,-20.0844,-9.49862,0,0.0694294,0,0,0,0,0,0,0,0,0,0,0,0,-7488.13,0,0,0,0,0
31:10:15:22:59:57,-20.0844,-10.0708,0,0.0720997,0,0,0,0,0,0,0,0,0,0,0,0,-7488.13,0,0,0,0,0
31:10:15:22:59:58,-19.7983,-9.78472,0,0.0720997,0,0,0,0,0,0,0,0,0,0,0,0,-7488.13,0,0,0,0,0
31:10:15:22:59:59,-20.3705,-10.0708,0,0.0720997,0,0,0,0,0,0,0,0,0,0,0,0,-7488.13,0,0,0,0,0
31:10:15:23:00:00,-20.6566,-9.49862,0,0.0707626,0,0,0,0,0,0,0,0,0,0,0,0,-7488.13,0,0,0,0,0
31:10:15:23:00:01,-19.2261,-9.78472,0,0.0667572,0,0,0,0,0,0,0,0,0,0,0,0,-7488.13,0,0,0,0,0
31:10:15:23:00:02,-20.0844,-9.78472,0,0.0667572,0,0,0,0,0,0,0,0,0,0,0,0,-7488.13,0,0,0,0,0
31:10:15:23:00:03,-19.7983,-9.49862,0,0.0640869,0,0,0,0,0,0,0,0,0,0,0,0,-7488.13,0,0,0,0,0
31:10:15:23:00:04,-19.7983,-9.78472,0,0.0640869,0,0,0,0,0,0,0,0,0,0,0,0,-7488.13,0,0,0,0,0
31:10:15:23:00:05,-20.0844,-10.0708,0,0.0640869,0,0,0,0,0,0,0,0,0,0,0,0,-7488.13,0,0,0,0,0
31:10:15:23:00:06,-19.5122,-10.643,0,0.0640869,0,0,0,0,0,0,0,0,0,0,0,0,-7488.13,0,0,0,0,0
31:10:15:23:00:07,-20.3705,-10.0708,0,0.065424,0,0,0,0,0,0,0,0,0,0,0,0,-7488.13,0,0,0,0,0
31:10:15:23:00:08,-20.0844,-10.0708,0,0.0627537,0,0,0,0,0,0,0,0,0,0,0,0,-7488.13,0,0,0,0,0
31:10:15:23:00:09,-19.7983,-9.78472,0,0.0640869,0,0,0,0,0,0,0,0,0,0,0,0,-7488.13,0,0,0,0,0
31:10:15:23:00:10,-20.0844,-9.78472,0,0.0707626,0,0,0,0,0,0,0,0,0,0,0,0,-7488.13,0,0,0,0,0
31:10:15:23:00:11,-20.0844,-9.49862,0,0.0680924,0,0,0,0,0,0,0,0,0,0,0,0,-7488.13,0,0,0,0,0
31:10:15:23:00:12,-19.7983,-9.78472,0,0.0640869,0,0,0,0,0,0,0,0,0,0,0,0,-7488.13,0,0,0,0,0
31:10:15:23:00:13,-20.0844,-9.78472,0,0.065424,0,0,0,0,0,0,0,0,0,0,0,0,-7488.13,0,0,0,0,0
31:10:15:23:00:14,-20.0844,-9.49862,0,0.0640869,0,0,0,0,0,0,0,0,0,0,0,0,-7488.13,0,0,0,0,0
31:10:15:23:00:15,-19.5122,-9.21252,0,0.065424,0,0,0,0,0,0,0,0,0,0,0,0,-7488.13,0,0,0,0,0
31:10:15:23:00:16,-19.7983,-9.78472,0,0.065424,0,0,0,0,0,0,0,0,0,0,0,0,-7488.13,0,0,0,0,0
31:10:15:23:00:17,-19.7983,-9.78472,0,0.0640869,0,0,0,0,0,0,0,0,0,0,0,0,-7488.13,0,0,0,0,0
31:10:15:23:00:18,-19.5122,-9.78472,0,0.065424,0,0,0,0,0,0,0,0,0,0,0,0,-7488.13,0,0,0,0,0
31:10:15:23:00:19,-19.2261,-10.0708,0,0.065424,0,0,0,0,0,0,0,0,0,0,0,0,-7488.13,0,0,0,0,0
31:10:15:23:00:20,-19.7983,-9.78472,0,0.0627537,0,0,0,0,0,0,0,0,0,0,0,0,-7488.13,0,0,0,0,0
31:10:15:23:00:21,-20.3705,-10.0708,0,0.0640869,0,0,0,0,0,0,0,0,0,0,0,0,-7488.13,0,0,0,0,0
31:10:15:23:00:22,-20.0844,-9.49862,0,0.065424,0,0,0,0,0,0,0,0,0,0,0,0,-7488.13,0,0,0,0,0
31:10:15:23:00:23,-19.7983,-9.78472,0,0.065424,0,0,0,0,0,0,0,0,0,0,0,0,-7488.13,0,0,0,0,0
31:10:15:23:00:24,-20.3705,-9.21252,0,0.0680924,0,0,0,0,0,0,0,0,0,0,0,0,-7488.13,0,0,0,0,0
31:10:15:23:00:25,-19.7983,-9.49862,0,0.0680924,0,0,0,0,0,0,0,0,0,0,0,0,-7488.13,0,0,0,0,0
31:10:15:23:00:26,-20.0844,-10.0708,0,0.0667572,0,0,0,0,0,0,0,0,0,0,0,0,-7488.13,0,0,0,0,0
31:10:15:23:00:27,-19.5122,-10.0708,0,0.0707626,0,0,0,0,0,0,0,0,0,0,0,0,-7488.13,0,0,0,0,0
31:10:15:23:00:28,-19.7983,-9.78472,0,0.0720997,0,0,0,0,0,0,0,0,0,0,0,0,-7488.13,0,0,0,0,0
31:10:15:23:00:29,-20.0844,-9.78472,0,0.0707626,0,0,0,0,0,0,0,0,0,0,0,0,-7488.13,0,0,0,0,0
31:10:15:23:00:30,-20.0844,-9.21252,0,0.0680924,0,0,0,0,0,0,0,0,0,0,0,0,-7488.13,0,0,0,0,0
31:10:15:23:00:31,-20.6566,-10.3569,0,0.0680924,0,0,0,0,0,0,0,0,0,0,0,0,-7488.13,0,0,0,0,0
31:10:15:23:00:32,-19.5122,-10.3569,0,0.0694294,0,0,0,0,0,0,0,0,0,0,0,0,-7488.13,0,0,0,0,0
31:10:15:23:00:33,-19.5122,-10.3569,0,0.0694294,0,0,0,0,0,0,0,0,0,0,0,0,-7488.13,0,0,0,0,0
31:10:15:23:00:34,-19.7983,-10.0708,0,0.0680924,0,0,0,0,0,0,0,0,0,0,0,0,-7488.13,0,0,0,0,0
31:10:15:23:00:35,-20.0844,-10.0708,0,0.0680924,0,0,0,0,0,0,0,0,0,0,0,0,-7488.13,0,0,0,0,0
31:10:15:23:00:36,-20.0844,-10.0708,0,0.0694294,0,0,0,0,0,0,0,0,0,0,0,0,-7488.13,0,0,0,0,0
31:10:15:23:00:37,-20.0844,-9.49862,0,0.0680924,0,0,0,0,0,0,0,0,0,0,0,0,-7488.13,0,0,0,0,0
31:10:15:23:00:38,-19.5122,-10.0708,0,0.0680924,0,0,0,0,0,0,0,0,0,0,0,0,-7488.13,0,0,0,0,0
31:10:15:23:00:39,-19.7983,-10.0708,0,0.0680924,0,0,0,0,0,0,0,0,0,0,0,0,-7488.13,0,0,0,0,0
31:10:15:23:00:40,-19.7983,-9.78472,0,0.065424,0,0,0,0,0,0,0,0,0,0,0,0,-7488.13,0,0,0,0,0
31:10:15:23:00:41,-19.7983,-10.0708,0,0.0680924,0,0,0,0,0,0,0,0,0,0,0,0,-7488.13,0,0,0,0,0
31:10:15:23:00:42,-20.0844,-10.0708,0,0.0694294,0,0,0,0,0,0,0,0,0,0,0,0,-7488.13,0,0,0,0,0
31:10:15:23:00:43,-19.7983,-9.78472,0,0.0667572,0,0,0,0,0,0,0,0,0,0,0,0,-7488.13,0,0,0,0,0
31:10:15:23:00:44,-20.3705,-10.9291,0,0.0680924,0,0,0,0,0,0,0,0,0,0,0,0,-7488.13,0,0,0,0,0
31:10:15:23:00:45,-19.5122,-9.78472,0,0.0667572,0,0,0,0,0,0,0,0,0,0,0,0,-7488.13,0,0,0,0,0
31:10:15:23:00:46,-20.3705,-10.3569,0,0.0680924,0,0,0,0,0,0,0,0,0,0,0,0,-7488.13,0,0,0,0,0
31:10:15:23:00:47,-19.7983,-9.78472,0,0.0680924,0,0,0,0,0,0,0,0,0,0,0,0,-7488.13,0,0,0,0,0
31:10:15:23:00:48,-19.7983,-9.78472,0,0.0667572,0,0,0,0,0,0,0,0,0,0,0,0,-7488.13,0,0,0,0,0
31:10:15:23:00:49,-20.3705,-9.78472,0,0.0680924,0,0,0,0,0,0,0,0,0,0,0,0,-7488.13,0,0,0,0,0
31:10:15:23:00:50,-19.5122,-9.49862,0,0.0707626,0,0,0,0,0,0,0,0,0,0,0,0,-7488.13,0,0,0,0,0
31:10:15:23:00:51,-19.7983,-10.0708,0,0.0680924,0,0,0,0,0,0,0,0,0,0,0,0,-7488.13,0,0,0,0,0
31:10:15:23:00:52,-20.0844,-10.0708,0,0.0680924,0,0,0,0,0,0,0,0,0,0,0,0,-7488.13,0,0,0,0,0
31:10:15:23:00:53,-19.7983,-9.78472,0,0.0640869,0,0,0,0,0,0,0,0,0,0,0,0,-7488.13,0,0,0,0,0
31:10:15:23:00:54,-20.3705,-9.49862,0,0.065424,0,0,0,0,0,0,0,0,0,0,0,0,-7488.13,0,0,0,0,0
31:10:15:23:00:55,-19.7983,-9.78472,0,0.065424,0,0,0,0,0,0,0,0,0,0,0,0,-7488.13,0,0,0,0,0
31:10:15:23:00:56,-20.6566,-9.49862,0,0.0640869,0,0,0,0,0,0,0,0,0,0,0,0,-7488.13,0,0,0,0,0
31:10:15:23:00:57,-19.7983,-9.78472,0,0.0614185,0,0,0,0,0,0,0,0,0,0,0,0,-7488.13,0,0,0,0,0
31:10:15:23:00:58,-19.7983,-9.78472,0,0.0640869,0,0,0,0,0,0,0,0,0,0,0,0,-7488.13,0,0,0,0,0
31:10:15:23:00:59,-19.5122,-9.78472,0,0.0640869,0,0,0,0,0,0,0,0,0,0,0,0,-7488.13,0,0,0,0,0
31:10:15:23:01:00,-20.0844,-10.3569,0,0.0627537,0,0,0,0,0,0,0,0,0,0,0,0,-7488.13,0,0,0,0,0
31:10:15:23:01:01,-19.7983,-10.0708,0,0.0640869,0,0,0,0,0,0,0,0,0,0,0,0,-7488.13,0,0,0,0,0
31:10:15:23:01:02,-20.0844,-9.49862,0,0.0614185,0,0,0,0,0,0,0,0,0,0,0,0,-7488.13,0,0,0,0,0
31:10:15:23:01:03,-19.7983,-10.0708,0,0.065424,0,0,0,0,0,0,0,0,0,0,0,0,-7488.13,0,0,0,0,0
31:10:15:23:01:04,-20.0844,-10.0708,0,0.0627537,0,0,0,0,0,0,0,0,0,0,0,0,-7488.13,0,0,0,0,0
31:10:15:23:01:05,-19.7983,-9.78472,0,0.0640869,0,0,0,0,0,0,0,0,0,0,0,0,-7488.13,0,0,0,0,0
31:10:15:23:01:06,-19.7983,-10.3569,0,0.065424,0,0,0,0,0,0,0,0,0,0,0,0,-7488.13,0,0,0,0,0
31:10:15:23:01:07,-20.3705,-9.78472,0,0.065424,0,0,0,0,0,0,0,0,0,0,0,0,-7488.13,0,0,0,0,0
31:10:15:23:01:08,-19.5122,-10.3569,0,0.0640869,0,0,0,0,0,0,0,0,0,0,0,0,-7488.13,0,0,0,0,0
31:10:15:23:01:09,-19.5122,-10.3569,0,0.0680924,0,0,0,0,0,0,0,0,0,0,0,0,-7488.13,0,0,0,0,0
31:10:15:23:01:10,-20.0844,-9.78472,0,0.0640869,0,0,0,0,0,0,0,0,0,0,0,0,-7488.13,0,0,0,0,0
31:10:15:23:01:11,-19.7983,-9.78472,0,0.0627537,0,0,0,0,0,0,0,0,0,0,0,0,-7488.13,0,0,0,0,0
31:10:15:23:01:12,-20.0844,-10.3569,0,0.0694294,0,0,0,0,0,0,0,0,0,0,0,0,-7488.13,0,0,0,0,0
31:10:15:23:01:13,-19.5122,-9.78472,0,0.0694294,0,0,0,0,0,0,0,0,0,0,0,0,-7488.13,0,0,0,0,0
31:10:15:23:01:14,-19.7983,-9.78472,0,0.0667572,0,0,0,0,0,0,0,0,0,0,0,0,-7488.13,0,0,0,0,0
31:10:15:23:01:15,-19.5122,-9.78472,0,0.0680924,0,0,0,0,0,0,0,0,0,0,0,0,-7488.13,0,0,0,0,0
31:10:15:23:01:16,-20.0844,-10.0708,0,0.0667572,0,0,0,0,0,0,0,0,0,0,0,0,-7488.13,0,0,0,0,0
31:10:15:23:01:17,-19.7983,-10.0708,0,0.0640869,0,0,0,0,0,0,0,0,0,0,0,0,-7488.13,0,0,0,0,0
31:10:15:23:01:18,-20.0844,-9.78472,0,0.0640869,0,0,0,0,0,0,0,0,0,0,0,0,-7488.13,0,0,0,0,0
31:10:15:23:01:19,-19.7983,-10.0708,0,0.065424,0,0,0,0,0,0,0,0,0,0,0,0,-7488.13,0,0,0,0,0
31:10:15:23:01:20,-19.5122,-10.3569,0,0.0640869,0,0,0,0,0,0,0,0,0,0,0,0,-7488.13,0,0,0,0,0
31:10:15:23:01:21,-19.5122,-10.0708,0,0.0667572,0,0,0,0,0,0,0,0,0,0,0,0,-7488.13,0,0,0,0,0
31:10:15:23:01:22,-19.7983,-10.0708,0,0.0627537,0,0,0,0,0,0,0,0,0,0,0,0,-7488.13,0,0,0,0,0
31:10:15:23:01:23,-20.0844,-10.0708,0,0.0667572,0,0,0,0,0,0,0,0,0,0,0,0,-7488.13,0,0,0,0,0
31:10:15:23:01:24,-19.7983,-10.643,0,0.0680924,0,0,0,0,0,0,0,0,0,0,0,0,-7488.13,0,0,0,0,0
31:10:15:23:01:25,-19.7983,-10.3569,0,0.0667572,0,0,0,0,0,0,0,0,0,0,0,0,-7488.13,0,0,0,0,0
31:10:15:23:01:26,-19.7983,-9.78472,0,0.0680924,0,0,0,0,0,0,0,0,0,0,0,0,-7488.13,0,0,0,0,0
31:10:15:23:01:27,-19.7983,-10.0708,0,0.065424,0,0,0,0,0,0,0,0,0,0,0,0,-7488.13,0,0,0,0,0
31:10:15:23:01:28,-19.5122,-10.3569,0,0.0640869,0,0,0,0,0,0,0,0,0,0,0,0,-7488.13,0,0,0,0,0
31:10:15:23:01:29,-19.5122,-10.0708,0,0.0667572,0,0,0,0,0,0,0,0,0,0,0,0,-7488.13,0,0,0,0,0
31:10:15:23:01:30,-19.7983,-9.78472,0,0.0640869,0,0,0,0,0,0,0,0,0,0,0,0,-7488.13,0,0,0,0,0
31:10:15:23:01:31,-20.0844,-9.49862,0,0.065424,0,0,0,0,0,0,0,0,0,0,0,0,-7488.13,0,0,0,0,0
31:10:15:23:01:32,-20.6566,-10.0708,0,0.065424,0,0,0,0,0,0,0,0,0,0,0,0,-7488.13,0,0,0,0,0
31:10:15:23:01:33,-20.3705,-9.49862,0,0.0627537,0,0,0,0,0,0,0,0,0,0,0,0,-7488.13,0,0,0,0,0
31:10:15:23:01:34,-20.0844,-10.0708,0,0.065424,0,0,0,0,0,0,0,0,0,0,0,0,-7488.13,0,0,0,0,0
31:10:15:23:01:35,-19.5122,-10.0708,0,0.0640869,0,0,0,0,0,0,0,0,0,0,0,0,-7488.13,0,0,0,0,0
31:10:15:23:01:36,-19.7983,-10.3569,0,0.0627537,0,0,0,0,0,0,0,0,0,0,0,0,-7488.13,0,0,0,0,0
31:10:15:23:01:37,-19.7983,-9.78472,0,0.065424,0,0,0,0,0,0,0,0,0,0,0,0,-7488.13,0,0,0,0,0
31:10:15:23:01:38,-20.0844,-10.0708,0,0.0640869,0,0,0,0,0,0,0,0,0,0,0,0,-7488.13,0,0,0,0,0
31:10:15:23:01:39,-20.0844,-9.78472,0,0.0614185,0,0,0,0,0,0,0,0,0,0,0,0,-7488.13,0,0,0,0,0
31:10:15:23:01:40,-20.3705,-9.49862,0,0.0627537,0,0,0,0,0,0,0,0,0,0,0,0,-7488.13,0,0,0,0,0
31:10:15:23:01:41,-19.7983,-10.0708,0,0.0614185,0,0,0,0,0,0,0,0,0,0,0,0,-7488.13,0,0,0,0,0
31:10:15:23:01:42,-19.7983,-10.643,0,0.0627537,0,0,0,0,0,0,0,0,0,0,0,0,-7488.13,0,0,0,0,0
31:10:15:23:01:43,-20.3705,-10.0708,0,0.0640869,0,0,0,0,0,0,0,0,0,0,0,0,-7488.13,0,0,0,0,0
31:10:15:23:01:44,-19.7983,-10.3569,0,0.0614185,0,0,0,0,0,0,0,0,0,0,0,0,-7488.13,0,0,0,0,0
31:10:15:23:01:45,-19.7983,-9.78472,0,0.0627537,0,0,0,0,0,0,0,0,0,0,0,0,-7488.13,0,0,0,0,0
31:10:15:23:01:46,-20.0844,-10.3569,0,0.0614185,0,0,0,0,0,0,0,0,0,0,0,0,-7488.13,0,0,0,0,0
31:10:15:23:01:47,-19.5122,-10.3569,0,0.0614185,0,0,0,0,0,0,0,0,0,0,0,0,-7488.13,0,0,0,0,0
31:10:15:23:01:48,-20.0844,-9.78472,0,0.0627537,0,0,0,0,0,0,0,0,0,0,0,0,-7488.13,0,0,0,0,0
31:10:15:23:01:49,-19.5122,-10.3569,0,0.0627537,0,0,0,0,0,0,0,0,0,0,0,0,-7488.13,0,0,0,0,0
31:10:15:23:01:50,-20.3705,-9.78472,0,0.0614185,0,0,0,0,0,0,0,0,0,0,0,0,-7488.13,0,0,0,0,0
31:10:15:23:01:51,-20.0844,-10.3569,0,0.0640869,0,0,0,0,0,0,0,0,0,0,0,0,-7488.13,0,0,0,0,0
31:10:15:23:01:52,-19.7983,-9.78472,0,0.0667572,0,0,0,0,0,0,0,0,0,0,0,0,-7488.13,0,0,0,0,0
31:10:15:23:01:53,-20.0844,-10.0708,0,0.0680924,0,0,0,0,0,0,0,0,0,0,0,0,-7488.13,0,0,0,0,0
31:10:15:23:01:54,-20.0844,-10.0708,0,0.0667572,0,0,0,0,0,0,0,0,0,0,0,0,-7488.13,0,0,0,0,0
31:10:15:23:01:55,-20.0844,-9.78472,0,0.0680924,0,0,0,0,0,0,0,0,0,0,0,0,-7488.13,0,0,0,0,0
31:10:15:23:01:56,-19.5122,-9.21252,0,0.0707626,0,0,0,0,0,0,0,0,0,0,0,0,-7488.13,0,0,0,0,0
31:10:15:23:01:57,-20.0844,-9.78472,0,0.0667572,0,0,0,0,0,0,0,0,0,0,0,0,-7488.13,0,0,0,0,0
31:10:15:23:01:58,-19.7983,-9.21252,0,0.0707626,0,0,0,0,0,0,0,0,0,0,0,0,-7488.13,0,0,0,0,0
31:10:15:23:01:59,-20.0844,-9.49862,0,0.065424,0,0,0,0,0,0,0,0,0,0,0,0,-7488.13,0,0,0,0,0
31:10:15:23:02:00,-20.0844,-9.78472,0,0.0640869,0,0,0,0,0,0,0,0,0,0,0,0,-7488.13,0,0,0,0,0
31:10:15:23:02:01,-19.7983,-9.78472,0,0.065424,0,0,0,0,0,0,0,0,0,0,0,0,-7488.13,0,0,0,0,0
31:10:15:23:02:02,-19.7983,-10.3569,0,0.0667572,0,0,0,0,0,0,0,0,0,0,0,0,-7488.13,0,0,0,0,0
31:10:15:23:02:03,-20.6566,-10.0708,0,0.0680924,0,0,0,0,0,0,0,0,0,0,0,0,-7488.13,0,0,0,0,0
31:10:15:23:02:04,-19.7983,-9.78472,0,0.0667572,0,0,0,0,0,0,0,0,0,0,0,0,-7488.13,0,0,0,0,0
31:10:15:23:02:05,-20.3705,-9.78472,0,0.0640869,0,0,0,0,0,0,0,0,0,0,0,0,-7488.13,0,0,0,0,0
31:10:15:23:02:06,-19.7983,-9.78472,0,0.0667572,0,0,0,0,0,0,0,0,0,0,0,0,-7488.13,0,0,0,0,0
31:10:15:23:02:07,-19.5122,-10.3569,0,0.065424,0,0,0,0,0,0,0,0,0,0,0,0,-7488.13,0,0,0,0,0
31:10:15:23:02:08,-19.7983,-9.78472,0,0.0640869,0,0,0,0,0,0,0,0,0,0,0,0,-7488.13,0,0,0,0,0
31:10:15:23:02:09,-20.0844,-9.78472,0,0.0667572,0,0,0,0,0,0,0,0,0,0,0,0,-7488.13,0,0,0,0,0
31:10:15:23:02:10,-19.5122,-10.0708,0,0.065424,0,0,0,0,0,0,0,0,0,0,0,0,-7488.13,0,0,0,0,0
31:10:15:23:02:11,-19.7983,-9.78472,0,0.0627537,0,0,0,0,0,0,0,0,0,0,0,0,-7488.13,0,0,0,0,0
31:10:15:23:02:12,-20.0844,-9.49862,0,0.0614185,0,0,0,0,0,0,0,0,0,0,0,0,-7488.13,0,0,0,0,0
31:10:15:23:02:13,-19.5122,-10.0708,0,0.065424,0,0,0,0,0,0,0,0,0,0,0,0,-7488.13,0,0,0,0,0
31:10:15:23:02:14,-20.0844,-10.0708,0,0.0627537,0,0,0,0,0,0,0,0,0,0,0,0,-7488.13,0,0,0,0,0
31:10:15:23:02:15,-20.0844,-9.49862,0,0.0627537,0,0,0,0,0,0,0,0,0,0,0,0,-7488.13,0,0,0,0,0
31:10:15:23:02:16,-20.0844,-10.0708,0,0.0640869,0,0,0,0,0,0,0,0,0,0,0,0,-7488.13,0,0,0,0,0
31:10:15:23:02:17,-19.7983,-9.78472,0,0.0667572,0,0,0,0,0,0,0,0,0,0,0,0,-7488.13,0,0,0,0,0
31:10:15:23:02:18,-19.7983,-10.0708,0,0.0640869,0,0,0,0,0,0,0,0,0,0,0,0,-7488.13,0,0,0,0,0
31:10:15:23:02:19,-19.7983,-9.78472,0,0.065424,0,0,0,0,0,0,0,0,0,0,0,0,-7488.13,0,0,0,0,0
31:10:15:23:02:20,-20.3705,-9.78472,0,0.0640869,0,0,0,0,0,0,0,0,0,0,0,0,-7488.13,0,0,0,0,0
31:10:15:23:02:21,-19.7983,-9.78472,0,0.0667572,0,0,0,0,0,0,0,0,0,0,0,0,-7488.13,0,0,0,0,0
31:10:15:23:02:22,-19.7983,-9.49862,0,0.0680924,0,0,0,0,0,0,0,0,0,0,0,0,-7488.13,0,0,0,0,0
31:10:15:23:02:23,-19.7983,-10.0708,0,0.0614185,0,0,0,0,0,0,0,0,0,0,0,0,-7488.13,0,0,0,0,0
31:10:15:23:02:24,-20.0844,-10.0708,0,0.0667572,0,0,0,0,0,0,0,0,0,0,0,0,-7488.13,0,0,0,0,0
31:10:15:23:02:25,-19.7983,-9.78472,0,0.0680924,0,0,0,0,0,0,0,0,0,0,0,0,-7488.13,0,0,0,0,0
31:10:15:23:02:26,-20.0844,-10.3569,0,0.0680924,0,0,0,0,0,0,0,0,0,0,0,0,-7488.13,0,0,0,0,0
31:10:15:23:02:27,-20.3705,-10.0708,0,0.0667572,0,0,0,0,0,0,0,0,0,0,0,0,-7488.13,0,0,0,0,0
31:10:15:23:02:28,-20.0844,-9.78472,0,0.0667572,0,0,0,0,0,0,0,0,0,0,0,0,-7488.13,0,0,0,0,0
31:10:15:23:02:29,-19.2261,-9.21252,0,0.065424,0,0,0,0,0,0,0,0,0,0,0,0,-7488.13,0,0,0,0,0
31:10:15:23:02:30,-20.0844,-10.0708,0,0.0627537,0,0,0,0,0,0,0,0,0,0,0,0,-7488.13,0,0,0,0,0
31:10:15:23:02:31,-20.6566,-9.78472,0,0.0640869,0,0,0,0,0,0,0,0,0,0,0,0,-7488.13,0,0,0,0,0
31:10:15:23:02:32,-20.3705,-9.78472,0,0.0640869,0,0,0,0,0,0,0,0,0,0,0,0,-7488.13,0,0,0,0,0
31:10:15:23:02:33,-19.7983,-10.0708,0,0.0627537,0,0,0,0,0,0,0,0,0,0,0,0,-7488.13,0,0,0,0,0
31:10:15:23:02:34,-20.0844,-9.78472,0,0.0627537,0,0,0,0,0,0,0,0,0,0,0,0,-7488.13,0,0,0,0,0
31:10:15:23:02:35,-19.5122,-10.0708,0,0.0627537,0,0,0,0,0,0,0,0,0,0,0,0,-7488.13,0,0,0,0,0
31:10:15:23:02:36,-20.0844,-9.78472,0,0.0627537,0,0,0,0,0,0,0,0,0,0,0,0,-7488.13,0,0,0,0,0
31:10:15:23:02:37,-20.3705,-10.0708,0,0.0614185,0,0,0,0,0,0,0,0,0,0,0,0,-7488.13,0,0,0,0,0
31:10:15:23:02:38,-19.7983,-9.78472,0,0.0640869,0,0,0,0,0,0,0,0,0,0,0,0,-7488.13,0,0,0,0,0
31:10:15:23:02:39,-20.0844,-10.0708,0,0.0627537,0,0,0,0,0,0,0,0,0,0,0,0,-7488.13,0,0,0,0,0
31:10:15:23:02:40,-19.5122,-9.49862,0,0.0614185,0,0,0,0,0,0,0,0,0,0,0,0,-7488.13,0,0,0,0,0
31:10:15:23:02:41,-20.0844,-10.3569,0,0.0614185,0,0,0,0,0,0,0,0,0,0,0,0,-7488.13,0,0,0,0,0
31:10:15:23:02:42,-20.0844,-9.49862,0,0.0640869,0,0,0,0,0,0,0,0,0,0,0,0,-7488.13,0,0,0,0,0
31:10:15:23:02:43,-20.0844,-9.78472,0,0.065424,0,0,0,0,0,0,0,0,0,0,0,0,-7488.13,0,0,0,0,0
31:10:15:23:02:44,-20.0844,-9.78472,0,0.065424,0,0,0,0,0,0,0,0,0,0,0,0,-7488.13,0,0,0,0,0
31:10:15:23:02:45,-20.0844,-10.0708,0,0.0614185,0,0,0,0,0,0,0,0,0,0,0,0,-7488.13,0,0,0,0,0
31:10:15:23:02:46,-19.2261,-9.78472,0,0.0627537,0,0,0,0,0,0,0,0,0,0,0,0,-7488.13,0,0,0,0,0
31:10:15:23:02:47,-19.2261,-9.49862,0,0.0627537,0,0,0,0,0,0,0,0,0,0,0,0,-7488.13,0,0,0,0,0
31:10:15:23:02:48,-19.2261,-10.0708,0,0.0627537,0,0,0,0,0,0,0,0,0,0,0,0,-7488.13,0,0,0,0,0
31:10:15:23:02:49,-20.0844,-9.21252,0,0.0667572,0,0,0,0,0,0,0,0,0,0,0,0,-7488.13,0,0,0,0,0
31:10:15:23:02:50,-19.7983,-10.0708,0,0.0640869,0,0,0,0,0,0,0,0,0,0,0,0,-7488.13,0,0,0,0,0
31:10:15:23:02:51,-19.7983,-10.0708,0,0.065424,0,0,0,0,0,0,0,0,0,0,0,0,-7488.13,0,0,0,0,0
31:10:15:23:02:52,-20.3705,-10.0708,0,0.0640869,0,0,0,0,0,0,0,0,0,0,0,0,-7488.13,0,0,0,0,0
31:10:15:23:02:53,-19.7983,-10.0708,0,0.0667572,0,0,0,0,0,0,0,0,0,0,0,0,-7488.13,0,0,0,0,0
31:10:15:23:02:54,-20.0844,-10.0708,0,0.0627537,0,0,0,0,0,0,0,0,0,0,0,0,-7488.13,0,0,0,0,0
31:10:15:23:02:55,-20.0844,-9.78472,0,0.0600815,0,0,0,0,0,0,0,0,0,0,0,0,-7488.13,0,0,0,0,0
31:10:15:23:02:56,-20.0844,-9.78472,0,0.0614185,0,0,0,0,0,0,0,0,0,0,0,0,-7488.13,0,0,0,0,0
31:10:15:23:02:57,-19.5122,-9.78472,0,0.0627537,0,0,0,0,0,0,0,0,0,0,0,0,-7488.13,0,0,0,0,0
31:10:15:23:02:58,-20.0844,-10.0708,0,0.0614185,0,0,0,0,0,0,0,0,0,0,0,0,-7488.13,0,0,0,0,0
31:10:15:23:02:59,-20.0844,-10.0708,0,0.0600815,0,0,0,0,0,0,0,0,0,0,0,0,-7488.13,0,0,0,0,0
31:10:15:23:03:00,-20.3705,-10.3569,0,0.065424,0,0,0,0,0,0,0,0,0,0,0,0,-7488.13,0,0,0,0,0
31:10:15:23:03:01,-20.0844,-10.3569,0,0.0694294,0,0,0,0,0,0,0,0,0,0,0,0,-7488.13,0,0,0,0,0
31:10:15:23:03:02,-20.3705,-10.3569,0,0.0680924,0,0,0,0,0,0,0,0,0,0,0,0,-7488.13,0,0,0,0,0
31:10:15:23:03:03,-19.7983,-9.49862,0,0.065424,0,0,0,0,0,0,0,0,0,0,0,0,-7488.13,0,0,0,0,0
31:10:15:23:03:04,-19.7983,-9.78472,0,0.0640869,0,0,0,0,0,0,0,0,0,0,0,0,-7488.13,0,0,0,0,0
31:10:15:23:03:05,-19.7983,-10.0708,0,0.0640869,0,0,0,0,0,0,0,0,0,0,0,0,-7488.13,0,0,0,0,0
31:10:15:23:03:06,-19.7983,-9.78472,0,0.065424,0,0,0,0,0,0,0,0,0,0,0,0,-7488.13,0,0,0,0,0
31:10:15:23:03:07,-20.0844,-9.78472,0,0.0707626,0,0,0,0,0,0,0,0,0,0,0,0,-7488.13,0,0,0,0,0
31:10:15:23:03:08,-19.7983,-9.78472,0,0.0694294,0,0,0,0,0,0,0,0,0,0,0,0,-7488.13,0,0,0,0,0
31:10:15:23:03:09,-19.7983,-10.0708,0,0.0707626,0,0,0,0,0,0,0,0,0,0,0,0,-7488.13,0,0,0,0,0
31:10:15:23:03:10,-20.3705,-10.0708,0,0.065424,0,0,0,0,0,0,0,0,0,0,0,0,-7488.13,0,0,0,0,0
31:10:15:23:03:11,-19.7983,-9.78472,0,0.0640869,0,0,0,0,0,0,0,0,0,0,0,0,-7488.13,0,0,0,0,0
31:10:15:23:03:12,-19.5122,-9.49862,0,0.065424,0,0,0,0,0,0,0,0,0,0,0,0,-7488.13,0,0,0,0,0
31:10:15:23:03:13,-20.0844,-10.643,0,0.0667572,0,0,0,0,0,0,0,0,0,0,0,0,-7488.13,0,0,0,0,0
31:10:15:23:03:14,-19.5122,-10.3569,0,0.0707626,0,0,0,0,0,0,0,0,0,0,0,0,-7488.13,0,0,0,0,0
31:10:15:23:03:15,-20.0844,-10.3569,0,0.065424,0,0,0,0,0,0,0,0,0,0,0,0,-7488.13,0,0,0,0,0
31:10:15:23:03:16,-19.5122,-10.3569,0,0.065424,0,0,0,0,0,0,0,0,0,0,0,0,-7488.13,0,0,0,0,0
31:10:15:23:03:17,-19.7983,-10.3569,0,0.0627537,0,0,0,0,0,0,0,0,0,0,0,0,-7488.13,0,0,0,0,0
31:10:15:23:03:18,-19.5122,-10.0708,0,0.0640869,0,0,0,0,0,0,0,0,0,0,0,0,-7488.13,0,0,0,0,0
31:10:15:23:03:19,-19.7983,-9.78472,0,0.0680924,0,0,0,0,0,0,0,0,0,0,0,0,-7488.13,0,0,0,0,0
31:10:15:23:03:20,-20.3705,-9.78472,0,0.0680924,0,0,0,0,0,0,0,0,0,0,0,0,-7488.13,0,0,0,0,0
31:10:15:23:03:21,-19.7983,-9.78472,0,0.065424,0,0,0,0,0,0,0,0,0,0,0,0,-7488.13,0,0,0,0,0
31:10:15:23:03:22,-20.0844,-10.643,0,0.0667572,0,0,0,0,0,0,0,0,0,0,0,0,-7488.13,0,0,0,0,0
31:10:15:23:03:23,-19.7983,-10.0708,0,0.065424,0,0,0,0,0,0,0,0,0,0,0,0,-7488.13,0,0,0,0,0
31:10:15:23:03:24,-19.5122,-10.0708,0,0.065424,0,0,0,0,0,0,0,0,0,0,0,0,-7488.13,0,0,0,0,0
31:10:15:23:03:25,-19.5122,-10.3569,0,0.0694294,0,0,0,0,0,0,0,0,0,0,0,0,-7488.13,0,0,0,0,0
31:10:15:23:03:26,-19.5122,-9.78472,0,0.0694294,0,0,0,0,0,0,0,0,0,0,0,0,-7488.13,0,0,0,0,0
31:10:15:23:03:27,-19.7983,-10.3569,0,0.0694294,0,0,0,0,0,0,0,0,0,0,0,0,-7488.13,0,0,0,0,0
31:10:15:23:03:28,-20.0844,-9.78472,0,0.0680924,0,0,0,0,0,0,0,0,0,0,0,0,-7488.13,0,0,0,0,0
31:10:15:23:03:29,-18.94,-10.0708,0,0.0694294,0,0,0,0,0,0,0,0,0,0,0,0,-7488.13,0,0,0,0,0
31:10:15:23:03:30,-20.0844,-10.3569,0,0.0707626,0,0,0,0,0,0,0,0,0,0,0,0,-7488.13,0,0,0,0,0
31:10:15:23:03:31,-19.7983,-9.78472,0,0.0707626,0,0,0,0,0,0,0,0,0,0,0,0,-7488.13,0,0,0,0,0
31:10:15:23:03:32,-19.7983,-9.78472,0,0.0734348,0,0,0,0,0,0,0,0,0,0,0,0,-7488.13,0,0,0,0,0
31:10:15:23:03:33,-19.5122,-10.0708,0,0.0694294,0,0,0,0,0,0,0,0,0,0,0,0,-7488.13,0,0,0,0,0
31:10:15:23:03:34,-19.5122,-9.78472,0,0.0667572,0,0,0,0,0,0,0,0,0,0,0,0,-7488.13,0,0,0,0,0
31:10:15:23:03:35,-19.5122,-9.78472,0,0.0680924,0,0,0,0,0,0,0,0,0,0,0,0,-7488.13,0,0,0,0,0
31:10:15:23:03:36,-19.5122,-10.0708,0,0.0707626,0,0,0,0,0,0,0,0,0,0,0,0,-7488.13,0,0,0,0,0
31:10:15:23:03:37,-19.7983,-9.49862,0,0.0680924,0,0,0,0,0,0,0,0,0,0,0,0,-7488.13,0,0,0,0,0
31:10:15:23:03:38,-20.0844,-9.78472,0,0.0680924,0,0,0,0,0,0,0,0,0,0,0,0,-7488.13,0,0,0,0,0
31:10:15:23:03:39,-20.0844,-9.78472,0,0.065424,0,0,0,0,0,0,0,0,0,0,0,0,-7488.13,0,0,0,0,0
31:10:15:23:03:40,-19.5122,-10.0708,0,0.065424,0,0,0,0,0,0,0,0,0,0,0,0,-7488.13,0,0,0,0,0
31:10:15:23:03:41,-19.5122,-9.78472,0,0.0667572,0,0,0,0,0,0,0,0,0,0,0,0,-7488.13,0,0,0,0,0
31:10:15:23:03:42,-19.5122,-9.49862,0,0.0694294,0,0,0,0,0,0,0,0,0,0,0,0,-7488.13,0,0,0,0,0
31:10:15:23:03:43,-19.7983,-9.78472,0,0.0667572,0,0,0,0,0,0,0,0,0,0,0,0,-7488.13,0,0,0,0,0
31:10:15:23:03:44,-20.0844,-10.0708,0,0.0694294,0,0,0,0,0,0,0,0,0,0,0,0,-7488.13,0,0,0,0,0
31:10:15:23:03:45,-18.94,-9.78472,0,0.0720997,0,0,0,0,0,0,0,0,0,0,0,0,-7488.13,0,0,0,0,0
31:10:15:23:03:46,-19.5122,-10.0708,0,0.0720997,0,0,0,0,0,0,0,0,0,0,0,0,-7488.13,0,0,0,0,0
31:10:15:23:03:47,-19.7983,-10.0708,0,0.0720997,0,0,0,0,0,0,0,0,0,0,0,0,-7488.13,0,0,0,0,0
31:10:15:23:03:48,-19.5122,-9.49862,0,0.0734348,0,0,0,0,0,0,0,0,0,0,0,0,-7488.13,0,0,0,0,0
31:10:15:23:03:49,-19.5122,-10.0708,0,0.0667572,0,0,0,0,0,0,0,0,0,0,0,0,-7488.13,0,0,0,0,0
31:10:15:23:03:50,-20.0844,-9.78472,0,0.0680924,0,0,0,0,0,0,0,0,0,0,0,0,-7488.13,0,0,0,0,0
31:10:15:23:03:51,-19.7983,-9.49862,0,0.065424,0,0,0,0,0,0,0,0,0,0,0,0,-7488.13,0,0,0,0,0
31:10:15:23:03:52,-20.0844,-9.49862,0,0.0640869,0,0,0,0,0,0,0,0,0,0,0,0,-7488.13,0,0,0,0,0
31:10:15:23:03:53,-20.0844,-9.49862,0,0.0627537,0,0,0,0,0,0,0,0,0,0,0,0,-7488.13,0,0,0,0,0
31:10:15:23:03:54,-19.7983,-9.78472,0,0.0640869,0,0,0,0,0,0,0,0,0,0,0,0,-7488.13,0,0,0,0,0
31:10:15:23:03:55,-19.7983,-9.49862,0,0.0694294,0,0,0,0,0,0,0,0,0,0,0,0,-7488.13,0,0,0,0,0
31:10:15:23:03:56,-19.7983,-9.78472,0,0.0667572,0,0,0,0,0,0,0,0,0,0,0,0,-7488.13,0,0,0,0,0
31:10:15:23:03:57,-19.7983,-9.49862,0,0.0640869,0,0,0,0,0,0,0,0,0,0,0,0,-7488.13,0,0,0,0,0
31:10:15:23:03:58,-20.0844,-9.49862,0,0.0680924,0,0,0,0,0,0,0,0,0,0,0,0,-7488.13,0,0,0,0,0
31:10:15:23:03:59,-19.5122,-9.49862,0,0.0627537,0,0,0,0,0,0,0,0,0,0,0,0,-7488.13,0,0,0,0,0
31:10:15:23:04:00,-19.2261,-9.78472,0,0.065424,0,0,0,0,0,0,0,0,0,0,0,0,-7488.13,0,0,0,0,0
31:10:15:23:04:01,-20.0844,-10.0708,0,0.0707626,0,0,0,0,0,0,0,0,0,0,0,0,-7488.13,0,0,0,0,0
31:10:15:23:04:02,-19.7983,-9.78472,0,0.0680924,0,0,0,0,0,0,0,0,0,0,0,0,-7488.13,0,0,0,0,0
31:10:15:23:04:03,-19.5122,-10.3569,0,0.0680924,0,0,0,0,0,0,0,0,0,0,0,0,-7488.13,0,0,0,0,0
31:10:15:23:04:04,-19.7983,-10.0708,0,0.0667572,0,0,0,0,0,0,0,0,0,0,0,0,-7488.13,0,0,0,0,0
31:10:15:23:04:05,-19.5122,-9.78472,0,0.0680924,0,0,0,0,0,0,0,0,0,0,0,0,-7488.13,0,0,0,0,0
31:10:15:23:04:06,-20.0844,-10.3569,0,0.0734348,0,0,0,0,0,0,0,0,0,0,0,0,-7488.13,0,0,0,0,0
31:10:15:23:04:07,-20.0844,-10.3569,0,0.0720997,0,0,0,0,0,0,0,0,0,0,0,0,-7488.13,0,0,0,0,0
31:10:15:23:04:08,-20.0844,-9.78472,0,0.0707626,0,0,0,0,0,0,0,0,0,0,0,0,-7488.13,0,0,0,0,0
31:10:15:23:04:09,-19.7983,-10.0708,0,0.0720997,0,0,0,0,0,0,0,0,0,0,0,0,-7488.13,0,0,0,0,0
31:10:15:23:04:10,-20.0844,-9.78472,0,0.0680924,0,0,0,0,0,0,0,0,0,0,0,0,-7488.13,0,0,0,0,0
31:10:15:23:04:11,-20.0844,-9.78472,0,0.0680924,0,0,0,0,0,0,0,0,0,0,0,0,-7488.13,0,0,0,0,0
31:10:15:23:04:12,-20.6566,-9.21252,0,0.0694294,0,0,0,0,0,0,0,0,0,0,0,0,-7488.13,0,0,0,0,0
31:10:15:23:04:13,-19.7983,-10.3569,0,0.0680924,0,0,0,0,0,0,0,0,0,0,0,0,-7488.13,0,0,0,0,0
31:10:15:23:04:14,-19.7983,-9.78472,0,0.0667572,0,0,0,0,0,0,0,0,0,0,0,0,-7488.13,0,0,0,0,0
31:10:15:23:04:15,-19.7983,-9.78472,0,0.0680924,0,0,0,0,0,0,0,0,0,0,0,0,-7488.13,0,0,0,0,0
31:10:15:23:04:16,-20.3705,-9.78472,0,0.0694294,0,0,0,0,0,0,0,0,0,0,0,0,-7488.13,0,0,0,0,0
31:10:15:23:04:17,-19.5122,-10.3569,0,0.0680924,0,0,0,0,0,0,0,0,0,0,0,0,-7488.13,0,0,0,0,0
31:10:15:23:04:18,-20.3705,-10.0708,0,0.0720997,0,0,0,0,0,0,0,0,0,0,0,0,-7488.13,0,0,0,0,0
31:10:15:23:04:19,-19.5122,-10.643,0,0.0694294,0,0,0,0,0,0,0,0,0,0,0,0,-7488.13,0,0,0,0,0
31:10:15:23:04:20,-19.7983,-10.3569,0,0.0680924,0,0,0,0,0,0,0,0,0,0,0,0,-7488.13,0,0,0,0,0
31:10:15:23:04:21,-20.0844,-9.78472,0,0.0694294,0,0,0,0,0,0,0,0,0,0,0,0,-7488.13,0,0,0,0,0
31:10:15:23:04:22,-19.7983,-10.0708,0,0.0707626,0,0,0,0,0,0,0,0,0,0,0,0,-7488.13,0,0,0,0,0
31:10:15:23:04:23,-19.2261,-10.0708,0,0.0680924,0,0,0,0,0,0,0,0,0,0,0,0,-7488.13,0,0,0,0,0
31:10:15:23:04:24,-18.94,-10.3569,0,0.0694294,0,0,0,0,0,0,0,0,0,0,0,0,-7488.13,0,0,0,0,0
31:10:15:23:04:25,-19.7983,-10.0708,0,0.0694294,0,0,0,0,0,0,0,0,0,0,0,0,-7488.13,0,0,0,0,0
31:10:15:23:04:26,-19.7983,-10.3569,0,0.0614185,0,0,0,0,0,0,0,0,0,0,0,0,-7488.13,0,0,0,0,0
31:10:15:23:04:27,-19.7983,-10.3569,0,0.0600815,0,0,0,0,0,0,0,0,0,0,0,0,-7488.13,0,0,0,0,0
31:10:15:23:04:28,-20.0844,-10.3569,0,0.0640869,0,0,0,0,0,0,0,0,0,0,0,0,-7488.13,0,0,0,0,0
31:10:15:23:04:29,-19.2261,-9.49862,0,0.065424,0,0,0,0,0,0,0,0,0,0,0,0,-7488.13,0,0,0,0,0
31:10:15:23:04:30,-19.7983,-10.0708,0,0.0680924,0,0,0,0,0,0,0,0,0,0,0,0,-7488.13,0,0,0,0,0
31:10:15:23:04:31,-19.7983,-10.3569,0,0.0680924,0,0,0,0,0,0,0,0,0,0,0,0,-7488.13,0,0,0,0,0
31:10:15:23:04:32,-20.0844,-10.0708,0,0.0680924,0,0,0,0,0,0,0,0,0,0,0,0,-7488.13,0,0,0,0,0
31:10:15:23:04:33,-20.0844,-9.49862,0,0.065424,0,0,0,0,0,0,0,0,0,0,0,0,-7488.13,0,0,0,0,0
31:10:15:23:04:34,-19.7983,-10.3569,0,0.065424,0,0,0,0,0,0,0,0,0,0,0,0,-7488.13,0,0,0,0,0
31:10:15:23:04:35,-19.5122,-10.3569,0,0.0707626,0,0,0,0,0,0,0,0,0,0,0,0,-7488.13,0,0,0,0,0
31:10:15:23:04:36,-19.2261,-10.3569,0,0.0680924,0,0,0,0,0,0,0,0,0,0,0,0,-7488.13,0,0,0,0,0
31:10:15:23:04:37,-19.7983,-10.3569,0,0.0680924,0,0,0,0,0,0,0,0,0,0,0,0,-7488.13,0,0,0,0,0
31:10:15:23:04:38,-19.5122,-10.3569,0,0.0707626,0,0,0,0,0,0,0,0,0,0,0,0,-7488.13,0,0,0,0,0
31:10:15:23:04:39,-19.7983,-10.3569,0,0.0667572,0,0,0,0,0,0,0,0,0,0,0,0,-7488.13,0,0,0,0,0
31:10:15:23:04:40,-19.7983,-10.0708,0,0.0667572,0,0,0,0,0,0,0,0,0,0,0,0,-7488.13,0,0,0,0,0
31:10:15:23:04:41,-19.7983,-10.3569,0,0.0680924,0,0,0,0,0,0,0,0,0,0,0,0,-7488.13,0,0,0,0,0
31:10:15:23:04:42,-19.7983,-10.3569,0,0.0680924,0,0,0,0,0,0,0,0,0,0,0,0,-7488.13,0,0,0,0,0
31:10:15:23:04:43,-19.7983,-9.78472,0,0.0667572,0,0,0,0,0,0,0,0,0,0,0,0,-7488.13,0,0,0,0,0
31:10:15:23:04:44,-20.0844,-10.3569,0,0.0694294,0,0,0,0,0,0,0,0,0,0,0,0,-7488.13,0,0,0,0,0
31:10:15:23:04:45,-19.5122,-10.3569,0,0.0707626,0,0,0,0,0,0,0,0,0,0,0,0,-7488.13,0,0,0,0,0
31:10:15:23:04:46,-20.0844,-10.643,0,0.0640869,0,0,0,0,0,0,0,0,0,0,0,0,-7488.13,0,0,0,0,0
31:10:15:23:04:47,-19.5122,-10.3569,0,0.065424,0,0,0,0,0,0,0,0,0,0,0,0,-7488.13,0,0,0,0,0
31:10:15:23:04:48,-20.3705,-9.78472,0,0.0667572,0,0,0,0,0,0,0,0,0,0,0,0,-7488.13,0,0,0,0,0
31:10:15:23:04:49,-19.5122,-10.0708,0,0.0680924,0,0,0,0,0,0,0,0,0,0,0,0,-7488.13,0,0,0,0,0
31:10:15:23:04:50,-19.7983,-10.0708,0,0.065424,0,0,0,0,0,0,0,0,0,0,0,0,-7488.13,0,0,0,0,0
31:10:15:23:04:51,-19.7983,-9.78472,0,0.065424,0,0,0,0,0,0,0,0,0,0,0,0,-7488.13,0,0,0,0,0
31:10:15:23:04:52,-20.0844,-10.3569,0,0.0640869,0,0,0,0,0,0,0,0,0,0,0,0,-7488.13,0,0,0,0,0
31:10:15:23:04:53,-19.7983,-10.3569,0,0.0640869,0,0,0,0,0,0,0,0,0,0,0,0,-7488.13,0,0,0,0,0
31:10:15:23:04:54,-19.5122,-10.0708,0,0.0640869,0,0,0,0,0,0,0,0,0,0,0,0,-7488.13,0,0,0,0,0
31:10:15:23:04:55,-20.0844,-9.78472,0,0.065424,0,0,0,0,0,0,0,0,0,0,0,0,-7488.13,0,0,0,0,0
31:10:15:23:04:56,-20.0844,-10.0708,0,0.0627537,0,0,0,0,0,0,0,0,0,0,0,0,-7488.13,0,0,0,0,0
31:10:15:23:04:57,-20.0844,-10.0708,0,0.0614185,0,0,0,0,0,0,0,0,0,0,0,0,-7488.13,0,0,0,0,0
31:10:15:23:04:58,-19.5122,-10.0708,0,0.0627537,0,0,0,0,0,0,0,0,0,0,0,0,-7488.13,0,0,0,0,0
31:10:15:23:04:59,-20.0844,-10.3569,0,0.065424,0,0,0,0,0,0,0,0,0,0,0,0,-7488.13,0,0,0,0,0
31:10:15:23:05:00,-20.0844,-10.3569,0,0.065424,0,0,0,0,0,0,0,0,0,0,0,0,-7488.13,0,0,0,0,0
31:10:15:23:05:01,-19.7983,-10.0708,0,0.065424,0,0,0,0,0,0,0,0,0,0,0,0,-7488.13,0,0,0,0,0
31:10:15:23:05:02,-19.7983,-10.3569,0,0.065424,0,0,0,0,0,0,0,0,0,0,0,0,-7488.13,0,0,0,0,0
31:10:15:23:05:03,-19.5122,-10.0708,0,0.065424,0,0,0,0,0,0,0,0,0,0,0,0,-7488.13,0,0,0,0,0
31:10:15:23:05:04,-19.2261,-9.78472,0,0.065424,0,0,0,0,0,0,0,0,0,0,0,0,-7488.13,0,0,0,0,0
31:10:15:23:05:05,-19.7983,-9.78472,0,0.0640869,0,0,0,0,0,0,0,0,0,0,0,0,-7488.13,0,0,0,0,0
31:10:15:23:05:06,-19.7983,-10.643,0,0.0707626,0,0,0,0,0,0,0,0,0,0,0,0,-7488.13,0,0,0,0,0
31:10:15:23:05:07,-19.7983,-9.78472,0,0.0680924,0,0,0,0,0,0,0,0,0,0,0,0,-7488.13,0,0,0,0,0
31:10:15:23:05:08,-19.5122,-9.78472,0,0.0640869,0,0,0,0,0,0,0,0,0,0,0,0,-7488.13,0,0,0,0,0
31:10:15:23:05:09,-19.7983,-10.643,0,0.065424,0,0,0,0,0,0,0,0,0,0,0,0,-7488.13,0,0,0,0,0
31:10:15:23:05:10,-19.7983,-10.3569,0,0.0680924,0,0,0,0,0,0,0,0,0,0,0,0,-7488.13,0,0,0,0,0
31:10:15:23:05:11,-19.7983,-9.78472,0,0.065424,0,0,0,0,0,0,0,0,0,0,0,0,-7488.13,0,0,0,0,0
31:10:15:23:05:12,-19.7983,-9.78472,0,0.0667572,0,0,0,0,0,0,0,0,0,0,0,0,-7488.13,0,0,0,0,0
31:10:15:23:05:13,-19.5122,-10.0708,0,0.0680924,0,0,0,0,0,0,0,0,0,0,0,0,-7488.13,0,0,0,0,0
31:10:15:23:05:14,-20.0844,-10.643,0,0.065424,0,0,0,0,0,0,0,0,0,0,0,0,-7488.13,0,0,0,0,0
31:10:15:23:05:15,-19.5122,-9.78472,0,0.065424,0,0,0,0,0,0,0,0,0,0,0,0,-7488.13,0,0,0,0,0
31:10:15:23:05:16,-19.2261,-9.78472,0,0.0694294,0,0,0,0,0,0,0,0,0,0,0,0,-7488.13,0,0,0,0,0
31:10:15:23:05:17,-20.0844,-9.78472,0,0.0680924,0,0,0,0,0,0,0,0,0,0,0,0,-7488.13,0,0,0,0,0
31:10:15:23:05:18,-19.7983,-10.0708,0,0.0694294,0,0,0,0,0,0,0,0,0,0,0,0,-7488.13,0,0,0,0,0
31:10:15:23:05:19,-19.5122,-10.3569,0,0.0694294,0,0,0,0,0,0,0,0,0,0,0,0,-7488.13,0,0,0,0,0
31:10:15:23:05:20,-19.5122,-10.3569,0,0.0667572,0,0,0,0,0,0,0,0,0,0,0,0,-7488.13,0,0,0,0,0
31:10:15:23:05:21,-19.5122,-10.0708,0,0.065424,0,0,0,0,0,0,0,0,0,0,0,0,-7488.13,0,0,0,0,0
31:10:15:23:05:22,-19.5122,-10.3569,0,0.065424,0,0,0,0,0,0,0,0,0,0,0,0,-7488.13,0,0,0,0,0
31:10:15:23:05:23,-19.5122,-10.3569,0,0.0640869,0,0,0,0,0,0,0,0,0,0,0,0,-7488.13,0,0,0,0,0
31:10:15:23:05:24,-19.5122,-10.0708,0,0.0667572,0,0,0,0,0,0,0,0,0,0,0,0,-7488.13,0,0,0,0,0
31:10:15:23:05:25,-19.2261,-9.78472,0,0.0627537,0,0,0,0,0,0,0,0,0,0,0,0,-7488.13,0,0,0,0,0
31:10:15:23:05:26,-19.5122,-9.49862,0,0.0640869,0,0,0,0,0,0,0,0,0,0,0,0,-7488.13,0,0,0,0,0
31:10:15:23:05:27,-19.5122,-10.0708,0,0.0667572,0,0,0,0,0,0,0,0,0,0,0,0,-7488.13,0,0,0,0,0
31:10:15:23:05:28,-19.2261,-10.3569,0,0.0667572,0,0,0,0,0,0,0,0,0,0,0,0,-7488.13,0,0,0,0,0
31:10:15:23:05:29,-19.7983,-10.0708,0,0.0667572,0,0,0,0,0,0,0,0,0,0,0,0,-7488.13,0,0,0,0,0
31:10:15:23:05:30,-20.3705,-10.0708,0,0.0680924,0,0,0,0,0,0,0,0,0,0,0,0,-7488.13,0,0,0,0,0
31:10:15:23:05:31,-20.3705,-10.0708,0,0.0667572,0,0,0,0,0,0,0,0,0,0,0,0,-7488.13,0,0,0,0,0
31:10:15:23:05:32,-19.2261,-10.3569,0,0.0640869,0,0,0,0,0,0,0,0,0,0,0,0,-7488.13,0,0,0,0,0
31:10:15:23:05:33,-19.7983,-10.3569,0,0.0640869,0,0,0,0,0,0,0,0,0,0,0,0,-7488.13,0,0,0,0,0
31:10:15:23:05:34,-19.7983,-9.78472,0,0.0627537,0,0,0,0,0,0,0,0,0,0,0,0,-7488.13,0,0,0,0,0
31:10:15:23:05:35,-19.7983,-10.3569,0,0.0667572,0,0,0,0,0,0,0,0,0,0,0,0,-7488.13,0,0,0,0,0
31:10:15:23:05:36,-19.5122,-9.49862,0,0.0667572,0,0,0,0,0,0,0,0,0,0,0,0,-7488.13,0,0,0,0,0
31:10:15:23:05:37,-19.2261,-10.3569,0,0.0627537,0,0,0,0,0,0,0,0,0,0,0,0,-7488.13,0,0,0,0,0
31:10:15:23:05:38,-19.5122,-10.643,0,0.0640869,0,0,0,0,0,0,0,0,0,0,0,0,-7488.13,0,0,0,0,0
31:10:15:23:05:39,-20.0844,-9.78472,0,0.0627537,0,0,0,0,0,0,0,0,0,0,0,0,-7488.13,0,0,0,0,0
31:10:15:23:05:40,-19.7983,-10.3569,0,0.0640869,0,0,0,0,0,0,0,0,0,0,0,0,-7488.13,0,0,0,0,0
31:10:15:23:05:41,-19.7983,-9.78472,0,0.065424,0,0,0,0,0,0,0,0,0,0,0,0,-7488.13,0,0,0,0,0
31:10:15:23:05:42,-20.0844,-10.0708,0,0.0627537,0,0,0,0,0,0,0,0,0,0,0,0,-7488.13,0,0,0,0,0
31:10:15:23:05:43,-19.7983,-10.3569,0,0.0667572,0,0,0,0,0,0,0,0,0,0,0,0,-7488.13,0,0,0,0,0
31:10:15:23:05:44,-19.7983,-9.78472,0,0.0640869,0,0,0,0,0,0,0,0,0,0,0,0,-7488.13,0,0,0,0,0
31:10:15:23:05:45,-19.5122,-10.0708,0,0.0680924,0,0,0,0,0,0,0,0,0,0,0,0,-7488.13,0,0,0,0,0
31:10:15:23:05:46,-19.7983,-9.78472,0,0.0627537,0,0,0,0,0,0,0,0,0,0,0,0,-7488.13,0,0,0,0,0
31:10:15:23:05:47,-19.5122,-10.0708,0,0.0680924,0,0,0,0,0,0,0,0,0,0,0,0,-7488.13,0,0,0,0,0
31:10:15:23:05:48,-19.7983,-9.78472,0,0.0694294,0,0,0,0,0,0,0,0,0,0,0,0,-7488.13,0,0,0,0,0
31:10:15:23:05:49,-19.5122,-10.3569,0,0.0680924,0,0,0,0,0,0,0,0,0,0,0,0,-7488.13,0,0,0,0,0
31:10:15:23:05:50,-19.7983,-10.3569,0,0.065424,0,0,0,0,0,0,0,0,0,0,0,0,-7488.13,0,0,0,0,0
31:10:15:23:05:51,-19.2261,-9.78472,0,0.0680924,0,0,0,0,0,0,0,0,0,0,0,0,-7488.13,0,0,0,0,0
31:10:15:23:05:52,-19.5122,-10.0708,0,0.065424,0,0,0,0,0,0,0,0,0,0,0,0,-7488.13,0,0,0,0,0
31:10:15:23:05:53,-19.7983,-10.0708,0,0.065424,0,0,0,0,0,0,0,0,0,0,0,0,-7488.13,0,0,0,0,0
31:10:15:23:05:54,-20.0844,-9.49862,0,0.065424,0,0,0,0,0,0,0,0,0,0,0,0,-7488.13,0,0,0,0,0
31:10:15:23:05:55,-19.7983,-9.78472,0,0.0667572,0,0,0,0,0,0,0,0,0,0,0,0,-7488.13,0,0,0,0,0
31:10:15:23:05:56,-19.7983,-10.0708,0,0.065424,0,0,0,0,0,0,0,0,0,0,0,0,-7488.13,0,0,0,0,0
31:10:15:23:05:57,-19.5122,-10.3569,0,0.0680924,0,0,0,0,0,0,0,0,0,0,0,0,-7488.13,0,0,0,0,0
31:10:15:23:05:58,-19.2261,-9.78472,0,0.0680924,0,0,0,0,0,0,0,0,0,0,0,0,-7488.13,0,0,0,0,0
31:10:15:23:05:59,-19.7983,-9.78472,0,0.0680924,0,0,0,0,0,0,0,0,0,0,0,0,-7488.13,0,0,0,0,0
31:10:15:23:06:00,-19.7983,-10.0708,0,0.0640869,0,0,0,0,0,0,0,0,0,0,0,0,-7488.13,0,0,0,0,0
31:10:15:23:06:01,-19.2261,-9.78472,0,0.065424,0,0,0,0,0,0,0,0,0,0,0,0,-7488.13,0,0,0,0,0
31:10:15:23:06:02,-20.3705,-10.643,0,0.0627537,0,0,0,0,0,0,0,0,0,0,0,0,-7488.13,0,0,0,0,0
31:10:15:23:06:03,-20.3705,-9.78472,0,0.0640869,0,0,0,0,0,0,0,0,0,0,0,0,-7488.13,0,0,0,0,0
31:10:15:23:06:04,-20.0844,-10.0708,0,0.065424,0,0,0,0,0,0,0,0,0,0,0,0,-7488.13,0,0,0,0,0
31:10:15:23:06:05,-20.0844,-10.0708,0,0.0694294,0,0,0,0,0,0,0,0,0,0,0,0,-7488.13,0,0,0,0,0
31:10:15:23:06:06,-19.7983,-10.3569,0,0.0667572,0,0,0,0,0,0,0,0,0,0,0,0,-7488.13,0,0,0,0,0
31:10:15:23:06:07,-19.5122,-10.0708,0,0.0640869,0,0,0,0,0,0,0,0,0,0,0,0,-7488.13,0,0,0,0,0
31:10:15:23:06:08,-20.3705,-10.0708,0,0.0640869,0,0,0,0,0,0,0,0,0,0,0,0,-7488.13,0,0,0,0,0
31:10:15:23:06:09,-19.7983,-10.3569,0,0.065424,0,0,0,0,0,0,0,0,0,0,0,0,-7488.13,0,0,0,0,0
31:10:15:23:06:10,-20.0844,-10.0708,0,0.0680924,0,0,0,0,0,0,0,0,0,0,0,0,-7488.13,0,0,0,0,0
31:10:15:23:06:11,-19.7983,-10.0708,0,0.0680924,0,0,0,0,0,0,0,0,0,0,0,0,-7488.13,0,0,0,0,0
31:10:15:23:06:12,-19.5122,-10.643,0,0.0640869,0,0,0,0,0,0,0,0,0,0,0,0,-7488.13,0,0,0,0,0
31:10:15:23:06:13,-19.5122,-9.78472,0,0.0640869,0,0,0,0,0,0,0,0,0,0,0,0,-7488.13,0,0,0,0,0
31:10:15:23:06:14,-19.5122,-9.78472,0,0.0640869,0,0,0,0,0,0,0,0,0,0,0,0,-7488.13,0,0,0,0,0
31:10:15:23:06:15,-19.5122,-10.0708,0,0.065424,0,0,0,0,0,0,0,0,0,0,0,0,-7488.13,0,0,0,0,0
31:10:15:23:06:16,-19.7983,-9.78472,0,0.0680924,0,0,0,0,0,0,0,0,0,0,0,0,-7488.13,0,0,0,0,0
31:10:15:23:06:17,-19.5122,-10.0708,0,0.0667572,0,0,0,0,0,0,0,0,0,0,0,0,-7488.13,0,0,0,0,0
31:10:15:23:06:18,-19.2261,-10.0708,0,0.065424,0,0,0,0,0,0,0,0,0,0,0,0,-7488.13,0,0,0,0,0
31:10:15:23:06:19,-19.5122,-10.0708,0,0.065424,0,0,0,0,0,0,0,0,0,0,0,0,-7488.13,0,0,0,0,0
31:10:15:23:06:20,-19.5122,-10.3569,0,0.0680924,0,0,0,0,0,0,0,0,0,0,0,0,-7488.13,0,0,0,0,0
31:10:15:23:06:21,-19.2261,-10.3569,0,0.0640869,0,0,0,0,0,0,0,0,0,0,0,0,-7488.13,0,0,0,0,0
31:10:15:23:06:22,-20.3705,-10.9291,0,0.0640869,0,0,0,0,0,0,0,0,0,0,0,0,-7488.13,0,0,0,0,0
31:10:15:23:06:23,-19.7983,-10.0708,0,0.0667572,0,0,0,0,0,0,0,0,0,0,0,0,-7488.13,0,0,0,0,0
31:10:15:23:06:24,-19.5122,-10.3569,0,0.0640869,0,0,0,0,0,0,0,0,0,0,0,0,-7488.13,0,0,0,0,0
31:10:15:23:06:25,-19.5122,-9.78472,0,0.065424,0,0,0,0,0,0,0,0,0,0,0,0,-7488.13,0,0,0,0,0
31:10:15:23:06:26,-20.0844,-10.3569,0,0.0627537,0,0,0,0,0,0,0,0,0,0,0,0,-7488.13,0,0,0,0,0
31:10:15:23:06:27,-19.5122,-10.0708,0,0.065424,0,0,0,0,0,0,0,0,0,0,0,0,-7488.13,0,0,0,0,0
31:10:15:23:06:28,-20.0844,-10.3569,0,0.065424,0,0,0,0,0,0,0,0,0,0,0,0,-7488.13,0,0,0,0,0
31:10:15:23:06:29,-19.5122,-10.0708,0,0.0627537,0,0,0,0,0,0,0,0,0,0,0,0,-7488.13,0,0,0,0,0
31:10:15:23:06:30,-19.7983,-10.0708,0,0.0614185,0,0,0,0,0,0,0,0,0,0,0,0,-7488.13,0,0,0,0,0
31:10:15:23:06:31,-20.0844,-9.49862,0,0.0614185,0,0,0,0,0,0,0,0,0,0,0,0,-7488.13,0,0,0,0,0
31:10:15:23:06:32,-20.3705,-10.9291,0,0.0627537,0,0,0,0,0,0,0,0,0,0,0,0,-7488.13,0,0,0,0,0
31:10:15:23:06:33,-19.5122,-10.3569,0,0.0627537,0,0,0,0,0,0,0,0,0,0,0,0,-7488.13,0,0,0,0,0
31:10:15:23:06:34,-20.0844,-9.78472,0,0.0680924,0,0,0,0,0,0,0,0,0,0,0,0,-7488.13,0,0,0,0,0
31:10:15:23:06:35,-19.7983,-10.3569,0,0.0640869,0,0,0,0,0,0,0,0,0,0,0,0,-7488.13,0,0,0,0,0
31:10:15:23:06:36,-20.0844,-9.49862,0,0.0640869,0,0,0,0,0,0,0,0,0,0,0,0,-7488.13,0,0,0,0,0
31:10:15:23:06:37,-19.2261,-10.0708,0,0.0640869,0,0,0,0,0,0,0,0,0,0,0,0,-7488.13,0,0,0,0,0
31:10:15:23:06:38,-19.5122,-9.49862,0,0.0614185,0,0,0,0,0,0,0,0,0,0,0,0,-7488.13,0,0,0,0,0
31:10:15:23:06:39,-19.7983,-10.3569,0,0.0667572,0,0,0,0,0,0,0,0,0,0,0,0,-7488.13,0,0,0,0,0
31:10:15:23:06:40,-20.0844,-9.78472,0,0.0707626,0,0,0,0,0,0,0,0,0,0,0,0,-7488.13,0,0,0,0,0
31:10:15:23:06:41,-20.0844,-10.0708,0,0.0667572,0,0,0,0,0,0,0,0,0,0,0,0,-7488.13,0,0,0,0,0
31:10:15:23:06:42,-19.5122,-10.3569,0,0.0667572,0,0,0,0,0,0,0,0,0,0,0,0,-7488.13,0,0,0,0,0
31:10:15:23:06:43,-19.5122,-10.0708,0,0.0627537,0,0,0,0,0,0,0,0,0,0,0,0,-7488.13,0,0,0,0,0
31:10:15:23:06:44,-19.5122,-9.78472,0,0.065424,0,0,0,0,0,0,0,0,0,0,0,0,-7488.13,0,0,0,0,0
31:10:15:23:06:45,-20.0844,-9.78472,0,0.0640869,0,0,0,0,0,0,0,0,0,0,0,0,-7488.13,0,0,0,0,0
31:10:15:23:06:46,-19.7983,-9.78472,0,0.0627537,0,0,0,0,0,0,0,0,0,0,0,0,-7488.13,0,0,0,0,0
31:10:15:23:06:47,-19.5122,-9.78472,0,0.065424,0,0,0,0,0,0,0,0,0,0,0,0,-7488.13,0,0,0,0,0
31:10:15:23:06:48,-20.0844,-9.78472,0,0.0667572,0,0,0,0,0,0,0,0,0,0,0,0,-7488.13,0,0,0,0,0
31:10:15:23:06:49,-20.0844,-9.78472,0,0.0627537,0,0,0,0,0,0,0,0,0,0,0,0,-7488.13,0,0,0,0,0
31:10:15:23:06:50,-19.2261,-10.0708,0,0.0680924,0,0,0,0,0,0,0,0,0,0,0,0,-7488.13,0,0,0,0,0
31:10:15:23:06:51,-20.0844,-10.0708,0,0.0667572,0,0,0,0,0,0,0,0,0,0,0,0,-7488.13,0,0,0,0,0
31:10:15:23:06:52,-19.2261,-9.78472,0,0.065424,0,0,0,0,0,0,0,0,0,0,0,0,-7488.13,0,0,0,0,0
31:10:15:23:06:53,-18.94,-9.49862,0.699184,0.0640869,0,0,0,0,0,0,0,0,0,0,0,0,-7488.13,0,0,0,0,0
31:10:15:23:06:54,-18.94,-9.21252,1.61862,0.0640869,0.699184,0,0,0,0,0,0,0,0,0,0,0,-7488.13,0,0,0,0,0
31:10:15:23:06:55,-18.3678,-8.92642,1.77799,0.065424,1.61862,0,0,0,0,0,0,0,0,0,0,0,-7488.13,0,0,0,0,0
31:10:15:23:06:56,-18.0817,-8.35421,1.74228,0.0640869,1.77799,0,0,0,0,0,0,0,0,0,0,0,-7488.13,0,0,0,0,0
31:10:15:23:06:57,-18.0817,-7.78201,1.73602,0.0680924,1.74228,0,0,0,0,0,0,0,0,0,0,0,-7488.13,0,0,0,0,0
31:10:15:23:06:58,-17.5095,-8.06811,1.67353,0.0680924,1.73602,0,0,0,0,0,0,0,0,0,0,0,-7488.13,0,0,0,0,0
31:10:15:23:06:59,-17.2234,-7.49591,1.69684,0.065424,1.67353,0,0,0,0,0,0,0,0,0,0,0,-7488.13,0,0,0,0,0
31:10:15:23:07:00,-16.365,-6.92371,1.73633,0.0640869,1.69684,0,0,0,0,0,0,0,0,0,0,0,-7488.13,0,0,0,0,0
31:10:15:23:07:01,-16.9373,-6.92371,1.76109,0.0667572,1.73633,0,0,0,0,0,0,0,0,0,0,0,-7488.13,0,0,0,0,0
31:10:15:23:07:02,-16.9373,-8.35421,1.79151,0.0640869,1.76109,0,0,0,0,0,0,0,0,0,0,0,-7488.13,0,0,0,0,0
31:10:15:23:07:03,-17.5095,-7.49591,1.38015,0.0667572,1.79151,0,0,0,0,0,0,0,0,0,0,0,-7488.13,0,0,0,0,0
31:10:15:23:07:04,-17.5095,-7.49591,0.498971,0.065424,1.38015,0,0,0,0,0,0,0,0,0,0,0,-7488.13,0,0,0,0,0
31:10:15:23:07:05,-18.0817,-8.64032,0,0.0707626,0.498971,0,0,0,0,0,0,0,0,0,0,0,-7488.13,0,0,0,0,0
31:10:15:23:07:06,-17.7956,-8.35421,0,0.0694294,0,0,0,0,0,0,0,0,0,0,0,0,-7488.13,0,0,0,0,0
31:10:15:23:07:07,-17.5095,-8.64032,0,0.0694294,0,0,0,0,0,0,0,0,0,0,0,0,-7488.13,0,0,0,0,0
31:10:15:23:07:08,-18.3678,-8.92642,0,0.0667572,0,0,0,0,0,0,0,0,0,0,0,0,-7488.13,0,0,0,0,0
31:10:15:23:07:09,-18.3678,-8.92642,0,0.0694294,0,0,0,0,0,0,0,0,0,0,0,0,-7488.13,0,0,0,0,0
31:10:15:23:07:10,-17.7956,-8.06811,0,0.0680924,0,0,0,0,0,0,0,0,0,0,0,0,-7488.13,0,0,0,0,0
31:10:15:23:07:11,-18.0817,-9.78472,0,0.0707626,0,0,0,0,0,0,0,0,0,0,0,0,-7488.13,0,0,0,0,0
31:10:15:23:07:12,-17.7956,-8.35421,0,0.0667572,0,0,0,0,0,0,0,0,0,0,0,0,-7488.13,0,0,0,0,0
31:10:15:23:07:13,-18.0817,-8.35421,0,0.0680924,0,0,0,0,0,0,0,0,0,0,0,0,-7488.13,0,0,0,0,0
31:10:15:23:07:14,-18.3678,-8.64032,0,0.0694294,0,0,0,0,0,0,0,0,0,0,0,0,-7488.13,0,0,0,0,0
31:10:15:23:07:15,-17.7956,-8.35421,0,0.0694294,0,0,0,0,0,0,0,0,0,0,0,0,-7488.13,0,0,0,0,0
31:10:15:23:07:16,-18.3678,-8.06811,0,0.0680924,0,0,0,0,0,0,0,0,0,0,0,0,-7488.13,0,0,0,0,0
31:10:15:23:07:17,-18.0817,-8.35421,0,0.0680924,0,0,0,0,0,0,0,0,0,0,0,0,-7488.13,0,0,0,0,0
31:10:15:23:07:18,-17.7956,-8.64032,0,0.0694294,0,0,0,0,0,0,0,0,0,0,0,0,-7488.13,0,0,0,0,0
31:10:15:23:07:19,-18.0817,-8.35421,0,0.0680924,0,0,0,0,0,0,0,0,0,0,0,0,-7488.13,0,0,0,0,0
31:10:15:23:07:20,-18.0817,-8.64032,0,0.0707626,0,0,0,0,0,0,0,0,0,0,0,0,-7488.13,0,0,0,0,0
31:10:15:23:07:21,-18.3678,-9.21252,0,0.0694294,0,0,0,0,0,0,0,0,0,0,0,0,-7488.13,0,0,0,0,0
31:10:15:23:07:22,-17.7956,-8.92642,0,0.0694294,0,0,0,0,0,0,0,0,0,0,0,0,-7488.13,0,0,0,0,0
31:10:15:23:07:23,-17.7956,-8.92642,0,0.0680924,0,0,0,0,0,0,0,0,0,0,0,0,-7488.13,0,0,0,0,0
31:10:15:23:07:24,-18.0817,-8.64032,0,0.0680924,0,0,0,0,0,0,0,0,0,0,0,0,-7488.13,0,0,0,0,0
31:10:15:23:07:25,-18.0817,-8.92642,0,0.0680924,0,0,0,0,0,0,0,0,0,0,0,0,-7488.13,0,0,0,0,0
31:10:15:23:07:26,-18.0817,-9.21252,0,0.0680924,0,0,0,0,0,0,0,0,0,0,0,0,-7488.13,0,0,0,0,0
31:10:15:23:07:27,-17.7956,-8.92642,0,0.0680924,0,0,0,0,0,0,0,0,0,0,0,0,-7488.13,0,0,0,0,0
31:10:15:23:07:28,-18.0817,-8.64032,0,0.0680924,0,0,0,0,0,0,0,0,0,0,0,0,-7488.13,0,0,0,0,0
31:10:15:23:07:29,-18.94,-8.64032,0,0.0667572,0,0,0,0,0,0,0,0,0,0,0,0,-7488.13,0,0,0,0,0
31:10:15:23:07:30,-18.6539,-8.35421,0,0.0694294,0,0,0,0,0,0,0,0,0,0,0,0,-7488.13,0,0,0,0,0
31:10:15:23:07:31,-18.6539,-9.49862,0,0.0720997,0,0,0,0,0,0,0,0,0,0,0,0,-7488.13,0,0,0,0,0
31:10:15:23:07:32,-18.6539,-8.92642,0,0.0694294,0,0,0,0,0,0,0,0,0,0,0,0,-7488.13,0,0,0,0,0
31:10:15:23:07:33,-18.94,-8.92642,0,0.0694294,0,0,0,0,0,0,0,0,0,0,0,0,-7488.13,0,0,0,0,0
31:10:15:23:07:34,-18.6539,-8.92642,0,0.0734348,0,0,0,0,0,0,0,0,0,0,0,0,-7488.13,0,0,0,0,0
31:10:15:23:07:35,-18.3678,-8.64032,0,0.0747681,0,0,0,0,0,0,0,0,0,0,0,0,-7488.13,0,0,0,0,0
31:10:15:23:07:36,-18.94,-9.49862,0,0.0720997,0,0,0,0,0,0,0,0,0,0,0,0,-7488.13,0,0,0,0,0
31:10:15:23:07:37,-18.6539,-8.64032,0,0.0694294,0,0,0,0,0,0,0,0,0,0,0,0,-7488.13,0,0,0,0,0
31:10:15:23:07:38,-18.3678,-8.64032,0,0.0680924,0,0,0,0,0,0,0,0,0,0,0,0,-7488.13,0,0,0,0,0
31:10:15:23:07:39,-18.94,-8.64032,0,0.0694294,0,0,0,0,0,0,0,0,0,0,0,0,-7488.13,0,0,0,0,0
31:10:15:23:07:40,-18.6539,-8.92642,0,0.0694294,0,0,0,0,0,0,0,0,0,0,0,0,-7488.13,0,0,0,0,0
31:10:15:23:07:41,-18.3678,-9.21252,0,0.0694294,0,0,0,0,0,0,0,0,0,0,0,0,-7488.13,0,0,0,0,0
31:10:15:23:07:42,-18.6539,-9.78472,0,0.0747681,0,0,0,0,0,0,0,0,0,0,0,0,-7488.13,0,0,0,0,0
31:10:15:23:07:43,-18.94,-9.49862,0,0.0720997,0,0,0,0,0,0,0,0,0,0,0,0,-7488.13,0,0,0,0,0
31:10:15:23:07:44,-18.94,-9.21252,0,0.0707626,0,0,0,0,0,0,0,0,0,0,0,0,-7488.13,0,0,0,0,0
31:10:15:23:07:45,-19.2261,-8.92642,0,0.0680924,0,0,0,0,0,0,0,0,0,0,0,0,-7488.13,0,0,0,0,0
31:10:15:23:07:46,-18.6539,-8.92642,0,0.0707626,0,0,0,0,0,0,0,0,0,0,0,0,-7488.13,0,0,0,0,0
31:10:15:23:07:47,-18.6539,-9.21252,0,0.0747681,0,0,0,0,0,0,0,0,0,0,0,0,-7488.13,0,0,0,0,0
31:10:15:23:07:48,-19.2261,-8.92642,0,0.0707626,0,0,0,0,0,0,0,0,0,0,0,0,-7488.13,0,0,0,0,0
31:10:15:23:07:49,-19.2261,-8.64032,0,0.0707626,0,0,0,0,0,0,0,0,0,0,0,0,-7488.13,0,0,0,0,0
31:10:15:23:07:50,-18.94,-9.21252,0,0.0680924,0,0,0,0,0,0,0,0,0,0,0,0,-7488.13,0,0,0,0,0
31:10:15:23:07:51,-18.6539,-9.21252,0,0.0734348,0,0,0,0,0,0,0,0,0,0,0,0,-7488.13,0,0,0,0,0
31:10:15:23:07:52,-18.94,-8.64032,0,0.0720997,0,0,0,0,0,0,0,0,0,0,0,0,-7488.13,0,0,0,0,0
31:10:15:23:07:53,-18.94,-9.49862,0,0.0694294,0,0,0,0,0,0,0,0,0,0,0,0,-7488.13,0,0,0,0,0
31:10:15:23:07:54,-18.6539,-8.92642,0,0.0694294,0,0,0,0,0,0,0,0,0,0,0,0,-7488.13,0,0,0,0,0
31:10:15:23:07:55,-19.2261,-9.21252,0,0.0707626,0,0,0,0,0,0,0,0,0,0,0,0,-7488.13,0,0,0,0,0
31:10:15:23:07:56,-19.5122,-9.78472,0,0.0707626,0,0,0,0,0,0,0,0,0,0,0,0,-7488.13,0,0,0,0,0
31:10:15:23:07:57,-18.6539,-9.21252,0,0.0694294,0,0,0,0,0,0,0,0,0,0,0,0,-7488.13,0,0,0,0,0
31:10:15:23:07:58,-19.5122,-9.49862,0,0.065424,0,0,0,0,0,0,0,0,0,0,0,0,-7488.13,0,0,0,0,0
31:10:15:23:07:59,-19.2261,-9.21252,0,0.0547428,0,0,0,0,0,0,0,0,0,0,0,0,-7488.13,0,0,0,0,0
31:10:15:23:08:00,-19.2261,-9.49862,0,0.0226975,0,0,0,0,0,0,0,0,0,0,0,0,-7488.13,0,0,0,0,0
31:10:15:23:08:01,-19.2261,-9.21252,0,0.0307083,0,0,0,0,0,0,0,0,0,0,0,0,-7488.13,0,0,0,0,0
31:10:15:23:08:02,-18.6539,-9.21252,0,0.0440617,0,0,0,0,0,0,0,0,0,0,0,0,-7488.13,0,0,0,0,0
31:10:15:23:08:03,-19.5122,-9.21252,0,0.0440617,0,0,0,0,0,0,0,0,0,0,0,0,-7488.13,0,0,0,0,0
31:10:15:23:08:04,-19.5122,-9.49862,0,0.0226975,0,0,0,0,0,0,0,0,0,0,0,0,-7488.13,0,0,0,0,0
31:10:15:23:08:05,-19.7983,-10.0708,0,0.0106792,0,0,0,0,0,0,0,0,0,0,0,0,-7488.13,0,0,0,0,0
31:10:15:23:08:06,-18.94,-9.78472,0,0.0133514,0,0,0,0,0,0,0,0,0,0,0,0,-7488.13,0,0,0,0,0
31:10:15:23:08:07,-18.94,-9.78472,0,0.0146866,0,0,0,0,0,0,0,0,0,0,0,0,-7488.13,0,0,0,0,0
31:10:15:23:08:08,-18.94,-10.0708,0,0.0267029,0,0,0,0,0,0,0,0,0,0,0,0,-7488.13,0,0,0,0,0
31:10:15:23:08:09,-19.2261,-10.0708,0,0.0213623,0,0,0,0,0,0,0,0,0,0,0,0,-7488.13,0,0,0,0,0
31:10:15:23:08:10,-18.94,-9.78472,0,0.0173569,0,0,0,0,0,0,0,0,0,0,0,0,-7488.13,0,0,0,0,0
31:10:15:23:08:11,-19.2261,-9.49862,0,0.00267029,0,0,0,0,0,0,0,0,0,0,0,0,-7488.13,0,0,0,0,0
31:10:15:23:08:12,-19.5122,-10.0708,0,0,0,0,0,0,0,0,0,0,0,0,0,0,-7488.13,0,0,0,0,0
31:10:15:23:08:13,-18.94,-9.49862,0,0,0,0,0,0,0,0,0,0,0,0,0,0,-7488.13,0,0,0,0,0
31:10:15:23:08:14,-19.5122,-9.78472,0,0.0133514,0,0,0,0,0,0,0,0,0,0,0,0,-7488.13,0,0,0,0,0
31:10:15:23:08:15,-19.2261,-9.21252,0,0.0293751,0,0,0,0,0,0,0,0,0,0,0,0,-7488.13,0,0,0,0,0
31:10:15:23:08:16,-18.94,-9.21252,0,0.0400562,0,0,0,0,0,0,0,0,0,0,0,0,-7488.13,0,0,0,0,0
31:10:15:23:08:17,-19.2261,-9.49862,0,0.0360508,0,0,0,0,0,0,0,0,0,0,0,0,-7488.13,0,0,0,0,0
31:10:15:23:08:18,-19.2261,-8.92642,0,0.0267029,0,0,0,0,0,0,0,0,0,0,0,0,-7488.13,0,0,0,0,0
31:10:15:23:08:19,-19.5122,-9.78472,0,0.0160217,0,0,0,0,0,0,0,0,0,0,0,0,-7488.13,0,0,0,0,0
31:10:15:23:08:20,-19.2261,-9.49862,0,0,0,0,0,0,0,0,0,0,0,0,0,0,-7488.13,0,0,0,0,0
31:10:15:23:08:21,-18.94,-9.49862,0,0,0,0,0,0,0,0,0,0,0,0,0,0,-7488.13,0,0,0,0,0
31:10:15:23:08:22,-18.94,-10.0708,0,0.00934601,0,0,0,0,0,0,0,0,0,0,0,0,-7488.13,0,0,0,0,0
31:10:15:23:08:23,-18.94,-9.78472,0,0.00934601,0,0,0,0,0,0,0,0,0,0,0,0,-7488.13,0,0,0,0,0
31:10:15:23:08:24,-14.9345,-4.6349,0,0.00801086,0,0,0,0,0,0,0,0,0,0,0,0,-7488.13,0,0,0,0,0
31:10:15:23:08:25,19.6837,35.7054,0,0.00934601,0,0,0,0,0,0,0,0,0,0,0,0,-7488.13,0,0,0,0,0
31:10:15:23:08:26,32.2722,42.8579,0,0.16556,0,0,0,0,0,0,0,0,0,0,0,0,-7488.13,0,0,0,0,0
31:10:15:23:08:27,27.9806,38.2803,0,1.70634,0,0,0,0,0,0,0,0,0,0,0,0,-7488.13,0,0,0,0,0
31:10:15:23:08:28,27.9806,37.422,0,2.43934,0,0,0,0,0,0,0,0,0,0,0,0,-7488.13,0,0,0,0,0
31:10:15:23:08:29,30.2695,39.7108,0,2.58488,0,0,0,0,0,0,0,0,0,0,0,0,-7488.13,0,0,0,0,0
31:10:15:23:08:30,29.6972,39.1386,0,2.59289,0,0,0,0,0,0,0,0,0,0,0,0,-7488.13,0,0,0,0,0
31:10:15:23:08:31,32.8444,42.2857,0,2.64362,0,0,0,0,0,0,0,0,0,0,0,0,-7488.13,0,0,0,0,0
31:10:15:23:08:32,33.4166,41.9996,0,3.00813,0,0,0,0,0,0,0,0,0,0,0,0,-7488.13,0,0,0,0,0
31:10:15:23:08:33,32.8444,41.4274,0,3.34859,0,0,0,0,0,0,0,0,0,0,0,0,-7488.13,0,0,0,0,0
31:10:15:23:08:34,32.2722,41.1413,0,3.58091,0,0,0,0,0,0,0,0,0,0,0,0,-7488.13,0,0,0,0,0
31:10:15:23:08:35,33.4166,41.7135,0,3.57958,0,0,0,0,0,0,0,0,0,0,0,0,-7488.13,0,0,0,0,0
31:10:15:23:08:36,32.5583,41.9996,0,3.5502,0,0,0,0,0,0,0,0,0,0,0,0,-7488.13,0,0,0,0,0
31:10:15:23:08:37,32.5583,41.4274,0,3.6223,0,0,0,0,0,0,0,0,0,0,0,0,-7488.13,0,0,0,0,0
31:10:15:23:08:38,32.5583,41.9996,0,3.57557,0,0,0,0,0,0,0,0,0,0,0,0,-7488.13,0,0,0,0,0
31:10:15:23:08:39,32.2722,41.7135,0,3.56622,0,0,0,0,0,0,0,0,0,0,0,0,-7488.13,0,0,0,0,0
31:10:15:23:08:40,32.8444,41.4274,0,3.5956,0,0,0,0,0,0,0,0,0,0,0,0,-7488.13,0,0,0,0,0
31:10:15:23:08:41,31.9861,40.5691,0,3.62898,0,0,0,0,0,0,0,0,0,0,0,0,-7488.13,0,0,0,0,0
31:10:15:23:08:42,32.5583,41.4274,0,3.62764,0,0,0,0,0,0,0,0,0,0,0,0,-7488.13,0,0,0,0,0
31:10:15:23:08:43,32.5583,41.4274,0,3.6757,0,0,0,0,0,0,0,0,0,0,0,0,-7488.13,0,0,0,0,0
31:10:15:23:08:44,32.2722,41.1413,0,3.71176,0,0,0,0,0,0,0,0,0,0,0,0,-7488.13,0,0,0,0,0
31:10:15:23:08:45,31.9861,41.4274,0,3.69974,0,0,0,0,0,0,0,0,0,0,0,0,-7488.13,0,0,0,0,0
31:10:15:23:08:46,32.2722,41.4274,0,3.6944,0,0,0,0,0,0,0,0,0,0,0,0,-7488.13,0,0,0,0,0
31:10:15:23:08:47,31.4139,41.1413,0,3.72511,0,0,0,0,0,0,0,0,0,0,0,0,-7488.13,0,0,0,0,0
31:10:15:23:08:48,31.9861,41.1413,0,3.75048,0,0,0,0,0,0,0,0,0,0,0,0,-7488.13,0,0,0,0,0
31:10:15:23:08:49,31.1278,40.283,0,3.71176,0,0,0,0,0,0,0,0,0,0,0,0,-7488.13,0,0,0,0,0
31:10:15:23:08:50,31.1278,39.9969,0,3.70775,0,0,0,0,0,0,0,0,0,0,0,0,-7488.13,0,0,0,0,0
31:10:15:23:08:51,31.4139,40.283,0,3.68372,0,0,0,0,0,0,0,0,0,0,0,0,-7488.13,0,0,0,0,0
31:10:15:23:08:52,31.1278,39.9969,0,3.7171,0,0,0,0,0,0,0,0,0,0,0,0,-7488.13,0,0,0,0,0
31:10:15:23:08:53,31.1278,40.5691,0,3.75715,0,0,0,0,0,0,0,0,0,0,0,0,-7488.13,0,0,0,0,0
31:10:15:23:08:54,31.4139,39.9969,0,3.77985,0,0,0,0,0,0,0,0,0,0,0,0,-7488.13,0,0,0,0,0
31:10:15:23:08:55,31.1278,40.283,0,3.82124,0,0,0,0,0,0,0,0,0,0,0,0,-7488.13,0,0,0,0,0
31:10:15:23:08:56,31.7,40.8552,0,3.79854,0,0,0,0,0,0,0,0,0,0,0,0,-7488.13,0,0,0,0,0
31:10:15:23:08:57,34.2749,44.2884,0,3.82792,0,0,0,0,0,0,0,0,0,0,0,0,-7488.13,0,0,0,0,0
31:10:15:23:08:58,38.2803,46.5772,0,3.81991,0,0,0,0,0,0,0,0,0,0,0,0,-7488.13,0,0,0,0,0
31:10:15:23:08:59,45.4328,54.302,0,3.93874,0,0,0,0,0,0,0,0,0,0,0,0,-7488.13,0,0,0,0,0
31:10:15:23:09:00,49.7243,59.1657,0,3.99882,0,0,0,0,0,0,0,0,0,0,0,0,-7488.13,0,0,0,0,0
31:10:15:23:09:01,53.1576,63.1711,3.81112,4.20443,0,0,0,0,0,0,0,0,0,0,0,0,-7488.13,0,0,0,0,0
31:10:15:23:09:02,55.7325,65.1738,4.31319,4.36732,3.81112,0,0,0,0,0,0,0,0,0,0,0,-7488.13,0,0,0,0,0
31:10:15:23:09:03,56.3047,66.3182,4.26427,4.47013,4.31319,0,0,0,0,0,0,0,0,0,0,0,-7488.13,0,0,0,0,0
31:10:15:23:09:04,57.4491,66.8904,4.25619,4.5222,4.26427,0,0,0,0,0,0,0,0,0,0,0,-7488.13,0,0,0,0,0
31:10:15:23:09:05,57.7352,67.7487,4.25007,4.51285,4.25619,0,0,0,0,0,0,0,0,0,0,0,-7488.13,0,0,0,0,0
31:10:15:23:09:06,58.5935,68.607,4.25055,4.5716,4.25007,0,0,0,0,0,0,0,0,0,0,0,-7488.13,0,0,0,0,0
31:10:15:23:09:07,59.4518,68.607,4.25055,4.61967,4.25055,0,0,0,0,0,0,0,0,0,0,0,-7488.13,0,0,0,0,0
31:10:15:23:09:08,60.3101,69.7514,4.24812,4.67975,4.25055,0,0,0,0,0,0,0,0,0,0,0,-7488.13,0,0,0,0,0
31:10:15:23:09:09,62.5989,72.0402,4.25007,4.68643,4.24812,0,0,0,0,0,0,0,0,0,0,0,-7488.13,0,0,0,0,0
31:10:15:23:09:10,65.1738,74.6151,4.25057,4.74517,4.25007,0,0,0,0,0,0,0,0,0,0,0,-7488.13,0,0,0,0,0
31:10:15:23:09:11,66.3182,75.1873,4.24763,4.77188,4.25057,0,0,0,0,0,0,0,0,0,0,0,-7488.13,0,0,0,0,0
31:10:15:23:09:12,66.8904,76.6179,4.24569,4.77054,4.24763,0,0,0,0,0,0,0,0,0,0,0,-7488.13,0,0,0,0,0
31:10:15:23:09:13,66.8904,76.9039,4.24471,4.77989,4.24569,0,0,0,0,0,0,0,0,0,0,0,-7488.13,0,0,0,0,0
31:10:15:23:09:14,66.6043,76.6179,4.2435,4.78656,4.24471,0,0,0,0,0,0,0,0,0,0,0,-7488.13,0,0,0,0,0
31:10:15:23:09:15,65.746,74.9012,4.24666,4.79591,4.2435,0,0,0,0,0,0,0,0,0,0,0,-7488.13,0,0,0,0,0
31:10:15:23:09:16,64.0294,72.6124,4.25178,4.80793,4.24666,0,0,0,0,0,0,0,0,0,0,0,-7488.13,0,0,0,0,0
31:10:15:23:09:17,61.7406,70.8958,4.25031,4.79725,4.25178,0,0,0,0,0,0,0,0,0,0,0,-7488.13,0,0,0,0,0
31:10:15:23:09:18,60.8823,70.3236,4.25177,4.78523,4.25031,0,0,0,0,0,0,0,0,0,0,0,-7488.13,0,0,0,0,0
31:10:15:23:09:19,60.3101,69.4653,4.25323,4.7919,4.25177,0,0,0,0,0,0,0,0,0,0,0,-7488.13,0,0,0,0,0
31:10:15:23:09:20,59.7379,69.4653,4.2525,4.78122,4.25323,0,0,0,0,0,0,0,0,0,0,0,-7488.13,0,0,0,0,0
31:10:15:23:09:21,59.7379,69.1792,4.25031,4.8106,4.2525,0,0,0,0,0,0,0,0,0,0,0,-7488.13,0,0,0,0,0
31:10:15:23:09:22,59.7379,68.8931,4.25153,4.81861,4.25031,0,0,0,0,0,0,0,0,0,0,0,-7488.13,0,0,0,0,0
31:10:15:23:09:23,59.7379,68.607,4.25275,4.81193,4.25153,0,0,0,0,0,0,0,0,0,0,0,-7488.13,0,0,0,0,0
31:10:15:23:09:24,58.8796,68.607,4.25397,4.82128,4.25275,0,0,0,0,0,0,0,0,0,0,0,-7488.13,0,0,0,0,0
31:10:15:23:09:25,59.1657,69.1792,4.25153,4.79591,4.25397,0,0,0,0,0,0,0,0,0,0,0,-7488.13,0,0,0,0,0
31:10:15:23:09:26,58.8796,68.8931,4.25469,4.78656,4.25153,0,0,0,0,0,0,0,0,0,0,0,-7488.13,0,0,0,0,0
31:10:15:23:09:27,58.8796,68.8931,4.25177,4.7879,4.25469,0,0,0,0,0,0,0,0,0,0,0,-7488.13,0,0,0,0,0
31:10:15:23:09:28,58.8796,68.607,4.25226,4.79057,4.25177,0,0,0,0,0,0,0,0,0,0,0,-7488.13,0,0,0,0,0
31:10:15:23:09:29,58.8796,68.0348,4.2491,4.79057,4.25226,0,0,0,0,0,0,0,0,0,0,0,-7488.13,0,0,0,0,0
31:10:15:23:09:30,58.5935,68.3209,4.25421,4.79324,4.2491,0,0,0,0,0,0,0,0,0,0,0,-7488.13,0,0,0,0,0
31:10:15:23:09:31,58.5935,67.7487,4.25323,4.77321,4.25421,0,0,0,0,0,0,0,0,0,0,0,-7488.13,0,0,0,0,0
31:10:15:23:09:32,58.3074,68.3209,4.25202,4.75185,4.25323,0,0,0,0,0,0,0,0,0,0,0,-7488.13,0,0,0,0,0
31:10:15:23:09:33,58.5935,68.3209,4.25033,4.77989,4.25202,0,0,0,0,0,0,0,0,0,0,0,-7488.13,0,0,0,0,0
31:10:15:23:09:34,58.5935,68.607,4.25348,4.78256,4.25033,0,0,0,0,0,0,0,0,0,0,0,-7488.13,0,0,0,0,0
31:10:15:23:09:35,58.5935,68.3209,4.25446,4.80659,4.25348,0,0,0,0,0,0,0,0,0,0,0,-7488.13,0,0,0,0,0
31:10:15:23:09:36,58.5935,68.3209,4.2508,4.79591,4.25446,0,0,0,0,0,0,0,0,0,0,0,-7488.13,0,0,0,0,0
31:10:15:23:09:37,58.3074,68.3209,4.25348,4.79992,4.2508,0,0,0,0,0,0,0,0,0,0,0,-7488.13,0,0,0,0,0
31:10:15:23:09:38,58.5935,67.7487,4.25153,4.76921,4.25348,0,0,0,0,0,0,0,0,0,0,0,-7488.13,0,0,0,0,0
31:10:15:23:09:39,58.5935,68.3209,4.25128,4.77188,4.25153,0,0,0,0,0,0,0,0,0,0,0,-7488.13,0,0,0,0,0
31:10:15:23:09:40,58.8796,68.8931,4.24933,4.77855,4.25128,0,0,0,0,0,0,0,0,0,0,0,-7488.13,0,0,0,0,0
31:10:15:23:09:41,58.5935,68.0348,4.25276,4.77855,4.24933,0,0,0,0,0,0,0,0,0,0,0,-7488.13,0,0,0,0,0
31:10:15:23:09:42,58.5935,68.607,4.25276,4.75719,4.25276,0,0,0,0,0,0,0,0,0,0,0,-7488.13,0,0,0,0,0
31:10:15:23:09:43,59.1657,68.0348,4.2525,4.77455,4.25276,0,0,0,0,0,0,0,0,0,0,0,-7488.13,0,0,0,0,0
31:10:15:23:09:44,58.3074,68.0348,4.2525,4.80659,4.2525,0,0,0,0,0,0,0,0,0,0,0,-7488.13,0,0,0,0,0
31:10:15:23:09:45,58.8796,68.0348,4.25006,4.79458,4.2525,0,0,0,0,0,0,0,0,0,0,0,-7488.13,0,0,0,0,0
31:10:15:23:09:46,58.3074,68.3209,4.25202,4.81994,4.25006,0,0,0,0,0,0,0,0,0,0,0,-7488.13,0,0,0,0,0
31:10:15:23:09:47,58.5935,68.607,4.25299,4.83463,4.25202,0,0,0,0,0,0,0,0,0,0,0,-7488.13,0,0,0,0,0
31:10:15:23:09:48,58.3074,68.3209,4.24885,4.8106,4.25299,0,0,0,0,0,0,0,0,0,0,0,-7488.13,0,0,0,0,0
31:10:15:23:09:49,58.5935,68.0348,4.25177,4.80259,4.24885,0,0,0,0,0,0,0,0,0,0,0,-7488.13,0,0,0,0,0
31:10:15:23:09:50,58.8796,68.3209,4.25275,4.81727,4.25177,0,0,0,0,0,0,0,0,0,0,0,-7488.13,0,0,0,0,0
31:10:15:23:09:51,58.5935,67.4626,4.25348,4.80793,4.25275,0,0,0,0,0,0,0,0,0,0,0,-7488.13,0,0,0,0,0
31:10:15:23:09:52,58.0213,68.0348,4.25104,4.83329,4.25348,0,0,0,0,0,0,0,0,0,0,0,-7488.13,0,0,0,0,0
31:10:15:23:09:53,58.3074,68.0348,4.25642,4.82128,4.25104,0,0,0,0,0,0,0,0,0,0,0,-7488.13,0,0,0,0,0
31:10:15:23:09:54,58.5935,68.0348,4.25153,4.8373,4.25642,0,0,0,0,0,0,0,0,0,0,0,-7488.13,0,0,0,0,0
31:10:15:23:09:55,58.5935,68.0348,4.25032,4.81727,4.25153,0,0,0,0,0,0,0,0,0,0,0,-7488.13,0,0,0,0,0
31:10:15:23:09:56,58.5935,67.7487,4.25032,4.81193,4.25032,0,0,0,0,0,0,0,0,0,0,0,-7488.13,0,0,0,0,0
31:10:15:23:09:57,58.3074,68.0348,4.24812,4.81727,4.25032,0,0,0,0,0,0,0,0,0,0,0,-7488.13,0,0,0,0,0
31:10:15:23:09:58,58.3074,68.3209,4.25153,4.83997,4.24812,0,0,0,0,0,0,0,0,0,0,0,-7488.13,0,0,0,0,0
31:10:15:23:09:59,58.5935,67.7487,4.25177,4.80392,4.25153,0,0,0,0,0,0,0,0,0,0,0,-7488.13,0,0,0,0,0
31:10:15:23:10:00,58.3074,67.7487,4.25177,4.80392,4.25177,0,0,0,0,0,0,0,0,0,0,0,-7488.13,0,0,0,0,0
31:10:15:23:10:01,58.0213,67.4626,4.25152,4.78657,4.25177,0,0,0,0,0,0,0,0,0,0,0,-7488.13,0,0,0,0,0
31:10:15:23:10:02,58.3074,67.7487,4.25397,4.7919,4.25152,0,0,0,0,0,0,0,0,0,0,0,-7488.13,0,0,0,0,0
31:10:15:23:10:03,58.0213,68.3209,4.25128,4.78389,4.25397,0,0,0,0,0,0,0,0,0,0,0,-7488.13,0,0,0,0,0
31:10:15:23:10:04,58.8796,68.0348,4.2508,4.80526,4.25128,0,0,0,0,0,0,0,0,0,0,0,-7488.13,0,0,0,0,0
31:10:15:23:10:05,58.3074,67.7487,4.25397,4.80526,4.2508,0,0,0,0,0,0,0,0,0,0,0,-7488.13,0,0,0,0,0
31:10:15:23:10:06,58.3074,67.7487,4.25177,4.80659,4.25397,0,0,0,0,0,0,0,0,0,0,0,-7488.13,0,0,0,0,0
31:10:15:23:10:07,58.3074,68.0348,4.25372,4.79324,4.25177,0,0,0,0,0,0,0,0,0,0,0,-7488.13,0,0,0,0,0
31:10:15:23:10:08,58.5935,68.0348,4.25348,4.82261,4.25372,0,0,0,0,0,0,0,0,0,0,0,-7488.13,0,0,0,0,0
31:10:15:23:10:09,58.0213,67.7487,4.25202,4.81994,4.25348,0,0,0,0,0,0,0,0,0,0,0,-7488.13,0,0,0,0,0
31:10:15:23:10:10,58.3074,67.7487,4.25129,4.79858,4.25202,0,0,0,0,0,0,0,0,0,0,0,-7488.13,0,0,0,0,0
31:10:15:23:10:11,58.0213,67.1765,4.25226,4.81327,4.25129,0,0,0,0,0,0,0,0,0,0,0,-7488.13,0,0,0,0,0
31:10:15:23:10:12,58.0213,68.3209,4.25348,4.77455,4.25226,0,0,0,0,0,0,0,0,0,0,0,-7488.13,0,0,0,0,0
31:10:15:23:10:13,58.0213,66.8904,4.25396,4.80526,4.25348,0,0,0,0,0,0,0,0,0,0,0,-7488.13,0,0,0,0,0
31:10:15:23:10:14,58.5935,67.7487,4.25202,4.78657,4.25396,0,0,0,0,0,0,0,0,0,0,0,-7488.13,0,0,0,0,0
31:10:15:23:10:15,58.3074,67.1765,4.25519,4.77989,4.25202,0,0,0,0,0,0,0,0,0,0,0,-7488.13,0,0,0,0,0
31:10:15:23:10:16,58.0213,67.7487,4.25104,4.78122,4.25519,0,0,0,0,0,0,0,0,0,0,0,-7488.13,0,0,0,0,0
31:10:15:23:10:17,57.7352,67.7487,4.25446,4.80926,4.25104,0,0,0,0,0,0,0,0,0,0,0,-7488.13,0,0,0,0,0
31:10:15:23:10:18,58.0213,67.7487,4.25446,4.83463,4.25446,0,0,0,0,0,0,0,0,0,0,0,-7488.13,0,0,0,0,0
31:10:15:23:10:19,58.5935,67.4626,4.25177,4.83062,4.25446,0,0,0,0,0,0,0,0,0,0,0,-7488.13,0,0,0,0,0
31:10:15:23:10:20,58.0213,67.1765,4.25372,4.84932,4.25177,0,0,0,0,0,0,0,0,0,0,0,-7488.13,0,0,0,0,0
31:10:15:23:10:21,57.4491,67.4626,4.25274,4.86534,4.25372,0,0,0,0,0,0,0,0,0,0,0,-7488.13,0,0,0,0,0
31:10:15:23:10:22,58.5935,68.3209,4.25274,4.86534,4.25274,0,0,0,0,0,0,0,0,0,0,0,-7488.13,0,0,0,0,0
31:10:15:23:10:23,57.7352,67.7487,4.25274,4.84665,4.25274,0,0,0,0,0,0,0,0,0,0,0,-7488.13,0,0,0,0,0
31:10:15:23:10:24,58.0213,66.8904,4.25177,4.86801,4.25274,0,0,0,0,0,0,0,0,0,0,0,-7488.13,0,0,0,0,0
31:10:15:23:10:25,57.7352,67.7487,4.25056,4.85599,4.25177,0,0,0,0,0,0,0,0,0,0,0,-7488.13,0,0,0,0,0
31:10:15:23:10:26,57.4491,67.1765,4.25152,4.84531,4.25056,0,0,0,0,0,0,0,0,0,0,0,-7488.13,0,0,0,0,0
31:10:15:23:10:27,57.4491,67.4626,4.25372,4.80926,4.25152,0,0,0,0,0,0,0,0,0,0,0,-7488.13,0,0,0,0,0
31:10:15:23:10:28,58.3074,66.8904,4.25299,4.78122,4.25372,0,0,0,0,0,0,0,0,0,0,0,-7488.13,0,0,0,0,0
31:10:15:23:10:29,58.0213,66.6043,4.25348,4.7919,4.25299,0,0,0,0,0,0,0,0,0,0,0,-7488.13,0,0,0,0,0
31:10:15:23:10:30,57.4491,67.1765,4.25128,4.79057,4.25348,0,0,0,0,0,0,0,0,0,0,0,-7488.13,0,0,0,0,0
31:10:15:23:10:31,57.7352,68.0348,4.25128,4.77188,4.25128,0,0,0,0,0,0,0,0,0,0,0,-7488.13,0,0,0,0,0
31:10:15:23:10:32,57.7352,67.1765,4.24886,4.77989,4.25128,0,0,0,0,0,0,0,0,0,0,0,-7488.13,0,0,0,0,0
31:10:15:23:10:33,58.0213,67.4626,4.25153,4.79591,4.24886,0,0,0,0,0,0,0,0,0,0,0,-7488.13,0,0,0,0,0
31:10:15:23:10:34,58.0213,66.8904,4.25422,4.78256,4.25153,0,0,0,0,0,0,0,0,0,0,0,-7488.13,0,0,0,0,0
31:10:15:23:10:35,58.0213,67.4626,4.24983,4.78656,4.25422,0,0,0,0,0,0,0,0,0,0,0,-7488.13,0,0,0,0,0
31:10:15:23:10:36,57.4491,67.4626,4.25226,4.82128,4.24983,0,0,0,0,0,0,0,0,0,0,0,-7488.13,0,0,0,0,0
31:10:15:23:10:37,57.4491,67.1765,4.25177,4.85599,4.25226,0,0,0,0,0,0,0,0,0,0,0,-7488.13,0,0,0,0,0
31:10:15:23:10:38,57.4491,67.4626,4.25568,4.85199,4.25177,0,0,0,0,0,0,0,0,0,0,0,-7488.13,0,0,0,0,0
31:10:15:23:10:39,57.7352,66.8904,4.24911,4.82929,4.25568,0,0,0,0,0,0,0,0,0,0,0,-7488.13,0,0,0,0,0
31:10:15:23:10:40,57.7352,67.1765,4.25056,4.80793,4.24911,0,0,0,0,0,0,0,0,0,0,0,-7488.13,0,0,0,0,0
31:10:15:23:10:41,57.7352,67.4626,4.25007,4.83864,4.25056,0,0,0,0,0,0,0,0,0,0,0,-7488.13,0,0,0,0,0
31:10:15:23:10:42,57.7352,67.1765,4.25347,4.83596,4.25007,0,0,0,0,0,0,0,0,0,0,0,-7488.13,0,0,0,0,0
31:10:15:23:10:43,56.8769,67.1765,4.25323,4.83463,4.25347,0,0,0,0,0,0,0,0,0,0,0,-7488.13,0,0,0,0,0
31:10:15:23:10:44,57.4491,66.8904,4.25348,4.84798,4.25323,0,0,0,0,0,0,0,0,0,0,0,-7488.13,0,0,0,0,0
31:10:15:23:10:45,57.163,66.8904,4.25348,4.82929,4.25348,0,0,0,0,0,0,0,0,0,0,0,-7488.13,0,0,0,0,0
31:10:15:23:10:46,57.4491,67.4626,4.25153,4.8106,4.25348,0,0,0,0,0,0,0,0,0,0,0,-7488.13,0,0,0,0,0
31:10:15:23:10:47,57.163,67.1765,4.25152,4.84531,4.25153,0,0,0,0,0,0,0,0,0,0,0,-7488.13,0,0,0,0,0
31:10:15:23:10:48,57.4491,67.1765,4.25348,4.82929,4.25152,0,0,0,0,0,0,0,0,0,0,0,-7488.13,0,0,0,0,0
31:10:15:23:10:49,57.163,67.1765,4.2508,4.8373,4.25348,0,0,0,0,0,0,0,0,0,0,0,-7488.13,0,0,0,0,0
31:10:15:23:10:50,57.163,66.8904,4.25299,4.83997,4.2508,0,0,0,0,0,0,0,0,0,0,0,-7488.13,0,0,0,0,0
31:10:15:23:10:51,57.7352,66.8904,4.25129,4.82662,4.25299,0,0,0,0,0,0,0,0,0,0,0,-7488.13,0,0,0,0,0
31:10:15:23:10:52,57.7352,66.6043,4.25202,4.84398,4.25129,0,0,0,0,0,0,0,0,0,0,0,-7488.13,0,0,0,0,0
31:10:15:23:10:53,57.163,66.8904,4.25178,4.82261,4.25202,0,0,0,0,0,0,0,0,0,0,0,-7488.13,0,0,0,0,0
31:10:15:23:10:54,56.8769,66.8904,4.24861,4.82395,4.25178,0,0,0,0,0,0,0,0,0,0,0,-7488.13,0,0,0,0,0
31:10:15:23:10:55,57.4491,66.6043,4.25226,4.8146,4.24861,0,0,0,0,0,0,0,0,0,0,0,-7488.13,0,0,0,0,0
31:10:15:23:10:56,57.4491,66.6043,4.25396,4.8146,4.25226,0,0,0,0,0,0,0,0,0,0,0,-7488.13,0,0,0,0,0
31:10:15:23:10:57,57.163,67.1765,4.25372,4.78923,4.25396,0,0,0,0,0,0,0,0,0,0,0,-7488.13,0,0,0,0,0
31:10:15:23:10:58,57.163,66.6043,4.25763,4.81727,4.25372,0,0,0,0,0,0,0,0,0,0,0,-7488.13,0,0,0,0,0
31:10:15:23:10:59,57.4491,66.3182,4.24884,4.85466,4.25763,0,0,0,0,0,0,0,0,0,0,0,-7488.13,0,0,0,0,0
31:10:15:23:11:00,57.163,66.6043,4.25226,4.83463,4.24884,0,0,0,0,0,0,0,0,0,0,0,-7488.13,0,0,0,0,0
31:10:15:23:11:01,56.8769,66.8904,4.25226,4.81861,4.25226,0,0,0,0,0,0,0,0,0,0,0,-7488.13,0,0,0,0,0
31:10:15:23:11:02,57.4491,67.1765,4.24983,4.8146,4.25226,0,0,0,0,0,0,0,0,0,0,0,-7488.13,0,0,0,0,0
31:10:15:23:11:03,56.8769,66.8904,4.25543,4.80659,4.24983,0,0,0,0,0,0,0,0,0,0,0,-7488.13,0,0,0,0,0
31:10:15:23:11:04,58.0213,66.6043,4.25421,4.79191,4.25543,0,0,0,0,0,0,0,0,0,0,0,-7488.13,0,0,0,0,0
31:10:15:23:11:05,57.163,67.1765,4.25421,4.80392,4.25421,0,0,0,0,0,0,0,0,0,0,0,-7488.13,0,0,0,0,0
31:10:15:23:11:06,57.7352,67.1765,4.25421,4.77855,4.25421,0,0,0,0,0,0,0,0,0,0,0,-7488.13,0,0,0,0,0
31:10:15:23:11:07,57.4491,67.4626,4.25494,4.79324,4.25421,0,0,0,0,0,0,0,0,0,0,0,-7488.13,0,0,0,0,0
31:10:15:23:11:08,57.4491,67.4626,4.25348,4.76654,4.25494,0,0,0,0,0,0,0,0,0,0,0,-7488.13,0,0,0,0,0
31:10:15:23:11:09,58.0213,67.4626,4.2525,4.73316,4.25348,0,0,0,0,0,0,0,0,0,0,0,-7488.13,0,0,0,0,0
31:10:15:23:11:10,57.163,66.6043,4.25323,4.74117,4.2525,0,0,0,0,0,0,0,0,0,0,0,-7488.13,0,0,0,0,0
31:10:15:23:11:11,57.163,67.4626,4.25494,4.73449,4.25323,0,0,0,0,0,0,0,0,0,0,0,-7488.13,0,0,0,0,0
31:10:15:23:11:12,57.163,67.1765,4.25494,4.75051,4.25494,0,0,0,0,0,0,0,0,0,0,0,-7488.13,0,0,0,0,0
31:10:15:23:11:13,57.163,66.8904,4.25421,4.72648,4.25494,0,0,0,0,0,0,0,0,0,0,0,-7488.13,0,0,0,0,0
31:10:15:23:11:14,57.163,66.6043,4.25299,4.77321,4.25421,0,0,0,0,0,0,0,0,0,0,0,-7488.13,0,0,0,0,0
31:10:15:23:11:15,57.7352,67.4626,4.2508,4.77455,4.25299,0,0,0,0,0,0,0,0,0,0,0,-7488.13,0,0,0,0,0
31:10:15:23:11:16,58.0213,66.8904,4.253,4.7612,4.2508,0,0,0,0,0,0,0,0,0,0,0,-7488.13,0,0,0,0,0
31:10:15:23:11:17,57.7352,67.4626,4.25323,4.73716,4.253,0,0,0,0,0,0,0,0,0,0,0,-7488.13,0,0,0,0,0
31:10:15:23:11:18,57.163,66.6043,4.25323,4.76654,4.25323,0,0,0,0,0,0,0,0,0,0,0,-7488.13,0,0,0,0,0
31:10:15:23:11:19,57.7352,66.8904,4.25323,4.75052,4.25323,0,0,0,0,0,0,0,0,0,0,0,-7488.13,0,0,0,0,0
31:10:15:23:11:20,56.5908,66.8904,4.25372,4.74651,4.25323,0,0,0,0,0,0,0,0,0,0,0,-7488.13,0,0,0,0,0
31:10:15:23:11:21,56.8769,66.8904,4.25323,4.76387,4.25372,0,0,0,0,0,0,0,0,0,0,0,-7488.13,0,0,0,0,0
31:10:15:23:11:22,57.7352,66.6043,4.25177,4.75319,4.25323,0,0,0,0,0,0,0,0,0,0,0,-7488.13,0,0,0,0,0
31:10:15:23:11:23,56.8769,66.8904,4.25422,4.77855,4.25177,0,0,0,0,0,0,0,0,0,0,0,-7488.13,0,0,0,0,0
31:10:15:23:11:24,57.7352,66.3182,4.25276,4.77855,4.25422,0,0,0,0,0,0,0,0,0,0,0,-7488.13,0,0,0,0,0
31:10:15:23:11:25,57.163,66.8904,4.25617,4.79458,4.25276,0,0,0,0,0,0,0,0,0,0,0,-7488.13,0,0,0,0,0
31:10:15:23:11:26,57.7352,66.8904,4.25593,4.79992,4.25617,0,0,0,0,0,0,0,0,0,0,0,-7488.13,0,0,0,0,0
31:10:15:23:11:27,57.7352,66.8904,4.24982,4.83196,4.25593,0,0,0,0,0,0,0,0,0,0,0,-7488.13,0,0,0,0,0
31:10:15:23:11:28,57.163,66.6043,4.25617,4.81193,4.24982,0,0,0,0,0,0,0,0,0,0,0,-7488.13,0,0,0,0,0
31:10:15:23:11:29,57.163,66.6043,4.25837,4.82128,4.25617,0,0,0,0,0,0,0,0,0,0,0,-7488.13,0,0,0,0,0
31:10:15:23:11:30,57.163,66.8904,4.25396,4.82662,4.25837,0,0,0,0,0,0,0,0,0,0,0,-7488.13,0,0,0,0,0
31:10:15:23:11:31,57.163,67.1765,4.25226,4.80926,4.25396,0,0,0,0,0,0,0,0,0,0,0,-7488.13,0,0,0,0,0
31:10:15:23:11:32,57.4491,67.4626,4.25299,4.79324,4.25226,0,0,0,0,0,0,0,0,0,0,0,-7488.13,0,0,0,0,0
31:10:15:23:11:33,57.4491,66.6043,4.25519,4.7919,4.25299,0,0,0,0,0,0,0,0,0,0,0,-7488.13,0,0,0,0,0
31:10:15:23:11:34,57.4491,67.1765,4.25592,4.79724,4.25519,0,0,0,0,0,0,0,0,0,0,0,-7488.13,0,0,0,0,0
31:10:15:23:11:35,57.4491,66.6043,4.25396,4.80392,4.25592,0,0,0,0,0,0,0,0,0,0,0,-7488.13,0,0,0,0,0
31:10:15:23:11:36,57.163,66.8904,4.25445,4.79725,4.25396,0,0,0,0,0,0,0,0,0,0,0,-7488.13,0,0,0,0,0
31:10:15:23:11:37,56.8769,66.8904,4.25494,4.79458,4.25445,0,0,0,0,0,0,0,0,0,0,0,-7488.13,0,0,0,0,0
31:10:15:23:11:38,57.7352,66.8904,4.25519,4.81193,4.25494,0,0,0,0,0,0,0,0,0,0,0,-7488.13,0,0,0,0,0
31:10:15:23:11:39,57.4491,66.6043,4.25153,4.82529,4.25519,0,0,0,0,0,0,0,0,0,0,0,-7488.13,0,0,0,0,0
31:10:15:23:11:40,57.7352,66.8904,4.25594,4.81994,4.25153,0,0,0,0,0,0,0,0,0,0,0,-7488.13,0,0,0,0,0
31:10:15:23:11:41,57.4491,67.7487,4.25348,4.80392,4.25594,0,0,0,0,0,0,0,0,0,0,0,-7488.13,0,0,0,0,0
31:10:15:23:11:42,57.4491,67.1765,4.2547,4.78389,4.25348,0,0,0,0,0,0,0,0,0,0,0,-7488.13,0,0,0,0,0
31:10:15:23:11:43,57.7352,67.1765,4.2547,4.79591,4.2547,0,0,0,0,0,0,0,0,0,0,0,-7488.13,0,0,0,0,0
31:10:15:23:11:44,57.4491,67.1765,4.2547,4.79725,4.2547,0,0,0,0,0,0,0,0,0,0,0,-7488.13,0,0,0,0,0
31:10:15:23:11:45,57.163,66.8904,4.2547,4.80259,4.2547,0,0,0,0,0,0,0,0,0,0,0,-7488.13,0,0,0,0,0
31:10:15:23:11:46,57.7352,66.8904,4.25666,4.8373,4.2547,0,0,0,0,0,0,0,0,0,0,0,-7488.13,0,0,0,0,0
31:10:15:23:11:47,57.7352,66.3182,4.25421,4.79724,4.25666,0,0,0,0,0,0,0,0,0,0,0,-7488.13,0,0,0,0,0
31:10:15:23:11:48,57.7352,66.6043,4.25421,4.82395,4.25421,0,0,0,0,0,0,0,0,0,0,0,-7488.13,0,0,0,0,0
31:10:15:23:11:49,57.7352,66.6043,4.25397,4.79725,4.25421,0,0,0,0,0,0,0,0,0,0,0,-7488.13,0,0,0,0,0
31:10:15:23:11:50,57.7352,66.8904,4.25397,4.79191,4.25397,0,0,0,0,0,0,0,0,0,0,0,-7488.13,0,0,0,0,0
31:10:15:23:11:51,58.0213,67.1765,4.25154,4.79324,4.25397,0,0,0,0,0,0,0,0,0,0,0,-7488.13,0,0,0,0,0
31:10:15:23:11:52,56.8769,66.3182,4.25568,4.77054,4.25154,0,0,0,0,0,0,0,0,0,0,0,-7488.13,0,0,0,0,0
31:10:15:23:11:53,58.0213,66.6043,4.25275,4.75185,4.25568,0,0,0,0,0,0,0,0,0,0,0,-7488.13,0,0,0,0,0
31:10:15:23:11:54,57.4491,66.8904,4.25348,4.74117,4.25275,0,0,0,0,0,0,0,0,0,0,0,-7488.13,0,0,0,0,0
31:10:15:23:11:55,57.7352,66.3182,4.25666,4.76921,4.25348,0,0,0,0,0,0,0,0,0,0,0,-7488.13,0,0,0,0,0
31:10:15:23:11:56,57.163,66.3182,4.25349,4.75586,4.25666,0,0,0,0,0,0,0,0,0,0,0,-7488.13,0,0,0,0,0
31:10:15:23:11:57,58.0213,66.6043,4.25543,4.75719,4.25349,0,0,0,0,0,0,0,0,0,0,0,-7488.13,0,0,0,0,0
31:10:15:23:11:58,57.7352,66.3182,4.25616,4.78122,4.25543,0,0,0,0,0,0,0,0,0,0,0,-7488.13,0,0,0,0,0
31:10:15:23:11:59,57.163,66.6043,4.25518,4.76921,4.25616,0,0,0,0,0,0,0,0,0,0,0,-7488.13,0,0,0,0,0
31:10:15:23:12:00,57.7352,66.6043,4.25494,4.7879,4.25518,0,0,0,0,0,0,0,0,0,0,0,-7488.13,0,0,0,0,0
31:10:15:23:12:01,58.0213,66.3182,4.25836,4.77321,4.25494,0,0,0,0,0,0,0,0,0,0,0,-7488.13,0,0,0,0,0
31:10:15:23:12:02,57.4491,67.1765,4.25396,4.75719,4.25836,0,0,0,0,0,0,0,0,0,0,0,-7488.13,0,0,0,0,0
31:10:15:23:12:03,57.4491,66.6043,4.25056,4.77321,4.25396,0,0,0,0,0,0,0,0,0,0,0,-7488.13,0,0,0,0,0
31:10:15:23:12:04,57.4491,66.8904,4.25178,4.79057,4.25056,0,0,0,0,0,0,0,0,0,0,0,-7488.13,0,0,0,0,0
31:10:15:23:12:05,57.163,66.3182,4.25397,4.76787,4.25178,0,0,0,0,0,0,0,0,0,0,0,-7488.13,0,0,0,0,0
31:10:15:23:12:06,57.4491,67.1765,4.25592,4.80392,4.25397,0,0,0,0,0,0,0,0,0,0,0,-7488.13,0,0,0,0,0
31:10:15:23:12:07,58.0213,66.6043,4.25177,4.78523,4.25592,0,0,0,0,0,0,0,0,0,0,0,-7488.13,0,0,0,0,0
31:10:15:23:12:08,57.163,67.1765,4.25469,4.82796,4.25177,0,0,0,0,0,0,0,0,0,0,0,-7488.13,0,0,0,0,0
31:10:15:23:12:09,57.4491,66.6043,4.25518,4.80392,4.25469,0,0,0,0,0,0,0,0,0,0,0,-7488.13,0,0,0,0,0
31:10:15:23:12:10,56.8769,66.0321,4.25299,4.7879,4.25518,0,0,0,0,0,0,0,0,0,0,0,-7488.13,0,0,0,0,0
31:10:15:23:12:11,57.4491,66.6043,4.25226,4.79591,4.25299,0,0,0,0,0,0,0,0,0,0,0,-7488.13,0,0,0,0,0
31:10:15:23:12:12,57.163,66.6043,4.25251,4.80125,4.25226,0,0,0,0,0,0,0,0,0,0,0,-7488.13,0,0,0,0,0
31:10:15:23:12:13,57.163,66.6043,4.25616,4.79992,4.25251,0,0,0,0,0,0,0,0,0,0,0,-7488.13,0,0,0,0,0
31:10:15:23:12:14,57.4491,66.8904,4.25445,4.77321,4.25616,0,0,0,0,0,0,0,0,0,0,0,-7488.13,0,0,0,0,0
31:10:15:23:12:15,57.163,66.8904,4.2547,4.7879,4.25445,0,0,0,0,0,0,0,0,0,0,0,-7488.13,0,0,0,0,0
31:10:15:23:12:16,57.4491,66.6043,4.25544,4.76387,4.2547,0,0,0,0,0,0,0,0,0,0,0,-7488.13,0,0,0,0,0
31:10:15:23:12:17,57.163,67.1765,4.2569,4.76921,4.25544,0,0,0,0,0,0,0,0,0,0,0,-7488.13,0,0,0,0,0
31:10:15:23:12:18,58.0213,67.4626,4.25373,4.7919,4.2569,0,0,0,0,0,0,0,0,0,0,0,-7488.13,0,0,0,0,0
31:10:15:23:12:19,57.4491,66.8904,4.25275,4.81727,4.25373,0,0,0,0,0,0,0,0,0,0,0,-7488.13,0,0,0,0,0
31:10:15:23:12:20,57.4491,66.8904,4.25373,4.82128,4.25275,0,0,0,0,0,0,0,0,0,0,0,-7488.13,0,0,0,0,0
31:10:15:23:12:21,57.163,67.1765,4.25373,4.82796,4.25373,0,0,0,0,0,0,0,0,0,0,0,-7488.13,0,0,0,0,0
31:10:15:23:12:22,56.8769,66.6043,4.25274,4.83463,4.25373,0,0,0,0,0,0,0,0,0,0,0,-7488.13,0,0,0,0,0
31:10:15:23:12:23,57.7352,66.8904,4.25274,4.81461,4.25274,0,0,0,0,0,0,0,0,0,0,0,-7488.13,0,0,0,0,0
31:10:15:23:12:24,57.163,66.8904,4.25591,4.80526,4.25274,0,0,0,0,0,0,0,0,0,0,0,-7488.13,0,0,0,0,0
31:10:15:23:12:25,54.0159,64.3155,4.25591,4.81327,4.25591,0,0,0,0,0,0,0,0,0,0,0,-7488.13,0,0,0,0,0
31:10:15:23:12:26,41.1413,51.1548,4.25129,4.82128,4.25591,0,0,0,0,0,0,0,0,0,0,0,-7488.13,0,0,0,0,0
31:10:15:23:12:27,33.7027,42.8579,4.25299,4.76787,4.25129,0,0,0,0,0,0,0,0,0,0,0,-7488.13,0,0,0,0,0
31:10:15:23:12:28,28.2667,37.422,4.25299,4.76787,4.25299,0,0,0,0,0,0,0,0,0,0,0,-7488.13,0,0,0,0,0
31:10:15:23:12:29,29.4111,38.5664,2.96485,4.5449,4.25299,0,0,0,0,0,0,0,0,0,0,0,-7488.13,0,0,0,0,0
31:10:15:23:12:30,29.125,38.5664,2.96485,4.27119,2.96485,0,0,0,0,0,0,0,0,0,0,0,-7488.13,0,0,0,0,0
31:10:15:23:12:31,30.2695,38.5664,2.81409,4.12032,2.96485,0,0,0,0,0,0,0,0,0,0,0,-7488.13,0,0,0,0,0
31:10:15:23:12:32,28.8389,38.5664,1.41345,4.09361,2.81409,0,0,0,0,0,0,0,0,0,0,0,-7488.13,0,0,0,0,0
31:10:15:23:12:33,29.125,38.2803,0,4.06825,1.41345,0,0,0,0,0,0,0,0,0,0,0,-7488.13,0,0,0,0,0
31:10:15:23:12:34,29.125,38.2803,0,4.01751,0,0,0,0,0,0,0,0,0,0,0,0,-7488.13,0,0,0,0,0
31:10:15:23:12:35,29.4111,38.8525,0,3.97745,0,0,0,0,0,0,0,0,0,0,0,0,-7488.13,0,0,0,0,0
31:10:15:23:12:36,29.125,37.9942,0,3.9868,0,0,0,0,0,0,0,0,0,0,0,0,-7488.13,0,0,0,0,0
31:10:15:23:12:37,28.8389,37.9942,0,3.98413,0,0,0,0,0,0,0,0,0,0,0,0,-7488.13,0,0,0,0,0
31:10:15:23:12:38,29.4111,38.8525,0,3.95743,0,0,0,0,0,0,0,0,0,0,0,0,-7488.13,0,0,0,0,0
31:10:15:23:12:39,29.6972,38.2803,0,3.92138,0,0,0,0,0,0,0,0,0,0,0,0,-7488.13,0,0,0,0,0
31:10:15:23:12:40,30.2695,38.2803,0,3.89334,0,0,0,0,0,0,0,0,0,0,0,0,-7488.13,0,0,0,0,0
31:10:15:23:12:41,29.125,38.2803,0,3.91604,0,0,0,0,0,0,0,0,0,0,0,0,-7488.13,0,0,0,0,0
31:10:15:23:12:42,29.4111,38.2803,0,3.92672,0,0,0,0,0,0,0,0,0,0,0,0,-7488.13,0,0,0,0,0
31:10:15:23:12:43,28.8389,38.2803,0,3.90001,0,0,0,0,0,0,0,0,0,0,0,0,-7488.13,0,0,0,0,0
31:10:15:23:12:44,29.6972,37.9942,0,3.91737,0,0,0,0,0,0,0,0,0,0,0,0,-7488.13,0,0,0,0,0
31:10:15:23:12:45,29.125,38.5664,0,3.90269,0,0,0,0,0,0,0,0,0,0,0,0,-7488.13,0,0,0,0,0
31:10:15:23:12:46,29.6972,38.8525,0,3.87598,0,0,0,0,0,0,0,0,0,0,0,0,-7488.13,0,0,0,0,0
31:10:15:23:12:47,32.5583,41.1413,0,3.888,0,0,0,0,0,0,0,0,0,0,0,0,-7488.13,0,0,0,0,0
31:10:15:23:12:48,35.1332,44.5745,0,3.88266,0,0,0,0,0,0,0,0,0,0,0,0,-7488.13,0,0,0,0,0
31:10:15:23:12:49,34.8471,44.0023,0,3.892,0,0,0,0,0,0,0,0,0,0,0,0,-7488.13,0,0,0,0,0
31:10:15:23:12:50,34.8471,44.0023,0,3.44205,0,0,0,0,0,0,0,0,0,0,0,0,-7488.13,0,0,0,0,0
31:10:15:23:12:51,35.4193,44.5745,0,2.96941,0,0,0,0,0,0,0,0,0,0,0,0,-7488.13,0,0,0,0,0
31:10:15:23:12:52,34.561,44.0023,0,2.26978,0,0,0,0,0,0,0,0,0,0,0,0,-7488.13,0,0,0,0,0
31:10:15:23:12:53,34.8471,44.2884,0,1.81716,0,0,0,0,0,0,0,0,0,0,0,0,-7488.13,0,0,0,0,0
31:10:15:23:12:54,34.8471,44.2884,0,1.3819,0,0,0,0,0,0,0,0,0,0,0,0,-7488.13,0,0,0,0,0
31:10:15:23:12:55,34.8471,44.5745,0,1.16159,0,0,0,0,0,0,0,0,0,0,0,0,-7488.13,0,0,0,0,0
31:10:15:23:12:56,34.8471,44.0023,0,0.954641,0,0,0,0,0,0,0,0,0,0,0,0,-7488.13,0,0,0,0,0
31:10:15:23:12:57,35.4193,44.2884,0,0.680933,0,0,0,0,0,0,0,0,0,0,0,0,-7488.13,0,0,0,0,0
31:10:15:23:12:58,34.561,44.2884,0,0.526053,0,0,0,0,0,0,0,0,0,0,0,0,-7488.13,0,0,0,0,0
31:10:15:23:12:59,34.561,44.0023,0,0.379187,0,0,0,0,0,0,0,0,0,0,0,0,-7488.13,0,0,0,0,0
31:10:15:23:13:00,34.561,44.0023,0,0.296408,0,0,0,0,0,0,0,0,0,0,0,0,-7488.13,0,0,0,0,0
31:10:15:23:13:01,34.561,43.4301,0,0.181582,0,0,0,0,0,0,0,0,0,0,0,0,-7488.13,0,0,0,0,0
31:10:15:23:13:02,34.2749,43.7162,0,0.141525,0,0,0,0,0,0,0,0,0,0,0,0,-7488.13,0,0,0,0,0
31:10:15:23:13:03,34.561,44.2884,0,0.0787735,0,0,0,0,0,0,0,0,0,0,0,0,-7488.13,0,0,0,0,0
31:10:15:23:13:04,35.1332,44.0023,0,0.0600815,0,0,0,0,0,0,0,0,0,0,0,0,-7488.13,0,0,0,0,0
31:10:15:23:13:05,34.8471,43.7162,0,0.0494003,0,0,0,0,0,0,0,0,0,0,0,0,-7488.13,0,0,0,0,0
31:10:15:23:13:06,34.561,44.0023,0,0.0320435,0,0,0,0,0,0,0,0,0,0,0,0,-7488.13,0,0,0,0,0
31:10:15:23:13:07,34.561,43.7162,0,0.0333786,0,0,0,0,0,0,0,0,0,0,0,0,-7488.13,0,0,0,0,0
31:10:15:23:13:08,34.561,43.144,0,0.0360508,0,0,0,0,0,0,0,0,0,0,0,0,-7488.13,0,0,0,0,0
31:10:15:23:13:09,34.2749,43.4301,0,0.0400562,0,0,0,0,0,0,0,0,0,0,0,0,-7488.13,0,0,0,0,0
31:10:15:23:13:10,34.8471,44.0023,0,0.0413895,0,0,0,0,0,0,0,0,0,0,0,0,-7488.13,0,0,0,0,0
31:10:15:23:13:11,34.8471,43.144,0,0.04673,0,0,0,0,0,0,0,0,0,0,0,0,-7488.13,0,0,0,0,0
31:10:15:23:13:12,34.561,43.4301,0,0.0453949,0,0,0,0,0,0,0,0,0,0,0,0,-7488.13,0,0,0,0,0
31:10:15:23:13:13,34.8471,43.7162,0,0.0413895,0,0,0,0,0,0,0,0,0,0,0,0,-7488.13,0,0,0,0,0
31:10:15:23:13:14,34.2749,43.7162,0,0.0427246,0,0,0,0,0,0,0,0,0,0,0,0,-7488.13,0,0,0,0,0
31:10:15:23:13:15,34.561,43.7162,0,0.0413895,0,0,0,0,0,0,0,0,0,0,0,0,-7488.13,0,0,0,0,0
31:10:15:23:13:16,33.9888,43.7162,0,0.0427246,0,0,0,0,0,0,0,0,0,0,0,0,-7488.13,0,0,0,0,0
31:10:15:23:13:17,34.8471,44.0023,0,0.0427246,0,0,0,0,0,0,0,0,0,0,0,0,-7488.13,0,0,0,0,0
31:10:15:23:13:18,34.561,43.4301,0,0.0440617,0,0,0,0,0,0,0,0,0,0,0,0,-7488.13,0,0,0,0,0
31:10:15:23:13:19,34.561,43.144,0,0.0413895,0,0,0,0,0,0,0,0,0,0,0,0,-7488.13,0,0,0,0,0
31:10:15:23:13:20,34.2749,43.7162,0,0.0440617,0,0,0,0,0,0,0,0,0,0,0,0,-7488.13,0,0,0,0,0
31:10:15:23:13:21,34.2749,43.4301,0,0.0494003,0,0,0,0,0,0,0,0,0,0,0,0,-7488.13,0,0,0,0,0
31:10:15:23:13:22,33.4166,43.4301,0,0.0534058,0,0,0,0,0,0,0,0,0,0,0,0,-7488.13,0,0,0,0,0
31:10:15:23:13:23,34.2749,43.4301,0,0.0547428,0,0,0,0,0,0,0,0,0,0,0,0,-7488.13,0,0,0,0,0
31:10:15:23:13:24,34.561,43.7162,0,0.0574112,0,0,0,0,0,0,0,0,0,0,0,0,-7488.13,0,0,0,0,0
31:10:15:23:13:25,34.2749,43.144,0,0.0560761,0,0,0,0,0,0,0,0,0,0,0,0,-7488.13,0,0,0,0,0
31:10:15:23:13:26,33.7027,43.4301,0,0.0600815,0,0,0,0,0,0,0,0,0,0,0,0,-7488.13,0,0,0,0,0
31:10:15:23:13:27,34.2749,43.4301,0,0.0640869,0,0,0,0,0,0,0,0,0,0,0,0,-7488.13,0,0,0,0,0
31:10:15:23:13:28,33.9888,43.7162,0,0.065424,0,0,0,0,0,0,0,0,0,0,0,0,-7488.13,0,0,0,0,0
31:10:15:23:13:29,33.9888,44.2884,0,0.0694294,0,0,0,0,0,0,0,0,0,0,0,0,-7488.13,0,0,0,0,0
31:10:15:23:13:30,33.9888,43.7162,0,0.0707626,0,0,0,0,0,0,0,0,0,0,0,0,-7488.13,0,0,0,0,0
31:10:15:23:13:31,34.2749,42.8579,0,0.0707626,0,0,0,0,0,0,0,0,0,0,0,0,-7488.13,0,0,0,0,0
31:10:15:23:13:32,34.2749,43.4301,0,0.0747681,0,0,0,0,0,0,0,0,0,0,0,0,-7488.13,0,0,0,0,0
31:10:15:23:13:33,33.9888,43.4301,0,0.0680924,0,0,0,0,0,0,0,0,0,0,0,0,-7488.13,0,0,0,0,0
31:10:15:23:13:34,33.9888,43.4301,0,0.0694294,0,0,0,0,0,0,0,0,0,0,0,0,-7488.13,0,0,0,0,0
31:10:15:23:13:35,34.2749,43.144,0,0.0680924,0,0,0,0,0,0,0,0,0,0,0,0,-7488.13,0,0,0,0,0
31:10:15:23:13:36,33.9888,43.4301,0,0.0707626,0,0,0,0,0,0,0,0,0,0,0,0,-7488.13,0,0,0,0,0
31:10:15:23:13:37,34.2749,43.144,0,0.0667572,0,0,0,0,0,0,0,0,0,0,0,0,-7488.13,0,0,0,0,0
31:10:15:23:13:38,34.2749,42.5718,0,0.0720997,0,0,0,0,0,0,0,0,0,0,0,0,-7488.13,0,0,0,0,0
31:10:15:23:13:39,33.9888,43.144,0,0.0680924,0,0,0,0,0,0,0,0,0,0,0,0,-7488.13,0,0,0,0,0
31:10:15:23:13:40,33.7027,43.144,0,0.0707626,0,0,0,0,0,0,0,0,0,0,0,0,-7488.13,0,0,0,0,0
31:10:15:23:13:41,33.7027,42.8579,0,0.0680924,0,0,0,0,0,0,0,0,0,0,0,0,-7488.13,0,0,0,0,0
31:10:15:23:13:42,33.7027,42.8579,0,0.0734348,0,0,0,0,0,0,0,0,0,0,0,0,-7488.13,0,0,0,0,0
31:10:15:23:13:43,33.9888,43.4301,0,0.0747681,0,0,0,0,0,0,0,0,0,0,0,0,-7488.13,0,0,0,0,0
31:10:15:23:13:44,33.9888,43.4301,0,0.0707626,0,0,0,0,0,0,0,0,0,0,0,0,-7488.13,0,0,0,0,0
31:10:15:23:13:45,33.7027,43.4301,0,0.0707626,0,0,0,0,0,0,0,0,0,0,0,0,-7488.13,0,0,0,0,0
31:10:15:23:13:46,33.9888,43.7162,0,0.0761051,0,0,0,0,0,0,0,0,0,0,0,0,-7488.13,0,0,0,0,0
31:10:15:23:13:47,33.1305,43.144,0,0.0734348,0,0,0,0,0,0,0,0,0,0,0,0,-7488.13,0,0,0,0,0
31:10:15:23:13:48,34.2749,43.144,0,0.0720997,0,0,0,0,0,0,0,0,0,0,0,0,-7488.13,0,0,0,0,0
31:10:15:23:13:49,33.4166,43.4301,0,0.0694294,0,0,0,0,0,0,0,0,0,0,0,0,-7488.13,0,0,0,0,0
31:10:15:23:13:50,33.4166,43.144,0,0.0694294,0,0,0,0,0,0,0,0,0,0,0,0,-7488.13,0,0,0,0,0
31:10:15:23:13:51,34.561,43.7162,0,0.0694294,0,0,0,0,0,0,0,0,0,0,0,0,-7488.13,0,0,0,0,0
31:10:15:23:13:52,34.8471,42.5718,0,0.0680924,0,0,0,0,0,0,0,0,0,0,0,0,-7488.13,0,0,0,0,0
31:10:15:23:13:53,34.2749,42.8579,0,0.0667572,0,0,0,0,0,0,0,0,0,0,0,0,-7488.13,0,0,0,0,0
31:10:15:23:13:54,34.8471,43.4301,0,0.065424,0,0,0,0,0,0,0,0,0,0,0,0,-7488.13,0,0,0,0,0
31:10:15:23:13:55,34.2749,43.4301,0,0.0694294,0,0,0,0,0,0,0,0,0,0,0,0,-7488.13,0,0,0,0,0
31:10:15:23:13:56,34.561,42.5718,0,0.0707626,0,0,0,0,0,0,0,0,0,0,0,0,-7488.13,0,0,0,0,0
31:10:15:23:13:57,34.561,43.4301,0,0.0694294,0,0,0,0,0,0,0,0,0,0,0,0,-7488.13,0,0,0,0,0
31:10:15:23:13:58,34.561,43.144,0,0.0694294,0,0,0,0,0,0,0,0,0,0,0,0,-7488.13,0,0,0,0,0
31:10:15:23:13:59,34.561,42.5718,0,0.0667572,0,0,0,0,0,0,0,0,0,0,0,0,-7488.13,0,0,0,0,0
31:10:15:23:14:00,34.561,42.2857,0,0.0640869,0,0,0,0,0,0,0,0,0,0,0,0,-7488.13,0,0,0,0,0
31:10:15:23:14:01,34.2749,43.144,0,0.0667572,0,0,0,0,0,0,0,0,0,0,0,0,-7488.13,0,0,0,0,0
31:10:15:23:14:02,34.2749,42.8579,0,0.0707626,0,0,0,0,0,0,0,0,0,0,0,0,-7488.13,0,0,0,0,0
31:10:15:23:14:03,34.561,43.144,0,0.0694294,0,0,0,0,0,0,0,0,0,0,0,0,-7488.13,0,0,0,0,0
31:10:15:23:14:04,34.8471,43.144,0,0.0734348,0,0,0,0,0,0,0,0,0,0,0,0,-7488.13,0,0,0,0,0
31:10:15:23:14:05,34.561,43.144,0,0.0694294,0,0,0,0,0,0,0,0,0,0,0,0,-7488.13,0,0,0,0,0
31:10:15:23:14:06,33.9888,43.144,0,0.0720997,0,0,0,0,0,0,0,0,0,0,0,0,-7488.13,0,0,0,0,0
31:10:15:23:14:07,33.9888,43.144,0,0.0720997,0,0,0,0,0,0,0,0,0,0,0,0,-7488.13,0,0,0,0,0
31:10:15:23:14:08,34.561,42.2857,0,0.0720997,0,0,0,0,0,0,0,0,0,0,0,0,-7488.13,0,0,0,0,0
31:10:15:23:14:09,33.7027,43.144,0,0.0720997,0,0,0,0,0,0,0,0,0,0,0,0,-7488.13,0,0,0,0,0
31:10:15:23:14:10,34.561,42.5718,0,0.0694294,0,0,0,0,0,0,0,0,0,0,0,0,-7488.13,0,0,0,0,0
31:10:15:23:14:11,34.2749,42.8579,0,0.0694294,0,0,0,0,0,0,0,0,0,0,0,0,-7488.13,0,0,0,0,0
31:10:15:23:14:12,34.2749,41.9996,0,0.065424,0,0,0,0,0,0,0,0,0,0,0,0,-7488.13,0,0,0,0,0
31:10:15:23:14:13,33.9888,43.144,0,0.065424,0,0,0,0,0,0,0,0,0,0,0,0,-7488.13,0,0,0,0,0
31:10:15:23:14:14,33.9888,42.5718,0,0.0707626,0,0,0,0,0,0,0,0,0,0,0,0,-7488.13,0,0,0,0,0
31:10:15:23:14:15,33.9888,42.8579,0,0.0667572,0,0,0,0,0,0,0,0,0,0,0,0,-7488.13,0,0,0,0,0
31:10:15:23:14:16,33.9888,42.5718,0,0.0694294,0,0,0,0,0,0,0,0,0,0,0,0,-7488.13,0,0,0,0,0
31:10:15:23:14:17,34.2749,42.5718,0,0.0680924,0,0,0,0,0,0,0,0,0,0,0,0,-7488.13,0,0,0,0,0
31:10:15:23:14:18,34.2749,42.8579,0,0.065424,0,0,0,0,0,0,0,0,0,0,0,0,-7488.13,0,0,0,0,0
31:10:15:23:14:19,33.9888,42.5718,0,0.0667572,0,0,0,0,0,0,0,0,0,0,0,0,-7488.13,0,0,0,0,0
31:10:15:23:14:20,33.7027,42.5718,0,0.0667572,0,0,0,0,0,0,0,0,0,0,0,0,-7488.13,0,0,0,0,0
31:10:15:23:14:21,33.9888,42.8579,0,0.0680924,0,0,0,0,0,0,0,0,0,0,0,0,-7488.13,0,0,0,0,0
31:10:15:23:14:22,34.561,42.2857,0,0.0720997,0,0,0,0,0,0,0,0,0,0,0,0,-7488.13,0,0,0,0,0
31:10:15:23:14:23,34.2749,42.5718,0,0.0680924,0,0,0,0,0,0,0,0,0,0,0,0,-7488.13,0,0,0,0,0
31:10:15:23:14:24,33.7027,42.2857,0,0.065424,0,0,0,0,0,0,0,0,0,0,0,0,-7488.13,0,0,0,0,0
31:10:15:23:14:25,34.561,42.2857,0,0.0680924,0,0,0,0,0,0,0,0,0,0,0,0,-7488.13,0,0,0,0,0
31:10:15:23:14:26,33.4166,42.2857,0,0.0720997,0,0,0,0,0,0,0,0,0,0,0,0,-7488.13,0,0,0,0,0
31:10:15:23:14:27,34.2749,42.2857,0,0.0667572,0,0,0,0,0,0,0,0,0,0,0,0,-7488.13,0,0,0,0,0
31:10:15:23:14:28,33.9888,42.2857,0,0.0707626,0,0,0,0,0,0,0,0,0,0,0,0,-7488.13,0,0,0,0,0
31:10:15:23:14:29,33.7027,41.9996,0,0.0707626,0,0,0,0,0,0,0,0,0,0,0,0,-7488.13,0,0,0,0,0
31:10:15:23:14:30,33.7027,42.5718,0,0.0627537,0,0,0,0,0,0,0,0,0,0,0,0,-7488.13,0,0,0,0,0
31:10:15:23:14:31,34.561,42.8579,0,0.0680924,0,0,0,0,0,0,0,0,0,0,0,0,-7488.13,0,0,0,0,0
31:10:15:23:14:32,33.7027,42.5718,0,0.0680924,0,0,0,0,0,0,0,0,0,0,0,0,-7488.13,0,0,0,0,0
31:10:15:23:14:33,33.4166,42.5718,0,0.065424,0,0,0,0,0,0,0,0,0,0,0,0,-7488.13,0,0,0,0,0
31:10:15:23:14:34,33.9888,42.2857,0,0.0720997,0,0,0,0,0,0,0,0,0,0,0,0,-7488.13,0,0,0,0,0
31:10:15:23:14:35,33.7027,42.2857,0,0.0680924,0,0,0,0,0,0,0,0,0,0,0,0,-7488.13,0,0,0,0,0
31:10:15:23:14:36,33.9888,42.2857,0,0.0667572,0,0,0,0,0,0,0,0,0,0,0,0,-7488.13,0,0,0,0,0
31:10:15:23:14:37,33.1305,42.5718,0,0.0667572,0,0,0,0,0,0,0,0,0,0,0,0,-7488.13,0,0,0,0,0
31:10:15:23:14:38,33.7027,42.8579,0,0.0667572,0,0,0,0,0,0,0,0,0,0,0,0,-7488.13,0,0,0,0,0
31:10:15:23:14:39,33.9888,42.2857,0,0.0707626,0,0,0,0,0,0,0,0,0,0,0,0,-7488.13,0,0,0,0,0
31:10:15:23:14:40,33.4166,42.2857,0,0.0680924,0,0,0,0,0,0,0,0,0,0,0,0,-7488.13,0,0,0,0,0
31:10:15:23:14:41,33.9888,42.2857,0,0.0640869,0,0,0,0,0,0,0,0,0,0,0,0,-7488.13,0,0,0,0,0
31:10:15:23:14:42,33.4166,42.5718,0,0.0627537,0,0,0,0,0,0,0,0,0,0,0,0,-7488.13,0,0,0,0,0
31:10:15:23:14:43,33.7027,42.2857,0,0.0667572,0,0,0,0,0,0,0,0,0,0,0,0,-7488.13,0,0,0,0,0
31:10:15:23:14:44,33.4166,41.9996,0,0.0680924,0,0,0,0,0,0,0,0,0,0,0,0,-7488.13,0,0,0,0,0
31:10:15:23:14:45,33.7027,42.5718,0,0.0667572,0,0,0,0,0,0,0,0,0,0,0,0,-7488.13,0,0,0,0,0
31:10:15:23:14:46,33.4166,42.5718,0,0.0614185,0,0,0,0,0,0,0,0,0,0,0,0,-7488.13,0,0,0,0,0
31:10:15:23:14:47,33.4166,42.2857,0,0.0614185,0,0,0,0,0,0,0,0,0,0,0,0,-7488.13,0,0,0,0,0
31:10:15:23:14:48,33.7027,42.2857,0,0.0494003,0,0,0,0,0,0,0,0,0,0,0,0,-7488.13,0,0,0,0,0
31:10:15:23:14:49,32.8444,41.9996,0,0.0400562,0,0,0,0,0,0,0,0,0,0,0,0,-7488.13,0,0,0,0,0
31:10:15:23:14:50,33.7027,41.7135,0,0.0400562,0,0,0,0,0,0,0,0,0,0,0,0,-7488.13,0,0,0,0,0
31:10:15:23:14:51,33.4166,41.9996,0,0.0440617,0,0,0,0,0,0,0,0,0,0,0,0,-7488.13,0,0,0,0,0
31:10:15:23:14:52,33.7027,41.9996,0,0.0413895,0,0,0,0,0,0,0,0,0,0,0,0,-7488.13,0,0,0,0,0
31:10:15:23:14:53,33.1305,41.7135,0,0.0480652,0,0,0,0,0,0,0,0,0,0,0,0,-7488.13,0,0,0,0,0
31:10:15:23:14:54,33.7027,41.7135,0,0.0453949,0,0,0,0,0,0,0,0,0,0,0,0,-7488.13,0,0,0,0,0
31:10:15:23:14:55,33.1305,41.9996,0,0.0507374,0,0,0,0,0,0,0,0,0,0,0,0,-7488.13,0,0,0,0,0
31:10:15:23:14:56,33.4166,41.9996,0,0.0453949,0,0,0,0,0,0,0,0,0,0,0,0,-7488.13,0,0,0,0,0
31:10:15:23:14:57,33.4166,42.2857,0,0.0427246,0,0,0,0,0,0,0,0,0,0,0,0,-7488.13,0,0,0,0,0
31:10:15:23:14:58,34.561,42.8579,0,0.0320435,0,0,0,0,0,0,0,0,0,0,0,0,-7488.13,0,0,0,0,0
31:10:15:23:14:59,34.561,43.144,0,0.0200272,0,0,0,0,0,0,0,0,0,0,0,0,-7488.13,0,0,0,0,0
31:10:15:23:15:00,35.1332,43.4301,0,0.0213623,0,0,0,0,0,0,0,0,0,0,0,0,-7488.13,0,0,0,0,0
31:10:15:23:15:01,48.5799,56.5908,0,0.148205,0,0,0,0,0,0,0,0,0,0,0,0,-7488.13,0,0,0,0,0
31:10:15:23:15:02,96.3588,103.797,0,0.273708,0,0,0,0,0,0,0,0,0,0,0,0,-7488.13,0,0,0,0,0
31:10:15:23:15:03,237.693,238.837,0.219935,0.619516,0,0,0,0,0,0,0,0,0,0,0,0,-7488.13,0,0,0,0,0
31:10:15:23:15:04,940.071,1022.47,1.95595,0.849165,0.219935,0,0,0,0,0,0,0,0,0,0,0,-7488.13,0,0,0,0,0
31:10:15:23:15:05,1754.89,1786.36,2.05366,1.33383,1.95595,0,0,0,0,0,0,0,0,0,0,0,-7488.13,0,0,0,0,0
31:10:15:23:15:06,1945.43,1966.03,3.06553,1.71168,2.05366,0,0,0,0,0,0,0,0,0,0,0,-7488.13,0,0,0,0,0
31:10:15:23:15:07,2014.95,2010.95,3.19936,1.97872,3.06553,0,0,0,0,0,0,0,0,0,0,0,-7488.13,0,0,0,0,0
31:10:15:23:15:08,1971.18,1968.89,1.26582,1.53944,3.19936,0,0,0,0,0,0,0,0,0,0,0,-7488.13,0,0,0,0,0
31:10:15:23:15:09,1936.56,1937.42,0.198518,1.81315,1.26582,0,0,0,0,0,0,0,0,0,0,0,-7488.13,0,0,0,0,0
31:10:15:23:15:10,1912.82,1912.82,0,1.70233,0.198518,0,0,0,0,0,0,0,0,0,0,0,-7488.13,0,0,0,0,0
31:10:15:23:15:11,2045.28,2040.13,0,1.47803,0,0,0,0,0,0,0,0,0,0,0,0,-7488.13,0,0,0,0,0
31:10:15:23:15:12,2135.69,2135.12,0,1.0214,0,0,0,0,0,0,0,0,0,0,0,0,-7488.13,0,0,0,0,0
31:10:15:23:15:13,2123.39,2123.39,0.171566,0.883879,0,0,0,0,0,0,0,0,0,0,0,0,-7488.13,0,0,0,0,0
31:10:15:23:15:14,2111.66,2111.37,0.380808,0.883879,0.171566,0,0,0,0,0,0,0,0,0,0,0,-7488.13,0,0,0,0,0
31:10:15:23:15:15,2101.93,2101.07,0.139944,0.570116,0.380808,0,0,0,0,0,0,0,0,0,0,0,-7488.13,0,0,0,0,0
31:10:15:23:15:16,2092.49,2092.77,0,0.495346,0.139944,0,0,0,0,0,0,0,0,0,0,0,-7488.13,0,0,0,0,0
31:10:15:23:15:17,2090.48,2089.05,0,0.424582,0,0,0,0,0,0,0,0,0,0,0,0,-7488.13,0,0,0,0,0
31:10:15:23:15:18,2194.34,2186.9,0,0.285725,0,0,0,0,0,0,0,0,0,0,0,0,-7488.13,0,0,0,0,0
31:10:15:23:15:19,2564.84,2553.97,0,0.255016,0,0,0,0,0,0,0,0,0,0,0,0,-7488.13,0,0,0,0,0
31:10:15:23:15:20,2925.04,2910.74,0,0.40856,0,0,0,0,0,0,0,0,0,0,0,0,-7488.13,0,0,0,0,0
31:10:15:23:15:21,3263.21,3247.76,0.88935,0.555428,0,0,0,0,0,0,0,0,0,0,0,0,-7488.13,0,0,0,0,0
31:10:15:23:15:22,3531,3516.98,0.88935,0.762379,0.88935,0,0,0,0,0,0,0,0,0,0,0,-7488.13,0,0,0,0,0
31:10:15:23:15:23,3729.84,3715.83,0.740555,0.766384,0.88935,0,0,0,0,0,0,0,0,0,0,0,-7488.13,0,0,0,0,0
31:10:15:23:15:24,3808.52,3797.65,0.740555,0.746357,0.740555,0,0,0,0,0,0,0,0,0,0,0,-7488.13,0,0,0,0,0
31:10:15:23:15:25,3804.8,3794.79,0.394657,0.699625,0.740555,0,0,0,0,0,0,0,0,0,0,0,-7488.13,0,0,0,0,0
31:10:15:23:15:26,3801.66,3790.78,0.394657,0.640879,0.394657,0,0,0,0,0,0,0,0,0,0,0,-7488.13,0,0,0,0,0
31:10:15:23:15:27,3798.79,3788.5,0.186372,0.475317,0.394657,0,0,0,0,0,0,0,0,0,0,0,-7488.13,0,0,0,0,0
31:10:15:23:15:28,3792.21,3782.49,0,0.347143,0.186372,0,0,0,0,0,0,0,0,0,0,0,-7488.13,0,0,0,0,0
31:10:15:23:15:29,3789.64,3778.77,0,0.197603,0,0,0,0,0,0,0,0,0,0,0,0,-7488.13,0,0,0,0,0
31:10:15:23:15:30,3972.74,3950.71,0,0.126841,0,0,0,0,0,0,0,0,0,0,0,0,-7488.13,0,0,0,0,0
31:10:15:23:15:31,4172.44,4159.28,0,0.0507374,0,0,0,0,0,0,0,0,0,0,0,0,-7488.13,0,0,0,0,0
31:10:15:23:15:32,4169.87,4156.99,0.0800015,0.00267029,0,0,0,0,0,0,0,0,0,0,0,0,-7488.13,0,0,0,0,0
31:10:15:23:15:33,4168.44,4155.85,0.0800015,0.12417,0.0800015,0,0,0,0,0,0,0,0,0,0,0,-7488.13,0,0,0,0,0
31:10:15:23:15:34,4166.15,4153.56,0.870578,0.0467319,0.0800015,0,0,0,0,0,0,0,0,0,0,0,-7488.13,0,0,0,0,0
31:10:15:23:15:35,4164.72,4151.56,0.284625,0.028038,0.870578,0,0,0,0,0,0,0,0,0,0,0,-7488.13,0,0,0,0,0
31:10:15:23:15:36,4163.57,4150.7,0.0742055,0,0.284625,0,0,0,0,0,0,0,0,0,0,0,-7488.13,0,0,0,0,0
31:10:15:23:15:37,4162.43,4148.98,0,0,0.0742055,0,0,0,0,0,0,0,0,0,0,0,-7488.13,0,0,0,0,0
31:10:15:23:15:38,4161,4147.84,0,0.00934601,0,0,0,0,0,0,0,0,0,0,0,0,-7488.13,0,0,0,0,0
31:10:15:23:15:39,4160.14,4146.98,0,0.018692,0,0,0,0,0,0,0,0,0,0,0,0,-7488.13,0,0,0,0,0
31:10:15:23:15:40,4158.71,4146.12,0,0.0267029,0,0,0,0,0,0,0,0,0,0,0,0,-7488.13,0,0,0,0,0
31:10:15:23:15:41,4157.57,4144.69,0,0.0333786,0,0,0,0,0,0,0,0,0,0,0,0,-7488.13,0,0,0,0,0
31:10:15:23:15:42,4156.42,4144.12,0,0.0333786,0,0,0,0,0,0,0,0,0,0,0,0,-7488.13,0,0,0,0,0
31:10:15:23:15:43,4156.14,4142.97,0,0.0267029,0,0,0,0,0,0,0,0,0,0,0,0,-7488.13,0,0,0,0,0
31:10:15:23:15:44,4154.7,4142.12,0,0.0320435,0,0,0,0,0,0,0,0,0,0,0,0,-7488.13,0,0,0,0,0
31:10:15:23:15:45,4153.85,4141.54,0,0.028038,0,0,0,0,0,0,0,0,0,0,0,0,-7488.13,0,0,0,0,0
31:10:15:23:15:46,4153.27,4140.11,0,0.018692,0,0,0,0,0,0,0,0,0,0,0,0,-7488.13,0,0,0,0,0
31:10:15:23:15:47,4152.42,4139.83,0,0.0240326,0,0,0,0,0,0,0,0,0,0,0,0,-7488.13,0,0,0,0,0
31:10:15:23:15:48,4151.84,4139.26,0,0.0213623,0,0,0,0,0,0,0,0,0,0,0,0,-7488.13,0,0,0,0,0
31:10:15:23:15:49,4151.27,4138.68,0,0.0226975,0,0,0,0,0,0,0,0,0,0,0,0,-7488.13,0,0,0,0,0
31:10:15:23:15:50,4150.7,4138.4,0,0.0200272,0,0,0,0,0,0,0,0,0,0,0,0,-7488.13,0,0,0,0,0
31:10:15:23:15:51,4150.13,4137.54,0,0.00934601,0,0,0,0,0,0,0,0,0,0,0,0,-7488.13,0,0,0,0,0
31:10:15:23:15:52,4149.55,4136.68,0,0,0,0,0,0,0,0,0,0,0,0,0,0,-7488.13,0,0,0,0,0
31:10:15:23:15:53,4148.41,4135.82,0,0,0,0,0,0,0,0,0,0,0,0,0,0,-7488.13,0,0,0,0,0
31:10:15:23:15:54,4148.12,4135.25,0,0,0,0,0,0,0,0,0,0,0,0,0,0,-7488.13,0,0,0,0,0
31:10:15:23:15:55,4146.98,4134.96,0,0,0,0,0,0,0,0,0,0,0,0,0,0,-7488.13,0,0,0,0,0
31:10:15:23:15:56,4146.98,4134.96,0,0,0,0,0,0,0,0,0,0,0,0,0,0,-7488.13,0,0,0,0,0
31:10:15:23:15:57,4147.27,4134.96,0,0,0,0,0,0,0,0,0,0,0,0,0,0,-7488.13,0,0,0,0,0
31:10:15:23:15:58,4145.84,4133.25,0,0,0,0,0,0,0,0,0,0,0,0,0,0,-7488.13,0,0,0,0,0
31:10:15:23:15:59,4145.84,4133.53,0,0,0,0,0,0,0,0,0,0,0,0,0,0,-7488.13,0,0,0,0,0
31:10:15:23:16:00,4144.98,4132.67,0,0,0,0,0,0,0,0,0,0,0,0,0,0,-7488.13,0,0,0,0,0
31:10:15:23:16:01,4144.69,4132.39,0,0,0,0,0,0,0,0,0,0,0,0,0,0,-7488.13,0,0,0,0,0
31:10:15:23:16:02,4144.12,4132.1,0,0,0,0,0,0,0,0,0,0,0,0,0,0,-7488.13,0,0,0,0,0
31:10:15:23:16:03,4143.55,4131.53,0,0,0,0,0,0,0,0,0,0,0,0,0,0,-7488.13,0,0,0,0,0
31:10:15:23:16:04,4143.55,4130.96,0,0,0,0,0,0,0,0,0,0,0,0,0,0,-7488.13,0,0,0,0,0
31:10:15:23:16:05,4143.26,4130.39,0,0.00400543,0,0,0,0,0,0,0,0,0,0,0,0,-7488.13,0,0,0,0,0
31:10:15:23:16:06,4142.69,4130.67,0,0,0,0,0,0,0,0,0,0,0,0,0,0,-7488.13,0,0,0,0,0
31:10:15:23:16:07,4142.4,4129.81,0,0.0133514,0,0,0,0,0,0,0,0,0,0,0,0,-7488.13,0,0,0,0,0
31:10:15:23:16:08,4141.83,4129.53,0,0.0133514,0,0,0,0,0,0,0,0,0,0,0,0,-7488.13,0,0,0,0,0
31:10:15:23:16:09,4141.83,4129.24,0,0.0240326,0,0,0,0,0,0,0,0,0,0,0,0,-7488.13,0,0,0,0,0
31:10:15:23:16:10,4140.97,4129.53,0,0.0200272,0,0,0,0,0,0,0,0,0,0,0,0,-7488.13,0,0,0,0,0
31:10:15:23:16:11,4140.4,4128.96,0,0.0200272,0,0,0,0,0,0,0,0,0,0,0,0,-7488.13,0,0,0,0,0
31:10:15:23:16:12,4140.4,4128.38,0,0.018692,0,0,0,0,0,0,0,0,0,0,0,0,-7488.13,0,0,0,0,0
31:10:15:23:16:13,4140.4,4128.1,0,0.018692,0,0,0,0,0,0,0,0,0,0,0,0,-7488.13,0,0,0,0,0
31:10:15:23:16:14,4139.83,4127.81,0,0.0226975,0,0,0,0,0,0,0,0,0,0,0,0,-7488.13,0,0,0,0,0
31:10:15:23:16:15,4139.54,4127.24,0,0.0253696,0,0,0,0,0,0,0,0,0,0,0,0,-7488.13,0,0,0,0,0
31:10:15:23:16:16,4139.26,4127.81,0,0.0240326,0,0,0,0,0,0,0,0,0,0,0,0,-7488.13,0,0,0,0,0
31:10:15:23:16:17,4138.97,4126.95,0,0.0253696,0,0,0,0,0,0,0,0,0,0,0,0,-7488.13,0,0,0,0,0
31:10:15:23:16:18,4138.4,4126.38,0,0.0120163,0,0,0,0,0,0,0,0,0,0,0,0,-7488.13,0,0,0,0,0
31:10:15:23:16:19,4138.11,4126.09,0,0.0120163,0,0,0,0,0,0,0,0,0,0,0,0,-7488.13,0,0,0,0,0
31:10:15:23:16:20,4137.54,4125.52,0,0.00534058,0,0,0,0,0,0,0,0,0,0,0,0,-7488.13,0,0,0,0,0
31:10:15:23:16:21,4137.82,4125.52,0,0.00400543,0,0,0,0,0,0,0,0,0,0,0,0,-7488.13,0,0,0,0,0
31:10:15:23:16:22,4136.97,4125.24,0,0.00400543,0,0,0,0,0,0,0,0,0,0,0,0,-7488.13,0,0,0,0,0
31:10:15:23:16:23,4136.97,4125.24,0,0.0120163,0,0,0,0,0,0,0,0,0,0,0,0,-7488.13,0,0,0,0,0
31:10:15:23:16:24,4136.11,4124.38,0,0.00400543,0,0,0,0,0,0,0,0,0,0,0,0,-7488.13,0,0,0,0,0
31:10:15:23:16:25,4136.39,4124.66,0,0.0173569,0,0,0,0,0,0,0,0,0,0,0,0,-7488.13,0,0,0,0,0
31:10:15:23:16:26,4135.82,4124.66,0,0.0120163,0,0,0,0,0,0,0,0,0,0,0,0,-7488.13,0,0,0,0,0
31:10:15:23:16:27,4136.11,4124.09,0,0.0213623,0,0,0,0,0,0,0,0,0,0,0,0,-7488.13,0,0,0,0,0
31:10:15:23:16:28,4135.25,4123.81,0,0.0333786,0,0,0,0,0,0,0,0,0,0,0,0,-7488.13,0,0,0,0,0
31:10:15:23:16:29,4134.96,4123.81,0,0.0427246,0,0,0,0,0,0,0,0,0,0,0,0,-7488.13,0,0,0,0,0
31:10:15:23:16:30,4134.68,4122.95,0,0.0400562,0,0,0,0,0,0,0,0,0,0,0,0,-7488.13,0,0,0,0,0
31:10:15:23:16:31,4135.25,4122.66,0,0.037384,0,0,0,0,0,0,0,0,0,0,0,0,-7488.13,0,0,0,0,0
31:10:15:23:16:32,4134.11,4122.95,0,0.04673,0,0,0,0,0,0,0,0,0,0,0,0,-7488.13,0,0,0,0,0
31:10:15:23:16:33,4133.53,4122.38,0,0.0614185,0,0,0,0,0,0,0,0,0,0,0,0,-7488.13,0,0,0,0,0
31:10:15:23:16:34,4133.53,4122.38,0,0.0440617,0,0,0,0,0,0,0,0,0,0,0,0,-7488.13,0,0,0,0,0
31:10:15:23:16:35,4133.53,4122.09,0,0.0307083,0,0,0,0,0,0,0,0,0,0,0,0,-7488.13,0,0,0,0,0
31:10:15:23:16:36,4133.25,4121.8,0,0.0333786,0,0,0,0,0,0,0,0,0,0,0,0,-7488.13,0,0,0,0,0
31:10:15:23:16:37,4132.67,4121.23,0,0.0253696,0,0,0,0,0,0,0,0,0,0,0,0,-7488.13,0,0,0,0,0
31:10:15:23:16:38,4132.67,4121.8,0,0.0320435,0,0,0,0,0,0,0,0,0,0,0,0,-7488.13,0,0,0,0,0
31:10:15:23:16:39,4132.1,4121.23,0,0.0146866,0,0,0,0,0,0,0,0,0,0,0,0,-7488.13,0,0,0,0,0
31:10:15:23:16:40,4132.39,4121.23,0,0.0200272,0,0,0,0,0,0,0,0,0,0,0,0,-7488.13,0,0,0,0,0
31:10:15:23:16:41,4131.82,4121.23,0,0.0226975,0,0,0,0,0,0,0,0,0,0,0,0,-7488.13,0,0,0,0,0
31:10:15:23:16:42,4131.53,4120.37,0,0.0160217,0,0,0,0,0,0,0,0,0,0,0,0,-7488.13,0,0,0,0,0
31:10:15:23:16:43,4131.53,4120.09,0,0.0320435,0,0,0,0,0,0,0,0,0,0,0,0,-7488.13,0,0,0,0,0
31:10:15:23:16:44,4130.96,4120.09,0,0.0307083,0,0,0,0,0,0,0,0,0,0,0,0,-7488.13,0,0,0,0,0
31:10:15:23:16:45,4130.67,4119.8,0,0.0494003,0,0,0,0,0,0,0,0,0,0,0,0,-7488.13,0,0,0,0,0
31:10:15:23:16:46,4130.67,4118.94,0,0.028038,0,0,0,0,0,0,0,0,0,0,0,0,-7488.13,0,0,0,0,0
31:10:15:23:16:47,4130.1,4119.51,0,0.0320435,0,0,0,0,0,0,0,0,0,0,0,0,-7488.13,0,0,0,0,0
31:10:15:23:16:48,4130.1,4118.66,0,0.0253696,0,0,0,0,0,0,0,0,0,0,0,0,-7488.13,0,0,0,0,0
31:10:15:23:16:49,4129.81,4119.23,0,0.0253696,0,0,0,0,0,0,0,0,0,0,0,0,-7488.13,0,0,0,0,0
31:10:15:23:16:50,4129.81,4118.66,0,0.0173569,0,0,0,0,0,0,0,0,0,0,0,0,-7488.13,0,0,0,0,0
31:10:15:23:16:51,4129.81,4118.37,0,0.0226975,0,0,0,0,0,0,0,0,0,0,0,0,-7488.13,0,0,0,0,0
31:10:15:23:16:52,4129.24,4117.8,0,0.028038,0,0,0,0,0,0,0,0,0,0,0,0,-7488.13,0,0,0,0,0
31:10:15:23:16:53,4129.53,4118.37,0,0.0253696,0,0,0,0,0,0,0,0,0,0,0,0,-7488.13,0,0,0,0,0
31:10:15:23:16:54,4128.38,4117.51,0,0.0240326,0,0,0,0,0,0,0,0,0,0,0,0,-7488.13,0,0,0,0,0
31:10:15:23:16:55,3993.34,2008.09,0,0.0213623,0,0,0,0,0,0,0,0,0,0,0,0,-7488.13,0,0,0,0,0
31:10:15:23:16:56,3904.65,63.1711,0,0.0200272,0,0,0,0,0,0,0,0,0,0,0,0,-7488.13,0,0,0,0,0
31:10:15:23:16:57,3831.7,57.4491,0,0.0307083,0,0,0,0,0,0,0,0,0,0,0,0,-7488.13,0,0,0,0,0
31:10:15:23:16:58,3765.03,57.7352,0,0.445944,0,0,0,0,0,0,0,0,0,0,0,0,-7488.13,0,0,0,0,0
31:10:15:23:16:59,3702.38,58.0213,0,1.27642,0,0,0,0,0,0,0,0,0,0,0,0,-7488.13,0,0,0,0,0
31:10:15:23:17:00,3642.3,57.163,0,1.77176,0,0,0,0,0,0,0,0,0,0,0,0,-7488.13,0,0,0,0,0
31:10:15:23:17:01,3584.5,57.163,0,2.51812,0,0,0,0,0,0,0,0,0,0,0,0,-7488.13,0,0,0,0,0
31:10:15:23:17:02,3529.86,57.163,0,2.99878,0,0,0,0,0,0,0,0,0,0,0,0,-7488.13,0,0,0,0,0
31:10:15:23:17:03,3478.65,58.8796,0,3.51816,0,0,0,0,0,0,0,0,0,0,0,0,-7488.13,0,0,0,0,0
31:10:15:23:17:04,3424.86,56.8769,0,3.76917,0,0,0,0,0,0,0,0,0,0,0,0,-7488.13,0,0,0,0,0
31:10:15:23:17:05,3378.8,57.4491,0,4.16304,0,0,0,0,0,0,0,0,0,0,0,0,-7488.13,0,0,0,0,0
31:10:15:23:17:06,3335.6,58.0213,0,4.32593,0,0,0,0,0,0,0,0,0,0,0,0,-7488.13,0,0,0,0,0
31:10:15:23:17:07,3296.11,57.4491,0,4.56626,0,0,0,0,0,0,0,0,0,0,0,0,-7488.13,0,0,0,0,0
31:10:15:23:17:08,3258.92,56.8769,0,4.75319,0,0,0,0,0,0,0,0,0,0,0,0,-7488.13,0,0,0,0,0
31:10:15:23:17:09,3225.16,56.8769,0,4.84665,0,0,0,0,0,0,0,0,0,0,0,0,-7488.13,0,0,0,0,0
31:10:15:23:17:10,3193.12,56.0186,0,4.96681,0,0,0,0,0,0,0,0,0,0,0,0,-7488.13,0,0,0,0,0
31:10:15:23:17:11,3163.36,56.8769,0,5.04025,0,0,0,0,0,0,0,0,0,0,0,0,-7488.13,0,0,0,0,0
31:10:15:23:17:12,3090.69,56.5908,0,5.1297,0,0,0,0,0,0,0,0,0,0,0,0,-7488.13,0,0,0,0,0
31:10:15:23:17:13,3016.02,56.5908,0,5.14038,0,0,0,0,0,0,0,0,0,0,0,0,-7488.13,0,0,0,0,0
31:10:15:23:17:14,2993.99,57.163,0,5.21516,0,0,0,0,0,0,0,0,0,0,0,0,-7488.13,0,0,0,0,0
31:10:15:23:17:15,2972.25,56.8769,0,5.25254,0,0,0,0,0,0,0,0,0,0,0,0,-7488.13,0,0,0,0,0
31:10:15:23:17:16,2952.22,57.163,0,5.27123,0,0,0,0,0,0,0,0,0,0,0,0,-7488.13,0,0,0,0,0
31:10:15:23:17:17,1570.35,80.6233,0,5.28458,0,0,0,0,0,0,0,0,0,0,0,0,-7488.13,0,0,0,0,0
31:10:15:23:17:18,144.424,56.3047,0,5.3193,0,0,0,0,0,0,0,0,0,0,0,0,-7488.13,0,0,0,0,0
31:10:15:23:17:19,153.865,58.0213,0,5.38338,0,0,0,0,0,0,0,0,0,0,0,0,-7488.13,0,0,0,0,0
31:10:15:23:17:20,164.165,57.7352,0,5.13638,0,0,0,0,0,0,0,0,0,0,0,0,-7488.13,0,0,0,0,0
31:10:15:23:17:21,173.034,57.163,0,5.16575,0,0,0,0,0,0,0,0,0,0,0,0,-7488.13,0,0,0,0,0
31:10:15:23:17:22,181.331,57.163,0,5.18311,0,0,0,0,0,0,0,0,0,0,0,0,-7488.13,0,0,0,0,0
31:10:15:23:17:23,187.339,57.163,0,5.20981,0,0,0,0,0,0,0,0,0,0,0,0,-7488.13,0,0,0,0,0
31:10:15:23:17:24,194.205,57.4491,0,5.23384,0,0,0,0,0,0,0,0,0,0,0,0,-7488.13,0,0,0,0,0
31:10:15:23:17:25,198.497,57.4491,0,5.2512,0,0,0,0,0,0,0,0,0,0,0,0,-7488.13,0,0,0,0,0
31:10:15:23:17:26,203.075,58.0213,0,5.24453,0,0,0,0,0,0,0,0,0,0,0,0,-7488.13,0,0,0,0,0
31:10:15:23:17:27,206.508,59.1657,0,5.28992,0,0,0,0,0,0,0,0,0,0,0,0,-7488.13,0,0,0,0,0
31:10:15:23:17:28,209.369,57.4491,0,5.31529,0,0,0,0,0,0,0,0,0,0,0,0,-7488.13,0,0,0,0,0
31:10:15:23:17:29,211.658,58.5935,0,5.37137,0,0,0,0,0,0,0,0,0,0,0,0,-7488.13,0,0,0,0,0
31:10:15:23:17:30,213.374,57.4491,0,5.346,0,0,0,0,0,0,0,0,0,0,0,0,-7488.13,0,0,0,0,0
31:10:15:23:17:31,215.949,56.8769,0,5.35801,0,0,0,0,0,0,0,0,0,0,0,0,-7488.13,0,0,0,0,0
31:10:15:23:17:32,217.666,56.8769,0,5.36336,0,0,0,0,0,0,0,0,0,0,0,0,-7488.13,0,0,0,0,0
31:10:15:23:17:33,218.81,57.7352,0,5.38071,0,0,0,0,0,0,0,0,0,0,0,0,-7488.13,0,0,0,0,0
31:10:15:23:17:34,219.955,57.7352,0,5.39273,0,0,0,0,0,0,0,0,0,0,0,0,-7488.13,0,0,0,0,0
31:10:15:23:17:35,221.385,57.7352,0,5.41009,0,0,0,0,0,0,0,0,0,0,0,0,-7488.13,0,0,0,0,0
31:10:15:23:17:36,168.456,60.5962,0,5.43812,0,0,0,0,0,0,0,0,0,0,0,0,-7488.13,0,0,0,0,0
31:10:15:23:17:37,114.955,58.8796,0,5.44747,0,0,0,0,0,0,0,0,0,0,0,0,-7488.13,0,0,0,0,0
31:10:15:23:17:38,90.0646,58.8796,0,5.46216,0,0,0,0,0,0,0,0,0,0,0,0,-7488.13,0,0,0,0,0
31:10:15:23:17:39,75.4734,64.8877,0,5.32998,0,0,0,0,0,0,0,0,0,0,0,0,-7488.13,0,0,0,0,0
31:10:15:23:17:40,66.6043,65.1738,0,5.26188,0,0,0,0,0,0,0,0,0,0,0,0,-7488.13,0,0,0,0,0
31:10:15:23:17:41,60.8823,72.3263,0,5.17376,0,0,0,0,0,0,0,0,0,0,0,0,-7488.13,0,0,0,0,0
31:10:15:23:17:42,60.5962,72.3263,0,4.39536,0,0,0,0,0,0,0,0,0,0,0,0,-7488.13,0,0,0,0,0
31:10:15:23:17:43,58.8796,71.468,0,3.75448,0,0,0,0,0,0,0,0,0,0,0,0,-7488.13,0,0,0,0,0
31:10:15:23:17:44,58.8796,70.8958,0,2.96139,0,0,0,0,0,0,0,0,0,0,0,0,-7488.13,0,0,0,0,0
31:10:15:23:17:45,58.3074,70.3236,0,2.54616,0,0,0,0,0,0,0,0,0,0,0,0,-7488.13,0,0,0,0,0
31:10:15:23:17:46,58.0213,70.3236,0,2.14828,0,0,0,0,0,0,0,0,0,0,0,0,-7488.13,0,0,0,0,0
31:10:15:23:17:47,58.0213,69.1792,0,1.63024,0,0,0,0,0,0,0,0,0,0,0,0,-7488.13,0,0,0,0,0
31:10:15:23:17:48,57.4491,68.8931,0,1.33116,0,0,0,0,0,0,0,0,0,0,0,0,-7488.13,0,0,0,0,0
31:10:15:23:17:49,56.3047,68.607,0,0.96666,0,0,0,0,0,0,0,0,0,0,0,0,-7488.13,0,0,0,0,0
31:10:15:23:17:50,56.8769,68.607,0,0.794422,0,0,0,0,0,0,0,0,0,0,0,0,-7488.13,0,0,0,0,0
31:10:15:23:17:51,56.3047,68.607,0,0.552757,0,0,0,0,0,0,0,0,0,0,0,0,-7488.13,0,0,0,0,0
31:10:15:23:17:52,56.0186,68.3209,0,0.473986,0,0,0,0,0,0,0,0,0,0,0,0,-7488.13,0,0,0,0,0
31:10:15:23:17:53,55.7325,67.7487,0,0.33379,0,0,0,0,0,0,0,0,0,0,0,0,-7488.13,0,0,0,0,0
31:10:15:23:17:54,56.0186,68.607,0,0.249678,0,0,0,0,0,0,0,0,0,0,0,0,-7488.13,0,0,0,0,0
31:10:15:23:17:55,55.7325,68.0348,0,0.14954,0,0,0,0,0,0,0,0,0,0,0,0,-7488.13,0,0,0,0,0
31:10:15:23:17:56,56.3047,68.607,0,0.0694275,0,0,0,0,0,0,0,0,0,0,0,0,-7488.13,0,0,0,0,0
31:10:15:23:17:57,55.7325,67.4626,0,0.0213623,0,0,0,0,0,0,0,0,0,0,0,0,-7488.13,0,0,0,0,0
31:10:15:23:17:58,56.0186,67.7487,0,0.0200272,0,0,0,0,0,0,0,0,0,0,0,0,-7488.13,0,0,0,0,0
31:10:15:23:17:59,56.0186,68.0348,0,0.018692,0,0,0,0,0,0,0,0,0,0,0,0,-7488.13,0,0,0,0,0
31:10:15:23:18:00,55.7325,67.7487,0,0.0133514,0,0,0,0,0,0,0,0,0,0,0,0,-7488.13,0,0,0,0,0
31:10:15:23:18:01,55.7325,67.7487,0,0.00801086,0,0,0,0,0,0,0,0,0,0,0,0,-7488.13,0,0,0,0,0
31:10:15:23:18:02,56.3047,68.0348,0,0.00801086,0,0,0,0,0,0,0,0,0,0,0,0,-7488.13,0,0,0,0,0
31:10:15:23:18:03,56.3047,68.0348,0,0.0106792,0,0,0,0,0,0,0,0,0,0,0,0,-7488.13,0,0,0,0,0
31:10:15:23:18:04,55.4464,67.7487,0,0.00267029,0,0,0,0,0,0,0,0,0,0,0,0,-7488.13,0,0,0,0,0
31:10:15:23:18:05,55.7325,67.4626,0,0.00667572,0,0,0,0,0,0,0,0,0,0,0,0,-7488.13,0,0,0,0,0
31:10:15:23:18:06,56.3047,68.607,0,0.0160217,0,0,0,0,0,0,0,0,0,0,0,0,-7488.13,0,0,0,0,0
31:10:15:23:18:07,55.7325,67.1765,0,0.0160217,0,0,0,0,0,0,0,0,0,0,0,0,-7488.13,0,0,0,0,0
31:10:15:23:18:08,55.7325,68.0348,0,0.0267029,0,0,0,0,0,0,0,0,0,0,0,0,-7488.13,0,0,0,0,0
31:10:15:23:18:09,55.4464,67.1765,0,0.0293751,0,0,0,0,0,0,0,0,0,0,0,0,-7488.13,0,0,0,0,0
31:10:15:23:18:10,56.5908,68.0348,0,0.028038,0,0,0,0,0,0,0,0,0,0,0,0,-7488.13,0,0,0,0,0
31:10:15:23:18:11,56.5908,68.0348,0,0.028038,0,0,0,0,0,0,0,0,0,0,0,0,-7488.13,0,0,0,0,0
31:10:15:23:18:12,56.3047,68.3209,0,0.0267029,0,0,0,0,0,0,0,0,0,0,0,0,-7488.13,0,0,0,0,0
31:10:15:23:18:13,56.0186,67.4626,0,0.0226975,0,0,0,0,0,0,0,0,0,0,0,0,-7488.13,0,0,0,0,0
31:10:15:23:18:14,55.1603,67.4626,0,0.0307083,0,0,0,0,0,0,0,0,0,0,0,0,-7488.13,0,0,0,0,0
31:10:15:23:18:15,56.3047,67.7487,0,0.00667572,0,0,0,0,0,0,0,0,0,0,0,0,-7488.13,0,0,0,0,0
31:10:15:23:18:16,56.0186,67.4626,0,0.0226975,0,0,0,0,0,0,0,0,0,0,0,0,-7488.13,0,0,0,0,0
31:10:15:23:18:17,56.0186,66.8904,0,0.0253696,0,0,0,0,0,0,0,0,0,0,0,0,-7488.13,0,0,0,0,0
31:10:15:23:18:18,56.0186,67.7487,0,0.0213623,0,0,0,0,0,0,0,0,0,0,0,0,-7488.13,0,0,0,0,0
31:10:15:23:18:19,56.5908,67.4626,0,0.0213623,0,0,0,0,0,0,0,0,0,0,0,0,-7488.13,0,0,0,0,0
31:10:15:23:18:20,56.3047,68.0348,0,0.0173569,0,0,0,0,0,0,0,0,0,0,0,0,-7488.13,0,0,0,0,0
31:10:15:23:18:21,56.3047,67.4626,0,0.0106792,0,0,0,0,0,0,0,0,0,0,0,0,-7488.13,0,0,0,0,0
31:10:15:23:18:22,56.3047,67.7487,0,0.00400543,0,0,0,0,0,0,0,0,0,0,0,0,-7488.13,0,0,0,0,0
31:10:15:23:18:23,55.7325,67.4626,0,0.00667572,0,0,0,0,0,0,0,0,0,0,0,0,-7488.13,0,0,0,0,0
31:10:15:23:18:24,56.3047,67.4626,0,0.00400543,0,0,0,0,0,0,0,0,0,0,0,0,-7488.13,0,0,0,0,0
31:10:15:23:18:25,56.8769,68.0348,0,0.0120163,0,0,0,0,0,0,0,0,0,0,0,0,-7488.13,0,0,0,0,0
31:10:15:23:18:26,56.0186,67.4626,0,0.0146866,0,0,0,0,0,0,0,0,0,0,0,0,-7488.13,0,0,0,0,0
31:10:15:23:18:27,56.5908,67.1765,0,0.0146866,0,0,0,0,0,0,0,0,0,0,0,0,-7488.13,0,0,0,0,0
31:10:15:23:18:28,56.5908,67.4626,0,0.0146866,0,0,0,0,0,0,0,0,0,0,0,0,-7488.13,0,0,0,0,0
31:10:15:23:18:29,56.8769,66.8904,0,0.0106792,0,0,0,0,0,0,0,0,0,0,0,0,-7488.13,0,0,0,0,0
31:10:15:23:18:30,56.8769,67.4626,0,0.0160217,0,0,0,0,0,0,0,0,0,0,0,0,-7488.13,0,0,0,0,0
31:10:15:23:18:31,56.8769,68.0348,0,0.0333786,0,0,0,0,0,0,0,0,0,0,0,0,-7488.13,0,0,0,0,0
31:10:15:23:18:32,56.5908,67.4626,0,0.0427246,0,0,0,0,0,0,0,0,0,0,0,0,-7488.13,0,0,0,0,0
31:10:15:23:18:33,56.5908,66.8904,0,0.0347137,0,0,0,0,0,0,0,0,0,0,0,0,-7488.13,0,0,0,0,0
31:10:15:23:18:34,56.0186,67.1765,0,0.0267029,0,0,0,0,0,0,0,0,0,0,0,0,-7488.13,0,0,0,0,0
31:10:15:23:18:35,56.0186,67.1765,0,0.028038,0,0,0,0,0,0,0,0,0,0,0,0,-7488.13,0,0,0,0,0
31:10:15:23:18:36,56.5908,67.7487,0,0.0240326,0,0,0,0,0,0,0,0,0,0,0,0,-7488.13,0,0,0,0,0
31:10:15:23:18:37,56.5908,67.1765,0,0.00934601,0,0,0,0,0,0,0,0,0,0,0,0,-7488.13,0,0,0,0,0
31:10:15:23:18:38,56.3047,67.7487,0,0.018692,0,0,0,0,0,0,0,0,0,0,0,0,-7488.13,0,0,0,0,0
31:10:15:23:18:39,55.7325,66.6043,0,0.0293751,0,0,0,0,0,0,0,0,0,0,0,0,-7488.13,0,0,0,0,0
31:10:15:23:18:40,56.0186,67.1765,0,0.028038,0,0,0,0,0,0,0,0,0,0,0,0,-7488.13,0,0,0,0,0
31:10:15:23:18:41,56.5908,67.1765,0,0.0226975,0,0,0,0,0,0,0,0,0,0,0,0,-7488.13,0,0,0,0,0
31:10:15:23:18:42,56.5908,67.1765,0,0.0213623,0,0,0,0,0,0,0,0,0,0,0,0,-7488.13,0,0,0,0,0
31:10:15:23:18:43,56.3047,67.7487,0,0.0253696,0,0,0,0,0,0,0,0,0,0,0,0,-7488.13,0,0,0,0,0
31:10:15:23:18:44,56.8769,67.7487,0,0.0253696,0,0,0,0,0,0,0,0,0,0,0,0,-7488.13,0,0,0,0,0
31:10:15:23:18:45,56.8769,67.4626,0,0.0320435,0,0,0,0,0,0,0,0,0,0,0,0,-7488.13,0,0,0,0,0
31:10:15:23:18:46,56.5908,67.4626,0,0.0360508,0,0,0,0,0,0,0,0,0,0,0,0,-7488.13,0,0,0,0,0
31:10:15:23:18:47,55.7325,67.4626,0,0.0387192,0,0,0,0,0,0,0,0,0,0,0,0,-7488.13,0,0,0,0,0
31:10:15:23:18:48,57.163,67.1765,0,0.0534058,0,0,0,0,0,0,0,0,0,0,0,0,-7488.13,0,0,0,0,0
31:10:15:23:18:49,56.8769,67.4626,0,0.0600815,0,0,0,0,0,0,0,0,0,0,0,0,-7488.13,0,0,0,0,0
31:10:15:23:18:50,56.3047,67.4626,0,0.0667572,0,0,0,0,0,0,0,0,0,0,0,0,-7488.13,0,0,0,0,0
31:10:15:23:18:51,56.5908,67.7487,0,0.0640869,0,0,0,0,0,0,0,0,0,0,0,0,-7488.13,0,0,0,0,0
31:10:15:23:18:52,56.5908,67.4626,0,0.0547428,0,0,0,0,0,0,0,0,0,0,0,0,-7488.13,0,0,0,0,0
31:10:15:23:18:53,56.5908,68.0348,0,0.0413895,0,0,0,0,0,0,0,0,0,0,0,0,-7488.13,0,0,0,0,0
31:10:15:23:18:54,56.3047,66.8904,0,0.0507374,0,0,0,0,0,0,0,0,0,0,0,0,-7488.13,0,0,0,0,0
31:10:15:23:18:55,56.8769,67.7487,0,0.0574112,0,0,0,0,0,0,0,0,0,0,0,0,-7488.13,0,0,0,0,0
31:10:15:23:18:56,56.3047,67.1765,0,0.0480652,0,0,0,0,0,0,0,0,0,0,0,0,-7488.13,0,0,0,0,0
31:10:15:23:18:57,56.5908,67.1765,0,0.0520706,0,0,0,0,0,0,0,0,0,0,0,0,-7488.13,0,0,0,0,0
31:10:15:23:18:58,56.5908,66.8904,0,0.0614185,0,0,0,0,0,0,0,0,0,0,0,0,-7488.13,0,0,0,0,0
31:10:15:23:18:59,56.0186,67.1765,0,0.0667572,0,0,0,0,0,0,0,0,0,0,0,0,-7488.13,0,0,0,0,0
31:10:15:23:19:00,56.5908,67.4626,0,0.065424,0,0,0,0,0,0,0,0,0,0,0,0,-7488.13,0,0,0,0,0
31:10:15:23:19:01,56.0186,67.1765,0,0.0720997,0,0,0,0,0,0,0,0,0,0,0,0,-7488.13,0,0,0,0,0
31:10:15:23:19:02,56.5908,67.4626,0,0.0761051,0,0,0,0,0,0,0,0,0,0,0,0,-7488.13,0,0,0,0,0
31:10:15:23:19:03,56.3047,67.4626,0,0.0587482,0,0,0,0,0,0,0,0,0,0,0,0,-7488.13,0,0,0,0,0
31:10:15:23:19:04,56.8769,67.4626,0,0.0427246,0,0,0,0,0,0,0,0,0,0,0,0,-7488.13,0,0,0,0,0
31:10:15:23:19:05,56.8769,66.8904,0,0.0413895,0,0,0,0,0,0,0,0,0,0,0,0,-7488.13,0,0,0,0,0
31:10:15:23:19:06,56.5908,66.8904,0,0.0413895,0,0,0,0,0,0,0,0,0,0,0,0,-7488.13,0,0,0,0,0
31:10:15:23:19:07,56.8769,66.6043,0,0.0347137,0,0,0,0,0,0,0,0,0,0,0,0,-7488.13,0,0,0,0,0
31:10:15:23:19:08,56.5908,66.8904,0,0.0307083,0,0,0,0,0,0,0,0,0,0,0,0,-7488.13,0,0,0,0,0
31:10:15:23:19:09,56.0186,66.8904,0,0.0240326,0,0,0,0,0,0,0,0,0,0,0,0,-7488.13,0,0,0,0,0
31:10:15:23:19:10,56.8769,67.1765,0,0.0213623,0,0,0,0,0,0,0,0,0,0,0,0,-7488.13,0,0,0,0,0
31:10:15:23:19:11,56.0186,66.6043,0,0.0307083,0,0,0,0,0,0,0,0,0,0,0,0,-7488.13,0,0,0,0,0
31:10:15:23:19:12,56.3047,66.8904,0,0.037384,0,0,0,0,0,0,0,0,0,0,0,0,-7488.13,0,0,0,0,0
31:10:15:23:19:13,56.5908,66.3182,0,0.0333786,0,0,0,0,0,0,0,0,0,0,0,0,-7488.13,0,0,0,0,0
31:10:15:23:19:14,56.3047,67.7487,0,0.0480652,0,0,0,0,0,0,0,0,0,0,0,0,-7488.13,0,0,0,0,0
31:10:15:23:19:15,56.5908,66.8904,0,0.0547428,0,0,0,0,0,0,0,0,0,0,0,0,-7488.13,0,0,0,0,0
31:10:15:23:19:16,56.8769,67.1765,0,0.0587482,0,0,0,0,0,0,0,0,0,0,0,0,-7488.13,0,0,0,0,0
31:10:15:23:19:17,56.8769,66.6043,0,0.108147,0,0,0,0,0,0,0,0,0,0,0,0,-7488.13,0,0,0,0,0
31:10:15:23:19:18,56.3047,66.8904,0,0.125505,0,0,0,0,0,0,0,0,0,0,0,0,-7488.13,0,0,0,0,0
31:10:15:23:19:19,56.0186,66.8904,0,0.109484,0,0,0,0,0,0,0,0,0,0,0,0,-7488.13,0,0,0,0,0
31:10:15:23:19:20,55.7325,66.6043,0,0.0961323,0,0,0,0,0,0,0,0,0,0,0,0,-7488.13,0,0,0,0,0
31:10:15:23:19:21,56.5908,67.4626,0,0.0881214,0,0,0,0,0,0,0,0,0,0,0,0,-7488.13,0,0,0,0,0
31:10:15:23:19:22,56.3047,67.1765,0,0.0640869,0,0,0,0,0,0,0,0,0,0,0,0,-7488.13,0,0,0,0,0
31:10:15:23:19:23,56.3047,67.1765,0,0.0547428,0,0,0,0,0,0,0,0,0,0,0,0,-7488.13,0,0,0,0,0
31:10:15:23:19:24,56.3047,66.8904,0,0.0627537,0,0,0,0,0,0,0,0,0,0,0,0,-7488.13,0,0,0,0,0
31:10:15:23:19:25,57.163,66.8904,0,0.0574112,0,0,0,0,0,0,0,0,0,0,0,0,-7488.13,0,0,0,0,0
31:10:15:23:19:26,56.8769,68.0348,0,0.0560761,0,0,0,0,0,0,0,0,0,0,0,0,-7488.13,0,0,0,0,0
31:10:15:23:19:27,56.5908,67.4626,0,0.0494003,0,0,0,0,0,0,0,0,0,0,0,0,-7488.13,0,0,0,0,0
31:10:15:23:19:28,56.8769,67.4626,0,0.0560761,0,0,0,0,0,0,0,0,0,0,0,0,-7488.13,0,0,0,0,0
31:10:15:23:19:29,56.8769,67.1765,0,0.0440617,0,0,0,0,0,0,0,0,0,0,0,0,-7488.13,0,0,0,0,0
31:10:15:23:19:30,56.3047,66.8904,0,0.0440617,0,0,0,0,0,0,0,0,0,0,0,0,-7488.13,0,0,0,0,0
31:10:15:23:19:31,56.8769,67.4626,0,0.0387192,0,0,0,0,0,0,0,0,0,0,0,0,-7488.13,0,0,0,0,0
31:10:15:23:19:32,56.0186,67.1765,0,0.0427246,0,0,0,0,0,0,0,0,0,0,0,0,-7488.13,0,0,0,0,0
31:10:15:23:19:33,56.8769,67.4626,0,0.0480652,0,0,0,0,0,0,0,0,0,0,0,0,-7488.13,0,0,0,0,0
31:10:15:23:19:34,57.4491,67.1765,0,0.0453949,0,0,0,0,0,0,0,0,0,0,0,0,-7488.13,0,0,0,0,0
31:10:15:23:19:35,56.5908,67.4626,0,0.028038,0,0,0,0,0,0,0,0,0,0,0,0,-7488.13,0,0,0,0,0
31:10:15:23:19:36,57.163,67.7487,0,0.0240326,0,0,0,0,0,0,0,0,0,0,0,0,-7488.13,0,0,0,0,0
31:10:15:23:19:37,56.5908,67.1765,0,0.0360508,0,0,0,0,0,0,0,0,0,0,0,0,-7488.13,0,0,0,0,0
31:10:15:23:19:38,56.8769,67.4626,0,0.0413895,0,0,0,0,0,0,0,0,0,0,0,0,-7488.13,0,0,0,0,0
31:10:15:23:19:39,56.5908,67.7487,0,0.0427246,0,0,0,0,0,0,0,0,0,0,0,0,-7488.13,0,0,0,0,0
31:10:15:23:19:40,56.8769,67.4626,0,0.0387192,0,0,0,0,0,0,0,0,0,0,0,0,-7488.13,0,0,0,0,0
31:10:15:23:19:41,56.0186,67.1765,0,0.037384,0,0,0,0,0,0,0,0,0,0,0,0,-7488.13,0,0,0,0,0
31:10:15:23:19:42,56.8769,67.1765,0,0.0427246,0,0,0,0,0,0,0,0,0,0,0,0,-7488.13,0,0,0,0,0
31:10:15:23:19:43,56.3047,66.8904,0,0.0453949,0,0,0,0,0,0,0,0,0,0,0,0,-7488.13,0,0,0,0,0
31:10:15:23:19:44,56.3047,66.8904,0,0.0560761,0,0,0,0,0,0,0,0,0,0,0,0,-7488.13,0,0,0,0,0
31:10:15:23:19:45,56.5908,66.8904,0,0.0560761,0,0,0,0,0,0,0,0,0,0,0,0,-7488.13,0,0,0,0,0
31:10:15:23:19:46,56.8769,67.1765,0,0.0600815,0,0,0,0,0,0,0,0,0,0,0,0,-7488.13,0,0,0,0,0
31:10:15:23:19:47,56.8769,67.4626,0,0.0507374,0,0,0,0,0,0,0,0,0,0,0,0,-7488.13,0,0,0,0,0
31:10:15:23:19:48,111.522,118.103,0,0.0427246,0,0,0,0,0,0,0,0,0,0,0,0,-7488.13,0,0,0,0,0
31:10:15:23:19:49,611.627,595.319,0,0.0440617,0,0,0,0,0,0,0,0,0,0,0,0,-7488.13,0,0,0,0,0
31:10:15:23:19:50,1630.15,1613.84,0.341188,0.0494003,0,0,0,0,0,0,0,0,0,0,0,0,-7488.13,0,0,0,0,0
31:10:15:23:19:51,1915.96,1917.97,3.64304,0.616846,0.341188,0,0,0,0,0,0,0,0,0,0,0,-7488.13,0,0,0,0,0
31:10:15:23:19:52,1904.23,1904.52,3.50857,1.1429,3.64304,0,0,0,0,0,0,0,0,0,0,0,-7488.13,0,0,0,0,0
31:10:15:23:19:53,1893.36,1894.51,3.50857,1.12421,3.50857,0,0,0,0,0,0,0,0,0,0,0,-7488.13,0,0,0,0,0
31:10:15:23:19:54,1885.92,1886.49,1.45198,0.951971,3.50857,0,0,0,0,0,0,0,0,0,0,0,-7488.13,0,0,0,0,0
31:10:15:23:19:55,2008.95,2026.11,0,0.790417,1.45198,0,0,0,0,0,0,0,0,0,0,0,-7488.13,0,0,0,0,0
31:10:15:23:19:56,2197.49,2214.65,0,0.60483,0,0,0,0,0,0,0,0,0,0,0,0,-7488.13,0,0,0,0,0
31:10:15:23:19:57,2461.56,2454.69,0.0211919,0.488668,0,0,0,0,0,0,0,0,0,0,0,0,-7488.13,0,0,0,0,0
31:10:15:23:19:58,2569.13,2566.56,0.416897,0.485998,0.0211919,0,0,0,0,0,0,0,0,0,0,0,-7488.13,0,0,0,0,0
31:10:15:23:19:59,2567.7,2564.55,0.416897,0.467308,0.416897,0,0,0,0,0,0,0,0,0,0,0,-7488.13,0,0,0,0,0
31:10:15:23:20:00,2560.55,2558.55,0.556806,0.363165,0.416897,0,0,0,0,0,0,0,0,0,0,0,-7488.13,0,0,0,0,0
31:10:15:23:20:01,2834.06,2822.33,0.327088,0.275045,0.556806,0,0,0,0,0,0,0,0,0,0,0,-7488.13,0,0,0,0,0
31:10:15:23:20:02,3118.73,3104.71,0.167219,0.162889,0.327088,0,0,0,0,0,0,0,0,0,0,0,-7488.13,0,0,0,0,0
31:10:15:23:20:03,3426.29,3411.99,0,0.26837,0.167219,0,0,0,0,0,0,0,0,0,0,0,-7488.13,0,0,0,0,0
31:10:15:23:20:04,3662.61,3648.88,0.822879,0.307087,0,0,0,0,0,0,0,0,0,0,0,0,-7488.13,0,0,0,0,0
31:10:15:23:20:05,3815.39,3803.66,0.6332,0.388531,0.822879,0,0,0,0,0,0,0,0,0,0,0,-7488.13,0,0,0,0,0
31:10:15:23:20:06,3827.98,3818.25,0.668702,0.373846,0.6332,0,0,0,0,0,0,0,0,0,0,0,-7488.13,0,0,0,0,0
31:10:15:23:20:07,3823.11,3813.1,0.494859,0.319105,0.668702,0,0,0,0,0,0,0,0,0,0,0,-7488.13,0,0,0,0,0
31:10:15:23:20:08,3819.11,3809.09,0.297753,0.261692,0.494859,0,0,0,0,0,0,0,0,0,0,0,-7488.13,0,0,0,0,0
31:10:15:23:20:09,3847.43,3828.26,0.125632,0.168232,0.297753,0,0,0,0,0,0,0,0,0,0,0,-7488.13,0,0,0,0,0
31:10:15:23:20:10,4320.93,4296.9,0.0392877,0.130848,0.125632,0,0,0,0,0,0,0,0,0,0,0,-7488.13,0,0,0,0,0
31:10:15:23:20:11,4563.83,4549.24,0.157151,0.132181,0.0392877,0,0,0,0,0,0,0,0,0,0,0,-7488.13,0,0,0,0,0
31:10:15:23:20:12,4560.97,4546.38,0.448681,0.275044,0.157151,0,0,0,0,0,0,0,0,0,0,0,-7488.13,0,0,0,0,0
31:10:15:23:20:13,4559.54,4544.37,0.991017,0.273708,0.448681,0,0,0,0,0,0,0,0,0,0,0,-7488.13,0,0,0,0,0
31:10:15:23:20:14,4557.54,4543.23,0.303154,0.205616,0.991017,0,0,0,0,0,0,0,0,0,0,0,-7488.13,0,0,0,0,0
31:10:15:23:20:15,4556.39,4541.51,0.118875,0.144197,0.303154,0,0,0,0,0,0,0,0,0,0,0,-7488.13,0,0,0,0,0
31:10:15:23:20:16,4554.1,4540.08,0,0.109484,0.118875,0,0,0,0,0,0,0,0,0,0,0,-7488.13,0,0,0,0,0
31:10:15:23:20:17,4553.24,4538.37,0,0.018692,0,0,0,0,0,0,0,0,0,0,0,0,-7488.13,0,0,0,0,0
31:10:15:23:20:18,4552.1,4538.08,0,0.0387192,0,0,0,0,0,0,0,0,0,0,0,0,-7488.13,0,0,0,0,0
31:10:15:23:20:19,4550.67,4536.65,0,0.028038,0,0,0,0,0,0,0,0,0,0,0,0,-7488.13,0,0,0,0,0
31:10:15:23:20:20,4550.38,4535.51,0,0.0293751,0,0,0,0,0,0,0,0,0,0,0,0,-7488.13,0,0,0,0,0
31:10:15:23:20:21,4548.67,4534.36,0,0.0347137,0,0,0,0,0,0,0,0,0,0,0,0,-7488.13,0,0,0,0,0
31:10:15:23:20:22,4547.52,4533.79,0,0.0213623,0,0,0,0,0,0,0,0,0,0,0,0,-7488.13,0,0,0,0,0
31:10:15:23:20:23,4546.95,4532.93,0,0.0120163,0,0,0,0,0,0,0,0,0,0,0,0,-7488.13,0,0,0,0,0
31:10:15:23:20:24,4546.38,4532.36,0,0.018692,0,0,0,0,0,0,0,0,0,0,0,0,-7488.13,0,0,0,0,0
31:10:15:23:20:25,4545.23,4531.5,0,0.00667572,0,0,0,0,0,0,0,0,0,0,0,0,-7488.13,0,0,0,0,0
31:10:15:23:20:26,4544.37,4530.36,0,0.00801086,0,0,0,0,0,0,0,0,0,0,0,0,-7488.13,0,0,0,0,0
31:10:15:23:20:27,4543.8,4529.78,0,0.0120163,0,0,0,0,0,0,0,0,0,0,0,0,-7488.13,0,0,0,0,0
31:10:15:23:20:28,4542.66,4528.35,0,0.0133514,0,0,0,0,0,0,0,0,0,0,0,0,-7488.13,0,0,0,0,0
31:10:15:23:20:29,4542.66,4528.07,0,0.0226975,0,0,0,0,0,0,0,0,0,0,0,0,-7488.13,0,0,0,0,0
31:10:15:23:20:30,4541.8,4527.78,0,0.028038,0,0,0,0,0,0,0,0,0,0,0,0,-7488.13,0,0,0,0,0
31:10:15:23:20:31,4540.94,4526.92,0,0.0213623,0,0,0,0,0,0,0,0,0,0,0,0,-7488.13,0,0,0,0,0
31:10:15:23:20:32,4540.66,4526.35,0,0.018692,0,0,0,0,0,0,0,0,0,0,0,0,-7488.13,0,0,0,0,0
31:10:15:23:20:33,4540.37,4525.78,0,0.0320435,0,0,0,0,0,0,0,0,0,0,0,0,-7488.13,0,0,0,0,0
31:10:15:23:20:34,4539.51,4526.06,0,0.0200272,0,0,0,0,0,0,0,0,0,0,0,0,-7488.13,0,0,0,0,0
31:10:15:23:20:35,4538.94,4524.92,0,0.0253696,0,0,0,0,0,0,0,0,0,0,0,0,-7488.13,0,0,0,0,0
31:10:15:23:20:36,4538.65,4524.06,0,0.028038,0,0,0,0,0,0,0,0,0,0,0,0,-7488.13,0,0,0,0,0
31:10:15:23:20:37,4538.08,4523.2,0,0.0267029,0,0,0,0,0,0,0,0,0,0,0,0,-7488.13,0,0,0,0,0
31:10:15:23:20:38,4536.94,4523.2,0,0.028038,0,0,0,0,0,0,0,0,0,0,0,0,-7488.13,0,0,0,0,0
31:10:15:23:20:39,4537.22,4522.63,0,0.0387192,0,0,0,0,0,0,0,0,0,0,0,0,-7488.13,0,0,0,0,0
31:10:15:23:20:40,4536.36,4522.92,0,0.0387192,0,0,0,0,0,0,0,0,0,0,0,0,-7488.13,0,0,0,0,0
31:10:15:23:20:41,4536.65,4521.77,0,0.037384,0,0,0,0,0,0,0,0,0,0,0,0,-7488.13,0,0,0,0,0
31:10:15:23:20:42,4534.93,4521.49,0,0.0333786,0,0,0,0,0,0,0,0,0,0,0,0,-7488.13,0,0,0,0,0
31:10:15:23:20:43,4534.65,4520.91,0,0.0307083,0,0,0,0,0,0,0,0,0,0,0,0,-7488.13,0,0,0,0,0
31:10:15:23:20:44,4534.07,4520.63,0,0.018692,0,0,0,0,0,0,0,0,0,0,0,0,-7488.13,0,0,0,0,0
31:10:15:23:20:45,4534.07,4520.06,0,0.0173569,0,0,0,0,0,0,0,0,0,0,0,0,-7488.13,0,0,0,0,0
31:10:15:23:20:46,4533.5,4519.77,0,0.0133514,0,0,0,0,0,0,0,0,0,0,0,0,-7488.13,0,0,0,0,0
31:10:15:23:20:47,4532.36,4519.48,0,0.0160217,0,0,0,0,0,0,0,0,0,0,0,0,-7488.13,0,0,0,0,0
31:10:15:23:20:48,4532.36,4519.2,0,0.0160217,0,0,0,0,0,0,0,0,0,0,0,0,-7488.13,0,0,0,0,0
31:10:15:23:20:49,4531.79,4518.63,0,0.0146866,0,0,0,0,0,0,0,0,0,0,0,0,-7488.13,0,0,0,0,0
31:10:15:23:20:50,4532.07,4518.05,0,0.028038,0,0,0,0,0,0,0,0,0,0,0,0,-7488.13,0,0,0,0,0
31:10:15:23:20:51,4530.93,4517.48,0,0.037384,0,0,0,0,0,0,0,0,0,0,0,0,-7488.13,0,0,0,0,0
31:10:15:23:20:52,4530.07,4517.19,0,0.0427246,0,0,0,0,0,0,0,0,0,0,0,0,-7488.13,0,0,0,0,0
31:10:15:23:20:53,4530.64,4516.91,0,0.028038,0,0,0,0,0,0,0,0,0,0,0,0,-7488.13,0,0,0,0,0
31:10:15:23:20:54,4530.64,4516.34,0,0.0160217,0,0,0,0,0,0,0,0,0,0,0,0,-7488.13,0,0,0,0,0
31:10:15:23:20:55,4529.78,4516.05,0,0.0173569,0,0,0,0,0,0,0,0,0,0,0,0,-7488.13,0,0,0,0,0
31:10:15:23:20:56,4529.21,4516.05,0,0.00801086,0,0,0,0,0,0,0,0,0,0,0,0,-7488.13,0,0,0,0,0
31:10:15:23:20:57,4528.93,4515.19,0,0.0133514,0,0,0,0,0,0,0,0,0,0,0,0,-7488.13,0,0,0,0,0
31:10:15:23:20:58,4528.07,4515.48,0,0.0200272,0,0,0,0,0,0,0,0,0,0,0,0,-7488.13,0,0,0,0,0
31:10:15:23:20:59,4527.78,4514.33,0,0.0133514,0,0,0,0,0,0,0,0,0,0,0,0,-7488.13,0,0,0,0,0
31:10:15:23:21:00,4527.78,4514.62,0,0.0213623,0,0,0,0,0,0,0,0,0,0,0,0,-7488.13,0,0,0,0,0
31:10:15:23:21:01,4526.92,4514.05,0,0.0146866,0,0,0,0,0,0,0,0,0,0,0,0,-7488.13,0,0,0,0,0
31:10:15:23:21:02,4526.64,4513.76,0,0.0146866,0,0,0,0,0,0,0,0,0,0,0,0,-7488.13,0,0,0,0,0
31:10:15:23:21:03,4526.35,4513.76,0,0.0253696,0,0,0,0,0,0,0,0,0,0,0,0,-7488.13,0,0,0,0,0
31:10:15:23:21:04,4525.78,4512.9,0,0.0400562,0,0,0,0,0,0,0,0,0,0,0,0,-7488.13,0,0,0,0,0
31:10:15:23:21:05,4393.6,104.37,0,0.037384,0,0,0,0,0,0,0,0,0,0,0,0,-7488.13,0,0,0,0,0
31:10:15:23:21:06,4368.14,58.5935,0,0.0453949,0,0,0,0,0,0,0,0,0,0,0,0,-7488.13,0,0,0,0,0
31:10:15:23:21:07,4348.11,58.0213,0,0.165558,0,0,0,0,0,0,0,0,0,0,0,0,-7488.13,0,0,0,0,0
31:10:15:23:21:08,4331.23,56.8769,0,0.996031,0,0,0,0,0,0,0,0,0,0,0,0,-7488.13,0,0,0,0,0
31:10:15:23:21:09,4315.21,57.4491,0,1.67163,0,0,0,0,0,0,0,0,0,0,0,0,-7488.13,0,0,0,0,0
31:10:15:23:21:10,4302.91,57.4491,0,2.44201,0,0,0,0,0,0,0,0,0,0,0,0,-7488.13,0,0,0,0,0
31:10:15:23:21:11,4292.61,57.4491,0,2.86126,0,0,0,0,0,0,0,0,0,0,0,0,-7488.13,0,0,0,0,0
31:10:15:23:21:12,4282.88,57.4491,0,3.42737,0,0,0,0,0,0,0,0,0,0,0,0,-7488.13,0,0,0,0,0
31:10:15:23:21:13,4274.87,56.8769,0,3.68105,0,0,0,0,0,0,0,0,0,0,0,0,-7488.13,0,0,0,0,0
31:10:15:23:21:14,4266.28,56.5908,0,3.98413,0,0,0,0,0,0,0,0,0,0,0,0,-7488.13,0,0,0,0,0
31:10:15:23:21:15,4258.85,56.5908,0,3.99615,0,0,0,0,0,0,0,0,0,0,0,0,-7488.13,0,0,0,0,0
31:10:15:23:21:16,4251.98,57.4491,0,4.33528,0,0,0,0,0,0,0,0,0,0,0,0,-7488.13,0,0,0,0,0
31:10:15:23:21:17,4245.4,56.8769,0,4.48882,0,0,0,0,0,0,0,0,0,0,0,0,-7488.13,0,0,0,0,0
31:10:15:23:21:18,4238.25,56.3047,0,4.67975,0,0,0,0,0,0,0,0,0,0,0,0,-7488.13,0,0,0,0,0
31:10:15:23:21:19,4231.95,56.3047,0,4.80125,0,0,0,0,0,0,0,0,0,0,0,0,-7488.13,0,0,0,0,0
31:10:15:23:21:20,4226.23,56.5908,0,4.96815,0,0,0,0,0,0,0,0,0,0,0,0,-7488.13,0,0,0,0,0
31:10:15:23:21:21,4220.22,57.7352,0,5.05093,0,0,0,0,0,0,0,0,0,0,0,0,-7488.13,0,0,0,0,0
31:10:15:23:21:22,4214.5,57.7352,0,5.18711,0,0,0,0,0,0,0,0,0,0,0,0,-7488.13,0,0,0,0,0
31:10:15:23:21:23,4208.21,57.163,0,5.21782,0,0,0,0,0,0,0,0,0,0,0,0,-7488.13,0,0,0,0,0
31:10:15:23:21:24,4202.48,57.4491,0,5.30327,0,0,0,0,0,0,0,0,0,0,0,0,-7488.13,0,0,0,0,0
31:10:15:23:21:25,4197.91,57.163,0,5.35,0,0,0,0,0,0,0,0,0,0,0,0,-7488.13,0,0,0,0,0
31:10:15:23:21:26,4192.18,58.0213,0,5.37671,0,0,0,0,0,0,0,0,0,0,0,0,-7488.13,0,0,0,0,0
31:10:15:23:21:27,4187.32,57.4491,0,5.43412,0,0,0,0,0,0,0,0,0,0,0,0,-7488.13,0,0,0,0,0
31:10:15:23:21:28,4182.17,57.163,0,5.44614,0,0,0,0,0,0,0,0,0,0,0,0,-7488.13,0,0,0,0,0
31:10:15:23:21:29,4178.17,56.5908,0,5.50088,0,0,0,0,0,0,0,0,0,0,0,0,-7488.13,0,0,0,0,0
31:10:15:23:21:30,4173.3,56.8769,0,5.49687,0,0,0,0,0,0,0,0,0,0,0,0,-7488.13,0,0,0,0,0
31:10:15:23:21:31,4169.01,56.8769,0,5.49821,0,0,0,0,0,0,0,0,0,0,0,0,-7488.13,0,0,0,0,0
31:10:15:23:21:32,3959.87,55.7325,0,5.52892,0,0,0,0,0,0,0,0,0,0,0,0,-7488.13,0,0,0,0,0
31:10:15:23:21:33,3688.65,57.7352,0,5.53025,0,0,0,0,0,0,0,0,0,0,0,0,-7488.13,0,0,0,0,0
31:10:15:23:21:34,3582.5,58.0213,0,5.53559,0,0,0,0,0,0,0,0,0,0,0,0,-7488.13,0,0,0,0,0
31:10:15:23:21:35,3496.67,58.0213,0,5.55695,0,0,0,0,0,0,0,0,0,0,0,0,-7488.13,0,0,0,0,0
31:10:15:23:21:36,3426,58.0213,0,5.55295,0,0,0,0,0,0,0,0,0,0,0,0,-7488.13,0,0,0,0,0
31:10:15:23:21:37,3364.21,57.7352,0,5.55429,0,0,0,0,0,0,0,0,0,0,0,0,-7488.13,0,0,0,0,0
31:10:15:23:21:38,3306.99,57.4491,0,5.54494,0,0,0,0,0,0,0,0,0,0,0,0,-7488.13,0,0,0,0,0
31:10:15:23:21:39,3256.63,57.4491,0,5.51823,0,0,0,0,0,0,0,0,0,0,0,0,-7488.13,0,0,0,0,0
31:10:15:23:21:40,3209.43,58.0213,0,5.53826,0,0,0,0,0,0,0,0,0,0,0,0,-7488.13,0,0,0,0,0
31:10:15:23:21:41,3166.8,58.3074,0,5.58232,0,0,0,0,0,0,0,0,0,0,0,0,-7488.13,0,0,0,0,0
31:10:15:23:21:42,3134.47,58.3074,0,5.57832,0,0,0,0,0,0,0,0,0,0,0,0,-7488.13,0,0,0,0,0
31:10:15:23:21:43,3107.86,58.5935,0,5.58766,0,0,0,0,0,0,0,0,0,0,0,0,-7488.13,0,0,0,0,0
31:10:15:23:21:44,3084.11,58.0213,0,5.6424,0,0,0,0,0,0,0,0,0,0,0,0,-7488.13,0,0,0,0,0
31:10:15:23:21:45,3063.23,58.0213,0,5.62638,0,0,0,0,0,0,0,0,0,0,0,0,-7488.13,0,0,0,0,0
31:10:15:23:21:46,3044.92,58.0213,0,5.61169,0,0,0,0,0,0,0,0,0,0,0,0,-7488.13,0,0,0,0,0
31:10:15:23:21:47,3028.04,58.3074,0,5.61303,0,0,0,0,0,0,0,0,0,0,0,0,-7488.13,0,0,0,0,0
31:10:15:23:21:48,3012.87,57.7352,0,5.63039,0,0,0,0,0,0,0,0,0,0,0,0,-7488.13,0,0,0,0,0
31:10:15:23:21:49,2999.43,57.4491,0,5.64908,0,0,0,0,0,0,0,0,0,0,0,0,-7488.13,0,0,0,0,0
31:10:15:23:21:50,2985.41,57.7352,0,5.63973,0,0,0,0,0,0,0,0,0,0,0,0,-7488.13,0,0,0,0,0
31:10:15:23:21:51,2972.53,58.0213,0,5.65843,0,0,0,0,0,0,0,0,0,0,0,0,-7488.13,0,0,0,0,0
31:10:15:23:21:52,2958.52,59.4518,0,5.67044,0,0,0,0,0,0,0,0,0,0,0,0,-7488.13,0,0,0,0,0
31:10:15:23:21:53,2945.93,63.7433,0,5.68513,0,0,0,0,0,0,0,0,0,0,0,0,-7488.13,0,0,0,0,0
31:10:15:23:21:54,2933.05,64.3155,0,5.67845,0,0,0,0,0,0,0,0,0,0,0,0,-7488.13,0,0,0,0,0
31:10:15:23:21:55,2919.61,68.0348,0,5.40608,0,0,0,0,0,0,0,0,0,0,0,0,-7488.13,0,0,0,0,0
31:10:15:23:21:56,2907.02,67.4626,0,4.56226,0,0,0,0,0,0,0,0,0,0,0,0,-7488.13,0,0,0,0,0
31:10:15:23:21:57,2895.29,67.1765,0,4.04688,0,0,0,0,0,0,0,0,0,0,0,0,-7488.13,0,0,0,0,0
31:10:15:23:21:58,2885.27,67.7487,0,2.91066,0,0,0,0,0,0,0,0,0,0,0,0,-7488.13,0,0,0,0,0
31:10:15:23:21:59,2874.12,68.8931,0,2.47139,0,0,0,0,0,0,0,0,0,0,0,0,-7488.13,0,0,0,0,0
31:10:15:23:22:00,2862.1,67.7487,0,1.8986,0,0,0,0,0,0,0,0,0,0,0,0,-7488.13,0,0,0,0,0
31:10:15:23:22:01,2850.66,67.1765,0,1.62356,0,0,0,0,0,0,0,0,0,0,0,0,-7488.13,0,0,0,0,0
31:10:15:23:22:02,2838.64,67.7487,0,1.21099,0,0,0,0,0,0,0,0,0,0,0,0,-7488.13,0,0,0,0,0
31:10:15:23:22:03,2826.62,67.4626,0,0.905241,0,0,0,0,0,0,0,0,0,0,0,0,-7488.13,0,0,0,0,0
31:10:15:23:22:04,2815.75,67.7487,0,0.680933,0,0,0,0,0,0,0,0,0,0,0,0,-7488.13,0,0,0,0,0
31:10:15:23:22:05,2805.74,67.7487,0,0.543411,0,0,0,0,0,0,0,0,0,0,0,0,-7488.13,0,0,0,0,0
31:10:15:23:22:06,2796.3,66.3182,0,0.461968,0,0,0,0,0,0,0,0,0,0,0,0,-7488.13,0,0,0,0,0
31:10:15:23:22:07,2787.14,68.3209,0,0.313763,0,0,0,0,0,0,0,0,0,0,0,0,-7488.13,0,0,0,0,0
31:10:15:23:22:08,2778.27,67.1765,0,0.16823,0,0,0,0,0,0,0,0,0,0,0,0,-7488.13,0,0,0,0,0
31:10:15:23:22:09,2769.69,67.4626,0,0.104141,0,0,0,0,0,0,0,0,0,0,0,0,-7488.13,0,0,0,0,0
31:10:15:23:22:10,2761.96,66.6043,0,0.0867863,0,0,0,0,0,0,0,0,0,0,0,0,-7488.13,0,0,0,0,0
31:10:15:23:22:11,2754.81,68.607,0,0.00801086,0,0,0,0,0,0,0,0,0,0,0,0,-7488.13,0,0,0,0,0
31:10:15:23:22:12,2745.66,68.0348,0,0.0146866,0,0,0,0,0,0,0,0,0,0,0,0,-7488.13,0,0,0,0,0
31:10:15:23:22:13,2737.07,66.6043,0,0.0120163,0,0,0,0,0,0,0,0,0,0,0,0,-7488.13,0,0,0,0,0
31:10:15:23:22:14,2728.49,67.1765,0,0.0133514,0,0,0,0,0,0,0,0,0,0,0,0,-7488.13,0,0,0,0,0
31:10:15:23:22:15,2721.62,66.3182,0,0.00667572,0,0,0,0,0,0,0,0,0,0,0,0,-7488.13,0,0,0,0,0
31:10:15:23:22:16,2713.33,67.7487,0,0.00801086,0,0,0,0,0,0,0,0,0,0,0,0,-7488.13,0,0,0,0,0
31:10:15:23:22:17,2706.46,67.1765,0,0.0160217,0,0,0,0,0,0,0,0,0,0,0,0,-7488.13,0,0,0,0,0
31:10:15:23:22:18,2699.31,66.8904,0,0.0106792,0,0,0,0,0,0,0,0,0,0,0,0,-7488.13,0,0,0,0,0
31:10:15:23:22:19,2692.44,67.7487,0,0.0240326,0,0,0,0,0,0,0,0,0,0,0,0,-7488.13,0,0,0,0,0
31:10:15:23:22:20,2685.57,66.6043,0,0.037384,0,0,0,0,0,0,0,0,0,0,0,0,-7488.13,0,0,0,0,0
31:10:15:23:22:21,2677.28,210.513,0,0.0440617,0,0,0,0,0,0,0,0,0,0,0,0,-7488.13,0,0,0,0,0
31:10:15:23:22:22,2650.96,653.684,0,0.037384,0,0,0,0,0,0,0,0,0,0,0,0,-7488.13,0,0,0,0,0
31:10:15:23:22:23,2622.63,664.842,0,0.0133514,0,0,0,0,0,0,0,0,0,0,0,0,-7488.13,0,0,0,0,0
31:10:15:23:22:24,2600.03,666.272,1.38329,0.0226975,0,0,0,0,0,0,0,0,0,0,0,0,-7488.13,0,0,0,0,0
31:10:15:23:22:25,2578,668.275,0.368574,0.056078,1.38329,0,0,0,0,0,0,0,0,0,0,0,-7488.13,0,0,0,0,0
31:10:15:23:22:26,2554.83,671.422,0.0653371,0.028038,0.368574,0,0,0,0,0,0,0,0,0,0,0,-7488.13,0,0,0,0,0
31:10:15:23:22:27,2531.37,674.855,0,0.0213623,0.0653371,0,0,0,0,0,0,0,0,0,0,0,-7488.13,0,0,0,0,0
31:10:15:23:22:28,2508.19,678.289,0,0.0226975,0,0,0,0,0,0,0,0,0,0,0,0,-7488.13,0,0,0,0,0
31:10:15:23:22:29,2482.16,682.008,0,0.0333786,0,0,0,0,0,0,0,0,0,0,0,0,-7488.13,0,0,0,0,0
31:10:15:23:22:30,2440.96,1139.48,0,0.0320435,0,0,0,0,0,0,0,0,0,0,0,0,-7488.13,0,0,0,0,0
31:10:15:23:22:31,2355.41,1847.01,0,0.0440617,0,0,0,0,0,0,0,0,0,0,0,0,-7488.13,0,0,0,0,0
31:10:15:23:22:32,2436.67,2421.5,0.828263,0.0560761,0,0,0,0,0,0,0,0,0,0,0,0,-7488.13,0,0,0,0,0
31:10:15:23:22:33,2848.08,2836.35,1.32849,0.232317,0.828263,0,0,0,0,0,0,0,0,0,0,0,-7488.13,0,0,0,0,0
31:10:15:23:22:34,3203.7,3191.4,1.104,0.392538,1.32849,0,0,0,0,0,0,0,0,0,0,0,-7488.13,0,0,0,0,0
31:10:15:23:22:35,3488.95,3476.64,1.104,0.476652,1.104,0,0,0,0,0,0,0,0,0,0,0,-7488.13,0,0,0,33.0226,0
31:10:15:23:22:36,3691.22,3680.06,0.925492,0.512701,1.104,0,0,0,0,0,0,0,0,0,23.1645,0,-7488.13,0,0,0,33.0226,0
31:10:15:23:22:37,3829.69,3820.25,0.747691,0.564774,0.925492,0,0,0,0,0,0,0,0,0,26.8769,0,-7488.13,0,0,0,25.6544,0
31:10:15:23:22:38,3832.84,3825.12,0.586786,0.519379,0.747691,0,0,0,0,0,0,0,0,0,38.2392,0,-7488.13,0,0,0,37.1455,0
31:10:15:23:22:39,3831.7,3823.4,0.586786,0.460632,0.586786,0,0,0,0,0,0,0,0,0,50.4979,0,-7488.13,0,0,0,40.2696,0
31:10:15:23:22:40,3830.27,3821.97,0.401534,0.365837,0.586786,0,0,0,0,0,0,0,0,0,66.597,0,-7488.13,0,0,0,51.671,0
31:10:15:23:22:41,3829.98,3821.68,0.218459,0.236326,0.401534,0,0,0,0,0,0,0,0,0,92.8069,0,-7488.13,0,0,0,89.7849,0
31:10:15:23:22:42,4358.12,4322.07,0.218459,0.137522,0.218459,0,0,0,0,0,0,0,0,0,96.8509,0,-7488.13,0,0,0,95.8073,0
31:10:15:23:22:43,5199.26,5178.09,0.141196,0.0854511,0.218459,0,0,0,0,0,0,0,0,0,154.664,0,-7488.13,0,0,0,152.229,0
31:10:15:23:22:44,5212.42,5195.83,0.0335065,0.144197,0.141196,0,0,0,0,0,0,0,0,0,279.446,0,-7488.13,0,0,0,156.283,0
31:10:15:23:22:45,5210.99,5194.4,2.02962,0.401884,0.0335065,0,0,0,0,0,0,0,0,0,228.782,0,-7488.13,0,0,0,252.922,0
31:10:15:23:22:46,5451.89,5495.38,1.17233,0.424582,2.02962,0,0,0,0,0,0,0,0,0,292.313,0,-7488.13,0,0,0,215.716,0
31:10:15:23:22:47,6238.09,6272.43,0.142346,0.357824,1.17233,0,0,0,0,0,0,0,0,0,969.317,0,-7488.13,0,0,0,249.975,0
31:10:15:23:22:48,6364.84,6342.23,0.142346,0.24567,0.142346,0,0,0,0,0,0,0,0,0,9.95884,0,-7488.13,0,0,0,11.0574,0
31:10:15:23:22:49,6362.83,6340.8,0.137331,0.508698,0.142346,0,0,0,0,0,0,0,0,0,11.7505,0,-7488.13,0,0,0,8.24103,0
31:10:15:23:22:50,6361.4,6339.66,1.73869,0.461967,0.137331,0,0,0,0,0,0,0,0,0,61.0633,0,-7488.13,0,0,0,61.0633,0
31:10:15:23:22:51,6359.97,6338.23,1.12929,0.377852,1.73869,0,0,0,0,0,0,0,0,0,42.7366,0,-7488.13,0,0,0,42.7366,0
31:10:15:23:22:52,6469.26,6432.36,0.319403,0.238995,1.12929,0,0,0,0,0,0,0,0,0,10.8124,0,-7488.13,0,0,0,10.8124,0
31:10:15:23:22:53,7147.32,7110.13,0,0.186922,0.319403,0,0,0,0,0,0,0,0,0,4.6393,0,-7488.13,0,0,0,4.6393,0
31:10:15:23:22:54,7190.24,7165.63,0,0.112152,0,0,0,0,0,0,0,0,0,0,0.0783399,0,-7488.13,0,0,0,0.13771,0
31:10:15:23:22:55,7188.24,7163.92,0.0617679,0.368507,0,0,0,0,0,0,0,0,0,0,0.118844,0,-7488.13,0,0,0,0.0445659,0
31:10:15:23:22:56,7187.09,7161.91,1.54915,0.268368,0.0617679,0,0,0,0,0,0,0,0,0,0,0,-7488.13,0,0,0,0,0
31:10:15:23:22:57,7185.38,7161.06,0.670536,0.173571,1.54915,0,0,0,0,0,0,0,0,0,0,0,-7488.13,0,0,0,0,0
31:10:15:23:22:58,7594.21,7554.73,0.351826,0.145533,0.670536,0,0,0,0,0,0,0,0,0,0.0118491,0,-7488.13,0,0,0,0.020829,0
31:10:15:23:22:59,8181.29,8156.4,0,0.0320435,0.351826,0,0,0,0,0,0,0,0,0,0.000202714,0,-7488.13,0,0,0,0.0089371,0
31:10:15:23:23:00,8212.48,8196.17,0,0.197603,0,0,0,0,0,0,0,0,0,0,0.000200949,0,-7488.13,0,0,0,0.00011532,0
31:10:15:23:23:01,8210.48,8194.45,1.10217,0.391203,0,0,0,0,0,0,0,0,0,0,9.35E-05,0,-7488.13,0,0,0,0.000123942,0
31:10:15:23:23:02,8209.33,8192.74,1.2804,0.251013,1.10217,0,0,0,0,0,0,0,0,0,0,0,-7488.13,0,0,0,5.32E-05,0
31:10:15:23:23:03,8429.63,8401.31,0.482866,0.173571,1.2804,0,0,0,0,0,0,0,0,0,0,0,-7488.13,0,0,0,0,0
31:10:15:23:23:04,8943.47,8960.06,0.191504,0.137522,0.482866,0,0,0,0,0,0,0,0,0,1.01E-06,0,-7488.13,0,0,0,0,0
31:10:15:23:23:05,9066.49,9045.89,0,0.105476,0.191504,0,0,0,0,0,0,0,0,0,2.13E-07,0,-7488.13,0,0,0,3.74E-07,0
31:10:15:23:23:06,9064.77,9044.17,0.999645,0.344471,0,0,0,0,0,0,0,0,0,0,2.42E-07,0,-7488.13,0,0,0,1.21E-07,0
31:10:15:23:23:07,9063.34,9041.6,1.02278,0.247007,0.999645,0,0,0,0,0,0,0,0,0,1.49E-07,0,-7488.13,0,0,0,1.97E-07,0
31:10:15:23:23:08,9061.63,9039.6,0.366168,0.157549,1.02278,0,0,0,0,0,0,0,0,0,0,0,-7488.13,0,0,0,0,0
31:10:15:23:23:09,9069.64,9043.6,0.111721,0.120165,0.366168,0,0,0,0,0,0,0,0,0,3.96E-09,0,-7488.13,0,0,0,0,0
31:10:15:23:23:10,9418.68,9395.51,0,0.0120163,0.111721,0,0,0,0,0,0,0,0,0,3.96E-09,0,-7488.13,0,0,0,1.70E-09,0
31:10:15:23:23:11,9423.83,9400.94,0,0.0160217,0,0,0,0,0,0,0,0,0,0,2.64E-09,0,-7488.13,0,0,0,1.50E-09,0
31:10:15:23:23:12,9420.68,9398.37,0.554277,0.0240326,0,0,0,0,0,0,0,0,0,0,1.13E-09,0,-7488.13,0,0,0,1.20E-09,0
31:10:15:23:23:13,9418.68,9395.79,0.570263,0.0547447,0.554277,0,0,0,0,0,0,0,0,0,0,0,-7488.13,0,0,0,0,0
31:10:15:23:23:14,9416.39,9392.65,0.151775,0.0507374,0.570263,0,0,0,0,0,0,0,0,0,0,0,-7488.13,0,0,0,0,0
31:10:15:23:23:15,9414.39,9391.5,0,0.0400562,0.151775,0,0,0,0,0,0,0,0,0,1.44E-11,0,-7488.13,0,0,0,1.09E-11,0
31:10:15:23:23:16,9412.1,9389.79,0,0.0333786,0,0,0,0,0,0,0,0,0,0,6.19E-12,0,-7488.13,0,0,0,2.58E-12,0
31:10:15:23:23:17,9410.38,9387.5,0,0.028038,0,0,0,0,0,0,0,0,0,0,2.58E-12,0,-7488.13,0,0,0,3.14E-12,0
31:10:15:23:23:18,9408.38,9386.07,0,0.0293751,0,0,0,0,0,0,0,0,0,0,2.37E-12,0,-7488.13,0,0,0,0,0
31:10:15:23:23:19,9406.38,9383.78,0,0.0226975,0,0,0,0,0,0,0,0,0,0,0,0,-7488.13,0,0,0,0,0
31:10:15:23:23:20,9404.95,9382.06,0,0.0307083,0,0,0,0,0,0,0,0,0,0,0,0,-7488.13,0,0,0,0,0
31:10:15:23:23:21,9402.95,9380.34,0,0.0307083,0,0,0,0,0,0,0,0,0,0,0,0,-7488.13,0,0,0,0,0
31:10:15:23:23:22,9401.23,9378.34,0,0.0173569,0,0,0,0,0,0,0,0,0,0,0,0,-7488.13,0,0,0,0,0
31:10:15:23:23:23,9399.8,9377.2,0,0.0307083,0,0,0,0,0,0,0,0,0,0,0,0,-7488.13,0,0,0,0,0
31:10:15:23:23:24,9398.65,9375.48,0,0.0267029,0,0,0,0,0,0,0,0,0,0,0,0,-7488.13,0,0,0,0,0
31:10:15:23:23:25,9396.65,9374.33,0,0.0320435,0,0,0,0,0,0,0,0,0,0,0,0,-7488.13,0,0,0,0,0
31:10:15:23:23:26,9395.51,9372.62,0,0.0240326,0,0,0,0,0,0,0,0,0,0,0,0,-7488.13,0,0,0,0,0
31:10:15:23:23:27,9394.08,9371.19,0,0.0213623,0,0,0,0,0,0,0,0,0,0,0,0,-7488.13,0,0,0,0,0
31:10:15:23:23:28,9392.07,9370.33,0,0.00934601,0,0,0,0,0,0,0,0,0,0,0,0,-7488.13,0,0,0,0,0
31:10:15:23:23:29,9390.93,9368.33,0,0.0267029,0,0,0,0,0,0,0,0,0,0,0,0,-7488.13,0,0,0,0,0
31:10:15:23:23:30,9696.77,9672.45,0,0.0267029,0,0,0,0,0,0,0,0,0,0,0,0,-7488.13,0,0,0,0,0
31:10:15:23:23:31,9706.5,9684.18,0,0.0387192,0,0,0,0,0,0,0,0,0,0,0,0,-7488.13,0,0,0,0,0
31:10:15:23:23:32,9704.21,9682.18,0,0.04673,0,0,0,0,0,0,0,0,0,0,0,0,-7488.13,0,0,0,0,0
31:10:15:23:23:33,9702.49,9680.46,0.675481,0.0480652,0,0,0,0,0,0,0,0,0,0,0,0,-7488.13,0,0,0,0,0
31:10:15:23:23:34,9701.06,9678.17,0.290774,0.0494003,0.675481,0,0,0,0,0,0,0,0,0,0,0,-7488.13,0,0,0,0,0
31:10:15:23:23:35,9699.63,9677.03,0.0584237,0.0400562,0.290774,0,0,0,0,0,0,0,0,0,0,0,-7488.13,0,0,0,0,0
31:10:15:23:23:36,9698.2,9675.03,0,0.0427246,0.0584237,0,0,0,0,0,0,0,0,0,3.46E-22,0,-7488.13,0,0,0,4.58E-22,0
31:10:15:23:23:37,9695.91,9673.31,0,0.0453949,0,0,0,0,0,0,0,0,0,0,1.96E-22,0,-7488.13,0,0,0,2.60E-22,0
31:10:15:23:23:38,9694.2,9671.88,0,0.0480652,0,0,0,0,0,0,0,0,0,0,3.16E-22,0,-7488.13,0,0,0,5.55E-22,0
31:10:15:23:23:39,9693.62,9670.16,0,0.0574112,0,0,0,0,0,0,0,0,0,0,0,0,-7488.13,0,0,0,2.38E-22,0
31:10:15:23:23:40,9692.19,9669.31,0,0.0587482,0,0,0,0,0,0,0,0,0,0,0,0,-7488.13,0,0,0,0,0
31:10:15:23:23:41,9691.05,9667.59,0,0.0574112,0,0,0,0,0,0,0,0,0,0,0,0,-7488.13,0,0,0,0,0
31:10:15:23:23:42,9688.76,9666.44,0,0.0574112,0,0,0,0,0,0,0,0,0,0,0,0,-7488.13,0,0,0,0,0
31:10:15:23:23:43,9687.62,9664.73,0,0.0547428,0,0,0,0,0,0,0,0,0,0,0,0,-7488.13,0,0,0,0,0
31:10:15:23:23:44,9686.47,9663.87,0,0.0587482,0,0,0,0,0,0,0,0,0,0,0,0,-7488.13,0,0,0,0,0
31:10:15:23:23:45,9684.75,9661.87,0,0.0520706,0,0,0,0,0,0,0,0,0,0,0,0,-7488.13,0,0,0,0,0
31:10:15:23:23:46,9683.33,9661.01,0,0.0494003,0,0,0,0,0,0,0,0,0,0,0,0,-7488.13,0,0,0,0,0
31:10:15:23:23:47,9682.18,9659.86,0,0.0480652,0,0,0,0,0,0,0,0,0,0,0,0,-7488.13,0,0,0,0,0
31:10:15:23:23:48,9680.75,9658.15,0,0.037384,0,0,0,0,0,0,0,0,0,0,0,0,-7488.13,0,0,0,0,0
31:10:15:23:23:49,9679.32,9656.72,0,0.028038,0,0,0,0,0,0,0,0,0,0,0,0,-7488.13,0,0,0,0,0
31:10:15:23:23:50,9677.89,9655.57,0,0.037384,0,0,0,0,0,0,0,0,0,0,0,0,-7488.13,0,0,0,0,0
31:10:15:23:23:51,9677.03,9654.71,0,0.0427246,0,0,0,0,0,0,0,0,0,0,0,0,-7488.13,0,0,0,0,0
31:10:15:23:23:52,9675.6,9653.57,0,0.04673,0,0,0,0,0,0,0,0,0,0,0,0,-7488.13,0,0,0,0,0
31:10:15:23:23:53,9675.03,9651.85,0,0.0427246,0,0,0,0,0,0,0,0,0,0,0,0,-7488.13,0,0,0,0,0
31:10:15:23:23:54,9673.31,9651.28,0,0.037384,0,0,0,0,0,0,0,0,0,0,0,0,-7488.13,0,0,0,0,0
31:10:15:23:23:55,9672.45,9650.14,0,0.0387192,0,0,0,0,0,0,0,0,0,0,0,0,-7488.13,0,0,0,0,0
31:10:15:23:23:56,9671.02,9648.71,0,0.0307083,0,0,0,0,0,0,0,0,0,0,0,0,-7488.13,0,0,0,0,0
31:10:15:23:23:57,9669.88,9647.85,0,0.028038,0,0,0,0,0,0,0,0,0,0,0,0,-7488.13,0,0,0,0,0
31:10:15:23:23:58,9669.31,9646.7,0,0.0106792,0,0,0,0,0,0,0,0,0,0,0,0,-7488.13,0,0,0,0,0
31:10:15:23:23:59,9667.88,9645.56,0,0.0106792,0,0,0,0,0,0,0,0,0,0,0,0,-7488.13,0,0,0,0,0
31:10:15:23:24:00,9667.02,9644.13,0,0.0120163,0,0,0,0,0,0,0,0,0,0,0,0,-7488.13,0,0,0,0,0
31:10:15:23:24:01,9665.87,9643.27,0,0.00667572,0,0,0,0,0,0,0,0,0,0,0,0,-7488.13,0,0,0,0,0
31:10:15:23:24:02,9664.73,9642.41,0,0.018692,0,0,0,0,0,0,0,0,0,0,0,0,-7488.13,0,0,0,0,0
31:10:15:23:24:03,9663.58,9640.41,0,0.0240326,0,0,0,0,0,0,0,0,0,0,0,0,-7488.13,0,0,0,0,0
31:10:15:23:24:04,9662.15,9639.84,0,0.0160217,0,0,0,0,0,0,0,0,0,0,0,0,-7488.13,0,0,0,0,0
31:10:15:23:24:05,9661.87,9639.27,0,0.00133514,0,0,0,0,0,0,0,0,0,0,0,0,-7488.13,0,0,0,0,0
31:10:15:23:24:06,9659.86,9637.83,0,0.0133514,0,0,0,0,0,0,0,0,0,0,0,0,-7488.13,0,0,0,0,0
31:10:15:23:24:07,9659.29,9636.4,0,0.0133514,0,0,0,0,0,0,0,0,0,0,0,0,-7488.13,0,0,0,0,0
31:10:15:23:24:08,9658.72,9635.26,0,0.0253696,0,0,0,0,0,0,0,0,0,0,0,0,-7488.13,0,0,0,0,0
31:10:15:23:24:09,9657,9634.4,0,0.0400562,0,0,0,0,0,0,0,0,0,0,0,0,-7488.13,0,0,0,0,0
31:10:15:23:24:10,9656.43,9633.83,0,0.0360508,0,0,0,0,0,0,0,0,0,0,0,0,-7488.13,0,0,0,0,0
31:10:15:23:24:11,9655,9632.97,0,0.037384,0,0,0,0,0,0,0,0,0,0,0,0,-7488.13,0,0,0,0,0
31:10:15:23:24:12,9654.14,9631.83,0,0.0387192,0,0,0,0,0,0,0,0,0,0,0,0,-7488.13,0,0,0,0,0
31:10:15:23:24:13,9653,9630.68,0,0.0307083,0,0,0,0,0,0,0,0,0,0,0,0,-7488.13,0,0,0,0,0
31:10:15:23:24:14,9652.71,9629.82,0,0.00400543,0,0,0,0,0,0,0,0,0,0,0,0,-7488.13,0,0,0,0,0
31:10:15:23:24:15,9651.57,9628.68,0,0.0160217,0,0,0,0,0,0,0,0,0,0,0,0,-7488.13,0,0,0,0,0
31:10:15:23:24:16,9649.85,9627.82,0,0.0307083,0,0,0,0,0,0,0,0,0,0,0,0,-7488.13,0,0,0,0,0
31:10:15:23:24:17,9648.99,9627.53,0,0.028038,0,0,0,0,0,0,0,0,0,0,0,0,-7488.13,0,0,0,0,0
31:10:15:23:24:18,9648.99,9625.53,0,0.0347137,0,0,0,0,0,0,0,0,0,0,0,0,-7488.13,0,0,0,0,0
31:10:15:23:24:19,9647.56,9624.96,0,0.028038,0,0,0,0,0,0,0,0,0,0,0,0,-7488.13,0,0,0,0,0
31:10:15:23:24:20,9646.7,9623.82,0,0.028038,0,0,0,0,0,0,0,0,0,0,0,0,-7488.13,0,0,0,0,0
31:10:15:23:24:21,9645.27,9622.96,0,0.0267029,0,0,0,0,0,0,0,0,0,0,0,0,-7488.13,0,0,0,0,0
31:10:15:23:24:22,9644.99,9622.1,0,0.028038,0,0,0,0,0,0,0,0,0,0,0,0,-7488.13,0,0,0,0,0
31:10:15:23:24:23,9643.27,9620.67,0,0.037384,0,0,0,0,0,0,0,0,0,0,0,0,-7488.13,0,0,0,0,0
31:10:15:23:24:24,9642.7,9619.81,0,0.0347137,0,0,0,0,0,0,0,0,0,0,0,0,-7488.13,0,0,0,0,0
31:10:15:23:24:25,9642.13,9618.95,0,0.0347137,0,0,0,0,0,0,0,0,0,0,0,0,-7488.13,0,0,0,0,0
31:10:15:23:24:26,9640.7,9617.52,0,0.037384,0,0,0,0,0,0,0,0,0,0,0,0,-7488.13,0,0,0,0,0
31:10:15:23:24:27,9640.12,9617.24,0,0.0307083,0,0,0,0,0,0,0,0,0,0,0,0,-7488.13,0,0,0,0,0
31:10:15:23:24:28,9638.98,9616.09,0,0.0387192,0,0,0,0,0,0,0,0,0,0,0,0,-7488.13,0,0,0,0,0
31:10:15:23:24:29,9638.12,9615.52,0,0.0333786,0,0,0,0,0,0,0,0,0,0,0,0,-7488.13,0,0,0,0,0
31:10:15:23:24:30,9636.98,9614.37,0,0.0333786,0,0,0,0,0,0,0,0,0,0,0,0,-7488.13,0,0,0,0,0
31:10:15:23:24:31,9636.4,9614.09,0,0.0240326,0,0,0,0,0,0,0,0,0,0,0,0,-7488.13,0,0,0,0,0
31:10:15:23:24:32,9635.26,9612.94,0,0.0146866,0,0,0,0,0,0,0,0,0,0,0,0,-7488.13,0,0,0,0,0
31:10:15:23:24:33,9634.4,9611.51,0,0.0173569,0,0,0,0,0,0,0,0,0,0,0,0,-7488.13,0,0,0,0,0
31:10:15:23:24:34,9633.26,9610.37,0,0.0173569,0,0,0,0,0,0,0,0,0,0,0,0,-7488.13,0,0,0,0,0
31:10:15:23:24:35,9632.11,9610.08,0,0.0173569,0,0,0,0,0,0,0,0,0,0,0,0,-7488.13,0,0,0,0,0
31:10:15:23:24:36,9631.54,9608.94,0,0.00934601,0,0,0,0,0,0,0,0,0,0,0,0,-7488.13,0,0,0,0,0
31:10:15:23:24:37,9630.4,9608.37,0,0,0,0,0,0,0,0,0,0,0,0,0,0,-7488.13,0,0,0,0,0
31:10:15:23:24:38,9629.82,9607.51,0,0.00400543,0,0,0,0,0,0,0,0,0,0,0,0,-7488.13,0,0,0,0,0
31:10:15:23:24:39,9629.25,9606.65,0,0,0,0,0,0,0,0,0,0,0,0,0,0,-7488.13,0,0,0,0,0
31:10:15:23:24:40,9628.39,9605.79,0,0.00801086,0,0,0,0,0,0,0,0,0,0,0,0,-7488.13,0,0,0,0,0
31:10:15:23:24:41,9627.25,9604.93,0,0,0,0,0,0,0,0,0,0,0,0,0,0,-7488.13,0,0,0,0,0
31:10:15:23:24:42,9626.39,9603.79,0,0.00133514,0,0,0,0,0,0,0,0,0,0,0,0,-7488.13,0,0,0,0,0
31:10:15:23:24:43,9625.25,9602.93,0,0.00534058,0,0,0,0,0,0,0,0,0,0,0,0,-7488.13,0,0,0,0,0
31:10:15:23:24:44,9625.25,9602.07,0,0.0106792,0,0,0,0,0,0,0,0,0,0,0,0,-7488.13,0,0,0,0,0
31:10:15:23:24:45,9623.24,9600.93,0,0.00934601,0,0,0,0,0,0,0,0,0,0,0,0,-7488.13,0,0,0,0,0
31:10:15:23:24:46,9622.96,9600.36,0,0.00534058,0,0,0,0,0,0,0,0,0,0,0,0,-7488.13,0,0,0,0,0
31:10:15:23:24:47,9621.81,9598.92,0,0.0160217,0,0,0,0,0,0,0,0,0,0,0,0,-7488.13,0,0,0,0,0
31:10:15:23:24:48,9620.67,9598.07,0,0.0106792,0,0,0,0,0,0,0,0,0,0,0,0,-7488.13,0,0,0,0,0
31:10:15:23:24:49,9620.1,9597.49,0,0.00934601,0,0,0,0,0,0,0,0,0,0,0,0,-7488.13,0,0,0,0,0
31:10:15:23:24:50,9618.95,9596.64,0,0.0133514,0,0,0,0,0,0,0,0,0,0,0,0,-7488.13,0,0,0,0,0
31:10:15:23:24:51,9618.38,9595.49,0,0.0106792,0,0,0,0,0,0,0,0,0,0,0,0,-7488.13,0,0,0,0,0
31:10:15:23:24:52,9616.95,9594.63,0,0.0240326,0,0,0,0,0,0,0,0,0,0,0,0,-7488.13,0,0,0,0,0
31:10:15:23:24:53,9616.09,9593.78,0,0.0293751,0,0,0,0,0,0,0,0,0,0,0,0,-7488.13,0,0,0,0,0
31:10:15:23:24:54,9615.8,9593.2,0,0.0347137,0,0,0,0,0,0,0,0,0,0,0,0,-7488.13,0,0,0,0,0
31:10:15:23:24:55,9614.66,9592.06,0,0.037384,0,0,0,0,0,0,0,0,0,0,0,0,-7488.13,0,0,0,0,0
31:10:15:23:24:56,9613.8,9591.77,0,0.0440617,0,0,0,0,0,0,0,0,0,0,0,0,-7488.13,0,0,0,0,0
31:10:15:23:24:57,9612.94,9590.91,0,0.0400562,0,0,0,0,0,0,0,0,0,0,0,0,-7488.13,0,0,0,0,0
31:10:15:23:24:58,9612.08,9589.77,0,0.0387192,0,0,0,0,0,0,0,0,0,0,0,0,-7488.13,0,0,0,0,0
31:10:15:23:24:59,9611.23,9588.63,0,0.0226975,0,0,0,0,0,0,0,0,0,0,0,0,-7488.13,0,0,0,0,0
31:10:15:23:25:00,9610.66,9587.77,0,0.0320435,0,0,0,0,0,0,0,0,0,0,0,0,-7488.13,0,0,0,0,0
31:10:15:23:25:01,9609.22,9586.62,0,0.028038,0,0,0,0,0,0,0,0,0,0,0,0,-7488.13,0,0,0,0,0
31:10:15:23:25:02,9608.08,9586.05,0,0.0293751,0,0,0,0,0,0,0,0,0,0,0,0,-7488.13,0,0,0,0,0
31:10:15:23:25:03,9607.79,9585.19,0,0.0146866,0,0,0,0,0,0,0,0,0,0,0,0,-7488.13,0,0,0,0,0
31:10:15:23:25:04,9606.08,9584.62,0,0.0146866,0,0,0,0,0,0,0,0,0,0,0,0,-7488.13,0,0,0,0,0
31:10:15:23:25:05,9605.79,9583.47,0,0.0200272,0,0,0,0,0,0,0,0,0,0,0,0,-7488.13,0,0,0,0,0
31:10:15:23:25:06,9605.22,9582.62,0,0.0173569,0,0,0,0,0,0,0,0,0,0,0,0,-7488.13,0,0,0,0,0
31:10:15:23:25:07,9604.65,9581.47,0,0.0253696,0,0,0,0,0,0,0,0,0,0,0,0,-7488.13,0,0,0,0,0
31:10:15:23:25:08,9602.93,9580.61,0,0.018692,0,0,0,0,0,0,0,0,0,0,0,0,-7488.13,0,0,0,0,0
31:10:15:23:25:09,9602.64,9580.61,0,0.0226975,0,0,0,0,0,0,0,0,0,0,0,0,-7488.13,0,0,0,0,0
31:10:15:23:25:10,9602.36,9579.18,0,0.0173569,0,0,0,0,0,0,0,0,0,0,0,0,-7488.13,0,0,0,0,0
31:10:15:23:25:11,9601.21,9578.33,0,0.0293751,0,0,0,0,0,0,0,0,0,0,0,0,-7488.13,0,0,0,0,0
31:10:15:23:25:12,9600.07,9577.47,0,0.0400562,0,0,0,0,0,0,0,0,0,0,0,0,-7488.13,0,0,0,0,0
31:10:15:23:25:13,9599.21,9576.9,0,0.0440617,0,0,0,0,0,0,0,0,0,0,0,0,-7488.13,0,0,0,0,0
31:10:15:23:25:14,9597.78,9576.32,0,0.0507374,0,0,0,0,0,0,0,0,0,0,0,0,-7488.13,0,0,0,0,0
31:10:15:23:25:15,9598.07,9575.18,0,0.037384,0,0,0,0,0,0,0,0,0,0,0,0,-7488.13,0,0,0,0,0
31:10:15:23:25:16,9596.92,9574.32,0,0.0320435,0,0,0,0,0,0,0,0,0,0,0,0,-7488.13,0,0,0,0,0
31:10:15:23:25:17,9595.78,9574.03,0,0.0267029,0,0,0,0,0,0,0,0,0,0,0,0,-7488.13,0,0,0,0,0
31:10:15:23:25:18,9594.63,9572.6,0,0.0307083,0,0,0,0,0,0,0,0,0,0,0,0,-7488.13,0,0,0,0,0
31:10:15:23:25:19,9594.35,9571.46,0,0.0240326,0,0,0,0,0,0,0,0,0,0,0,0,-7488.13,0,0,0,0,0
31:10:15:23:25:20,9593.2,9570.89,0,0.0106792,0,0,0,0,0,0,0,0,0,0,0,0,-7488.13,0,0,0,0,0
31:10:15:23:25:21,9592.34,9570.32,0,0.0106792,0,0,0,0,0,0,0,0,0,0,0,0,-7488.13,0,0,0,0,0
31:10:15:23:25:22,9592.34,9569.46,0,0.0213623,0,0,0,0,0,0,0,0,0,0,0,0,-7488.13,0,0,0,0,0
31:10:15:23:25:23,9590.91,9568.88,0,0.0133514,0,0,0,0,0,0,0,0,0,0,0,0,-7488.13,0,0,0,0,0
31:10:15:23:25:24,9590.06,9567.45,0,0.0160217,0,0,0,0,0,0,0,0,0,0,0,0,-7488.13,0,0,0,0,0
31:10:15:23:25:25,9589.2,9566.88,0,0.0200272,0,0,0,0,0,0,0,0,0,0,0,0,-7488.13,0,0,0,0,0
31:10:15:23:25:26,9588.91,9566.02,0,0.0226975,0,0,0,0,0,0,0,0,0,0,0,0,-7488.13,0,0,0,0,0
31:10:15:23:25:27,9588.05,9565.17,0,0.0133514,0,0,0,0,0,0,0,0,0,0,0,0,-7488.13,0,0,0,0,0
31:10:15:23:25:28,9586.91,9564.31,0,0.0213623,0,0,0,0,0,0,0,0,0,0,0,0,-7488.13,0,0,0,0,0
31:10:15:23:25:29,9585.76,9564.02,0,0.0240326,0,0,0,0,0,0,0,0,0,0,0,0,-7488.13,0,0,0,0,0
31:10:15:23:25:30,9586.05,9563.45,0,0.018692,0,0,0,0,0,0,0,0,0,0,0,0,-7488.13,0,0,0,0,0
31:10:15:23:25:31,9584.33,9562.02,0,0.0253696,0,0,0,0,0,0,0,0,0,0,0,0,-7488.13,0,0,0,0,0
31:10:15:23:25:32,9583.76,9560.87,0,0.0253696,0,0,0,0,0,0,0,0,0,0,0,0,-7488.13,0,0,0,0,0
31:10:15:23:25:33,9583.19,9560.01,0,0.00667572,0,0,0,0,0,0,0,0,0,0,0,0,-7488.13,0,0,0,0,0
31:10:15:23:25:34,9582.33,9559.73,0,0.0200272,0,0,0,0,0,0,0,0,0,0,0,0,-7488.13,0,0,0,0,0
31:10:15:23:25:35,9581.76,9559.44,0,0.018692,0,0,0,0,0,0,0,0,0,0,0,0,-7488.13,0,0,0,0,0
31:10:15:23:25:36,9580.33,9557.73,0,0.0253696,0,0,0,0,0,0,0,0,0,0,0,0,-7488.13,0,0,0,0,0
31:10:15:23:25:37,9580.33,9557.73,0,0.0253696,0,0,0,0,0,0,0,0,0,0,0,0,-7488.13,0,0,0,0,0
31:10:15:23:25:38,9579.18,9556.87,0,0.0146866,0,0,0,0,0,0,0,0,0,0,0,0,-7488.13,0,0,0,0,0
31:10:15:23:25:39,9578.33,9555.72,0,0.0173569,0,0,0,0,0,0,0,0,0,0,0,0,-7488.13,0,0,0,0,0
31:10:15:23:25:40,9577.47,9555.44,0,0.0320435,0,0,0,0,0,0,0,0,0,0,0,0,-7488.13,0,0,0,0,0
31:10:15:23:25:41,9577.18,9554.01,0,0.0427246,0,0,0,0,0,0,0,0,0,0,0,0,-7488.13,0,0,0,0,0
31:10:15:23:25:42,9576.04,9554.01,0,0.0453949,0,0,0,0,0,0,0,0,0,0,0,0,-7488.13,0,0,0,0,0
31:10:15:23:25:43,9574.89,9552.58,0,0.0480652,0,0,0,0,0,0,0,0,0,0,0,0,-7488.13,0,0,0,0,0
31:10:15:23:25:44,9574.32,9551.43,0,0.0400562,0,0,0,0,0,0,0,0,0,0,0,0,-7488.13,0,0,0,0,0
31:10:15:23:25:45,9573.46,9550.86,0,0.0440617,0,0,0,0,0,0,0,0,0,0,0,0,-7488.13,0,0,0,0,0
31:10:15:23:25:46,9572.89,9550.57,0,0.0413895,0,0,0,0,0,0,0,0,0,0,0,0,-7488.13,0,0,0,0,0
31:10:15:23:25:47,9572.03,9550,0,0.0253696,0,0,0,0,0,0,0,0,0,0,0,0,-7488.13,0,0,0,0,0
31:10:15:23:25:48,9571.46,9548.86,0,0.00934601,0,0,0,0,0,0,0,0,0,0,0,0,-7488.13,0,0,0,0,0
31:10:15:23:25:49,9570.32,9548,0,0.0173569,0,0,0,0,0,0,0,0,0,0,0,0,-7488.13,0,0,0,0,0
31:10:15:23:25:50,9569.17,9546.57,0,0.0253696,0,0,0,0,0,0,0,0,0,0,0,0,-7488.13,0,0,0,0,0
31:10:15:23:25:51,9568.6,9546.57,0,0.0253696,0,0,0,0,0,0,0,0,0,0,0,0,-7488.13,0,0,0,0,0
31:10:15:23:25:52,9568.6,9545.42,0,0.0146866,0,0,0,0,0,0,0,0,0,0,0,0,-7488.13,0,0,0,0,0
31:10:15:23:25:53,9567.17,9545.14,0,0.0320435,0,0,0,0,0,0,0,0,0,0,0,0,-7488.13,0,0,0,0,0
31:10:15:23:25:54,9566.6,9544.28,0,0.018692,0,0,0,0,0,0,0,0,0,0,0,0,-7488.13,0,0,0,0,0
31:10:15:23:25:55,9566.02,9543.42,0,0.0173569,0,0,0,0,0,0,0,0,0,0,0,0,-7488.13,0,0,0,0,0
31:10:15:23:25:56,9565.45,9542.85,0,0.0120163,0,0,0,0,0,0,0,0,0,0,0,0,-7488.13,0,0,0,0,0
31:10:15:23:25:57,9564.31,9542.28,0,0.0213623,0,0,0,0,0,0,0,0,0,0,0,0,-7488.13,0,0,0,0,0
31:10:15:23:25:58,9563.16,9541.13,0,0.028038,0,0,0,0,0,0,0,0,0,0,0,0,-7488.13,0,0,0,0,0
31:10:15:23:25:59,9563.16,9541.13,0,0.037384,0,0,0,0,0,0,0,0,0,0,0,0,-7488.13,0,0,0,0,0
31:10:15:23:26:00,9562.02,9539.7,0,0.037384,0,0,0,0,0,0,0,0,0,0,0,0,-7488.13,0,0,0,0,0
31:10:15:23:26:01,9561.45,9539.13,0,0.0400562,0,0,0,0,0,0,0,0,0,0,0,0,-7488.13,0,0,0,0,0
31:10:15:23:26:02,9560.59,9538.84,0,0.0440617,0,0,0,0,0,0,0,0,0,0,0,0,-7488.13,0,0,0,0,0
31:10:15:23:26:03,9560.01,9537.41,0,0.037384,0,0,0,0,0,0,0,0,0,0,0,0,-7488.13,0,0,0,0,0
31:10:15:23:26:04,9559.16,9537.13,0,0.0347137,0,0,0,0,0,0,0,0,0,0,0,0,-7488.13,0,0,0,0,0
31:10:15:23:26:05,9558.87,9536.84,0,0.0307083,0,0,0,0,0,0,0,0,0,0,0,0,-7488.13,0,0,0,0,0
31:10:15:23:26:06,9557.73,9535.41,0,0.0253696,0,0,0,0,0,0,0,0,0,0,0,0,-7488.13,0,0,0,0,0
31:10:15:23:26:07,9556.87,9535.12,0,0.00400543,0,0,0,0,0,0,0,0,0,0,0,0,-7488.13,0,0,0,0,0
31:10:15:23:26:08,9556.3,9533.98,0,0,0,0,0,0,0,0,0,0,0,0,0,0,-7488.13,0,0,0,0,0
31:10:15:23:26:09,9555.72,9533.41,0,0,0,0,0,0,0,0,0,0,0,0,0,0,-7488.13,0,0,0,0,0
31:10:15:23:26:10,9554.87,9532.84,0,0,0,0,0,0,0,0,0,0,0,0,0,0,-7488.13,0,0,0,0,0
31:10:15:23:26:11,9554.58,9532.26,0,0.00534058,0,0,0,0,0,0,0,0,0,0,0,0,-7488.13,0,0,0,0,0
31:10:15:23:26:12,9553.15,9531.12,0,0.0146866,0,0,0,0,0,0,0,0,0,0,0,0,-7488.13,0,0,0,0,0
31:10:15:23:26:13,9552.29,9530.55,0,0.0106792,0,0,0,0,0,0,0,0,0,0,0,0,-7488.13,0,0,0,0,0
31:10:15:23:26:14,9552,9530.26,0,0.0293751,0,0,0,0,0,0,0,0,0,0,0,0,-7488.13,0,0,0,0,0
31:10:15:23:26:15,9550.86,9529.12,0,0.028038,0,0,0,0,0,0,0,0,0,0,0,0,-7488.13,0,0,0,0,0
31:10:15:23:26:16,9550.29,9527.97,0,0.0320435,0,0,0,0,0,0,0,0,0,0,0,0,-7488.13,0,0,0,0,0
31:10:15:23:26:17,9549.72,9527.69,0,0.0320435,0,0,0,0,0,0,0,0,0,0,0,0,-7488.13,0,0,0,0,0
31:10:15:23:26:18,9549.14,9526.54,0,0.0267029,0,0,0,0,0,0,0,0,0,0,0,0,-7488.13,0,0,0,0,0
31:10:15:23:26:19,9548.29,9526.25,0,0.0267029,0,0,0,0,0,0,0,0,0,0,0,0,-7488.13,0,0,0,0,0
31:10:15:23:26:20,9547.43,9525.4,0,0.0213623,0,0,0,0,0,0,0,0,0,0,0,0,-7488.13,0,0,0,0,0
31:10:15:23:26:21,9546.85,9525.11,0,0.00934601,0,0,0,0,0,0,0,0,0,0,0,0,-7488.13,0,0,0,0,0
31:10:15:23:26:22,9546,9524.54,0,0.00267029,0,0,0,0,0,0,0,0,0,0,0,0,-7488.13,0,0,0,0,0
31:10:15:23:26:23,9545.71,9523.39,0,0.00133514,0,0,0,0,0,0,0,0,0,0,0,0,-7488.13,0,0,0,0,0
31:10:15:23:26:24,9544.85,9523.11,0,0.0133514,0,0,0,0,0,0,0,0,0,0,0,0,-7488.13,0,0,0,0,0
31:10:15:23:26:25,9544.57,9522.54,0,0.0200272,0,0,0,0,0,0,0,0,0,0,0,0,-7488.13,0,0,0,0,0
31:10:15:23:26:26,9543.99,9521.68,0,0.0106792,0,0,0,0,0,0,0,0,0,0,0,0,-7488.13,0,0,0,0,0
31:10:15:23:26:27,9542.85,9521.11,0,0.0200272,0,0,0,0,0,0,0,0,0,0,0,0,-7488.13,0,0,0,0,0
31:10:15:23:26:28,9541.99,9519.96,0,0.0267029,0,0,0,0,0,0,0,0,0,0,0,0,-7488.13,0,0,0,0,0
31:10:15:23:26:29,9541.42,9519.67,0,0.0226975,0,0,0,0,0,0,0,0,0,0,0,0,-7488.13,0,0,0,0,0
31:10:15:23:26:30,9540.85,9519.1,0,0.0307083,0,0,0,0,0,0,0,0,0,0,0,0,-7488.13,0,0,0,0,0
31:10:15:23:26:31,9539.99,9517.96,0,0.018692,0,0,0,0,0,0,0,0,0,0,0,0,-7488.13,0,0,0,0,0
31:10:15:23:26:32,9539.7,9517.67,0,0.018692,0,0,0,0,0,0,0,0,0,0,0,0,-7488.13,0,0,0,0,0
31:10:15:23:26:33,9538.84,9516.53,0,0.0160217,0,0,0,0,0,0,0,0,0,0,0,0,-7488.13,0,0,0,0,0
31:10:15:23:26:34,9537.99,9515.67,0,0.0133514,0,0,0,0,0,0,0,0,0,0,0,0,-7488.13,0,0,0,0,0
31:10:15:23:26:35,9537.41,9515.38,0,0.00133514,0,0,0,0,0,0,0,0,0,0,0,0,-7488.13,0,0,0,0,0
31:10:15:23:26:36,9536.84,9514.81,0,0.00934601,0,0,0,0,0,0,0,0,0,0,0,0,-7488.13,0,0,0,0,0
31:10:15:23:26:37,9535.98,9513.95,0,0.0133514,0,0,0,0,0,0,0,0,0,0,0,0,-7488.13,0,0,0,0,0
31:10:15:23:26:38,9535.7,9513.67,0,0.0240326,0,0,0,0,0,0,0,0,0,0,0,0,-7488.13,0,0,0,0,0
31:10:15:23:26:39,9534.55,9512.81,0,0.0120163,0,0,0,0,0,0,0,0,0,0,0,0,-7488.13,0,0,0,0,0
31:10:15:23:26:40,9534.27,9512.81,0,0.0200272,0,0,0,0,0,0,0,0,0,0,0,0,-7488.13,0,0,0,0,0
31:10:15:23:26:41,9533.98,9511.95,0,0.0133514,0,0,0,0,0,0,0,0,0,0,0,0,-7488.13,0,0,0,0,0
31:10:15:23:26:42,9532.55,9511.66,0,0.0226975,0,0,0,0,0,0,0,0,0,0,0,0,-7488.13,0,0,0,0,0
31:10:15:23:26:43,9531.98,9509.95,0,0.018692,0,0,0,0,0,0,0,0,0,0,0,0,-7488.13,0,0,0,0,0
31:10:15:23:26:44,9531.69,9509.66,0,0.0226975,0,0,0,0,0,0,0,0,0,0,0,0,-7488.13,0,0,0,0,0
31:10:15:23:26:45,9531.41,9508.8,0,0.0240326,0,0,0,0,0,0,0,0,0,0,0,0,-7488.13,0,0,0,0,0
31:10:15:23:26:46,9529.69,9508.8,0,0.0333786,0,0,0,0,0,0,0,0,0,0,0,0,-7488.13,0,0,0,0,0
31:10:15:23:26:47,9529.69,9507.66,0,0.0293751,0,0,0,0,0,0,0,0,0,0,0,0,-7488.13,0,0,0,0,0
31:10:15:23:26:48,9529.4,9506.8,0,0.0387192,0,0,0,0,0,0,0,0,0,0,0,0,-7488.13,0,0,0,0,0
31:10:15:23:26:49,9528.83,9506.51,0,0.0413895,0,0,0,0,0,0,0,0,0,0,0,0,-7488.13,0,0,0,0,0
31:10:15:23:26:50,9527.97,9505.94,0,0.0213623,0,0,0,0,0,0,0,0,0,0,0,0,-7488.13,0,0,0,0,0
31:10:15:23:26:51,9527.4,9505.37,0,0.00934601,0,0,0,0,0,0,0,0,0,0,0,0,-7488.13,0,0,0,0,0
31:10:15:23:26:52,9526.54,9504.8,0,0.00667572,0,0,0,0,0,0,0,0,0,0,0,0,-7488.13,0,0,0,0,0
31:10:15:23:26:53,9525.68,9504.51,0,0,0,0,0,0,0,0,0,0,0,0,0,0,-7488.13,0,0,0,0,0
31:10:15:23:26:54,9525.4,9503.37,0,0.0120163,0,0,0,0,0,0,0,0,0,0,0,0,-7488.13,0,0,0,0,0
31:10:15:23:26:55,9524.83,9503.08,0,0.0293751,0,0,0,0,0,0,0,0,0,0,0,0,-7488.13,0,0,0,0,0
31:10:15:23:26:56,9518.24,9496.79,0,0.0267029,0,0,0,0,0,0,0,0,0,0,0,0,-7488.13,0,0,0,0,0
31:10:15:23:26:57,9515.96,9493.93,0,0.0253696,0,0,0,0,0,0,0,0,0,0,0,0,-7488.13,0,0,0,0,0
31:10:15:23:26:58,9513.95,9491.35,0,0.028038,0,0,0,0,0,0,0,0,0,0,0,0,-7488.13,0,0,0,0,0
31:10:15:23:26:59,9511.95,9489.35,0,0.028038,0,0,0,0,0,0,0,0,0,0,0,0,-7488.13,0,0,0,0,0
31:10:15:23:27:00,9509.95,9488.2,0,0.0253696,0,0,0,0,0,0,0,0,0,0,0,0,-7488.13,0,0,0,0,0
31:10:15:23:27:01,9508.8,9485.92,0,0.0347137,0,0,0,0,0,0,0,0,0,0,0,0,-7488.13,0,0,0,0,0
31:10:15:23:27:02,9505.66,9484.48,0,0.028038,0,0,0,0,0,0,0,0,0,0,0,0,-7488.13,0,0,0,0,0
31:10:15:23:27:03,9457.88,9437.28,0,0.0213623,0,0,0,0,0,0,0,0,0,0,0,0,-7488.13,0,0,0,0,0
31:10:15:23:27:04,9392.93,9372.33,0,0.0320435,0,0,0,0,0,0,0,0,0,0,0,0,-7488.13,0,0,0,0,0
31:10:15:23:27:05,9320.55,9300.81,0,0.037384,0,0,0,0,0,0,0,0,0,0,0,0,-7488.13,0,0,0,0,0
31:10:15:23:27:06,9244.45,9224.42,0,0.0387192,0,0,0,0,0,0,0,0,0,0,0,0,-7488.13,0,0,0,0,0
31:10:15:23:27:07,9155.18,9135.44,0,0.0333786,0,0,0,0,0,0,0,0,0,0,0,0,-7488.13,0,0,0,0,0
31:10:15:23:27:08,9059.34,9039.02,0,0.0347137,0,0,0,0,0,0,0,0,0,0,0,0,-7488.13,0,0,0,0,0
31:10:15:23:27:09,8961.49,8941.46,0,0.0320435,0,0,0,0,0,0,0,0,0,0,0,0,-7488.13,0,0,0,0,0
31:10:15:23:27:10,8861.64,8841.33,0,0.0293751,0,0,0,0,0,0,0,0,0,0,0,0,-7488.13,0,0,0,0,0
31:10:15:23:27:11,8757.21,8737.47,0,0.0293751,0,0,0,0,0,0,0,0,0,0,0,0,-7488.13,0,0,0,0,0
31:10:15:23:27:12,8608.73,8590.42,0,0.0320435,0,0,0,0,0,0,0,0,0,0,0,0,-7488.13,0,0,0,0,0
31:10:15:23:27:13,8421.33,8403.88,0,0.0307083,0,0,0,0,0,0,0,0,0,0,0,0,-7488.13,0,0,0,0,0
31:10:15:23:27:14,8217.34,8178.15,0,0.037384,0,0,0,0,0,0,0,0,0,0,0,0,-7488.13,0,0,0,0,0
31:10:15:23:27:15,8004.2,7964.43,0,0.0320435,0,0,0,0,0,0,0,0,0,0,0,0,-7488.13,0,0,0,0,0
31:10:15:23:27:16,7789.05,7749.57,0,0.0427246,0,0,0,0,0,0,0,0,0,0,0,0,-7488.13,0,0,0,0,0
31:10:15:23:27:17,7575.62,7536.99,0,0.0547428,0,0,0,0,0,0,0,0,0,0,0,0,-7488.13,0,0,0,0,0
31:10:15:23:27:18,7302.96,7251.46,0,0.0507374,0,0,0,0,0,0,0,0,0,0,0,0,-7488.13,0,0,0,0,0
31:10:15:23:27:19,6912.43,6896.98,0,0.0427246,0,0,0,0,0,0,0,0,0,0,0,0,-7488.13,0,0,0,0,0
31:10:15:23:27:20,6563.96,6547.65,0,0.0267029,0,0,0,0,0,0,0,0,0,0,0,0,-7488.13,0,0,0,0,0
31:10:15:23:27:21,6219.78,6203.48,0,0.0226975,0,0,0,0,0,0,0,0,0,0,0,0,-7488.13,0,0,0,0,0
31:10:15:23:27:22,5880.47,5863.87,0,0.0240326,0,0,0,0,0,0,0,0,0,0,0,0,-7488.13,0,0,0,0,0
31:10:15:23:27:23,5548.02,5531.14,0,0.00801086,0,0,0,0,0,0,0,0,0,0,0,0,-7488.13,0,0,0,0,0
31:10:15:23:27:24,5243.89,5227.3,0,0.00801086,0,0,0,0,0,0,0,0,0,0,0,0,-7488.13,0,0,0,0,0
31:10:15:23:27:25,4944.92,4928.89,0,0.0240326,0,0,0,0,0,0,0,0,0,0,0,0,-7488.13,0,0,0,0,0
31:10:15:23:27:26,4651.66,4636.21,0,0.0333786,0,0,0,0,0,0,0,0,0,0,0,0,-7488.13,0,0,0,0,0
31:10:15:23:27:27,4364.99,4351.83,0,0.0213623,0,0,0,0,0,0,0,0,0,0,0,0,-7488.13,0,0,0,0,0
31:10:15:23:27:28,4085.18,4072.59,0,0.0200272,0,0,0,0,0,0,0,0,0,0,0,0,-7488.13,0,0,0,0,0
31:10:15:23:27:29,3985.62,3966.74,0,0.0307083,0,0,0,0,0,0,0,0,0,0,0,0,-7488.13,0,0,0,0,0
31:10:15:23:27:30,3986.48,3969.31,0,0.0387192,0,0,0,0,0,0,0,0,0,0,0,0,-7488.13,0,0,0,0,0
31:10:15:23:27:31,3987.05,3969.31,0,0.0400562,0,0,0,0,0,0,0,0,0,0,0,0,-7488.13,0,0,0,0,0
31:10:15:23:27:32,3988.19,3969.88,0,0.0440617,0,0,0,0,0,0,0,0,0,0,0,0,-7488.13,0,0,0,0,0
31:10:15:23:27:33,3988.77,3970.46,0,0.0347137,0,0,0,0,0,0,0,0,0,0,0,0,-7488.13,0,0,0,0,0
31:10:15:23:27:34,3988.77,3970.46,0,0.028038,0,0,0,0,0,0,0,0,0,0,0,0,-7488.13,0,0,0,0,0
31:10:15:23:27:35,3988.77,3971.31,0,0.0347137,0,0,0,0,0,0,0,0,0,0,0,0,-7488.13,0,0,0,0,0
31:10:15:23:27:36,3989.62,3971.6,0,0.0320435,0,0,0,0,0,0,0,0,0,0,0,0,-7488.13,0,0,0,0,0
31:10:15:23:27:37,3989.62,3971.89,0,0.028038,0,0,0,0,0,0,0,0,0,0,0,0,-7488.13,0,0,0,0,0
31:10:15:23:27:38,3990.2,3971.89,0,0.0293751,0,0,0,0,0,0,0,0,0,0,0,0,-7488.13,0,0,0,0,0
31:10:15:23:27:39,3990.77,3971.89,0,0.0267029,0,0,0,0,0,0,0,0,0,0,0,0,-7488.13,0,0,0,0,0
31:10:15:23:27:40,3991.05,3972.46,0,0.0320435,0,0,0,0,0,0,0,0,0,0,0,0,-7488.13,0,0,0,0,0
31:10:15:23:27:41,3990.48,3972.74,0,0.028038,0,0,0,0,0,0,0,0,0,0,0,0,-7488.13,0,0,0,0,0
31:10:15:23:27:42,3990.77,3973.03,0,0.0307083,0,0,0,0,0,0,0,0,0,0,0,0,-7488.13,0,0,0,0,0
31:10:15:23:27:43,3991.05,3972.17,0,0.037384,0,0,0,0,0,0,0,0,0,0,0,0,-7488.13,0,0,0,0,0
31:10:15:23:27:44,3991.34,3973.32,0,0.0427246,0,0,0,0,0,0,0,0,0,0,0,0,-7488.13,0,0,0,0,0
31:10:15:23:27:45,3991.34,3973.03,0,0.0360508,0,0,0,0,0,0,0,0,0,0,0,0,-7488.13,0,0,0,0,0
31:10:15:23:27:46,3991.34,3973.03,0,0.0360508,0,0,0,0,0,0,0,0,0,0,0,0,-7488.13,0,0,0,0,0
31:10:15:23:27:47,3991.05,3972.46,0,0.0413895,0,0,0,0,0,0,0,0,0,0,0,0,-7488.13,0,0,0,0,0
31:10:15:23:27:48,3991.63,3973.03,0,0.04673,0,0,0,0,0,0,0,0,0,0,0,0,-7488.13,0,0,0,0,0
31:10:15:23:27:49,3991.91,3973.03,0,0.0480652,0,0,0,0,0,0,0,0,0,0,0,0,-7488.13,0,0,0,0,0
31:10:15:23:27:50,3991.91,3973.03,0,0.0534058,0,0,0,0,0,0,0,0,0,0,0,0,-7488.13,0,0,0,0,0
31:10:15:23:27:51,3991.34,3973.03,0,0.0507374,0,0,0,0,0,0,0,0,0,0,0,0,-7488.13,0,0,0,0,0
31:10:15:23:27:52,3991.91,3973.89,0,0.0547428,0,0,0,0,0,0,0,0,0,0,0,0,-7488.13,0,0,0,0,0
31:10:15:23:27:53,3991.91,3973.32,0,0.0534058,0,0,0,0,0,0,0,0,0,0,0,0,-7488.13,0,0,0,0,0
31:10:15:23:27:54,3991.63,3973.32,0,0.0574112,0,0,0,0,0,0,0,0,0,0,0,0,-7488.13,0,0,0,0,0
31:10:15:23:27:55,3991.91,3973.6,0,0.0507374,0,0,0,0,0,0,0,0,0,0,0,0,-7488.13,0,0,0,0,0
31:10:15:23:27:56,3992.49,3973.6,0,0.037384,0,0,0,0,0,0,0,0,0,0,0,0,-7488.13,0,0,0,0,0
31:10:15:23:27:57,3992.77,3973.03,0,0.028038,0,0,0,0,0,0,0,0,0,0,0,0,-7488.13,0,0,0,0,0
31:10:15:23:27:58,3992.2,3973.6,0,0.0253696,0,0,0,0,0,0,0,0,0,0,0,0,-7488.13,0,0,0,0,0
31:10:15:23:27:59,3992.77,3973.32,0,0.0253696,0,0,0,0,0,0,0,0,0,0,0,0,-7488.13,0,0,0,0,0
31:10:15:23:28:00,3992.49,3973.89,0,0.037384,0,0,0,0,0,0,0,0,0,0,0,0,-7488.13,0,0,0,0,0
31:10:15:23:28:01,3992.2,3974.46,0,0.0347137,0,0,0,0,0,0,0,0,0,0,0,0,-7488.13,0,0,0,0,0
31:10:15:23:28:02,3992.77,3973.89,0,0.0347137,0,0,0,0,0,0,0,0,0,0,0,0,-7488.13,0,0,0,0,0
31:10:15:23:28:03,3992.77,3973.6,0,0.0440617,0,0,0,0,0,0,0,0,0,0,0,0,-7488.13,0,0,0,0,0
31:10:15:23:28:04,3992.2,3973.6,0,0.0427246,0,0,0,0,0,0,0,0,0,0,0,0,-7488.13,0,0,0,0,0
31:10:15:23:28:05,3992.77,3973.89,0,0.0427246,0,0,0,0,0,0,0,0,0,0,0,0,-7488.13,0,0,0,0,0
31:10:15:23:28:06,3992.77,3973.89,0,0.0520706,0,0,0,0,0,0,0,0,0,0,0,0,-7488.13,0,0,0,0,0
31:10:15:23:28:07,3992.49,3973.89,0,0.037384,0,0,0,0,0,0,0,0,0,0,0,0,-7488.13,0,0,0,0,0
31:10:15:23:28:08,3992.2,3974.17,0,0.0226975,0,0,0,0,0,0,0,0,0,0,0,0,-7488.13,0,0,0,0,0
31:10:15:23:28:09,3992.49,3973.6,0,0.00534058,0,0,0,0,0,0,0,0,0,0,0,0,-7488.13,0,0,0,0,0
31:10:15:23:28:10,3992.77,3973.6,0,0.00534058,0,0,0,0,0,0,0,0,0,0,0,0,-7488.13,0,0,0,0,0
31:10:15:23:28:11,3992.49,3973.89,0,0.018692,0,0,0,0,0,0,0,0,0,0,0,0,-7488.13,0,0,0,0,0
31:10:15:23:28:12,3992.2,3973.89,0,0.0360508,0,0,0,0,0,0,0,0,0,0,0,0,-7488.13,0,0,0,0,0
31:10:15:23:28:13,3993.06,3973.89,0,0.037384,0,0,0,0,0,0,0,0,0,0,0,0,-7488.13,0,0,0,0,0
31:10:15:23:28:14,3992.2,3974.17,0,0.0427246,0,0,0,0,0,0,0,0,0,0,0,0,-7488.13,0,0,0,0,0
31:10:15:23:28:15,3992.49,3974.17,0,0.0547428,0,0,0,0,0,0,0,0,0,0,0,0,-7488.13,0,0,0,0,0
31:10:15:23:28:16,3992.77,3973.32,0,0.0587482,0,0,0,0,0,0,0,0,0,0,0,0,-7488.13,0,0,0,0,0
31:10:15:23:28:17,3993.06,3973.32,0,0.0520706,0,0,0,0,0,0,0,0,0,0,0,0,-7488.13,0,0,0,0,0
31:10:15:23:28:18,3991.91,3974.17,0,0.0440617,0,0,0,0,0,0,0,0,0,0,0,0,-7488.13,0,0,0,0,0
31:10:15:23:28:19,3992.49,3973.32,0,0.0360508,0,0,0,0,0,0,0,0,0,0,0,0,-7488.13,0,0,0,0,0
31:10:15:23:28:20,3992.77,3973.32,0,0.0333786,0,0,0,0,0,0,0,0,0,0,0,0,-7488.13,0,0,0,0,0
31:10:15:23:28:21,3993.06,3973.32,0,0.0240326,0,0,0,0,0,0,0,0,0,0,0,0,-7488.13,0,0,0,0,0
31:10:15:23:28:22,3992.49,3973.03,0,0.0173569,0,0,0,0,0,0,0,0,0,0,0,0,-7488.13,0,0,0,0,0
31:10:15:23:28:23,3992.49,3973.6,0,0.00934601,0,0,0,0,0,0,0,0,0,0,0,0,-7488.13,0,0,0,0,0
31:10:15:23:28:24,3993.06,3973.32,0,0.0146866,0,0,0,0,0,0,0,0,0,0,0,0,-7488.13,0,0,0,0,0
31:10:15:23:28:25,3992.49,3972.74,0,0.0293751,0,0,0,0,0,0,0,0,0,0,0,0,-7488.13,0,0,0,0,0
31:10:15:23:28:26,3992.2,3972.74,0,0.00801086,0,0,0,0,0,0,0,0,0,0,0,0,-7488.13,0,0,0,0,0
31:10:15:23:28:27,3992.49,3973.03,0,0.0120163,0,0,0,0,0,0,0,0,0,0,0,0,-7488.13,0,0,0,0,0
31:10:15:23:28:28,3993.06,3973.32,0,0.0120163,0,0,0,0,0,0,0,0,0,0,0,0,-7488.13,0,0,0,0,0
31:10:15:23:28:29,3992.77,3973.32,0,0.0400562,0,0,0,0,0,0,0,0,0,0,0,0,-7488.13,0,0,0,0,0
31:10:15:23:28:30,3992.49,3973.03,0,0.0333786,0,0,0,0,0,0,0,0,0,0,0,0,-7488.13,0,0,0,0,0
31:10:15:23:28:31,3991.91,3972.46,0,0.0293751,0,0,0,0,0,0,0,0,0,0,0,0,-7488.13,0,0,0,0,0
31:10:15:23:28:32,3992.49,3972.74,0,0.0293751,0,0,0,0,0,0,0,0,0,0,0,0,-7488.13,0,0,0,0,0
31:10:15:23:28:33,3992.2,3973.03,0,0.0200272,0,0,0,0,0,0,0,0,0,0,0,0,-7488.13,0,0,0,0,0
31:10:15:23:28:34,3992.49,3972.74,0,0.0347137,0,0,0,0,0,0,0,0,0,0,0,0,-7488.13,0,0,0,0,0
31:10:15:23:28:35,3991.91,3973.03,0,0.0413895,0,0,0,0,0,0,0,0,0,0,0,0,-7488.13,0,0,0,0,0
31:10:15:23:28:36,3991.91,3972.74,0,0.0387192,0,0,0,0,0,0,0,0,0,0,0,0,-7488.13,0,0,0,0,0
31:10:15:23:28:37,3992.49,3972.17,0,0.0507374,0,0,0,0,0,0,0,0,0,0,0,0,-7488.13,0,0,0,0,0
31:10:15:23:28:38,3992.77,3972.46,0,0.04673,0,0,0,0,0,0,0,0,0,0,0,0,-7488.13,0,0,0,0,0
31:10:15:23:28:39,3991.91,3971.89,0,0.0534058,0,0,0,0,0,0,0,0,0,0,0,0,-7488.13,0,0,0,0,0
31:10:15:23:28:40,3992.2,3972.74,0,0.0587482,0,0,0,0,0,0,0,0,0,0,0,0,-7488.13,0,0,0,0,0
31:10:15:23:28:41,3992.49,3972.46,0,0.04673,0,0,0,0,0,0,0,0,0,0,0,0,-7488.13,0,0,0,0,0
31:10:15:23:28:42,3992.49,3972.74,0,0.0360508,0,0,0,0,0,0,0,0,0,0,0,0,-7488.13,0,0,0,0,0
31:10:15:23:28:43,3992.49,3972.17,0,0.0293751,0,0,0,0,0,0,0,0,0,0,0,0,-7488.13,0,0,0,0,0
31:10:15:23:28:44,3991.91,3972.17,0,0.0387192,0,0,0,0,0,0,0,0,0,0,0,0,-7488.13,0,0,0,0,0
31:10:15:23:28:45,3992.77,3971.89,0,0.0494003,0,0,0,0,0,0,0,0,0,0,0,0,-7488.13,0,0,0,0,0
31:10:15:23:28:46,3992.2,3972.17,0,0.0574112,0,0,0,0,0,0,0,0,0,0,0,0,-7488.13,0,0,0,0,0
31:10:15:23:28:47,3991.91,3972.17,0,0.0547428,0,0,0,0,0,0,0,0,0,0,0,0,-7488.13,0,0,0,0,0
31:10:15:23:28:48,3992.2,3972.17,0,0.0520706,0,0,0,0,0,0,0,0,0,0,0,0,-7488.13,0,0,0,0,0
31:10:15:23:28:49,3992.2,3972.46,0,0.0494003,0,0,0,0,0,0,0,0,0,0,0,0,-7488.13,0,0,0,0,0
31:10:15:23:28:50,3991.91,3972.17,0,0.0427246,0,0,0,0,0,0,0,0,0,0,0,0,-7488.13,0,0,0,0,0
31:10:15:23:28:51,3992.2,3971.89,0,0.0320435,0,0,0,0,0,0,0,0,0,0,0,0,-7488.13,0,0,0,0,0
31:10:15:23:28:52,3991.63,3971.6,0,0.037384,0,0,0,0,0,0,0,0,0,0,0,0,-7488.13,0,0,0,0,0
31:10:15:23:28:53,3991.63,3971.89,0,0.0587482,0,0,0,0,0,0,0,0,0,0,0,0,-7488.13,0,0,0,0,0
31:10:15:23:28:54,3992.49,3972.17,0,0.0640869,0,0,0,0,0,0,0,0,0,0,0,0,-7488.13,0,0,0,0,0
31:10:15:23:28:55,3991.63,3971.6,0,0.0707626,0,0,0,0,0,0,0,0,0,0,0,0,-7488.13,0,0,0,0,0
31:10:15:23:28:56,3991.63,3971.6,0,0.0694294,0,0,0,0,0,0,0,0,0,0,0,0,-7488.13,0,0,0,0,0
31:10:15:23:28:57,3991.05,3971.31,0,0.0534058,0,0,0,0,0,0,0,0,0,0,0,0,-7488.13,0,0,0,0,0
31:10:15:23:28:58,3991.63,3971.31,0,0.0400562,0,0,0,0,0,0,0,0,0,0,0,0,-7488.13,0,0,0,0,0
31:10:15:23:28:59,3990.48,3971.03,0,0.0427246,0,0,0,0,0,0,0,0,0,0,0,0,-7488.13,0,0,0,0,0
31:10:15:23:29:00,3991.34,3971.31,0,0.0253696,0,0,0,0,0,0,0,0,0,0,0,0,-7488.13,0,0,0,0,0
31:10:15:23:29:01,3991.05,3971.6,0,0.0347137,0,0,0,0,0,0,0,0,0,0,0,0,-7488.13,0,0,0,0,0
31:10:15:23:29:02,3991.34,3971.03,0,0.0226975,0,0,0,0,0,0,0,0,0,0,0,0,-7488.13,0,0,0,0,0
31:10:15:23:29:03,3991.05,3971.31,0,0.0347137,0,0,0,0,0,0,0,0,0,0,0,0,-7488.13,0,0,0,0,0
31:10:15:23:29:04,3990.77,3971.03,0,0.0293751,0,0,0,0,0,0,0,0,0,0,0,0,-7488.13,0,0,0,0,0
31:10:15:23:29:05,3991.05,3971.6,0,0.0253696,0,0,0,0,0,0,0,0,0,0,0,0,-7488.13,0,0,0,0,0
31:10:15:23:29:06,3990.77,3971.31,0,0.018692,0,0,0,0,0,0,0,0,0,0,0,0,-7488.13,0,0,0,0,0
31:10:15:23:29:07,3991.63,3970.74,0,0.0200272,0,0,0,0,0,0,0,0,0,0,0,0,-7488.13,0,0,0,0,0
31:10:15:23:29:08,3990.77,3970.74,0,0.0293751,0,0,0,0,0,0,0,0,0,0,0,0,-7488.13,0,0,0,0,0
31:10:15:23:29:09,3990.2,3970.17,0,0.0347137,0,0,0,0,0,0,0,0,0,0,0,0,-7488.13,0,0,0,0,0
31:10:15:23:29:10,3991.05,3970.74,0,0.0400562,0,0,0,0,0,0,0,0,0,0,0,0,-7488.13,0,0,0,0,0
31:10:15:23:29:11,3989.91,3970.17,0,0.0400562,0,0,0,0,0,0,0,0,0,0,0,0,-7488.13,0,0,0,0,0
31:10:15:23:29:12,3990.77,3970.46,0,0.0413895,0,0,0,0,0,0,0,0,0,0,0,0,-7488.13,0,0,0,0,0
31:10:15:23:29:13,3990.77,3970.74,0,0.0507374,0,0,0,0,0,0,0,0,0,0,0,0,-7488.13,0,0,0,0,0
31:10:15:23:29:14,3990.2,3970.17,0,0.0400562,0,0,0,0,0,0,0,0,0,0,0,0,-7488.13,0,0,0,0,0
31:10:15:23:29:15,3990.2,3970.17,0,0.0494003,0,0,0,0,0,0,0,0,0,0,0,0,-7488.13,0,0,0,0,0
31:10:15:23:29:16,3990.2,3969.88,0,0.04673,0,0,0,0,0,0,0,0,0,0,0,0,-7488.13,0,0,0,0,0
31:10:15:23:29:17,3990.2,3970.17,0,0.0480652,0,0,0,0,0,0,0,0,0,0,0,0,-7488.13,0,0,0,0,0
31:10:15:23:29:18,3989.91,3970.17,0,0.0293751,0,0,0,0,0,0,0,0,0,0,0,0,-7488.13,0,0,0,0,0
31:10:15:23:29:19,3990.48,3970.17,0,0.0320435,0,0,0,0,0,0,0,0,0,0,0,0,-7488.13,0,0,0,0,0
31:10:15:23:29:20,3990.2,3970.74,0,0.0253696,0,0,0,0,0,0,0,0,0,0,0,0,-7488.13,0,0,0,0,0
31:10:15:23:29:21,3989.62,3969.88,0,0.0360508,0,0,0,0,0,0,0,0,0,0,0,0,-7488.13,0,0,0,0,0
31:10:15:23:29:22,3990.48,3969.88,0,0.0440617,0,0,0,0,0,0,0,0,0,0,0,0,-7488.13,0,0,0,0,0
31:10:15:23:29:23,3990.2,3969.31,0,0.0440617,0,0,0,0,0,0,0,0,0,0,0,0,-7488.13,0,0,0,0,0
31:10:15:23:29:24,3989.91,3969.88,0,0.0440617,0,0,0,0,0,0,0,0,0,0,0,0,-7488.13,0,0,0,0,0
31:10:15:23:29:25,3989.62,3969.02,0,0.0507374,0,0,0,0,0,0,0,0,0,0,0,0,-7488.13,0,0,0,0,0
31:10:15:23:29:26,3989.91,3969.6,0,0.0534058,0,0,0,0,0,0,0,0,0,0,0,0,-7488.13,0,0,0,0,0
31:10:15:23:29:27,3989.91,3969.31,0,0.0534058,0,0,0,0,0,0,0,0,0,0,0,0,-7488.13,0,0,0,0,0
31:10:15:23:29:28,3989.91,3969.31,0,0.0387192,0,0,0,0,0,0,0,0,0,0,0,0,-7488.13,0,0,0,0,0
31:10:15:23:29:29,3989.62,3969.31,0,0.0200272,0,0,0,0,0,0,0,0,0,0,0,0,-7488.13,0,0,0,0,0
31:10:15:23:29:30,3989.62,3969.31,0,0.0240326,0,0,0,0,0,0,0,0,0,0,0,0,-7488.13,0,0,0,0,0
31:10:15:23:29:31,3989.91,3969.02,0,0.0226975,0,0,0,0,0,0,0,0,0,0,0,0,-7488.13,0,0,0,0,0
31:10:15:23:29:32,3989.91,3969.31,0,0.018692,0,0,0,0,0,0,0,0,0,0,0,0,-7488.13,0,0,0,0,0
31:10:15:23:29:33,3989.91,3969.02,0,0.0240326,0,0,0,0,0,0,0,0,0,0,0,0,-7488.13,0,0,0,0,0
31:10:15:23:29:34,3989.34,3969.02,0,0.028038,0,0,0,0,0,0,0,0,0,0,0,0,-7488.13,0,0,0,0,0
31:10:15:23:29:35,3989.62,3969.31,0,0.0400562,0,0,0,0,0,0,0,0,0,0,0,0,-7488.13,0,0,0,0,0
31:10:15:23:29:36,3988.77,3968.17,0,0.0480652,0,0,0,0,0,0,0,0,0,0,0,0,-7488.13,0,0,0,0,0
31:10:15:23:29:37,3989.05,3969.6,0,0.0480652,0,0,0,0,0,0,0,0,0,0,0,0,-7488.13,0,0,0,0,0
31:10:15:23:29:38,3989.34,3968.45,0,0.0574112,0,0,0,0,0,0,0,0,0,0,0,0,-7488.13,0,0,0,0,0
31:10:15:23:29:39,3988.48,3968.45,0,0.0587482,0,0,0,0,0,0,0,0,0,0,0,0,-7488.13,0,0,0,0,0
31:10:15:23:29:40,3989.05,3968.45,0,0.0520706,0,0,0,0,0,0,0,0,0,0,0,0,-7488.13,0,0,0,0,0
31:10:15:23:29:41,3989.05,3968.74,0,0.0494003,0,0,0,0,0,0,0,0,0,0,0,0,-7488.13,0,0,0,0,0
31:10:15:23:29:42,3989.05,3969.02,0,0.0427246,0,0,0,0,0,0,0,0,0,0,0,0,-7488.13,0,0,0,0,0
31:10:15:23:29:43,3988.77,3968.17,0,0.0387192,0,0,0,0,0,0,0,0,0,0,0,0,-7488.13,0,0,0,0,0
31:10:15:23:29:44,3989.34,3968.17,0,0.0413895,0,0,0,0,0,0,0,0,0,0,0,0,-7488.13,0,0,0,0,0
31:10:15:23:29:45,3988.77,3967.88,0,0.0307083,0,0,0,0,0,0,0,0,0,0,0,0,-7488.13,0,0,0,0,0
31:10:15:23:29:46,3988.19,3967.88,0,0.028038,0,0,0,0,0,0,0,0,0,0,0,0,-7488.13,0,0,0,0,0
31:10:15:23:29:47,3988.19,3968.45,0,0.0360508,0,0,0,0,0,0,0,0,0,0,0,0,-7488.13,0,0,0,0,0
31:10:15:23:29:48,3988.77,3967.59,0,0.0480652,0,0,0,0,0,0,0,0,0,0,0,0,-7488.13,0,0,0,0,0
31:10:15:23:29:49,3988.77,3967.88,0,0.0400562,0,0,0,0,0,0,0,0,0,0,0,0,-7488.13,0,0,0,0,0
31:10:15:23:29:50,3988.48,3967.88,0,0.0400562,0,0,0,0,0,0,0,0,0,0,0,0,-7488.13,0,0,0,0,0
31:10:15:23:29:51,3987.91,3967.88,0,0.028038,0,0,0,0,0,0,0,0,0,0,0,0,-7488.13,0,0,0,0,0
31:10:15:23:29:52,3987.62,3967.31,0,0.0307083,0,0,0,0,0,0,0,0,0,0,0,0,-7488.13,0,0,0,0,0
31:10:15:23:29:53,3988.77,3967.88,0,0.0387192,0,0,0,0,0,0,0,0,0,0,0,0,-7488.13,0,0,0,0,0
31:10:15:23:29:54,3988.77,3967.59,0,0.0427246,0,0,0,0,0,0,0,0,0,0,0,0,-7488.13,0,0,0,0,0
31:10:15:23:29:55,3988.48,3967.31,0,0.0494003,0,0,0,0,0,0,0,0,0,0,0,0,-7488.13,0,0,0,0,0
31:10:15:23:29:56,3987.91,3966.74,0,0.0507374,0,0,0,0,0,0,0,0,0,0,0,0,-7488.13,0,0,0,0,0
31:10:15:23:29:57,3987.91,3967.59,0,0.0453949,0,0,0,0,0,0,0,0,0,0,0,0,-7488.13,0,0,0,0,0
31:10:15:23:29:58,3987.91,3967.31,0,0.0387192,0,0,0,0,0,0,0,0,0,0,0,0,-7488.13,0,0,0,0,0
31:10:15:23:29:59,3987.62,3967.31,0,0.0400562,0,0,0,0,0,0,0,0,0,0,0,0,-7488.13,0,0,0,0,0
31:10:15:23:30:00,3988.19,3966.74,0,0.0360508,0,0,0,0,0,0,0,0,0,0,0,0,-7488.13,0,0,0,0,0
31:10:15:23:30:01,3988.48,3966.74,0,0.037384,0,0,0,0,0,0,0,0,0,0,0,0,-7488.13,0,0,0,0,0
31:10:15:23:30:02,3987.62,3966.45,0,0.0320435,0,0,0,0,0,0,0,0,0,0,0,0,-7488.13,0,0,0,0,0
31:10:15:23:30:03,3987.62,3966.74,0,0.0400562,0,0,0,0,0,0,0,0,0,0,0,0,-7488.13,0,0,0,0,0
31:10:15:23:30:04,3987.91,3966.74,0,0.0494003,0,0,0,0,0,0,0,0,0,0,0,0,-7488.13,0,0,0,0,0
31:10:15:23:30:05,3987.34,3966.74,0,0.0520706,0,0,0,0,0,0,0,0,0,0,0,0,-7488.13,0,0,0,0,0
31:10:15:23:30:06,3987.34,3966.74,0,0.0534058,0,0,0,0,0,0,0,0,0,0,0,0,-7488.13,0,0,0,0,0
31:10:15:23:30:07,3987.34,3967.02,0,0.0640869,0,0,0,0,0,0,0,0,0,0,0,0,-7488.13,0,0,0,0,0
31:10:15:23:30:08,3987.34,3966.74,0,0.0547428,0,0,0,0,0,0,0,0,0,0,0,0,-7488.13,0,0,0,0,0
31:10:15:23:30:09,3987.34,3966.45,0,0.0547428,0,0,0,0,0,0,0,0,0,0,0,0,-7488.13,0,0,0,0,0
31:10:15:23:30:10,3987.05,3966.45,0,0.0507374,0,0,0,0,0,0,0,0,0,0,0,0,-7488.13,0,0,0,0,0
31:10:15:23:30:11,3986.76,3966.45,0,0.0507374,0,0,0,0,0,0,0,0,0,0,0,0,-7488.13,0,0,0,0,0
31:10:15:23:30:12,3987.34,3966.45,0,0.0413895,0,0,0,0,0,0,0,0,0,0,0,0,-7488.13,0,0,0,0,0
31:10:15:23:30:13,3987.05,3966.45,0,0.0307083,0,0,0,0,0,0,0,0,0,0,0,0,-7488.13,0,0,0,0,0
31:10:15:23:30:14,3986.76,3966.45,0,0.0360508,0,0,0,0,0,0,0,0,0,0,0,0,-7488.13,0,0,0,0,0
31:10:15:23:30:15,3986.76,3966.16,0,0.0413895,0,0,0,0,0,0,0,0,0,0,0,0,-7488.13,0,0,0,0,0
31:10:15:23:30:16,3986.48,3965.59,0,0.0427246,0,0,0,0,0,0,0,0,0,0,0,0,-7488.13,0,0,0,0,0
31:10:15:23:30:17,3986.48,3965.88,0,0.0333786,0,0,0,0,0,0,0,0,0,0,0,0,-7488.13,0,0,0,0,0
31:10:15:23:30:18,3986.76,3965.59,0,0.0226975,0,0,0,0,0,0,0,0,0,0,0,0,-7488.13,0,0,0,0,0
31:10:15:23:30:19,3986.48,3965.31,0,0.0293751,0,0,0,0,0,0,0,0,0,0,0,0,-7488.13,0,0,0,0,0
31:10:15:23:30:20,3985.9,3966.16,0,0.028038,0,0,0,0,0,0,0,0,0,0,0,0,-7488.13,0,0,0,0,0
31:10:15:23:30:21,3987.05,3965.59,0,0.0213623,0,0,0,0,0,0,0,0,0,0,0,0,-7488.13,0,0,0,0,0
31:10:15:23:30:22,3986.48,3965.31,0,0.0333786,0,0,0,0,0,0,0,0,0,0,0,0,-7488.13,0,0,0,0,0
31:10:15:23:30:23,3986.48,3965.59,0,0.0320435,0,0,0,0,0,0,0,0,0,0,0,0,-7488.13,0,0,0,0,0
31:10:15:23:30:24,3986.48,3965.31,0,0.0413895,0,0,0,0,0,0,0,0,0,0,0,0,-7488.13,0,0,0,0,0
31:10:15:23:30:25,3986.19,3965.02,0,0.0200272,0,0,0,0,0,0,0,0,0,0,0,0,-7488.13,0,0,0,0,0
31:10:15:23:30:26,3985.9,3965.31,0,0.0253696,0,0,0,0,0,0,0,0,0,0,0,0,-7488.13,0,0,0,0,0
31:10:15:23:30:27,3984.47,3963.59,0,0.0387192,0,0,0,0,0,0,0,0,0,0,0,0,-7488.13,0,0,0,0,0
31:10:15:23:30:28,3946.42,3919.53,0,0.0440617,0,0,0,0,0,0,0,0,0,0,0,0,-7488.13,0,0,0,0,0
31:10:15:23:30:29,3892.35,3871.75,0,0.0507374,0,0,0,0,0,0,0,0,0,0,0,0,-7488.13,0,0,0,0,0
31:10:15:23:30:30,3891.49,3870.03,0,0.0494003,0,0,0,0,0,0,0,0,0,0,0,0,-7488.13,0,0,0,0,0
31:10:15:23:30:31,3891.49,3870.03,0,0.0494003,0,0,0,0,0,0,0,0,0,0,0,0,-7488.13,0,0,0,0,0
31:10:15:23:30:32,3890.92,3870.03,0,0.0480652,0,0,0,0,0,0,0,0,0,0,0,0,-7488.13,0,0,0,0,0
31:10:15:23:30:33,3884.63,3863.74,0,0.0494003,0,0,0,0,0,0,0,0,0,0,0,0,-7488.13,0,0,0,0,0
31:10:15:23:30:34,3893.49,3871.75,0,0.0400562,0,0,0,0,0,0,0,0,0,0,0,0,-7488.13,0,0,0,0,0
31:10:15:23:30:35,3892.92,3871.75,0,0.0440617,0,0,0,0,0,0,0,0,0,0,0,0,-7488.13,0,0,0,0,0
31:10:15:23:30:36,3892.35,3870.89,0,0.0440617,0,0,0,0,0,0,0,0,0,0,0,0,-7488.13,0,0,0,0,0
31:10:15:23:30:37,3890.92,3870.61,0,0.0507374,0,0,0,0,0,0,0,0,0,0,0,0,-7488.13,0,0,0,0,0
31:10:15:23:30:38,3892.64,3871.75,0,0.0507374,0,0,0,0,0,0,0,0,0,0,0,0,-7488.13,0,0,0,0,0
31:10:15:23:30:39,3890.35,3869.75,0,0.0387192,0,0,0,0,0,0,0,0,0,0,0,0,-7488.13,0,0,0,0,0
31:10:15:23:30:40,3888.92,3868.32,0,0.028038,0,0,0,0,0,0,0,0,0,0,0,0,-7488.13,0,0,0,0,0
31:10:15:23:30:41,3890.35,3869.46,0,0.0120163,0,0,0,0,0,0,0,0,0,0,0,0,-7488.13,0,0,0,0,0
31:10:15:23:30:42,3890.35,3869.18,0,0.018692,0,0,0,0,0,0,0,0,0,0,0,0,-7488.13,0,0,0,0,0
31:10:15:23:30:43,3890.06,3868.6,0,0.028038,0,0,0,0,0,0,0,0,0,0,0,0,-7488.13,0,0,0,0,0
31:10:15:23:30:44,3889.49,3868.32,0,0.0320435,0,0,0,0,0,0,0,0,0,0,0,0,-7488.13,0,0,0,0,0
31:10:15:23:30:45,3891.78,3870.89,0,0.037384,0,0,0,0,0,0,0,0,0,0,0,0,-7488.13,0,0,0,0,0
31:10:15:23:30:46,3890.35,3868.89,0,0.0293751,0,0,0,0,0,0,0,0,0,0,0,0,-7488.13,0,0,0,0,0
31:10:15:23:30:47,3890.06,3869.18,0,0.0387192,0,0,0,0,0,0,0,0,0,0,0,0,-7488.13,0,0,0,0,0
31:10:15:23:30:48,3890.06,3868.89,0,0.0413895,0,0,0,0,0,0,0,0,0,0,0,0,-7488.13,0,0,0,0,0
31:10:15:23:30:49,3890.63,3869.75,0,0.04673,0,0,0,0,0,0,0,0,0,0,0,0,-7488.13,0,0,0,0,0
31:10:15:23:30:50,3888.63,3867.75,0,0.0387192,0,0,0,0,0,0,0,0,0,0,0,0,-7488.13,0,0,0,0,0
31:10:15:23:30:51,3890.06,3869.46,0,0.0440617,0,0,0,0,0,0,0,0,0,0,0,0,-7488.13,0,0,0,0,0
31:10:15:23:30:52,3889.49,3868.89,0,0.0320435,0,0,0,0,0,0,0,0,0,0,0,0,-7488.13,0,0,0,0,0
31:10:15:23:30:53,3889.49,3868.6,0,0.0320435,0,0,0,0,0,0,0,0,0,0,0,0,-7488.13,0,0,0,0,0
31:10:15:23:30:54,3890.06,3868.6,0,0.0387192,0,0,0,0,0,0,0,0,0,0,0,0,-7488.13,0,0,0,0,0
31:10:15:23:30:55,3890.35,3868.89,0,0.028038,0,0,0,0,0,0,0,0,0,0,0,0,-7488.13,0,0,0,0,0
31:10:15:23:30:56,3889.49,3868.89,0,0.0360508,0,0,0,0,0,0,0,0,0,0,0,0,-7488.13,0,0,0,0,0
31:10:15:23:30:57,3889.78,3868.03,0,0.0240326,0,0,0,0,0,0,0,0,0,0,0,0,-7488.13,0,0,0,0,0
31:10:15:23:30:58,3888.92,3868.6,0,0.0320435,0,0,0,0,0,0,0,0,0,0,0,0,-7488.13,0,0,0,0,0
31:10:15:23:30:59,3889.49,3868.32,0,0.0307083,0,0,0,0,0,0,0,0,0,0,0,0,-7488.13,0,0,0,0,0
31:10:15:23:31:00,3889.2,3868.03,0,0.0200272,0,0,0,0,0,0,0,0,0,0,0,0,-7488.13,0,0,0,0,0
31:10:15:23:31:01,3889.49,3868.6,0,0.0240326,0,0,0,0,0,0,0,0,0,0,0,0,-7488.13,0,0,0,0,0
31:10:15:23:31:02,3889.49,3867.75,0,0.0240326,0,0,0,0,0,0,0,0,0,0,0,0,-7488.13,0,0,0,0,0
31:10:15:23:31:03,3889.2,3867.75,0,0.0253696,0,0,0,0,0,0,0,0,0,0,0,0,-7488.13,0,0,0,0,0
31:10:15:23:31:04,3889.2,3867.75,0,0.0293751,0,0,0,0,0,0,0,0,0,0,0,0,-7488.13,0,0,0,0,0
31:10:15:23:31:05,3888.92,3868.32,0,0.0226975,0,0,0,0,0,0,0,0,0,0,0,0,-7488.13,0,0,0,0,0
31:10:15:23:31:06,3889.78,3867.75,0,0.0333786,0,0,0,0,0,0,0,0,0,0,0,0,-7488.13,0,0,0,0,0
31:10:15:23:31:07,3889.2,3867.75,0,0.0413895,0,0,0,0,0,0,0,0,0,0,0,0,-7488.13,0,0,0,0,0
31:10:15:23:31:08,3888.92,3868.03,0,0.0347137,0,0,0,0,0,0,0,0,0,0,0,0,-7488.13,0,0,0,0,0
31:10:15:23:31:09,3888.63,3868.32,0,0.0360508,0,0,0,0,0,0,0,0,0,0,0,0,-7488.13,0,0,0,0,0
31:10:15:23:31:10,3889.2,3868.32,0,0.0360508,0,0,0,0,0,0,0,0,0,0,0,0,-7488.13,0,0,0,0,0
31:10:15:23:31:11,3888.92,3868.03,0,0.0387192,0,0,0,0,0,0,0,0,0,0,0,0,-7488.13,0,0,0,0,0
31:10:15:23:31:12,3888.92,3867.46,0,0.0413895,0,0,0,0,0,0,0,0,0,0,0,0,-7488.13,0,0,0,0,0
31:10:15:23:31:13,3888.92,3867.75,0,0.0400562,0,0,0,0,0,0,0,0,0,0,0,0,-7488.13,0,0,0,0,0
31:10:15:23:31:14,3889.2,3867.46,0,0.0494003,0,0,0,0,0,0,0,0,0,0,0,0,-7488.13,0,0,0,0,0
31:10:15:23:31:15,3889.2,3867.46,0,0.0574112,0,0,0,0,0,0,0,0,0,0,0,0,-7488.13,0,0,0,0,0
31:10:15:23:31:16,3888.63,3867.17,0,0.0574112,0,0,0,0,0,0,0,0,0,0,0,0,-7488.13,0,0,0,0,0
31:10:15:23:31:17,3887.77,3866.89,0,0.0600815,0,0,0,0,0,0,0,0,0,0,0,0,-7488.13,0,0,0,0,0
31:10:15:23:31:18,3888.06,3867.46,0,0.0574112,0,0,0,0,0,0,0,0,0,0,0,0,-7488.13,0,0,0,0,0
31:10:15:23:31:19,3888.34,3866.89,0,0.0427246,0,0,0,0,0,0,0,0,0,0,0,0,-7488.13,0,0,0,0,0
31:10:15:23:31:20,3888.34,3866.89,0,0.0387192,0,0,0,0,0,0,0,0,0,0,0,0,-7488.13,0,0,0,0,0
31:10:15:23:31:21,3888.63,3867.17,0,0.0387192,0,0,0,0,0,0,0,0,0,0,0,0,-7488.13,0,0,0,0,0
31:10:15:23:31:22,3888.34,3867.46,0,0.0440617,0,0,0,0,0,0,0,0,0,0,0,0,-7488.13,0,0,0,0,0
31:10:15:23:31:23,3888.06,3867.17,0,0.0494003,0,0,0,0,0,0,0,0,0,0,0,0,-7488.13,0,0,0,0,0
31:10:15:23:31:24,3888.63,3867.17,0,0.0547428,0,0,0,0,0,0,0,0,0,0,0,0,-7488.13,0,0,0,0,0
31:10:15:23:31:25,3888.34,3867.17,0,0.0547428,0,0,0,0,0,0,0,0,0,0,0,0,-7488.13,0,0,0,0,0
31:10:15:23:31:26,3888.34,3866.89,0,0.0453949,0,0,0,0,0,0,0,0,0,0,0,0,-7488.13,0,0,0,0,0
31:10:15:23:31:27,3888.06,3866.6,0,0.04673,0,0,0,0,0,0,0,0,0,0,0,0,-7488.13,0,0,0,0,0
31:10:15:23:31:28,3888.06,3866.89,0,0.04673,0,0,0,0,0,0,0,0,0,0,0,0,-7488.13,0,0,0,0,0
31:10:15:23:31:29,3888.34,3866.6,0,0.0547428,0,0,0,0,0,0,0,0,0,0,0,0,-7488.13,0,0,0,0,0
31:10:15:23:31:30,3888.06,3866.89,0,0.0627537,0,0,0,0,0,0,0,0,0,0,0,0,-7488.13,0,0,0,0,0
31:10:15:23:31:31,3887.77,3866.89,0,0.0440617,0,0,0,0,0,0,0,0,0,0,0,0,-7488.13,0,0,0,0,0
31:10:15:23:31:32,3888.06,3866.6,0,0.037384,0,0,0,0,0,0,0,0,0,0,0,0,-7488.13,0,0,0,0,0
31:10:15:23:31:33,3887.49,3866.6,0,0.0440617,0,0,0,0,0,0,0,0,0,0,0,0,-7488.13,0,0,0,0,0
31:10:15:23:31:34,3886.63,3866.31,0,0.0360508,0,0,0,0,0,0,0,0,0,0,0,0,-7488.13,0,0,0,0,0
31:10:15:23:31:35,3887.77,3866.03,0,0.0347137,0,0,0,0,0,0,0,0,0,0,0,0,-7488.13,0,0,0,0,0
31:10:15:23:31:36,3887.77,3865.74,0,0.037384,0,0,0,0,0,0,0,0,0,0,0,0,-7488.13,0,0,0,0,0
31:10:15:23:31:37,3887.49,3866.6,0,0.0333786,0,0,0,0,0,0,0,0,0,0,0,0,-7488.13,0,0,0,0,0
31:10:15:23:31:38,3886.91,3866.03,0,0.0480652,0,0,0,0,0,0,0,0,0,0,0,0,-7488.13,0,0,0,0,0
31:10:15:23:31:39,3887.2,3866.03,0,0.04673,0,0,0,0,0,0,0,0,0,0,0,0,-7488.13,0,0,0,0,0
31:10:15:23:31:40,3886.91,3866.03,0,0.0213623,0,0,0,0,0,0,0,0,0,0,0,0,-7488.13,0,0,0,0,0
31:10:15:23:31:41,3887.2,3866.6,0,0.0400562,0,0,0,0,0,0,0,0,0,0,0,0,-7488.13,0,0,0,0,0
31:10:15:23:31:42,3886.91,3866.03,0,0.0480652,0,0,0,0,0,0,0,0,0,0,0,0,-7488.13,0,0,0,0,0
31:10:15:23:31:43,3887.49,3865.46,0,0.0360508,0,0,0,0,0,0,0,0,0,0,0,0,-7488.13,0,0,0,0,0
31:10:15:23:31:44,3887.2,3865.74,0,0.0293751,0,0,0,0,0,0,0,0,0,0,0,0,-7488.13,0,0,0,0,0
31:10:15:23:31:45,3887.49,3866.03,0,0.0307083,0,0,0,0,0,7168.02,0,0,0,0,0,0,-320.106,0,0,0,0,0
31:10:15:23:31:46,3886.91,3865.74,0,0.037384,0,0,0,0,0,7167.45,0,0,0,0,0,0,-320.678,0,0,0,0,0
31:10:15:23:31:47,3886.91,3865.46,0,0.0333786,0,0,0,0,0,7167.45,0,0,0,0,0,0,-320.678,0,0,0,0,0
31:10:15:23:31:48,3886.63,3865.74,0,0.037384,0,0,0,0,0,7167.16,0,0,0,0,0,0,-320.964,0,0,0,0,0
31:10:15:23:31:49,3886.63,3866.03,0,0.0333786,0,0,0,0,0,7167.17,0,0,0,0,0,0,-320.962,0,0,0,0,0
31:10:15:23:31:50,3887.2,3865.17,0,0.0267029,0,0,0,0,0,7167.74,0,0,0,0,0,0,-320.388,0,0,0,0,0
31:10:15:23:31:51,3956.44,3934.69,0,0.028038,0,0,0,0,0,7236.98,0,0,0,0,0,0,-251.151,0,0,0,0,0
31:10:15:23:31:52,4016.8,3994.49,0,0.0320435,0,0,0,0,0,7297.35,0,0,0,0,0,0,-190.781,0,0,0,0,0
31:10:15:23:31:53,4042.84,4022.81,0,0.0360508,0,0,0,0,0,7323.38,0,0,0,0,0,0,-164.745,0,0,0,0,0
31:10:15:23:31:54,4038.83,4019.38,1.4637,0.233654,0,0,0,0,0,7319.38,0,0,0,0,0,0,-168.75,0,0.0121975,0,0,0
31:10:15:23:31:55,4041.12,4021.38,1.4637,0.666245,1.4637,0,0,0.0121975,0,7315.27,0,0,0,0,0,0,-172.855,0,0.0365926,0.0121975,0,0
31:10:15:23:31:56,4002.5,3982.19,2.61957,1.2644,1.4637,0,0,0.0365926,0,7276.65,0,0,0,0,0,0,-211.478,0,0.0706198,0.0365926,0,0
31:10:15:23:31:57,3996.49,3975.89,3.26011,1.61955,2.61957,0,0,0.0706198,0,7258.99,0,0,0,0,0,0,-229.141,0,0.119617,0.0706198,0,0
31:10:15:23:31:58,4017.95,3996.49,3.04228,1.98539,3.26011,0,0,0.119617,0,7271.84,0,0,0,0,0,0,-216.291,0,0.172137,0.119617,0,0
31:10:15:23:31:59,4048.85,4028.82,3.04228,2.17498,3.04228,0,0,0.172137,0,7305.83,0,0,0,0,0,0,-182.3,0,0.222842,0.172137,0,0
31:10:15:23:32:00,4067.44,4047.13,3.04739,2.30182,3.04228,0,0,0.222842,0,7324.43,0,0,0,0,0,0,-163.702,0,0.273589,0.222842,0,0
31:10:15:23:32:01,4090.33,4069.45,3.06653,2.55283,3.04739,0,0,0.273589,0,7347.25,0,0,0,0,0,0,-140.882,0,0.324538,0.273589,0,0
31:10:15:23:32:02,4077.46,4058.29,3.0495,2.68368,3.06653,0,0,0.324538,0,7334.11,0,0,0,0,0,0,-154.022,0,0.375505,0.324538,0,0
31:10:15:23:32:03,4039.98,4048.27,3.0499,2.80117,3.0495,0,0,0.375505,0,7296.87,0,0,0,0,0,0,-191.263,0,0.426334,0.375505,0,0
31:10:15:23:32:04,4187.32,4175.59,3.03393,2.87995,3.0499,0,0,0.426334,0,7444.2,0,0,0,0,0,0,-43.9267,0,0.477032,0.426334,0,0
31:10:15:23:32:05,4280.02,4276.58,3.02612,2.90398,3.03393,0,0,0.477032,0,7537.12,0,0,0,0,0,0,48.9949,0,0.527533,0.477032,0,0
31:10:15:23:32:06,4359.84,4342.96,2.67972,2.92,3.02612,0,0,0.527533,0,7617.05,0,0,0,0,0,0,128.925,0,0.575082,0.527533,0,0
31:10:15:23:32:07,4347.25,4328.65,3.30966,3.56756,2.67972,0,0,0.575082,0,7609.01,0,0,0,0,0,0,120.885,0,0.624993,0.575082,0,0
31:10:15:23:32:08,4388.16,4369.85,5.58973,4.24182,3.30966,0,0,0.624993,0,7641.34,0,0,0,0,0,0,153.211,0,0.699155,0.624993,0,0
31:10:15:23:32:09,4365.85,4347.25,7.29491,4.72248,5.58973,0,0,0.699155,0,7576.69,0,0,0,0,0,0,88.5623,0,0.806527,0.699155,0,0
31:10:15:23:32:10,4440.23,4418.49,7.66243,5.32597,7.29491,0,0,0.806527,0,7608.74,0,0,0,0,0,0,120.607,0,0.931171,0.806527,0,0
31:10:15:23:32:11,4594.73,4574.42,6.83152,5.60636,7.66243,0,0,0.931171,0,7752.96,0,0,0,0,0,0,264.831,0,1.05195,0.931171,0,0
31:10:15:23:32:12,4709.74,4690.57,7.12113,6.17513,6.83152,0,0,1.05195,0,7890.62,0,0,0,0,0,0,402.491,0,1.16823,1.05195,0,0
31:10:15:23:32:13,4788.71,4770.68,7.36509,6.35004,7.12113,0,0,1.16823,0,7961.92,0,0,0,0,0,0,473.789,0,1.28894,1.16823,0,0
31:10:15:23:32:14,4903.43,4886.55,9.9834,6.61975,7.36509,0,0,1.28894,0,8070.01,0,0,0,0,0,0,581.881,0,1.43352,1.28894,0,0
31:10:15:23:32:15,4993.27,4976.1,11.1812,6.79465,9.9834,0,0,1.43352,0,8077.77,0,0,0,0,0,0,589.645,0,1.60989,1.43352,0,0
31:10:15:23:32:16,5076.81,5058.21,11.9195,6.93484,11.1812,0,0,1.60989,0,8117.42,0,0,0,0,0,0,629.292,0,1.80239,1.60989,0,0
31:10:15:23:32:17,5161.5,5146.05,13.1182,6.98959,11.9195,0,0,1.80239,0,8173.15,0,0,0,0,0,0,685.017,0,2.01104,1.80239,0,0
31:10:15:23:32:18,5238.74,5225.58,14.2895,7.10708,13.1182,0,0,2.01104,0,8200.29,0,0,0,0,0,0,712.159,0,2.23944,2.01104,0,0
31:10:15:23:32:19,5315.99,5306.26,14.8558,7.10308,14.2895,0,0,2.23944,0,8225.05,0,0,0,0,0,0,736.924,0,2.48232,2.23944,0,0
31:10:15:23:32:20,5397.81,5391.52,14.8697,7.18585,14.8558,0,0,2.48232,0,8280.28,0,0,0,0,0,0,792.155,0,2.73003,2.48232,0,0
31:10:15:23:32:21,5471.63,5472.49,14.7387,7.2219,14.8697,0,0,2.73003,0,8353.5,0,0,0,0,0,0,865.37,0,2.97676,2.73003,0,0
31:10:15:23:32:22,5532.28,5537.43,14.7219,7.2446,14.7387,0,0,2.97676,0,8420.46,0,0,0,0,0,0,932.332,0,3.22227,2.97676,0,0
31:10:15:23:32:23,5594.37,5603.23,14.7409,7.29267,14.7219,0,0,3.22227,0,8483.4,0,0,0,0,0,0,995.274,0,3.46779,3.22227,0,0
31:10:15:23:32:24,5645.01,5653.02,14.7619,7.3167,14.7409,0,0,3.46779,0,8533.21,0,0,0,0,0,0,1045.08,0,3.71365,3.46779,0,0
31:10:15:23:32:25,5686.78,5698.79,14.7798,7.33005,14.7619,0,0,3.71365,0,8574.04,0,0,0,0,0,0,1085.92,0,3.95983,3.71365,0,0
31:10:15:23:32:26,5762.59,5765.17,14.8488,7.32204,14.7798,0,0,3.95983,0,8649.08,0,0,0,0,0,0,1160.95,0,4.20674,3.95983,0,0
31:10:15:23:32:27,5812.38,5818.1,14.6859,7.32605,14.8488,0,0,4.20674,0,8695.63,0,0,0,0,0,0,1207.5,0,4.45286,4.20674,0,0
31:10:15:23:32:28,5852.14,5859.01,14.9107,7.4155,14.6859,0,0,4.45286,0,8743.21,0,0,0,0,0,0,1255.08,0,4.6995,4.45286,0,0
31:10:15:23:32:29,5889.62,5901.07,14.9141,7.49562,14.9107,0,0,4.6995,0,8770.04,0,0,0,0,0,0,1281.91,0,4.94804,4.6995,0,0
31:10:15:23:32:30,5918.8,5934.83,15.2576,7.47692,14.9141,0,0,4.94804,0,8799.12,0,0,0,0,0,0,1311,0,5.19947,4.94804,0,0
31:10:15:23:32:31,5949.42,5967.16,15.235,7.5557,15.2576,0,0,5.19947,0,8813.18,0,0,0,0,0,0,1325.06,0,5.45357,5.19947,0,0
31:10:15:23:32:32,5980.03,5999.2,15.1214,7.57572,15.235,0,0,5.45357,0,8844.97,0,0,0,0,0,0,1356.84,0,5.70654,5.45357,0,0
31:10:15:23:32:33,6005.78,6027.24,15.0022,7.59842,15.1214,0,0,5.70654,0,8876.31,0,0,0,0,0,0,1388.18,0,5.95757,5.70654,0,0
31:10:15:23:32:34,6031.81,6053.56,15.1138,7.6051,15.0022,0,0,5.95757,0,8908.15,0,0,0,0,0,0,1420.02,0,6.20854,5.95757,0,0
31:10:15:23:32:35,6053.84,6075.02,15.0168,7.62379,15.1138,0,0,6.20854,0,8924.87,0,0,0,0,0,0,1436.74,0,6.45963,6.20854,0,0
31:10:15:23:32:36,6077.88,6098.48,15.0504,7.65851,15.0168,0,0,6.45963,0,8953.64,0,0,0,0,0,0,1465.51,0,6.71019,6.45963,0,0
31:10:15:23:32:37,6097.62,6116.79,15.1746,7.66518,15.0504,0,0,6.71019,0,8971.83,0,0,0,0,0,0,1483.7,0,6.96206,6.71019,0,0
31:10:15:23:32:38,6119.08,6135.67,15.1565,7.6812,15.1746,0,0,6.96206,0,8987.34,0,0,0,0,0,0,1499.21,0,7.21482,6.96206,0,0
31:10:15:23:32:39,6141.96,6159.99,15.1238,7.67586,15.1565,0,0,7.21482,0,9011.16,0,0,0,0,0,0,1523.03,0,7.46716,7.21482,0,0
31:10:15:23:32:40,6158.27,6178.01,15.1145,7.67319,15.1238,0,0,7.46716,0,9029.12,0,0,0,0,0,0,1541,0,7.71914,7.46716,0,0
31:10:15:23:32:41,6177.15,6198.9,15.1797,7.6812,15.1145,0,0,7.71914,0,9048.52,0,0,0,0,0,0,1560.39,0,7.9716,7.71914,0,0
31:10:15:23:32:42,6193.75,6216.64,15.064,7.68921,15.1797,0,0,7.9716,0,9062.01,0,0,0,0,0,0,1573.88,0,8.22363,7.9716,0,0
31:10:15:23:32:43,6220.64,6247.25,15.0722,7.72259,15.064,0,0,8.22363,0,9094.57,0,0,0,0,0,0,1606.45,0,8.47476,8.22363,0,0
31:10:15:23:32:44,6236.38,6266.99,15.1708,7.74395,15.0722,0,0,8.47476,0,9109.98,0,0,0,0,0,0,1621.85,0,8.72679,8.47476,0,0
31:10:15:23:32:45,6267.85,6291.59,15.1052,7.71191,15.1708,0,0,8.72679,0,9136.74,0,0,0,0,0,0,1648.61,0,8.97909,8.72679,0,0
31:10:15:23:32:46,6283.01,6306.19,15.1674,7.71992,15.1052,0,0,8.97909,0,9155.15,0,0,0,0,0,0,1667.02,0,9.23136,8.97909,0,0
31:10:15:23:32:47,6293.31,6321.92,15.1279,7.72259,15.1674,0,0,9.23136,0,9162.48,0,0,0,0,0,0,1674.36,0,9.48382,9.23136,0,0
31:10:15:23:32:48,6303.61,6337.66,15.1373,7.71858,15.1279,0,0,9.48382,0,9174.71,0,0,0,0,0,0,1686.58,0,9.73603,9.48382,0,0
31:10:15:23:32:49,6315.63,6353.11,15.1994,7.72927,15.1373,0,0,9.73603,0,9186.27,0,0,0,0,0,0,1698.14,0,9.98883,9.73603,0,0
31:10:15:23:32:50,6324.5,6358.26,15.1784,7.77733,15.1994,0,0,9.98883,0,9192.2,0,0,0,0,0,0,1704.08,0,10.242,9.98883,0,0
31:10:15:23:32:51,6329.93,6366.27,15.2113,7.74929,15.1784,0,0,10.242,0,9198.74,0,0,0,0,0,0,1710.61,0,10.4952,10.242,0,0
31:10:15:23:32:52,6333.08,6372.28,15.1467,7.74129,15.2113,0,0,10.4952,0,9200.38,0,0,0,0,0,0,1712.25,0,10.7482,10.4952,0,0
31:10:15:23:32:53,6335.94,6379.14,15.1562,7.76265,15.1467,0,0,10.7482,0,9206.46,0,0,0,0,0,0,1718.34,0,11.0007,10.7482,0,0
31:10:15:23:32:54,6339.95,6386.29,15.2655,7.77733,15.1562,0,0,11.0007,0,9210.09,0,0,0,0,0,0,1721.96,0,11.2543,11.0007,0,0
31:10:15:23:32:55,6344.52,6390.01,15.1531,7.82139,15.2655,0,0,11.2543,0,9209.43,0,0,0,0,0,0,1721.3,0,11.5077,11.2543,0,0
31:10:15:23:32:56,6352.25,6399.46,15.2118,7.82273,15.1531,0,0,11.5077,0,9222.71,0,0,0,0,0,0,1734.58,0,11.7608,11.5077,0,0
31:10:15:23:32:57,6359.69,6405.18,15.0961,7.83608,15.2118,0,0,11.7608,0,9227.38,0,0,0,0,0,0,1739.25,0,12.0133,11.7608,0,0
31:10:15:23:32:58,6364.55,6407.75,15.1183,7.86011,15.0961,0,0,12.0133,0,9237.95,0,0,0,0,0,0,1749.82,0,12.2651,12.0133,0,0
31:10:15:23:32:59,6365.69,6414.9,15.1535,7.8254,15.1183,0,0,12.2651,0,9238.1,0,0,0,0,0,0,1749.97,0,12.5174,12.2651,0,0
31:10:15:23:33:00,6367.13,6418.34,15.1324,7.80404,15.1535,0,0,12.5174,0,9237.9,0,0,0,0,0,0,1749.77,0,12.7698,12.5174,0,0
31:10:15:23:33:01,6363.69,6417.77,15.1247,7.80404,15.1324,0,0,12.7698,0,9235.58,0,0,0,0,0,0,1747.46,0,13.0219,12.7698,0,0
31:10:15:23:33:02,6363.69,6420.91,15.0924,7.79469,15.1247,0,0,13.0219,0,9236.04,0,0,0,0,0,0,1747.91,0,13.2737,13.0219,0,0
31:10:15:23:33:03,6358.83,6416.91,15.0788,7.7987,15.0924,0,0,13.2737,0,9232.82,0,0,0,0,0,0,1744.69,0,13.5252,13.2737,0,0
31:10:15:23:33:04,6363.41,6414.05,15.1676,7.75063,15.0788,0,0,13.5252,0,9238.14,0,0,0,0,0,0,1750.01,0,13.7772,13.5252,0,0
31:10:15:23:33:05,6365.41,6420.34,15.1642,7.73861,15.1676,0,0,13.7772,0,9235.92,0,0,0,0,0,0,1747.79,0,14.03,13.7772,0,0
31:10:15:23:33:06,6364.26,6426.06,15.1598,7.71325,15.1642,0,0,14.03,0,9235.03,0,0,0,0,0,0,1746.9,0,14.2827,14.03,0,0
31:10:15:23:33:07,6364.26,6428.92,15.1296,7.73461,15.1598,0,0,14.2827,0,9235.32,0,0,0,0,0,0,1747.19,0,14.5351,14.2827,0,0
31:10:15:23:33:08,6360.83,6426.06,15.1213,7.71191,15.1296,0,0,14.5351,0,9233.44,0,0,0,0,0,0,1745.31,0,14.7872,14.5351,0,0
31:10:15:23:33:09,6366.55,6432.64,15.1289,7.69322,15.1213,0,0,14.7872,0,9239.64,0,0,0,0,0,0,1751.52,0,15.0393,14.7872,0,0
31:10:15:23:33:10,6371.13,6436.08,15.0892,7.7266,15.1289,0,0,15.0393,0,9243.93,0,0,0,0,0,0,1755.8,0,15.2911,15.0393,0,0
31:10:15:23:33:11,6374.28,6435.79,14.9998,7.70123,15.0892,0,0,15.2911,0,9249.09,0,0,0,0,0,0,1760.96,0,15.5418,15.2911,0,0
31:10:15:23:33:12,6382.57,6444.95,15.1392,7.7039,14.9998,0,0,15.5418,0,9261.78,0,0,0,0,0,0,1773.65,0,15.793,15.5418,0,0
31:10:15:23:33:13,6388.3,6451.24,15.1392,7.71458,15.1392,0,0,15.793,0,9260.85,0,0,0,0,0,0,1772.72,0,16.0453,15.793,0,0
31:10:15:23:33:14,6389.73,6453.53,15.1826,7.71458,15.1392,0,0,16.0453,0,9262.36,0,0,0,0,0,0,1774.23,0,16.298,16.0453,0,0
31:10:15:23:33:15,6393.45,6464.11,15.0499,7.6772,15.1826,0,0,16.298,0,9264.05,0,0,0,0,0,0,1775.93,0,16.5499,16.298,0,0
31:10:15:23:33:16,6393.45,6464.69,15.0499,7.68654,15.0499,0,0,16.5499,0,9270.56,0,0,0,0,0,0,1782.43,0,16.8008,16.5499,0,0
31:10:15:23:33:17,6394.88,6465.83,15.0903,7.69722,15.0499,0,0,16.8008,0,9272.08,0,0,0,0,0,0,1783.95,0,17.0519,16.8008,0,0
31:10:15:23:33:18,6399.17,6466.4,15.1322,7.69856,15.0903,0,0,17.0519,0,9274.5,0,0,0,0,0,0,1786.37,0,17.3038,17.0519,0,0
31:10:15:23:33:19,6400.89,6471.84,15.1386,7.72793,15.1322,0,0,17.3038,0,9274.2,0,0,0,0,0,0,1786.07,0,17.556,17.3038,0,0
31:10:15:23:33:20,6402.32,6470.69,15.1822,7.69322,15.1386,0,0,17.556,0,9275.3,0,0,0,0,0,0,1787.18,0,17.8087,17.556,0,0
31:10:15:23:33:21,6405.46,6471.55,15.0896,7.71725,15.1822,0,0,17.8087,0,9276.43,0,0,0,0,0,0,1788.3,0,18.061,17.8087,0,0
31:10:15:23:33:22,6409.47,6468.12,15.138,7.71725,15.0896,0,0,18.061,0,9285,0,0,0,0,0,0,1796.87,0,18.3129,18.061,0,0
31:10:15:23:33:23,6410.61,6469.26,15.1948,7.68254,15.138,0,0,18.3129,0,9283.87,0,0,0,0,0,0,1795.74,0,18.5656,18.3129,0,0
31:10:15:23:33:24,6407.18,6473.56,15.1468,7.68521,15.1948,0,0,18.5656,0,9277.77,0,0,0,0,0,0,1789.64,0,18.8185,18.5656,0,0
31:10:15:23:33:25,6409.47,6474.7,15.1256,7.69322,15.1468,0,0,18.8185,0,9282.47,0,0,0,0,0,0,1794.34,0,19.0708,18.8185,0,0
31:10:15:23:33:26,6413.76,6475.56,15.2607,7.69322,15.1256,0,0,19.0708,0,9287.87,0,0,0,0,0,0,1799.74,0,19.324,19.0708,0,0
31:10:15:23:33:27,6417.77,6477.27,15.2177,7.71992,15.2607,0,0,19.324,0,9285.39,0,0,0,0,0,0,1797.26,0,19.578,19.324,0,0
31:10:15:23:33:28,6418.91,6477.85,15.1604,7.72793,15.2177,0,0,19.578,0,9288.7,0,0,0,0,0,0,1800.57,0,19.8311,19.578,0,0
31:10:15:23:33:29,6421.77,6480.99,15.1589,7.72927,15.1604,0,0,19.8311,0,9294.42,0,0,0,0,0,0,1806.3,0,20.0838,19.8311,0,0
31:10:15:23:33:30,6421.48,6481.28,15.1447,7.73327,15.1589,0,0,20.0838,0,9294.29,0,0,0,0,0,0,1806.16,0,20.3363,20.0838,0,0
31:10:15:23:33:31,6420.34,6483.28,15.1602,7.7266,15.1447,0,0,20.3363,0,9293.83,0,0,0,0,0,0,1805.7,0,20.5888,20.3363,0,0
31:10:15:23:33:32,6418.62,6480.14,15.2542,7.74529,15.1602,0,0,20.5888,0,9291.34,0,0,0,0,0,0,1803.21,0,20.8423,20.5888,0,0
31:10:15:23:33:33,6419.48,6481.28,15.1333,7.71191,15.2542,0,0,20.8423,0,9287.6,0,0,0,0,0,0,1799.47,0,21.0955,20.8423,0,0
31:10:15:23:33:34,6421.48,6480.71,15.2838,7.74796,15.1333,0,0,21.0955,0,9295.47,0,0,0,0,0,0,1807.34,0,21.349,21.0955,0,0
31:10:15:23:33:35,6416.91,6472.7,15.1929,7.72259,15.2838,0,0,21.349,0,9283.54,0,0,0,0,0,0,1795.41,0,21.603,21.349,0,0
31:10:15:23:33:36,6413.19,6464.69,15.1539,7.73594,15.1929,0,0,21.603,0,9284.24,0,0,0,0,0,0,1796.11,0,21.8559,21.603,0,0
31:10:15:23:33:37,6418.05,6470.12,15.1049,7.71725,15.1539,0,0,21.8559,0,9290.99,0,0,0,0,0,0,1802.86,0,22.108,21.8559,0,0
31:10:15:23:33:38,6416.33,6468.12,15.0714,7.70256,15.1049,0,0,22.108,0,9291.63,0,0,0,0,0,0,1803.5,0,22.3595,22.108,0,0
31:10:15:23:33:39,6416.62,6468.69,15.1372,7.74662,15.0714,0,0,22.3595,0,9293.52,0,0,0,0,0,0,1805.39,0,22.6112,22.3595,0,0
31:10:15:23:33:40,6418.05,6471.55,15.0796,7.74262,15.1372,0,0,22.6112,0,9291.75,0,0,0,0,0,0,1803.62,0,22.863,22.6112,0,0
31:10:15:23:33:41,6419.2,6474.41,15.1543,7.73461,15.0796,0,0,22.863,0,9295.66,0,0,0,0,0,0,1807.53,0,23.115,22.863,0,0
31:10:15:23:33:42,6413.19,6470.69,15.1973,7.73461,15.1543,0,0,23.115,0,9286.02,0,0,0,0,0,0,1797.89,0,23.3679,23.115,0,0
31:10:15:23:33:43,6419.77,6469.26,15.101,7.74662,15.1973,0,0,23.3679,0,9290.49,0,0,0,0,0,0,1802.36,0,23.6204,23.3679,0,0
31:10:15:23:33:44,6422.06,6472.7,15.0815,7.73861,15.101,0,0,23.6204,0,9297.43,0,0,0,0,0,0,1809.31,0,23.8719,23.6204,0,0
31:10:15:23:33:45,6414.62,6467.26,15.1363,7.76398,15.0815,0,0,23.8719,0,9290.94,0,0,0,0,0,0,1802.81,0,24.1237,23.8719,0,0
31:10:15:23:33:46,6413.76,6466.4,15.2273,7.72793,15.1363,0,0,24.1237,0,9287.39,0,0,0,0,0,0,1799.26,0,24.3768,24.1237,0,0
31:10:15:23:33:47,6416.62,6466.4,15.2461,7.73594,15.2273,0,0,24.3768,0,9285.78,0,0,0,0,0,0,1797.65,0,24.6307,24.3768,0,0
31:10:15:23:33:48,6420.63,6472.41,15.1116,7.74929,15.2461,0,0,24.6307,0,9288.85,0,0,0,0,0,0,1800.72,0,24.8837,24.6307,0,0
31:10:15:23:33:49,6423.2,6471.84,15.1219,7.71592,15.1116,0,0,24.8837,0,9297.98,0,0,0,0,0,0,1809.85,0,25.1356,24.8837,0,0
31:10:15:23:33:50,6427.21,6472.41,15.1238,7.7039,15.1219,0,0,25.1356,0,9301.46,0,0,0,0,0,0,1813.34,0,25.3877,25.1356,0,0
31:10:15:23:33:51,6428.35,6472.41,15.1658,7.71992,15.1238,0,0,25.3877,0,9302.49,0,0,0,0,0,0,1814.36,0,25.6401,25.3877,0,0
31:10:15:23:33:52,6419.77,6462.97,15.154,7.7306,15.1658,0,0,25.6401,0,9291.84,0,0,0,0,0,0,1803.71,0,25.8928,25.6401,0,0
31:10:15:23:33:53,6417.48,6463.83,15.2216,7.69856,15.154,0,0,25.8928,0,9290.12,0,0,0,0,0,0,1801.99,0,26.1459,25.8928,0,0
31:10:15:23:33:54,6418.62,6466.69,15.1196,7.7079,15.2216,0,0,26.1459,0,9287.92,0,0,0,0,0,0,1799.79,0,26.3987,26.1459,0,0
31:10:15:23:33:55,6415.19,6462.4,15.1408,7.68788,15.1196,0,0,26.3987,0,9289.45,0,0,0,0,0,0,1801.33,0,26.6509,26.3987,0,0
31:10:15:23:33:56,6416.91,6462.68,15.1324,7.70123,15.1408,0,0,26.6509,0,9290.12,0,0,0,0,0,0,1801.99,0,26.9032,26.6509,0,0
31:10:15:23:33:57,6417.48,6462.97,15.1996,7.70123,15.1324,0,0,26.9032,0,9291.08,0,0,0,0,0,0,1802.95,0,27.156,26.9032,0,0
31:10:15:23:33:58,6418.05,6464.97,15.1812,7.71458,15.1996,0,0,27.156,0,9288.34,0,0,0,0,0,0,1800.22,0,27.4091,27.156,0,0
31:10:15:23:33:59,6419.2,6463.83,15.1879,7.71592,15.1812,0,0,27.4091,0,9290.37,0,0,0,0,0,0,1802.24,0,27.6622,27.4091,0,0
31:10:15:23:34:00,6420.91,6463.83,15.138,7.7266,15.1879,0,0,27.6622,0,9291.73,0,0,0,0,0,0,1803.6,0,27.9149,27.6622,0,0
31:10:15:23:34:01,6419.77,6458.68,15.1426,7.71191,15.138,0,0,27.9149,0,9293.01,0,0,0,0,0,0,1804.88,0,28.1673,27.9149,0,0
31:10:15:23:34:02,6412.04,6454.96,15.2102,7.7039,15.1426,0,0,28.1673,0,9285.04,0,0,0,0,0,0,1796.91,0,28.4202,28.1673,0,0
31:10:15:23:34:03,6415.76,6455.82,15.1302,7.7266,15.2102,0,0,28.4202,0,9285.42,0,0,0,0,0,0,1797.3,0,28.673,28.4202,0,0
31:10:15:23:34:04,6414.9,6455.24,15.1142,7.71725,15.1302,0,0,28.673,0,9288.47,0,0,0,0,0,0,1800.34,0,28.9251,28.673,0,0
31:10:15:23:34:05,6417.19,6454.96,15.2101,7.73995,15.1142,0,0,28.9251,0,9291.51,0,0,0,0,0,0,1803.38,0,29.1778,28.9251,0,0
31:10:15:23:34:06,6418.34,6456.96,15.1099,7.72259,15.2101,0,0,29.1778,0,9287.93,0,0,0,0,0,0,1799.8,0,29.4304,29.1778,0,0
31:10:15:23:34:07,6416.05,6456.1,15.1553,7.71458,15.1099,0,0,29.4304,0,9290.53,0,0,0,0,0,0,1802.4,0,29.6827,29.4304,0,0
31:10:15:23:34:08,6411.76,6452.38,15.1772,7.75063,15.1553,0,0,29.6827,0,9283.99,0,0,0,0,0,0,1795.87,0,29.9354,29.6827,0,0
31:10:15:23:34:09,6402.89,6444.37,15.2498,7.7266,15.1772,0,0,29.9354,0,9274.03,0,0,0,0,0,0,1785.9,0,30.189,29.9354,0,0
31:10:15:23:34:10,6402.89,6444.37,15.1768,7.73995,15.2498,0,0,30.189,0,9270.51,0,0,0,0,0,0,1782.38,0,30.4425,30.189,0,0
31:10:15:23:34:11,6400.89,6440.94,15.1374,7.75731,15.1768,0,0,30.4425,0,9272.41,0,0,0,0,0,0,1784.29,0,30.6952,30.4425,0,0
31:10:15:23:34:12,6396.88,6434.65,15.206,7.76131,15.1374,0,0,30.6952,0,9270.64,0,0,0,0,0,0,1782.51,0,30.948,30.6952,0,0
31:10:15:23:34:13,6398.88,6435.22,15.1575,7.74662,15.206,0,0,30.948,0,9269.59,0,0,0,0,0,0,1781.46,0,31.201,30.948,0,0
31:10:15:23:34:14,6399.46,6436.36,15.1719,7.71458,15.1575,0,0,31.201,0,9272.83,0,0,0,0,0,0,1784.71,0,31.4538,31.201,0,0
31:10:15:23:34:15,6397.17,6434.36,15.1753,7.71725,15.1719,0,0,31.4538,0,9270.16,0,0,0,0,0,0,1782.04,0,31.7067,31.4538,0,0
31:10:15:23:34:16,6393.45,6429.21,15.1241,7.71057,15.1753,0,0,31.7067,0,9266.57,0,0,0,0,0,0,1778.44,0,31.9592,31.7067,0,0
31:10:15:23:34:17,6393.73,6430.93,15.2381,7.69055,15.1241,0,0,31.9592,0,9269.67,0,0,0,0,0,0,1781.54,0,32.2122,31.9592,0,0
31:10:15:23:34:18,6388.58,6429.21,15.093,7.72793,15.2381,0,0,32.2122,0,9259.25,0,0,0,0,0,0,1771.12,0,32.465,32.2122,0,0
31:10:15:23:34:19,6390.87,6429.21,15.093,7.73327,15.093,0,0,32.465,0,9268.92,0,0,0,0,0,0,1780.79,0,32.7165,32.465,0,0
31:10:15:23:34:20,6391.16,6432.93,15.1923,7.72526,15.093,0,0,32.7165,0,9269.51,0,0,0,0,0,0,1781.38,0,32.9689,32.7165,0,0
31:10:15:23:34:21,6391.73,6429.21,15.1224,7.74262,15.1923,0,0,32.9689,0,9265.56,0,0,0,0,0,0,1777.44,0,33.2215,32.9689,0,0
31:10:15:23:34:22,6390.3,6433.79,15.1139,7.71592,15.1224,0,0,33.2215,0,9267.84,0,0,0,0,0,0,1779.71,0,33.4735,33.2215,0,0
31:10:15:23:34:23,6387.15,6432.64,15.1139,7.71725,15.1139,0,0,33.4735,0,9265.4,0,0,0,0,0,0,1777.27,0,33.7254,33.4735,0,0
31:10:15:23:34:24,6388.01,6432.64,15.1447,7.71458,15.1139,0,0,33.7254,0,9266.58,0,0,0,0,0,0,1778.45,0,33.9775,33.7254,0,0
31:10:15:23:34:25,6400.89,6445.23,15.2152,7.7039,15.1447,0,0,33.9775,0,9278.26,0,0,0,0,0,0,1790.13,0,34.2305,33.9775,0,0
31:10:15:23:34:26,6402.03,6447.81,15.1096,7.71325,15.2152,0,0,34.2305,0,9276.28,0,0,0,0,0,0,1788.15,0,34.4832,34.2305,0,0
31:10:15:23:34:27,6403.75,6446.95,15.0858,7.71325,15.1096,0,0,34.4832,0,9283.42,0,0,0,0,0,0,1795.29,0,34.7349,34.4832,0,0
31:10:15:23:34:28,6402.32,6447.52,15.2384,7.72526,15.0858,0,0,34.7349,0,9283.46,0,0,0,0,0,0,1795.33,0,34.9876,34.7349,0,0
31:10:15:23:34:29,6406.61,6452.96,15.1284,7.72125,15.2384,0,0,34.9876,0,9280.65,0,0,0,0,0,0,1792.52,0,35.2406,34.9876,0,0
31:10:15:23:34:30,6402.03,6448.09,15.1122,7.74796,15.1284,0,0,35.2406,0,9281.72,0,0,0,0,0,0,1793.59,0,35.4926,35.2406,0,0
31:10:15:23:34:31,6402.03,6451.53,15.1666,7.75197,15.1122,0,0,35.4926,0,9282.8,0,0,0,0,0,0,1794.67,0,35.7449,35.4926,0,0
31:10:15:23:34:32,6396.31,6447.52,15.2049,7.7266,15.1666,0,0,35.7449,0,9274.76,0,0,0,0,0,0,1786.63,0,35.998,35.7449,0,0
31:10:15:23:34:33,6392.59,6445.23,15.194,7.79469,15.2049,0,0,35.998,0,9269.51,0,0,0,0,0,0,1781.38,0,36.2514,35.998,0,0
31:10:15:23:34:34,6390.87,6444.95,15.1501,7.77066,15.194,0,0,36.2514,0,9268.62,0,0,0,0,0,0,1780.5,0,36.5042,36.2514,0,0
31:10:15:23:34:35,6387.15,6441.8,15.2102,7.79602,15.1501,0,0,36.5042,0,9267.33,0,0,0,0,0,0,1779.2,0,36.7572,36.5042,0,0
31:10:15:23:34:36,6390.01,6446.09,15.2948,7.79068,15.2102,0,0,36.7572,0,9267.59,0,0,0,0,0,0,1779.47,0,37.0114,36.7572,0,0
31:10:15:23:34:37,6391.73,6449.81,15.1964,7.78935,15.2948,0,0,37.0114,0,9265.54,0,0,0,0,0,0,1777.41,0,37.2655,37.0114,0,0
31:10:15:23:34:38,6396.31,6451.24,15.2276,7.76265,15.1964,0,0,37.2655,0,9275.18,0,0,0,0,0,0,1787.05,0,37.5191,37.2655,0,0
31:10:15:23:34:39,6394.3,6448.38,15.1143,7.77066,15.2276,0,0,37.5191,0,9272,0,0,0,0,0,0,1783.87,0,37.7719,37.5191,0,0
31:10:15:23:34:40,6392.02,6450.09,15.1385,7.73327,15.1143,0,0,37.7719,0,9275.45,0,0,0,0,0,0,1787.32,0,38.024,37.7719,0,0
31:10:15:23:34:41,6390.01,6448.09,15.0492,7.74395,15.1385,0,0,38.024,0,9272.6,0,0,0,0,0,0,1784.47,0,38.2756,38.024,0,0
31:10:15:23:34:42,6389.73,6447.52,15.1824,7.7533,15.0492,0,0,38.2756,0,9276.9,0,0,0,0,0,0,1788.77,0,38.5275,38.2756,0,0
31:10:15:23:34:43,6382.86,6441.8,15.1319,7.79202,15.1824,0,0,38.5275,0,9263.96,0,0,0,0,0,0,1775.83,0,38.7801,38.5275,0,0
31:10:15:23:34:44,6380.57,6442.08,15.1052,7.76131,15.1319,0,0,38.7801,0,9264.39,0,0,0,0,0,0,1776.27,0,39.0321,38.7801,0,0
31:10:15:23:34:45,6369.41,6432.93,15.1118,7.74662,15.1052,0,0,39.0321,0,9254.83,0,0,0,0,0,0,1766.7,0,39.2839,39.0321,0,0
31:10:15:23:34:46,6365.69,6432.36,15.1807,7.74395,15.1118,0,0,39.2839,0,9251.09,0,0,0,0,0,0,1762.97,0,39.5364,39.2839,0,0
31:10:15:23:34:47,6363.41,6432.07,15.1647,7.74529,15.1807,0,0,39.5364,0,9245.83,0,0,0,0,0,0,1757.7,0,39.7892,39.5364,0,0
31:10:15:23:34:48,6363.12,6431.5,15.1209,7.76131,15.1647,0,0,39.7892,0,9246.62,0,0,0,0,0,0,1758.49,0,40.0416,39.7892,0,0
31:10:15:23:34:49,6360.55,6428.92,15.1154,7.75463,15.1209,0,0,40.0416,0,9246.44,0,0,0,0,0,0,1758.31,0,40.2936,40.0416,0,0
31:10:15:23:34:50,6363.41,6428.92,15.1364,7.75731,15.1154,0,0,40.2936,0,9249.88,0,0,0,0,0,0,1761.76,0,40.5457,40.2936,0,0
31:10:15:23:34:51,6361.12,6429.21,15.166,7.78534,15.1364,0,0,40.5457,0,9246.89,0,0,0,0,0,0,1758.76,0,40.7982,40.5457,0,0
31:10:15:23:34:52,6357.68,6424.63,15.1484,7.75731,15.166,0,0,40.7982,0,9242.37,0,0,0,0,0,0,1754.24,0,41.0508,40.7982,0,0
31:10:15:23:34:53,6354.82,6424.35,15.1464,7.75864,15.1484,0,0,41.0508,0,9240.65,0,0,0,0,0,0,1752.52,0,41.3033,41.0508,0,0
31:10:15:23:34:54,6354.25,6426.35,15.1623,7.75063,15.1464,0,0,41.3033,0,9240.48,0,0,0,0,0,0,1752.35,0,41.5559,41.3033,0,0
31:10:15:23:34:55,6350.82,6422.63,15.138,7.74529,15.1623,0,0,41.5559,0,9236.6,0,0,0,0,0,0,1748.47,0,41.8084,41.5559,0,0
31:10:15:23:34:56,6347.96,6422.34,15.1413,7.76265,15.138,0,0,41.8084,0,9235.21,0,0,0,0,0,0,1747.08,0,42.0607,41.8084,0,0
31:10:15:23:34:57,6342.81,6421.2,15.1678,7.74128,15.1413,0,0,42.0607,0,9230.21,0,0,0,0,0,0,1742.08,0,42.3133,42.0607,0,0
31:10:15:23:34:58,6351.96,6429.21,15.209,7.77199,15.1678,0,0,42.3133,0,9238.42,0,0,0,0,0,0,1750.3,0,42.5664,42.3133,0,0
31:10:15:23:34:59,6356.25,6430.64,15.1157,7.80404,15.209,0,0,42.5664,0,9241.06,0,0,0,0,0,0,1752.94,0,42.8191,42.5664,0,0
31:10:15:23:35:00,6356.25,6430.93,15.2324,7.776,15.1157,0,0,42.8191,0,9245.81,0,0,0,0,0,0,1757.68,0,43.072,42.8191,0,0
31:10:15:23:35:01,6356.25,6434.07,15.1989,7.81605,15.2324,0,0,43.072,0,9240.58,0,0,0,0,0,0,1752.45,0,43.3256,43.072,0,0
31:10:15:23:35:02,6353.68,6429.78,15.1964,7.7533,15.1989,0,0,43.3256,0,9239.91,0,0,0,0,0,0,1751.78,0,43.5789,43.3256,0,0
31:10:15:23:35:03,6354.54,6431.78,15.1306,7.77199,15.1964,0,0,43.5789,0,9241.21,0,0,0,0,0,0,1753.08,0,43.8316,43.5789,0,0
31:10:15:23:35:04,6354.54,6429.78,15.1263,7.76265,15.1306,0,0,43.8316,0,9244.63,0,0,0,0,0,0,1756.5,0,44.0838,43.8316,0,0
31:10:15:23:35:05,6357.68,6430.07,15.1441,7.73995,15.1263,0,0,44.0838,0,9248.29,0,0,0,0,0,0,1760.16,0,44.336,44.0838,0,0
31:10:15:23:35:06,6355.97,6429.21,15.0944,7.72393,15.1441,0,0,44.336,0,9246.05,0,0,0,0,0,0,1757.93,0,44.588,44.336,0,0
31:10:15:23:35:07,6350.82,6422.63,15.1139,7.74796,15.0944,0,0,44.588,0,9243.53,0,0,0,0,0,0,1755.4,0,44.8397,44.588,0,0
31:10:15:23:35:08,6345.95,6417.19,15.0624,7.74395,15.1139,0,0,44.8397,0,9238.05,0,0,0,0,0,0,1749.92,0,45.0912,44.8397,0,0
31:10:15:23:35:09,6346.81,6420.63,15.2418,7.7306,15.0624,0,0,45.0912,0,9241.62,0,0,0,0,0,0,1753.49,0,45.3437,45.0912,0,0
31:10:15:23:35:10,6335.08,6413.19,15.0606,7.73461,15.2418,0,0,45.3437,0,9221.75,0,0,0,0,0,0,1733.62,0,45.5963,45.3437,0,0
31:10:15:23:35:11,6331.65,6411.47,15.1556,7.73861,15.0606,0,0,45.5963,0,9227.14,0,0,0,0,0,0,1739.01,0,45.8481,45.5963,0,0
31:10:15:23:35:12,6334.8,6412.04,15.1971,7.72393,15.1556,0,0,45.8481,0,9226.13,0,0,0,0,0,0,1738,0,46.101,45.8481,0,0
31:10:15:23:35:13,6332.22,6405.75,15.148,7.74662,15.1971,0,0,46.101,0,9221.91,0,0,0,0,0,0,1733.78,0,46.3539,46.101,0,0
31:10:15:23:35:14,6330.79,6407.47,15.1581,7.73728,15.148,0,0,46.3539,0,9223.09,0,0,0,0,0,0,1734.96,0,46.6064,46.3539,0,0
31:10:15:23:35:15,6329.65,6405.46,15.1555,7.77466,15.1581,0,0,46.6064,0,9221.76,0,0,0,0,0,0,1733.63,0,46.859,46.6064,0,0
31:10:15:23:35:16,6330.5,6402.32,15.1448,7.78935,15.1555,0,0,46.859,0,9223.05,0,0,0,0,0,0,1734.92,0,47.1116,46.859,0,0
31:10:15:23:35:17,6326.79,6399.17,15.1762,7.74796,15.1448,0,0,47.1116,0,9220.13,0,0,0,0,0,0,1732,0,47.3642,47.1116,0,0
31:10:15:23:35:18,6319.92,6395.74,15.2193,7.7533,15.1762,0,0,47.3642,0,9212.1,0,0,0,0,0,0,1723.97,0,47.6175,47.3642,0,0
31:10:15:23:35:19,6323.35,6397.17,15.161,7.76532,15.2193,0,0,47.6175,0,9213.81,0,0,0,0,0,0,1725.68,0,47.8707,47.6175,0,0
31:10:15:23:35:20,6318.2,6392.87,15.1845,7.75063,15.161,0,0,47.8707,0,9211.69,0,0,0,0,0,0,1723.56,0,48.1236,47.8707,0,0
31:10:15:23:35:21,6315.34,6386.58,15.0015,7.79736,15.1845,0,0,48.1236,0,9208.04,0,0,0,0,0,0,1719.91,0,48.3751,48.1236,0,0
31:10:15:23:35:22,6312.48,6389.15,15.1599,7.77733,15.0015,0,0,48.3751,0,9213.99,0,0,0,0,0,0,1725.86,0,48.6265,48.3751,0,0
31:10:15:23:35:23,6304.76,6381.14,15.14,7.75998,15.1599,0,0,48.6265,0,9199.2,0,0,0,0,0,0,1711.07,0,48.879,48.6265,0,0
31:10:15:23:35:24,6299.89,6378.86,15.06,7.7493,15.14,0,0,48.879,0,9195.57,0,0,0,0,0,0,1707.44,0,49.1306,48.879,0,0
31:10:15:23:35:25,6295.31,6371.42,15.1032,7.7493,15.06,0,0,49.1306,0,9195.01,0,0,0,0,0,0,1706.88,0,49.382,49.1306,0,0
31:10:15:23:35:26,6294.17,6371.42,15.1559,7.78134,15.1032,0,0,49.382,0,9192.15,0,0,0,0,0,0,1704.02,0,49.6341,49.382,0,0
31:10:15:23:35:27,6291.88,6367.7,15.1806,7.7533,15.1559,0,0,49.6341,0,9187.72,0,0,0,0,0,0,1699.6,0,49.887,49.6341,0,0
31:10:15:23:35:28,6292.74,6365.98,15.119,7.75463,15.1806,0,0,49.887,0,9187.73,0,0,0,0,0,0,1699.6,0,50.1395,49.887,0,0
31:10:15:23:35:29,6297.03,6370.84,15.1508,7.74529,15.119,0,0,50.1395,0,9107.24,0,0,0,0,0,0,1619.11,0,50.3917,50.1395,0,0
31:10:15:23:35:30,6296.46,6370.84,15.1623,7.7306,15.1508,0,0,50.3917,0,8707.66,0,0,0,0,0,0,1219.54,0,50.6443,50.3917,0,0
31:10:15:23:35:31,6291.59,6367.13,15.0289,7.71725,15.1623,0,0,50.6443,0,8302.95,0,0,0,0,0,0,814.821,0,50.8959,50.6443,0,0
31:10:15:23:35:32,6288.45,6367.13,15.1469,7.73194,15.0289,0,0,50.8959,0,7929.12,0,0,0,0,0,0,440.995,0,51.1474,50.8959,0,0
31:10:15:23:35:33,6283.01,6360.83,15.1275,7.74395,15.1469,0,0,51.1474,0,7504.16,0,0,0,0,0,0,16.0365,0,51.3997,51.1474,0,0
31:10:15:23:35:34,6273.57,6351.39,15.0856,7.73861,15.1275,0,0,51.3997,0,7103.09,0,0,0,0,0,0,-385.036,0,51.6514,51.3997,0,0
31:10:15:23:35:35,6274.71,6354.54,15.0796,7.74662,15.0856,0,0,51.6514,0,6723.36,0,0,0,0,0,0,-764.769,0,51.9028,51.6514,0,0
31:10:15:23:35:36,6277,6354.25,15.1564,7.71725,15.0796,0,0,51.9028,0,6335.16,0,0,0,0,0,0,-1152.97,0,52.1548,51.9028,0,0
31:10:15:23:35:37,6277.58,6353.11,15.2302,7.75731,15.1564,0,0,52.1548,0,5907.35,0,0,0,0,0,0,-1580.78,0,52.408,52.1548,0,0
31:10:15:23:35:38,6274.71,6350.53,15.2412,7.77199,15.2302,0,0,52.408,0,5467.54,0,0,0,0,0,0,-2020.58,0,52.6619,52.408,0,0
31:10:15:23:35:39,6275.57,6351.39,15.1077,7.75731,15.2412,0,0,52.6619,0,5057.88,0,0,0,0,0,0,-2430.25,0,52.9148,52.6619,0,0
31:10:15:23:35:40,6275,6349.96,15.106,7.77333,15.1077,0,0,52.9148,0,4735.58,0,0,0,0,0,0,-2752.54,0,53.1666,52.9148,0,0
31:10:15:23:35:41,6274.43,6349.67,15.1816,7.78,15.106,0,0,53.1666,0,4341.57,0,0,0,0,0,0,-3146.56,0,53.419,53.1666,0,0
31:10:15:23:35:42,6274.71,6345.38,15.2036,7.78134,15.1816,0,0,53.419,0,3892.41,0,0,0,0,0,0,-3595.72,0,53.6722,53.419,0,0
31:10:15:23:35:43,6276.15,6343.95,15.131,7.76932,15.2036,0,0,53.6722,0,3476.3,0,0,0,0,0,0,-4011.82,0,53.925,53.6722,0,0
31:10:15:23:35:44,6275.86,6345.1,15.1824,7.76398,15.131,0,0,53.925,0,3134.16,0,0,0,0,0,0,-4353.96,0,54.1776,53.925,0,0
31:10:15:23:35:45,6274.71,6344.81,15.1251,7.76532,15.1824,0,0,54.1776,0,2691.17,0,0,0,0,0,0,-4796.96,0,54.4302,54.1776,0,0
31:10:15:23:35:46,6267.28,6336.8,15.1087,7.75597,15.1251,0,0,54.4302,0,2336.68,0,0,0,0,0,0,-5151.45,0,54.6821,54.4302,0,0
31:10:15:23:35:47,6264.7,6335.65,15.1653,7.76665,15.1087,0,0,54.6821,0,1954.36,0,0,0,0,0,0,-5533.77,0,54.9344,54.6821,0,0
31:10:15:23:35:48,6259.27,6328.22,15.1652,7.776,15.1653,0,0,54.9344,0,1495.5,0,0,0,0,0,0,-5992.63,0,55.1872,54.9344,0,0
31:10:15:23:35:49,6258.41,6325.64,15.1588,7.78,15.1652,0,0,55.1872,0,1095.7,0,0,0,0,0,0,-6392.43,0,55.4399,55.1872,0,0
31:10:15:23:35:50,6256.98,6319.35,15.1636,7.73728,15.1588,0,0,55.4399,0,702.344,0,0,0,0,0,0,-6785.78,0,55.6925,55.4399,0,0
31:10:15:23:35:51,6259.84,6317.92,15.1832,7.73461,15.1636,0,0,55.6925,0,300.989,0,0,0,0,0,0,-7187.14,0,55.9454,55.6925,0,0
31:10:15:23:35:52,6260.98,6319.63,15.1832,7.76932,15.1832,0,0,55.9454,0,-121.256,0,0,0,0,0,0,-7609.38,0,56.1985,55.9454,0,0
31:10:15:23:35:53,6256.4,6313.05,15.1299,7.76665,15.1832,0,0,56.1985,0,-526.337,0,0,0,0,0,0,-8014.47,0,56.4511,56.1985,0,0
31:10:15:23:35:54,6249.25,6305.04,15.1214,7.776,15.1299,0,0,56.4511,0,-862.229,0,0,0,0,0,0,-8350.36,0,56.7032,56.4511,0,0
31:10:15:23:35:55,6247.53,6303.33,15.196,7.74662,15.1214,0,0,56.7032,0,-1248.41,0,0,0,0,0,0,-8736.54,0,56.9558,56.7032,0,0
31:10:15:23:35:56,6240.67,6297.03,15.1687,7.78802,15.196,0,0,56.9558,0,-1758.9,0,0,0,0,0,0,-9247.03,0,57.2089,56.9558,0,0
31:10:15:23:35:57,6242.67,6295.31,15.0695,7.76932,15.1687,0,0,57.2089,0,-2117.45,0,0,0,0,0,0,-9605.58,0,57.4609,57.2089,0,0
31:10:15:23:35:58,6242.67,6294.17,15.1701,7.77199,15.0695,0,0,57.4609,0,-2362.95,0,0,0,0,0,0,-9851.07,0,57.7129,57.4609,0,0
31:10:15:23:35:59,6242.96,6294.74,15.1602,7.76665,15.1701,0,0,57.7129,0,-2915.19,0,0,0,0,0,0,-10403.3,0,57.9656,57.7129,0,0
31:10:15:23:36:00,6244.1,6295.89,15.1836,7.75463,15.1602,0,0,57.9656,0,-3297.06,0,0,0,0,0,0,-10785.2,0,58.2185,57.9656,0,0
31:10:15:23:36:01,6243.24,6295.6,15.1574,7.78,15.1836,0,0,58.2185,0,-3736.8,0,0,0,0,0,0,-11224.9,0,58.4713,58.2185,0,0
31:10:15:23:36:02,6241.24,6293.31,15.1332,7.74128,15.1574,0,0,58.4713,0,-4093.03,0,0,0,0,0,0,-11581.2,0,58.7237,58.4713,0,0
31:10:15:23:36:03,6242.1,6291.31,15.1971,7.76131,15.1332,0,0,58.7237,0,-4446.66,0,0,0,0,0,0,-11934.8,0,58.9765,58.7237,0,0
31:10:15:23:36:04,6246.1,6294.17,15.1701,7.76131,15.1971,0,0,58.9765,0,-4958.16,0,0,0,0,0,0,-12446.3,0,59.2295,58.9765,0,0
31:10:15:23:36:05,6241.24,6286.16,15.1138,7.80137,15.1701,0,0,59.2295,0,-5313.14,0,0,0,0,0,0,-12801.3,0,59.4819,59.2295,0,0
31:10:15:23:36:06,6245.25,6289.02,15.1344,7.75197,15.1138,0,0,59.4819,0,-5597.65,0,0,0,0,0,0,-13085.8,0,59.734,59.4819,0,0
31:10:15:23:36:07,6234.37,6277,15.197,7.72259,15.1344,0,0,59.734,0,-6045.18,0,0,0,0,0,0,-13533.3,0,59.9867,59.734,0,0
31:10:15:23:36:08,6234.37,6277,15.0904,7.74529,15.197,0,0,59.9867,0,-6571.37,0,0,0,0,0,0,-14059.5,0,60.2391,59.9867,0,0
31:10:15:23:36:09,6232.37,6277.29,15.2206,7.71592,15.0904,0,0,60.2391,0,-6748.92,0,0,0,0,0,0,-14237.1,0,60.4917,60.2391,0,0
31:10:15:23:36:10,6227.79,6273,15.1451,7.73327,15.2206,0,0,60.4917,0,-7429.46,0,0,0,0,0,0,-14917.6,0,60.7448,60.4917,0,0
31:10:15:23:36:11,6222.36,6264.7,15.1324,7.71858,15.1451,0,0,60.7448,0,-7670.03,0,0,0,0,0,0,-15158.2,0,60.9971,60.7448,0,0
31:10:15:23:36:12,6221.5,6262.98,15.2127,7.70256,15.1324,0,0,60.9971,0,-8039.74,0,0,0,0,0,0,-15527.9,0,61.25,60.9971,0,0
31:10:15:23:36:13,6218.35,6259.55,15.089,7.74395,15.2127,0,0,61.25,0,-8626.14,0,0,0,0,0,0,-16114.3,0,61.5025,61.25,0,0
31:10:15:23:36:14,6216.35,6254.97,15.1801,7.74529,15.089,0,0,61.5025,0,-8737.13,0,0,0,0,0,0,-16225.3,0,61.7547,61.5025,0,0
31:10:15:23:36:15,6216.64,6252.97,15.2491,7.7266,15.1801,0,0,61.7547,0,-9350.79,0,0,0,0,0,0,-16838.9,0,62.0083,61.7547,0,0
31:10:15:23:36:16,6208.34,6250.11,15.1347,7.70924,15.2491,0,0,62.0083,0,-9930.8,0,0,0,0,0,0,-17418.9,0,62.2615,62.0083,0,0
31:10:15:23:36:17,6204.05,6243.53,15.1332,7.7266,15.1347,0,0,62.2615,0,-10050.7,0,0,0,0,0,0,-17538.9,0,62.5137,62.2615,0,0
31:10:15:23:36:18,6200.04,6236.95,15.2019,7.72793,15.1332,0,0,62.5137,0,-10447.2,0,0,0,0,0,0,-17935.4,0,62.7665,62.5137,0,0
31:10:15:23:36:19,6196.61,6229.8,15.1656,7.71057,15.2019,0,0,62.7665,0,-11028.4,0,0,0,0,0,0,-18516.5,0,63.0196,62.7665,0,0
31:10:15:23:36:20,6191.75,6223.22,15.1985,7.71057,15.1656,0,0,63.0196,0,-11337.4,0,0,0,0,0,0,-18825.5,0,63.2726,63.0196,0,0
31:10:15:23:36:21,6189.46,6221.21,15.1875,7.69722,15.1985,0,0,63.2726,0,-11829.5,0,0,0,0,0,0,-19317.6,0,63.5258,63.2726,0,0
31:10:15:23:36:22,6182.59,6218.92,15.1328,7.74128,15.1875,0,0,63.5258,0,-12206.8,0,0,0,0,0,0,-19694.9,0,63.7785,63.5258,0,0
31:10:15:23:36:23,6178.58,6214.63,15.1455,7.73194,15.1328,0,0,63.7785,0,-12456.1,0,0,0,0,0,0,-19944.2,0,64.0308,63.7785,0,0
31:10:15:23:36:24,6177.44,6213.2,15.1702,7.77066,15.1455,0,0,64.0308,0,-12890.1,0,0,0,0,0,0,-20378.3,0,64.2835,64.0308,0,0
31:10:15:23:36:25,6175.72,6208.91,15.1433,7.73327,15.1702,0,0,64.2835,0,-13362.4,0,0,0,0,0,0,-20850.5,0,64.5361,64.2835,0,0
31:10:15:23:36:26,6166,6198.33,15.1814,7.75463,15.1433,0,0,64.5361,0,-13691.2,0,0,0,0,0,0,-21179.3,0,64.7888,64.5361,0,0
31:10:15:23:36:27,6160.85,6188.31,15.1188,7.7306,15.1814,0,0,64.7888,0,-14209.5,0,0,0,0,0,0,-21697.6,0,65.0413,64.7888,0,0
31:10:15:23:36:28,6160.85,6186.88,15.1294,7.75197,15.1188,0,0,65.0413,0,-14416.3,0,0,0,0,0,0,-21904.5,0,65.2934,65.0413,0,0
31:10:15:23:36:29,6158.56,6183.16,15.1994,7.78,15.1294,0,0,65.2934,0,-14846.9,0,0,0,0,0,0,-22335,0,65.5461,65.2934,0,0
31:10:15:23:36:30,6152.26,6180.02,15.108,7.74395,15.1994,0,0,65.5461,0,-15473.7,0,0,0,0,0,0,-22961.8,0,65.7987,65.5461,0,0
31:10:15:23:36:31,6148.26,6171.43,15.1588,7.77466,15.108,0,0,65.7987,0,-15582,0,0,0,0,0,0,-23070.1,0,66.0509,65.7987,0,0
31:10:15:23:36:32,6144.54,6170.86,15.0691,7.82006,15.1588,0,0,66.0509,0,-16148.4,0,0,0,0,0,0,-23636.5,0,66.3028,66.0509,0,0
31:10:15:23:36:33,6137.96,6165.71,15.1903,7.776,15.0691,0,0,66.3028,0,-16252.9,0,0,0,0,0,0,-23741,0,66.5549,66.3028,0,0
31:10:15:23:36:34,6135.1,6162.28,15.1357,7.74796,15.1903,0,0,66.5549,0,-17060,0,0,0,0,0,0,-24548.1,0,66.8077,66.5549,0,0
31:10:15:23:36:35,6130.81,6158.27,15.1151,7.76665,15.1357,0,0,66.8077,0,-17275.9,0,0,0,0,0,0,-24764,0,67.0597,66.8077,0,0
31:10:15:23:36:36,6128.52,6150.83,15.1273,7.73995,15.1151,0,0,67.0597,0,-17603.1,0,0,0,0,0,0,-25091.2,0,67.3118,67.0597,0,0
31:10:15:23:36:37,6116.5,6141.68,15.138,7.78534,15.1273,0,0,67.3118,0,-18053.1,0,0,0,0,0,0,-25541.2,0,67.564,67.3118,0,0
31:10:15:23:36:38,6108.49,6133.67,15.1782,7.78267,15.138,0,0,67.564,0,-18496.1,0,0,0,0,0,0,-25984.2,0,67.8166,67.564,0,0
31:10:15:23:36:39,6100.77,6123.65,15.1913,7.76799,15.1782,0,0,67.8166,0,-19047.9,0,0,0,0,0,0,-26536,0,68.0697,67.8166,0,0
31:10:15:23:36:40,6091.9,6114.21,15.2409,7.75597,15.1913,0,0,68.0697,0,-19505.7,0,0,0,0,0,0,-26993.8,0,68.3233,68.0697,0,0
31:10:15:23:36:41,6091.9,6111.64,15.1837,7.75998,15.2409,0,0,68.3233,0,-20094.7,0,0,0,0,0,0,-27582.8,0,68.5768,68.3233,0,0
31:10:15:23:36:42,6089.03,6105.92,15.1494,7.78,15.1837,0,0,68.5768,0,-20283.1,0,0,0,0,0,0,-27771.2,0,68.8296,68.5768,0,0
31:10:15:23:36:43,6086.75,6103.34,15.1534,7.78534,15.1494,0,0,68.8296,0,-20552.7,0,0,0,0,0,0,-28040.8,0,69.0821,68.8296,0,0
31:10:15:23:36:44,6082.74,6100.19,15.1669,7.78802,15.1534,0,0,69.0821,0,-20970.7,0,0,0,0,0,0,-28458.8,0,69.3348,69.0821,0,0
31:10:15:23:36:45,6077.88,6097.9,15.1555,7.79068,15.1669,0,0,69.3348,0,-21427.4,0,0,0,0,0,0,-28915.5,0,69.5875,69.3348,0,0
31:10:15:23:36:46,6072.73,6092.47,15.1458,7.78401,15.1555,0,0,69.5875,0,-21785.3,0,0,0,0,0,0,-29273.4,0,69.84,69.5875,0,0
31:10:15:23:36:47,6071.01,6089.32,15.033,7.75597,15.1458,0,0,69.84,0,-22145.7,0,0,0,0,0,0,-29633.8,0,70.0915,69.84,0,0
31:10:15:23:36:48,6069.87,6087.03,15.0943,7.75463,15.033,0,0,70.0915,0,-22081,0,0,0,0,0,0,-29569.2,0,70.3425,70.0915,0,0
31:10:15:23:36:49,6071.01,6085.32,15.1943,7.75197,15.0943,0,0,70.3425,0,-22723,0,0,0,0,0,0,-30211.2,0,70.5949,70.3425,0,0
31:10:15:23:36:50,6071.3,6086.46,15.1353,7.73995,15.1943,0,0,70.5949,0,-23539.4,0,0,0,0,0,0,-31027.6,0,70.8477,70.5949,0,0
31:10:15:23:36:51,6074.44,6073.01,15.1075,7.75463,15.1353,0,0,70.8477,0,-23684.6,0,0,0,0,0,0,-31172.7,0,71.0997,70.8477,0,0
31:10:15:23:36:52,6072.16,6081.88,15.0919,7.74662,15.1075,0,0,71.0997,0,-23962.9,0,0,0,0,0,0,-31451,0,71.3514,71.0997,0,0
31:10:15:23:36:53,6065.29,6077.02,15.1378,7.74529,15.0919,0,0,71.3514,0,-24296.7,0,0,0,0,0,0,-31784.8,0,71.6033,71.3514,0,0
31:10:15:23:36:54,6061.86,6076.16,15.0657,7.76665,15.1378,0,0,71.6033,0,-24896.5,0,0,0,0,0,0,-32384.7,0,71.855,71.6033,0,0
31:10:15:23:36:55,6063.57,6074.16,15.0445,7.77199,15.0657,0,0,71.855,0,-24969.7,0,0,0,0,0,0,-32457.8,0,72.1059,71.855,0,0
31:10:15:23:36:56,6065.29,6073.87,15.1505,7.73728,15.0445,0,0,72.1059,0,-25262.7,0,0,0,0,0,0,-32750.8,0,72.3575,72.1059,0,0
31:10:15:23:36:57,6062.71,6071.01,15.1482,7.75463,15.1505,0,0,72.3575,0,-26139.8,0,0,0,0,0,0,-33628,0,72.61,72.3575,0,0
31:10:15:23:36:58,6062.14,6073.3,15.2017,7.74796,15.1482,0,0,72.61,0,-26528.3,0,0,0,0,0,0,-34016.4,0,72.8629,72.61,0,0
31:10:15:23:36:59,6058.99,6071.58,15.1111,7.75463,15.2017,0,0,72.8629,0,-27180.4,0,0,0,0,0,0,-34668.5,0,73.1155,72.8629,0,0
31:10:15:23:37:00,6054.99,6068.44,15.1289,7.75063,15.1111,0,0,73.1155,0,-27156.7,0,0,0,0,0,0,-34644.8,0,73.3675,73.1155,0,0
31:10:15:23:37:01,6051.84,6064.72,15.1446,7.78134,15.1289,0,0,73.3675,0,-27639,0,0,0,0,0,0,-35127.2,0,73.6198,73.3675,0,0
31:10:15:23:37:02,6050.41,6061,15.1507,7.78134,15.1446,0,0,73.6198,0,-28113.4,0,0,0,0,0,0,-35601.5,0,73.8723,73.6198,0,0
31:10:15:23:37:03,6051.56,6059.28,15.2633,7.76131,15.1507,0,0,73.8723,0,-28539.7,0,0,0,0,0,0,-36027.8,0,74.1257,73.8723,0,0
31:10:15:23:37:04,6050.7,6057.56,15.165,7.74262,15.2633,0,0,74.1257,0,-29498.2,0,0,0,0,0,0,-36986.3,0,74.3793,74.1257,0,0
31:10:15:23:37:05,6051.56,6056.71,15.1419,7.76131,15.165,0,0,74.3793,0,-29408.7,0,0,0,0,0,0,-36896.8,0,74.6319,74.3793,0,0
31:10:15:23:37:06,6052.13,6058.71,15.1895,7.69989,15.1419,0,0,74.6319,0,-29691.6,0,0,0,0,0,0,-37179.8,0,74.8846,74.6319,0,0
31:10:15:23:37:07,6052.13,6061.57,15.1895,7.776,15.1895,0,0,74.8846,0,-30331.7,0,0,0,0,0,0,-37819.8,0,75.1378,74.8846,0,0
31:10:15:23:37:08,6048.98,6058.71,15.2561,7.77466,15.1895,0,0,75.1378,0,-30735.8,0,0,0,0,0,0,-38223.9,0,75.3915,75.1378,0,0
31:10:15:23:37:09,6046.98,6055.85,15.1122,7.80537,15.2561,0,0,75.3915,0,-31488,0,0,0,0,0,0,-38976.1,0,75.6446,75.3915,0,0
31:10:15:23:37:10,6045.83,6055.28,15.1281,7.79736,15.1122,0,0,75.6446,0,-31135.4,0,0,0,0,0,0,-38623.5,0,75.8966,75.6446,0,0
31:10:15:23:37:11,6045.83,6055.28,15.1281,7.76932,15.1281,0,0,75.8966,0,-31615.1,0,0,0,0,0,0,-39103.3,0,76.1487,75.8966,0,0
31:10:15:23:37:12,6044.98,6052.41,15.1633,7.74529,15.1281,0,0,76.1487,0,-32011.2,0,0,0,0,0,0,-39499.3,0,76.4011,76.1487,0,0
31:10:15:23:37:13,6047.26,6053.27,15.1462,7.73594,15.1633,0,0,76.4011,0,-32597,0,0,0,0,0,0,-40085.1,0,76.6537,76.4011,0,0
31:10:15:23:37:14,6040.97,6048.69,15.1826,7.73995,15.1462,0,0,76.6537,0,-32907.7,0,0,0,0,0,0,-40395.8,0,76.9064,76.6537,0,0
31:10:15:23:37:15,6039.25,6048.12,15.2086,7.77867,15.1826,0,0,76.9064,0,-33509.8,0,0,0,0,0,0,-40997.9,0,77.1597,76.9064,0,0
31:10:15:23:37:16,6038.97,6046.98,15.1915,7.77867,15.2086,0,0,77.1597,0,-34054.2,0,0,0,0,0,0,-41542.3,0,77.413,77.1597,0,0
31:10:15:23:37:17,6040.68,6046.69,15.1208,7.79202,15.1915,0,0,77.413,0,-34358.5,0,0,0,0,0,0,-41846.6,0,77.6656,77.413,0,0
31:10:15:23:37:18,6042.97,6046.98,15.1578,7.776,15.1208,0,0,77.6656,0,-34356.9,0,0,0,0,0,0,-41845,0,77.918,77.6656,0,0
31:10:15:23:37:19,6044.12,6045.83,15.0661,7.78267,15.1578,0,0,77.918,0,-34961.4,0,0,0,0,0,0,-42449.6,0,78.1698,77.918,0,0
31:10:15:23:37:20,6043.55,6043.55,15.197,7.76799,15.0661,0,0,78.1698,0,-34833.6,0,0,0,0,0,0,-42321.8,0,78.422,78.1698,0,0
31:10:15:23:37:21,6042.4,6045.55,15.3178,7.74395,15.197,0,0,78.422,0,-35987.7,0,0,0,0,0,0,-43475.8,0,78.6763,78.422,0,0
31:10:15:23:37:22,6040.4,6045.26,15.2308,7.74262,15.3178,0,0,78.6763,0,-37105.9,0,0,0,0,0,0,-44594,0,78.9309,78.6763,0,0
31:10:15:23:37:23,6036.68,6043.26,15.2919,7.73461,15.2308,0,0,78.9309,0,-36999.9,0,0,0,0,0,0,-44488.1,0,79.1852,78.9309,0,0
31:10:15:23:37:24,6036.11,6042.97,15.1806,7.74529,15.2919,0,0,79.1852,0,-37774.4,0,0,0,0,0,0,-45262.5,0,79.4392,79.1852,0,0
31:10:15:23:37:25,6036.39,6041.54,15.2208,7.7533,15.1806,0,0,79.4392,0,-37507.3,0,0,0,0,0,0,-44995.4,0,79.6925,79.4392,0,0
31:10:15:23:37:26,6036.96,6040.11,15.2353,7.74262,15.2208,0,0,79.6925,0,-38151.9,0,0,0,0,0,0,-45640,0,79.9463,79.6925,0,0
31:10:15:23:37:27,6038.68,6040.11,15.1772,7.78802,15.2353,0,0,79.9463,0,-38643.5,0,0,0,0,0,0,-46131.6,0,80.1998,79.9463,0,0
31:10:15:23:37:28,6039.25,6042.97,15.2336,7.76665,15.1772,0,0,80.1998,0,-38685.3,0,0,0,0,0,0,-46173.4,0,80.4532,80.1998,0,0
31:10:15:23:37:29,6039.83,6039.25,15.1548,7.75731,15.2336,0,0,80.4532,0,-39438.6,0,0,0,0,0,0,-46926.7,0,80.7064,80.4532,0,0
31:10:15:23:37:30,6037.54,6036.68,15.1974,7.75998,15.1548,0,0,80.7064,0,-39347.9,0,0,0,0,0,0,-46836,0,80.9594,80.7064,0,0
31:10:15:23:37:31,6034.1,6035.25,15.2008,7.77867,15.1974,0,0,80.9594,0,-40021.8,0,0,0,0,0,0,-47509.9,0,81.2127,80.9594,0,0
31:10:15:23:37:32,6030.38,6031.24,15.2184,7.77066,15.2008,0,0,81.2127,0,-40447.8,0,0,0,0,0,0,-47936,0,81.4662,81.2127,0,0
31:10:15:23:37:33,6031.81,6032.1,15.1948,7.76265,15.2184,0,0,81.4662,0,-40962.4,0,0,0,0,0,0,-48450.5,0,81.7196,81.4662,0,0
31:10:15:23:37:34,6032.1,6030.67,15.1923,7.7533,15.1948,0,0,81.7196,0,-41211.5,0,0,0,0,0,0,-48699.6,0,81.9728,81.7196,0,0
31:10:15:23:37:35,6030.96,6030.38,15.1502,7.74128,15.1923,0,0,81.9728,0,-41597.4,0,0,0,0,0,0,-49085.5,0,82.2257,81.9728,0,0
31:10:15:23:37:36,6027.52,6029.24,15.1907,7.73194,15.1502,0,0,82.2257,0,-41723.6,0,0,0,0,0,0,-49211.8,0,82.4785,82.2257,0,0
31:10:15:23:37:37,6022.09,6024.95,15.1898,7.74662,15.1907,0,0,82.4785,0,-42396.7,0,0,0,0,0,0,-49884.8,0,82.7317,82.4785,0,0
31:10:15:23:37:38,6018.08,6021.23,15.1316,7.74529,15.1898,0,0,82.7317,0,-42795.8,0,0,0,0,0,0,-50283.9,0,82.9844,82.7317,0,0
31:10:15:23:37:39,6017.22,6020.37,15.2164,7.70924,15.1316,0,0,82.9844,0,-42803.2,0,0,0,0,0,0,-50291.3,0,83.2373,82.9844,0,0
31:10:15:23:37:40,6015.51,6016.37,15.1992,7.72393,15.2164,0,0,83.2373,0,-43780.6,0,0,0,0,0,0,-51268.7,0,83.4907,83.2373,0,0
31:10:15:23:37:41,6015.51,6015.79,15.1267,7.7493,15.1992,0,0,83.4907,0,-44064.7,0,0,0,0,0,0,-51552.8,0,83.7435,83.4907,0,0
31:10:15:23:37:42,6016.65,6014.94,15.1804,7.71858,15.1267,0,0,83.7435,0,-43963.5,0,0,0,0,0,0,-51451.6,0,83.996,83.7435,0,0
31:10:15:23:37:43,6018.08,6016.08,15.1967,7.75731,15.1804,0,0,83.996,0,-44731.7,0,0,0,0,0,0,-52219.8,0,84.2492,83.996,0,0
31:10:15:23:37:44,6015.79,6016.08,15.1863,7.74796,15.1967,0,0,84.2492,0,-45249.4,0,0,0,0,0,0,-52737.5,0,84.5024,84.2492,0,0
31:10:15:23:37:45,6010.64,6012.65,15.2056,7.73327,15.1863,0,0,84.5024,0,-45582.1,0,0,0,0,0,0,-53070.2,0,84.7556,84.5024,0,0
31:10:15:23:37:46,6006.35,6007.5,15.1482,7.74662,15.2056,0,0,84.7556,0,-46125.7,0,0,0,0,0,0,-53613.9,0,85.0086,84.7556,0,0
31:10:15:23:37:47,6004.64,6006.92,15.1505,7.73327,15.1482,0,0,85.0086,0,-46117.3,0,0,0,0,0,0,-53605.4,0,85.2611,85.0086,0,0
31:10:15:23:37:48,6003.2,6004.92,15.1339,7.72125,15.1505,0,0,85.2611,0,-46532.1,0,0,0,0,0,0,-54020.2,0,85.5134,85.2611,0,0
31:10:15:23:37:49,6005.21,6007.5,15.137,7.7533,15.1339,0,0,85.5134,0,-46807.6,0,0,0,0,0,0,-54295.7,0,85.7657,85.5134,0,0
31:10:15:23:37:50,6007.21,6008.35,15.1736,7.72393,15.137,0,0,85.7657,0,-47224.6,0,0,0,0,0,0,-54712.7,0,86.0183,85.7657,0,0
31:10:15:23:37:51,6010.36,6009.5,15.2012,7.7493,15.1736,0,0,86.0183,0,-47889.2,0,0,0,0,0,0,-55377.3,0,86.2714,86.0183,0,0
31:10:15:23:37:52,6005.49,6008.64,15.1943,7.75197,15.2012,0,0,86.2714,0,-48383.3,0,0,0,0,0,0,-55871.4,0,86.5247,86.2714,0,0
31:10:15:23:37:53,6004.35,6006.07,15.1182,7.78134,15.1943,0,0,86.5247,0,-48333.2,0,0,0,0,0,0,-55821.3,0,86.7773,86.5247,0,0
31:10:15:23:37:54,6002.92,6004.64,15.1513,7.75197,15.1182,0,0,86.7773,0,-47769.7,0,0,0,0,0,0,-55257.9,0,87.0295,86.7773,0,0
31:10:15:23:37:55,6002.06,6001.77,15.1418,7.77066,15.1513,0,0,87.0295,0,-48015.4,0,0,0,0,0,0,-55503.5,0,87.282,87.0295,0,0
31:10:15:23:37:56,6002.63,6000.34,15.1676,7.776,15.1418,0,0,87.282,0,-47943.8,0,0,0,0,0,0,-55431.9,0,87.5346,87.282,0,0
31:10:15:23:37:57,6005.49,6001.49,15.0163,7.78,15.1676,0,0,87.5346,0,-48131.3,0,0,0,0,0,0,-55619.4,0,87.7861,87.5346,0,0
31:10:15:23:37:58,6005.78,6003.49,15.1748,7.7533,15.0163,0,0,87.7861,0,-47014.3,0,0,0,0,0,0,-54502.4,0,88.0377,87.7861,0,0
31:10:15:23:37:59,6005.49,6005.78,15.1953,7.74395,15.1748,0,0,88.0377,0,-48185.5,0,0,0,0,0,0,-55673.7,0,88.2908,88.0377,0,0
31:10:15:23:38:00,6004.35,6005.78,15.1265,7.75463,15.1953,0,0,88.2908,0,-48338.6,0,0,0,0,0,0,-55826.8,0,88.5435,88.2908,0,0
31:10:15:23:38:01,6000.63,6002.92,15.1706,7.78,15.1265,0,0,88.5435,0,-47829.4,0,0,0,0,0,0,-55317.5,0,88.7959,88.5435,0,0
31:10:15:23:38:02,5999.49,6000.92,15.133,7.75063,15.1706,0,0,88.7959,0,-48158.3,0,0,0,0,0,0,-55646.4,0,89.0485,88.7959,0,0
31:10:15:23:38:03,6000.34,5999.77,15.1179,7.75597,15.133,0,0,89.0485,0,-47878.2,0,0,0,0,0,0,-55366.4,0,89.3005,89.0485,0,0
31:10:15:23:38:04,6000.06,5998.34,15.1331,7.74662,15.1179,0,0,89.3005,0,-47766.3,0,0,0,0,0,0,-55254.4,0,89.5526,89.3005,0,0
31:10:15:23:38:05,6001.2,5998.06,15.1384,7.75998,15.1331,0,0,89.5526,0,-47878,0,0,0,0,0,0,-55366.1,0,89.8049,89.5526,0,0
31:10:15:23:38:06,6003.2,5999.49,15.2066,7.76131,15.1384,0,0,89.8049,0,-47914.2,0,0,0,0,0,0,-55402.4,0,90.0578,89.8049,0,0
31:10:15:23:38:07,6002.63,5996.34,15.1603,7.77333,15.2066,0,0,90.0578,0,-48420.7,0,0,0,0,0,0,-55908.8,0,90.3108,90.0578,0,0
31:10:15:23:38:08,6000.63,5996.62,15.1431,7.74395,15.1603,0,0,90.3108,0,-48078.8,0,0,0,0,0,0,-55566.9,0,90.5634,90.3108,0,0
31:10:15:23:38:09,5997.2,5996.05,15.2609,7.74529,15.1431,0,0,90.5634,0,-47953.9,0,0,0,0,0,0,-55442,0,90.8167,90.5634,0,0
31:10:15:23:38:10,5995.48,5995.77,15.1483,7.75864,15.2609,0,0,90.8167,0,-48831.8,0,0,0,0,0,0,-56319.9,0,91.0701,90.8167,0,0
31:10:15:23:38:11,5993.76,5995.19,15.1458,7.71858,15.1483,0,0,91.0701,0,-47995.2,0,0,0,0,0,0,-55483.3,0,91.3226,91.0701,0,0
31:10:15:23:38:12,6000.92,5995.48,15.2154,7.75197,15.1458,0,0,91.3226,0,-47969,0,0,0,0,0,0,-55457.1,0,91.5756,91.3226,0,0
31:10:15:23:38:13,5999.2,5995.19,15.1427,7.75197,15.2154,0,0,91.5756,0,-48487.6,0,0,0,0,0,0,-55975.7,0,91.8286,91.5756,0,0
31:10:15:23:38:14,5995.77,5995.48,15.1655,7.75197,15.1427,0,0,91.8286,0,-47950.8,0,0,0,0,0,0,-55438.9,0,92.0811,91.8286,0,0
31:10:15:23:38:15,5991.76,5991.19,15.1655,7.75998,15.1655,0,0,92.0811,0,-48123.8,0,0,0,0,0,0,-55611.9,0,92.3339,92.0811,0,0
31:10:15:23:38:16,5990.33,5991.76,15.1449,7.73861,15.1655,0,0,92.3339,0,-48124.9,0,0,0,0,0,0,-55613,0,92.5865,92.3339,0,0
31:10:15:23:38:17,5990.62,5991.47,15.1551,7.73461,15.1449,0,0,92.5865,0,-47970.8,0,0,0,0,0,0,-55458.9,0,92.839,92.5865,0,0
31:10:15:23:38:18,5991.47,5990.33,15.1843,7.74395,15.1551,0,0,92.839,0,-48045.5,0,0,0,0,0,0,-55533.7,0,93.0918,92.839,0,0
31:10:15:23:38:19,5993.19,5989.76,15.1869,7.73461,15.1843,0,0,93.0918,0,-48259.8,0,0,0,0,0,0,-55747.9,0,93.3449,93.0918,0,0
31:10:15:23:38:20,5995.77,5990.04,15.1816,7.78802,15.1869,0,0,93.3449,0,-48277,0,0,0,0,0,0,-55765.1,0,93.598,93.3449,0,0
31:10:15:23:38:21,5994.91,5988.61,15.1228,7.76131,15.1816,0,0,93.598,0,-48237.3,0,0,0,0,0,0,-55725.4,0,93.8505,93.598,0,0
31:10:15:23:38:22,5992.9,5990.62,15.1525,7.73594,15.1228,0,0,93.8505,0,-47804,0,0,0,0,0,0,-55292.2,0,94.1028,93.8505,0,0
31:10:15:23:38:23,5990.62,5989.76,15.1517,7.71725,15.1525,0,0,94.1028,0,-48024.5,0,0,0,0,0,0,-55512.7,0,94.3554,94.1028,0,0
31:10:15:23:38:24,5988.33,5989.19,15.1534,7.77199,15.1517,0,0,94.3554,0,-48021.1,0,0,0,0,0,0,-55509.2,0,94.6079,94.3554,0,0
31:10:15:23:38:25,5989.47,5990.04,15.0761,7.7533,15.1534,0,0,94.6079,0,-48033,0,0,0,0,0,0,-55521.1,0,94.8598,94.6079,0,0
31:10:15:23:38:26,5989.47,5989.47,15.1605,7.74262,15.0761,0,0,94.8598,0,-47460.3,0,0,0,0,0,0,-54948.5,0,95.1118,94.8598,0,0
31:10:15:23:38:27,5991.19,5991.47,15.1222,7.71191,15.1605,0,0,95.1118,0,-48082.6,0,0,0,0,0,0,-55570.7,0,95.3641,95.1118,0,0
31:10:15:23:38:28,5992.62,5991.76,15.1643,7.72259,15.1222,0,0,95.3641,0,-47796.9,0,0,0,0,0,0,-55285,0,95.6165,95.3641,0,0
31:10:15:23:38:29,5992.33,5990.04,15.1436,7.74128,15.1643,0,0,95.6165,0,-48108.8,0,0,0,0,0,0,-55596.9,0,95.8691,95.6165,0,0
31:10:15:23:38:30,5993.48,5987.18,15.1568,7.75864,15.1436,0,0,95.8691,0,-47953.8,0,0,0,0,0,0,-55441.9,0,96.1216,95.8691,0,0
31:10:15:23:38:31,5986.61,5985.47,15.1648,7.73327,15.1568,0,0,96.1216,0,-48057.6,0,0,0,0,0,0,-55545.7,0,96.3743,96.1216,0,0
31:10:15:23:38:32,5985.75,5985.18,15.1088,7.72927,15.1648,0,0,96.3743,0,-48118.2,0,0,0,0,0,0,-55606.3,0,96.6265,96.3743,0,0
31:10:15:23:38:33,5987.75,5985.75,15.079,7.70256,15.1088,0,0,96.6265,0,-47700.1,0,0,0,0,0,0,-55188.2,0,96.8781,96.6265,0,0
31:10:15:23:38:34,5990.33,5985.75,15.079,7.72259,15.079,0,0,96.8781,0,-47479.2,0,0,0,0,0,0,-54967.3,0,97.1294,96.8781,0,0
31:10:15:23:38:35,5992.9,5986.9,15.1023,7.75463,15.079,0,0,97.1294,0,-47474.9,0,0,0,0,0,0,-54963,0,97.3809,97.1294,0,0
31:10:15:23:38:36,5993.19,5988.9,15.1399,7.75197,15.1023,0,0,97.3809,0,-47645.6,0,0,0,0,0,0,-55133.7,0,97.6329,97.3809,0,0
31:10:15:23:38:37,5990.9,5987.75,15.1001,7.776,15.1399,0,0,97.6329,0,-47927.1,0,0,0,0,0,0,-55415.3,0,97.8849,97.6329,0,0
31:10:15:23:38:38,5986.32,5984.32,15.1599,7.75864,15.1001,0,0,97.8849,0,-47635.8,0,0,0,0,0,0,-55123.9,0,98.1371,97.8849,0,0
31:10:15:23:38:39,5983.46,5982.89,15.0947,7.81071,15.1599,0,0,98.1371,0,-48080.5,0,0,0,0,0,0,-55568.6,0,98.3892,98.1371,0,0
31:10:15:23:38:40,5983.75,5982.03,15.116,7.82139,15.0947,0,0,98.3892,0,-47597.7,0,0,0,0,0,0,-55085.8,0,98.641,98.3892,0,0
31:10:15:23:38:41,5984.61,5982.61,15.1041,7.81872,15.116,0,0,98.641,0,-47756.1,0,0,0,0,0,0,-55244.2,0,98.8928,98.641,0,0
31:10:15:23:38:42,5986.04,5982.32,15.164,7.8521,15.1041,0,0,98.8928,0,-47663.9,0,0,0,0,0,0,-55152,0,99.1451,98.8928,0,0
31:10:15:23:38:43,5988.9,5983.46,15.1779,7.86812,15.164,0,0,99.1451,0,-48104.2,0,0,0,0,0,0,-55592.3,0,99.3979,99.1451,0,0
31:10:15:23:38:44,5991.19,5985.47,15.1452,7.85611,15.1779,0,0,99.3979,0,-48205.7,0,0,0,0,0,0,-55693.8,0,99.6506,99.3979,0,0
31:10:15:23:38:45,5989.19,5983.46,15.0737,7.84943,15.1452,0,0,99.6506,0,-47964.4,0,0,0,0,0,0,-55452.5,0,99.9024,99.6506,0,0
31:10:15:23:38:46,5985.47,5982.03,15.172,7.8521,15.0737,0,0,99.9024,0,-47438.4,0,0,0,0,0,0,-54926.5,0,100.154,99.9024,0,0
31:10:15:23:38:47,5981.46,5979.46,15.1685,7.86145,15.172,0,0,100.154,0,-48170.3,0,0,0,0,0,0,-55658.4,0,100.407,100.154,0,0
31:10:15:23:38:48,5979.74,5978.31,15.1328,7.81472,15.1685,0,0,100.407,0,-48145,0,0,0,0,0,0,-55633.1,0,100.66,100.407,0,0
31:10:15:23:38:49,5980.89,5979.46,15.1366,7.84409,15.1328,0,0,100.66,0,-47879.3,0,0,0,0,0,0,-55367.5,0,100.912,100.66,0,0
31:10:15:23:38:50,5986.9,5980.89,15.1136,7.86812,15.1366,0,0,100.912,0,-47901,0,0,0,0,0,0,-55389.1,0,101.164,100.912,0,0
31:10:15:23:38:51,5986.04,5982.89,15.1382,7.85077,15.1136,0,0,101.164,0,-47732.2,0,0,0,0,0,0,-55220.4,0,101.416,101.164,0,0
31:10:15:23:38:52,5984.61,5983.46,15.0826,7.87747,15.1382,0,0,101.416,0,-47914.5,0,0,0,0,0,0,-55402.6,0,101.668,101.416,0,0
31:10:15:23:38:53,5982.32,5982.03,15.1363,7.86545,15.0826,0,0,101.668,0,-47505.4,0,0,0,0,0,0,-54993.5,0,101.92,101.668,0,0
31:10:15:23:38:54,5980.32,5980.6,15.1224,7.85611,15.1363,0,0,101.92,0,-47903.5,0,0,0,0,0,0,-55391.6,0,102.172,101.92,0,0
31:10:15:23:38:55,5979.74,5977.74,15.1808,7.81872,15.1224,0,0,102.172,0,-47801.1,0,0,0,0,0,0,-55289.2,0,102.425,102.172,0,0
31:10:15:23:38:56,5980.89,5976.88,15.1655,7.81739,15.1808,0,0,102.425,0,-48233,0,0,0,0,0,0,-55721.1,0,102.677,102.425,0,0
31:10:15:23:38:57,5982.89,5977.17,15.116,7.77733,15.1655,0,0,102.677,0,-48117.2,0,0,0,0,0,0,-55605.3,0,102.93,102.677,0,0
31:10:15:23:38:58,5986.61,5980.6,15.0595,7.82406,15.116,0,0,102.93,0,-47746.5,0,0,0,0,0,0,-55234.6,0,103.181,102.93,0,0
31:10:15:23:38:59,5989.76,5984.89,15.2118,7.8481,15.0595,0,0,103.181,0,-47325.9,0,0,0,0,0,0,-54814.1,0,103.434,103.181,0,0
31:10:15:23:39:00,5988.04,5985.47,15.2041,7.86812,15.2118,0,0,103.434,0,-48454.5,0,0,0,0,0,0,-55942.6,0,103.687,103.434,0,0
31:10:15:23:39:01,5984.89,5984.32,15.1775,7.86679,15.2041,0,0,103.687,0,-48401.1,0,0,0,0,0,0,-55889.2,0,103.94,103.687,0,0
31:10:15:23:39:02,5983.46,5982.89,15.1575,7.85878,15.1775,0,0,103.94,0,-48204.2,0,0,0,0,0,0,-55692.3,0,104.193,103.94,0,0
31:10:15:23:39:03,5981.75,5979.74,15.1649,7.87614,15.1575,0,0,104.193,0,-48056.1,0,0,0,0,0,0,-55544.2,0,104.446,104.193,0,0
31:10:15:23:39:04,5981.17,5980.89,15.095,7.89082,15.1649,0,0,104.446,0,-48111,0,0,0,0,0,0,-55599.1,0,104.698,104.446,0,0
31:10:15:23:39:05,5982.03,5979.74,15.1158,7.8975,15.095,0,0,104.698,0,-47593,0,0,0,0,0,0,-55081.1,0,104.95,104.698,0,0
31:10:15:23:39:06,5983.18,5980.89,15.1726,7.86278,15.1158,0,0,104.95,0,-47745.8,0,0,0,0,0,0,-55233.9,0,105.202,104.95,0,0
31:10:15:23:39:07,5986.04,5977.74,15.1572,7.87747,15.1726,0,0,105.202,0,-48162.4,0,0,0,0,0,0,-55650.5,0,105.455,105.202,0,0
31:10:15:23:39:08,5985.75,5977.46,15.1615,7.90685,15.1572,0,0,105.455,0,-48047.6,0,0,0,0,0,0,-55535.7,0,105.707,105.455,0,0
31:10:15:23:39:09,5978.6,5978.31,15.1685,7.86412,15.1615,0,0,105.707,0,-48086.4,0,0,0,0,0,0,-55574.5,0,105.96,105.707,0,0
31:10:15:23:39:10,5980.03,5978.03,15.0497,7.86145,15.1685,0,0,105.96,0,-48136.7,0,0,0,0,0,0,-55624.8,0,106.212,105.96,0,0
31:10:15:23:39:11,5980.6,5976.02,15.1886,7.86145,15.0497,0,0,106.212,0,-47259.2,0,0,0,0,0,0,-54747.4,0,106.464,106.212,0,0
31:10:15:23:39:12,5982.32,5975.74,15.1724,7.91218,15.1886,0,0,106.464,0,-48283.1,0,0,0,0,0,0,-55771.3,0,106.717,106.464,0,0
31:10:15:23:39:13,5983.18,5975.74,15.188,7.88548,15.1724,0,0,106.717,0,-48161.7,0,0,0,0,0,0,-55649.9,0,106.97,106.717,0,0
31:10:15:23:39:14,5984.04,5978.6,15.1946,7.90417,15.188,0,0,106.97,0,-48276.7,0,0,0,0,0,0,-55764.8,0,107.223,106.97,0,0
31:10:15:23:39:15,5980.6,5977.74,15.1384,7.88682,15.1946,0,0,107.223,0,-48329.2,0,0,0,0,0,0,-55817.3,0,107.476,107.223,0,0
31:10:15:23:39:16,5979.74,5978.6,15.1077,7.9015,15.1384,0,0,107.476,0,-47911.9,0,0,0,0,0,0,-55400,0,107.728,107.476,0,0
31:10:15:23:39:17,5978.89,5978.89,15.1805,7.92687,15.1077,0,0,107.728,0,-47684.9,0,0,0,0,0,0,-55173,0,107.98,107.728,0,0
31:10:15:23:39:18,5979.17,5977.46,15.1219,7.91619,15.1805,0,0,107.98,0,-48224,0,0,0,0,0,0,-55712.1,0,108.233,107.98,0,0
31:10:15:23:39:19,5980.89,5977.74,15.209,7.8521,15.1219,0,0,108.233,0,-47788.6,0,0,0,0,0,0,-55276.7,0,108.486,108.233,0,0
31:10:15:23:39:20,5983.75,5977.74,15.1672,7.91619,15.209,0,0,108.486,0,-48431.3,0,0,0,0,0,0,-55919.4,0,108.739,108.486,0,0
31:10:15:23:39:21,5985.75,5977.74,15.1822,7.88548,15.1672,0,0,108.739,0,-48117.5,0,0,0,0,0,0,-55605.6,0,108.992,108.739,0,0
31:10:15:23:39:22,5988.33,5980.89,15.1344,7.86412,15.1822,0,0,108.992,0,-48226.8,0,0,0,0,0,0,-55714.9,0,109.244,108.992,0,0
31:10:15:23:39:23,5986.9,5981.46,15.2004,7.85611,15.1344,0,0,109.244,0,-47873,0,0,0,0,0,0,-55361.1,0,109.497,109.244,0,0
31:10:15:23:39:24,5984.61,5978.89,15.138,7.8481,15.2004,0,0,109.497,0,-48364.8,0,0,0,0,0,0,-55852.9,0,109.75,109.497,0,0
31:10:15:23:39:25,5982.89,5978.6,15.1381,7.80137,15.138,0,0,109.75,0,-47902.9,0,0,0,0,0,0,-55391,0,110.002,109.75,0,0
31:10:15:23:39:26,5982.89,5979.74,15.2374,7.76799,15.1381,0,0,110.002,0,-47903.9,0,0,0,0,0,0,-55392,0,110.255,110.002,0,0
31:10:15:23:39:27,5982.61,5981.17,15.1549,7.74662,15.2374,0,0,110.255,0,-48641.6,0,0,0,0,0,0,-56129.7,0,110.509,110.255,0,0
31:10:15:23:39:28,5990.04,5982.89,15.1653,7.73728,15.1549,0,0,110.509,0,-48020,0,0,0,0,0,0,-55508.2,0,110.761,110.509,0,0
31:10:15:23:39:29,5988.04,5982.89,15.1302,7.71592,15.1653,0,0,110.761,0,-48099.1,0,0,0,0,0,0,-55587.2,0,111.014,110.761,0,0
31:10:15:23:39:30,5984.32,5980.32,15.1302,7.73327,15.1302,0,0,111.014,0,-47841.1,0,0,0,0,0,0,-55329.2,0,111.266,111.014,0,0
31:10:15:23:39:31,5980.6,5978.6,15.1494,7.71858,15.1302,0,0,111.266,0,-47844.5,0,0,0,0,0,0,-55332.6,0,111.518,111.266,0,0
31:10:15:23:39:32,5980.03,5977.46,15.1494,7.75063,15.1494,0,0,111.518,0,-47988.5,0,0,0,0,0,0,-55476.7,0,111.771,111.518,0,0
31:10:15:23:39:33,5979.74,5978.03,15.1399,7.74128,15.1494,0,0,111.771,0,-47988.4,0,0,0,0,0,0,-55476.6,0,112.023,111.771,0,0
31:10:15:23:39:34,5983.75,5979.46,15.0734,7.73861,15.1399,0,0,112.023,0,-47913.5,0,0,0,0,0,0,-55401.7,0,112.275,112.023,0,0
31:10:15:23:39:35,5985.75,5979.74,15.1083,7.78401,15.0734,0,0,112.275,0,-47417.9,0,0,0,0,0,0,-54906,0,112.527,112.275,0,0
31:10:15:23:39:36,5988.9,5981.17,15.1663,7.7533,15.1083,0,0,112.527,0,-47673.4,0,0,0,0,0,0,-55161.5,0,112.779,112.527,0,0
31:10:15:23:39:37,5988.33,5981.46,15.114,7.74529,15.1663,0,0,112.779,0,-48103.8,0,0,0,0,0,0,-55592,0,113.031,112.779,0,0
31:10:15:23:39:38,5986.04,5980.32,15.137,7.72793,15.114,0,0,113.031,0,-47718.1,0,0,0,0,0,0,-55206.2,0,113.283,113.031,0,0
31:10:15:23:39:39,5984.04,5980.6,15.126,7.76398,15.137,0,0,113.283,0,-47890.1,0,0,0,0,0,0,-55378.2,0,113.535,113.283,0,0
31:10:15:23:39:40,5981.46,5978.89,15.1349,7.73861,15.126,0,0,113.535,0,-47809.8,0,0,0,0,0,0,-55297.9,0,113.788,113.535,0,0
31:10:15:23:39:41,5980.89,5979.17,15.121,7.73594,15.1349,0,0,113.788,0,-47876.4,0,0,0,0,0,0,-55364.6,0,114.04,113.788,0,0
31:10:15:23:39:42,5982.89,5980.03,15.0971,7.72927,15.121,0,0,114.04,0,-47770.2,0,0,0,0,0,0,-55258.4,0,114.292,114.04,0,0
31:10:15:23:39:43,5984.61,5981.46,15.0937,7.70657,15.0971,0,0,114.292,0,-47592.7,0,0,0,0,0,0,-55080.8,0,114.543,114.292,0,0
31:10:15:23:39:44,5986.32,5982.32,15.1047,7.74529,15.0937,0,0,114.543,0,-47565.4,0,0,0,0,0,0,-55053.5,0,114.795,114.543,0,0
31:10:15:23:39:45,5987.18,5980.6,15.1656,7.71191,15.1047,0,0,114.795,0,-47645.2,0,0,0,0,0,0,-55133.3,0,115.047,114.795,0,0
31:10:15:23:39:46,5986.32,5978.89,15.0948,7.71858,15.1656,0,0,115.047,0,-48095.9,0,0,0,0,0,0,-55584.1,0,115.299,115.047,0,0
31:10:15:23:39:47,5982.89,5976.31,15.157,7.75998,15.0948,0,0,115.299,0,-47575.7,0,0,0,0,0,0,-55063.8,0,115.551,115.299,0,0
31:10:15:23:39:48,5980.6,5976.02,15.0596,7.75731,15.157,0,0,115.551,0,-48036.9,0,0,0,0,0,0,-55525.1,0,115.803,115.551,0,0
31:10:15:23:39:49,5982.61,5976.6,15.1387,7.74662,15.0596,0,0,115.803,0,-47315.2,0,0,0,0,0,0,-54803.3,0,116.055,115.803,0,0
31:10:15:23:39:50,5984.61,5977.17,15.1788,7.74662,15.1387,0,0,116.055,0,-47897.5,0,0,0,0,0,0,-55385.6,0,116.307,116.055,0,0
31:10:15:23:39:51,5986.9,5980.03,15.1223,7.75197,15.1788,0,0,116.307,0,-48191.2,0,0,0,0,0,0,-55679.3,0,116.56,116.307,0,0
31:10:15:23:39:52,5986.61,5981.75,15.2117,7.7493,15.1223,0,0,116.56,0,-47773.9,0,0,0,0,0,0,-55262,0,116.813,116.56,0,0
31:10:15:23:39:53,5984.61,5981.46,15.0893,7.76398,15.2117,0,0,116.813,0,-48438.9,0,0,0,0,0,0,-55927.1,0,117.065,116.813,0,0
31:10:15:23:39:54,5982.03,5979.46,15.0807,7.72526,15.0893,0,0,117.065,0,-47533.4,0,0,0,0,0,0,-55021.5,0,117.317,117.065,0,0
31:10:15:23:39:55,5978.6,5975.74,15.1193,7.75063,15.0807,0,0,117.317,0,-47474.1,0,0,0,0,0,0,-54962.2,0,117.568,117.317,0,0
31:10:15:23:39:56,5979.46,5975.45,15.1081,7.78267,15.1193,0,0,117.568,0,-47757.4,0,0,0,0,0,0,-55245.5,0,117.82,117.568,0,0
31:10:15:23:39:57,5979.17,5974.02,15.1361,7.75864,15.1081,0,0,117.82,0,-47675,0,0,0,0,0,0,-55163.1,0,118.072,117.82,0,0
31:10:15:23:39:58,5981.75,5974.31,15.1333,7.74662,15.1361,0,0,118.072,0,-47878.4,0,0,0,0,0,0,-55366.6,0,118.324,118.072,0,0
31:10:15:23:39:59,5984.32,5976.88,15.0773,7.7266,15.1333,0,0,118.324,0,-47855.6,0,0,0,0,0,0,-55343.7,0,118.576,118.324,0,0
31:10:15:23:40:00,5986.9,5980.32,15.1837,7.74262,15.0773,0,0,118.576,0,-47439.3,0,0,0,0,0,0,-54927.4,0,118.828,118.576,0,0
31:10:15:23:40:01,5986.04,5981.46,15.1479,7.74796,15.1837,0,0,118.828,0,-48226.8,0,0,0,0,0,0,-55714.9,0,119.081,118.828,0,0
31:10:15:23:40:02,5983.75,5978.6,15.1452,7.73327,15.1479,0,0,119.081,0,-47963.3,0,0,0,0,0,0,-55451.4,0,119.334,119.081,0,0
31:10:15:23:40:03,5979.74,5977.17,15.2104,7.75063,15.1452,0,0,119.334,0,-47947,0,0,0,0,0,0,-55435.1,0,119.587,119.334,0,0
31:10:15:23:40:04,5978.31,5976.6,15.1086,7.78401,15.2104,0,0,119.587,0,-48432.9,0,0,0,0,0,0,-55921,0,119.839,119.587,0,0
31:10:15:23:40:05,5977.46,5975.74,15.3023,7.776,15.1086,0,0,119.839,0,-47677.3,0,0,0,0,0,0,-55165.4,0,120.093,119.839,0,0
31:10:15:23:40:06,5979.17,5976.02,15.1571,7.78534,15.3023,0,0,120.093,0,-49115.9,0,0,0,0,0,0,-56604.1,0,120.346,120.093,0,0
31:10:15:23:40:07,5980.89,5975.74,15.1635,7.78534,15.1571,0,0,120.346,0,-48032.9,0,0,0,0,0,0,-55521,0,120.599,120.346,0,0
31:10:15:23:40:08,5979.17,5976.31,15.0387,7.77333,15.1635,0,0,120.599,0,-48080.9,0,0,0,0,0,0,-55569,0,120.851,120.599,0,0
31:10:15:23:40:09,5978.03,5976.02,15.2374,7.7493,15.0387,0,0,120.851,0,-47162.3,0,0,0,0,0,0,-54650.4,0,121.103,120.851,0,0
31:10:15:23:40:10,5977.74,5974.88,15.1022,7.76398,15.2374,0,0,121.103,0,-48631.4,0,0,0,0,0,0,-56119.6,0,121.356,121.103,0,0
31:10:15:23:40:11,5978.03,5975.17,15.1416,7.76799,15.1022,0,0,121.356,0,-47628.6,0,0,0,0,0,0,-55116.7,0,121.608,121.356,0,0
31:10:15:23:40:12,5979.46,5972.88,15.1424,7.76265,15.1416,0,0,121.608,0,-47918.3,0,0,0,0,0,0,-55406.4,0,121.86,121.608,0,0
31:10:15:23:40:13,5981.46,5974.02,15.2074,7.73995,15.1424,0,0,121.86,0,-47922.6,0,0,0,0,0,0,-55410.8,0,122.113,121.86,0,0
31:10:15:23:40:14,5983.46,5974.02,15.152,7.7266,15.2074,0,0,122.113,0,-48401.1,0,0,0,0,0,0,-55889.2,0,122.366,122.113,0,0
31:10:15:23:40:15,5983.18,5976.6,15.1478,7.72927,15.152,0,0,122.366,0,-47991.1,0,0,0,0,0,0,-55479.2,0,122.619,122.366,0,0
31:10:15:23:40:16,5980.89,5977.17,15.1427,7.70791,15.1478,0,0,122.619,0,-47962.5,0,0,0,0,0,0,-55450.6,0,122.871,122.619,0,0
31:10:15:23:40:17,5978.89,5976.31,15.1694,7.76265,15.1427,0,0,122.871,0,-47925.6,0,0,0,0,0,0,-55413.8,0,123.124,122.871,0,0
31:10:15:23:40:18,5976.6,5975.17,15.1238,7.75597,15.1694,0,0,123.124,0,-48126.3,0,0,0,0,0,0,-55614.4,0,123.376,123.124,0,0
31:10:15:23:40:19,5977.17,5973.45,15.1703,7.73728,15.1238,0,0,123.376,0,-47785.6,0,0,0,0,0,0,-55273.7,0,123.629,123.376,0,0
31:10:15:23:40:20,5978.03,5973.45,15.1928,7.76532,15.1703,0,0,123.629,0,-48129.7,0,0,0,0,0,0,-55617.8,0,123.882,123.629,0,0
31:10:15:23:40:21,5979.17,5978.03,15.2185,7.7493,15.1928,0,0,123.882,0,-48296.6,0,0,0,0,0,0,-55784.7,0,124.135,123.882,0,0
31:10:15:23:40:22,5981.46,5976.31,15.2314,7.78935,15.2185,0,0,124.135,0,-48484.1,0,0,0,0,0,0,-55972.2,0,124.389,124.135,0,0
31:10:15:23:40:23,5983.75,5974.88,15.132,7.76799,15.2314,0,0,124.389,0,-48577.8,0,0,0,0,0,0,-56065.9,0,124.642,124.389,0,0
31:10:15:23:40:24,5982.89,5974.31,15.1699,7.74529,15.132,0,0,124.642,0,-47841.3,0,0,0,0,0,0,-55329.4,0,124.894,124.642,0,0
31:10:15:23:40:25,5981.75,5973.45,15.0904,7.74529,15.1699,0,0,124.894,0,-48122.1,0,0,0,0,0,0,-55610.2,0,125.147,124.894,0,0
31:10:15:23:40:26,5978.03,5975.17,15.1107,7.76265,15.0904,0,0,125.147,0,-47538.4,0,0,0,0,0,0,-55026.6,0,125.398,125.147,0,0
31:10:15:23:40:27,5982.03,5975.74,15.1281,7.73728,15.1107,0,0,125.398,0,-47683.1,0,0,0,0,0,0,-55171.2,0,125.65,125.398,0,0
31:10:15:23:40:28,5985.47,5977.17,15.2406,7.73728,15.1281,0,0,125.65,0,-47808.3,0,0,0,0,0,0,-55296.4,0,125.903,125.65,0,0
31:10:15:23:40:29,5987.47,5978.89,15.1218,7.72125,15.2406,0,0,125.903,0,-48640.9,0,0,0,0,0,0,-56129.1,0,126.156,125.903,0,0
31:10:15:23:40:30,5984.32,5977.46,15.2473,7.73327,15.1218,0,0,126.156,0,-47762.4,0,0,0,0,0,0,-55250.6,0,126.409,126.156,0,0
31:10:15:23:40:31,5981.17,5977.17,15.1303,7.73728,15.2473,0,0,126.409,0,-48697.7,0,0,0,0,0,0,-56185.8,0,126.663,126.409,0,0
31:10:15:23:40:32,5978.6,5976.31,15.2041,7.72526,15.1303,0,0,126.663,0,-47830.1,0,0,0,0,0,0,-55318.2,0,126.915,126.663,0,0
31:10:15:23:40:33,5977.46,5974.02,15.1728,7.77199,15.2041,0,0,126.915,0,-48378.1,0,0,0,0,0,0,-55866.2,0,127.169,126.915,0,0
31:10:15:23:40:34,5979.17,5976.02,15.1703,7.76799,15.1728,0,0,127.169,0,-48143.7,0,0,0,0,0,0,-55631.8,0,127.421,127.169,0,0
31:10:15:23:40:35,5980.32,5976.88,15.1913,7.74128,15.1703,0,0,127.421,0,-48124.9,0,0,0,0,0,0,-55613,0,127.674,127.421,0,0
31:10:15:23:40:36,5982.32,5976.31,15.1731,7.76665,15.1913,0,0,127.674,0,-48277.5,0,0,0,0,0,0,-55765.6,0,127.927,127.674,0,0
31:10:15:23:40:37,5985.75,5977.17,15.1101,7.76532,15.1731,0,0,127.927,0,-48138.9,0,0,0,0,0,0,-55627,0,128.18,127.927,0,0
31:10:15:23:40:38,5985.47,5976.6,15.1016,7.76398,15.1101,0,0,128.18,0,-47672.6,0,0,0,0,0,0,-55160.8,0,128.432,128.18,0,0
31:10:15:23:40:39,5983.18,5976.88,15.1143,7.76265,15.1016,0,0,128.432,0,-47612.3,0,0,0,0,0,0,-55100.4,0,128.683,128.432,0,0
31:10:15:23:40:40,5981.75,5974.88,15.1526,7.78668,15.1143,0,0,128.683,0,-47707.9,0,0,0,0,0,0,-55196,0,128.936,128.683,0,0
31:10:15:23:40:41,5977.74,5974.59,15.1641,7.74529,15.1526,0,0,128.936,0,-47993.8,0,0,0,0,0,0,-55481.9,0,129.188,128.936,0,0
31:10:15:23:40:42,5979.17,5974.59,15.2033,7.76131,15.1641,0,0,129.188,0,-48077.6,0,0,0,0,0,0,-55565.7,0,129.441,129.188,0,0
31:10:15:23:40:43,5979.17,5977.46,15.0713,7.80137,15.2033,0,0,129.441,0,-48368.4,0,0,0,0,0,0,-55856.5,0,129.694,129.441,0,0
31:10:15:23:40:44,5979.17,5978.89,15.1687,7.74662,15.0713,0,0,129.694,0,-47390.7,0,0,0,0,0,0,-54878.9,0,129.946,129.694,0,0
31:10:15:23:40:45,5982.61,5980.32,15.1286,7.77466,15.1687,0,0,129.946,0,-48106.7,0,0,0,0,0,0,-55594.8,0,130.198,129.946,0,0
31:10:15:23:40:46,5979.17,5978.89,15.1072,7.76665,15.1286,0,0,130.198,0,-47814,0,0,0,0,0,0,-55302.1,0,130.45,130.198,0,0
31:10:15:23:40:47,5974.31,5976.02,15.1435,7.74262,15.1072,0,0,130.45,0,-47660.3,0,0,0,0,0,0,-55148.5,0,130.702,130.45,0,0
31:10:15:23:40:48,5973.16,5973.45,15.1705,7.71057,15.1435,0,0,130.702,0,-47928.8,0,0,0,0,0,0,-55416.9,0,130.955,130.702,0,0
31:10:15:23:40:49,5974.31,5972.59,15.1452,7.73194,15.1705,0,0,130.955,0,-48128.6,0,0,0,0,0,0,-55616.7,0,131.207,130.955,0,0
31:10:15:23:40:50,5974.31,5972.02,15.0951,7.7039,15.1452,0,0,131.207,0,-47939,0,0,0,0,0,0,-55427.2,0,131.459,131.207,0,0
31:10:15:23:40:51,5976.6,5976.02,15.1409,7.69455,15.0951,0,0,131.459,0,-47568,0,0,0,0,0,0,-55056.1,0,131.711,131.459,0,0
31:10:15:23:40:52,5978.03,5978.89,15.1016,7.74395,15.1409,0,0,131.711,0,-47904.2,0,0,0,0,0,0,-55392.3,0,131.963,131.711,0,0
31:10:15:23:40:53,5977.17,5981.46,15.143,7.71592,15.1016,0,0,131.963,0,-47614.8,0,0,0,0,0,0,-55102.9,0,132.215,131.963,0,0
31:10:15:23:40:54,5974.88,5983.46,15.12,7.73594,15.143,0,0,132.215,0,-47922.9,0,0,0,0,0,0,-55411,0,132.468,132.215,0,0
31:10:15:23:40:55,5971.45,5982.32,15.1248,7.72125,15.12,0,0,132.468,0,-47755.6,0,0,0,0,0,0,-55243.7,0,132.72,132.468,0,0
31:10:15:23:40:56,5969.73,5981.17,15.1801,7.74128,15.1248,0,0,132.72,0,-47793.1,0,0,0,0,0,0,-55281.2,0,132.972,132.72,0,0
31:10:15:23:40:57,5972.02,5981.17,15.0785,7.7533,15.1801,0,0,132.972,0,-48198.3,0,0,0,0,0,0,-55686.5,0,133.224,132.972,0,0
31:10:15:23:40:58,5972.31,5981.75,15.0861,7.73594,15.0785,0,0,133.224,0,-47448.5,0,0,0,0,0,0,-54936.6,0,133.476,133.224,0,0
31:10:15:23:40:59,5975.17,5984.89,15.1311,7.73995,15.0861,0,0,133.476,0,-47501.1,0,0,0,0,0,0,-54989.3,0,133.728,133.476,0,0
31:10:15:23:41:00,5976.88,5986.9,15.1342,7.74796,15.1311,0,0,133.728,0,-47830.1,0,0,0,0,0,0,-55318.2,0,133.98,133.728,0,0
31:10:15:23:41:01,5978.6,5989.76,15.0748,7.73728,15.1342,0,0,133.98,0,-47852.1,0,0,0,0,0,0,-55340.2,0,134.231,133.98,0,0
31:10:15:23:41:02,5976.88,5990.33,15.0748,7.73861,15.0748,0,0,134.231,0,-47415,0,0,0,0,0,0,-54903.2,0,134.483,134.231,0,0
31:10:15:23:41:03,5972.88,5989.76,15.1644,7.71458,15.0748,0,0,134.483,0,-47418.8,0,0,0,0,0,0,-54906.9,0,134.735,134.483,0,0
31:10:15:23:41:04,5972.31,5990.33,15.0979,7.74395,15.1644,0,0,134.735,0,-48081.5,0,0,0,0,0,0,-55569.7,0,134.987,134.735,0,0
31:10:15:23:41:05,5973.16,5988.33,15.1485,7.73327,15.0979,0,0,134.987,0,-47587.8,0,0,0,0,0,0,-55076,0,135.239,134.987,0,0
31:10:15:23:41:06,5974.88,5990.9,15.1497,7.73327,15.1485,0,0,135.239,0,-47959.7,0,0,0,0,0,0,-55447.9,0,135.491,135.239,0,0
31:10:15:23:41:07,5975.17,5993.76,15.1637,7.75864,15.1497,0,0,135.491,0,-47968.4,0,0,0,0,0,0,-55456.5,0,135.744,135.491,0,0
31:10:15:23:41:08,5972.88,5996.05,15.1684,7.73461,15.1637,0,0,135.744,0,-48074.5,0,0,0,0,0,0,-55562.6,0,135.997,135.744,0,0
31:10:15:23:41:09,5970.02,5997.48,15.1843,7.72259,15.1684,0,0,135.997,0,-48111.9,0,0,0,0,0,0,-55600,0,136.25,135.997,0,0
31:10:15:23:41:10,5967.73,5998.63,15.1297,7.75998,15.1843,0,0,136.25,0,-48231.3,0,0,0,0,0,0,-55719.4,0,136.502,136.25,0,0
31:10:15:23:41:11,5968.3,5997.2,15.1554,7.77333,15.1297,0,0,136.502,0,-47826.5,0,0,0,0,0,0,-55314.6,0,136.755,136.502,0,0
31:10:15:23:41:12,5969.73,5997.77,15.0682,7.76265,15.1554,0,0,136.755,0,-48015.3,0,0,0,0,0,0,-55503.4,0,137.007,136.755,0,0
31:10:15:23:41:13,5970.59,5994.91,15.1425,7.74529,15.0682,0,0,137.007,0,-47369.5,0,0,0,0,0,0,-54857.6,0,137.258,137.007,0,0
31:10:15:23:41:14,5971.45,5996.91,15.1007,7.77199,15.1425,0,0,137.258,0,-47917.1,0,0,0,0,0,0,-55405.2,0,137.51,137.258,0,0
31:10:15:23:41:15,5973.74,6000.34,15.1548,7.77333,15.1007,0,0,137.51,0,-47606,0,0,0,0,0,0,-55094.1,0,137.762,137.51,0,0
31:10:15:23:41:16,5972.31,6002.63,15.1663,7.75998,15.1548,0,0,137.762,0,-48006.4,0,0,0,0,0,0,-55494.6,0,138.015,137.762,0,0
31:10:15:23:41:17,5970.59,6004.64,15.0653,7.78534,15.1663,0,0,138.015,0,-48093.2,0,0,0,0,0,0,-55581.3,0,138.267,138.015,0,0
31:10:15:23:41:18,5968.3,6007.5,15.1268,7.77733,15.0653,0,0,138.267,0,-47349.3,0,0,0,0,0,0,-54837.5,0,138.519,138.267,0,0
31:10:15:23:41:19,5968.59,6005.49,15.1514,7.74529,15.1268,0,0,138.519,0,-47801.6,0,0,0,0,0,0,-55289.8,0,138.771,138.519,0,0
31:10:15:23:41:20,5970.02,6007.5,15.128,7.7493,15.1514,0,0,138.771,0,-47983.8,0,0,0,0,0,0,-55471.9,0,139.023,138.771,0,0
31:10:15:23:41:21,5972.31,6011.5,15.1464,7.76665,15.128,0,0,139.023,0,-47808,0,0,0,0,0,0,-55296.1,0,139.276,139.023,0,0
31:10:15:23:41:22,5972.88,6009.5,15.0464,7.76398,15.1464,0,0,139.276,0,-47941.8,0,0,0,0,0,0,-55429.9,0,139.527,139.276,0,0
31:10:15:23:41:23,5974.31,6008.93,15.0766,7.77466,15.0464,0,0,139.527,0,-47203,0,0,0,0,0,0,-54691.2,0,139.778,139.527,0,0
31:10:15:23:41:24,5970.3,6011.79,15.1444,7.81605,15.0766,0,0,139.778,0,-47429.4,0,0,0,0,0,0,-54917.5,0,140.03,139.778,0,0
31:10:15:23:41:25,5968.59,6010.93,15.0963,7.75197,15.1444,0,0,140.03,0,-47930.6,0,0,0,0,0,0,-55418.7,0,140.282,140.03,0,0
31:10:15:23:41:26,5968.01,6010.36,15.0941,7.76265,15.0963,0,0,140.282,0,-47577.2,0,0,0,0,0,0,-55065.3,0,140.534,140.282,0,0
31:10:15:23:41:27,5970.3,6011.5,15.1802,7.77333,15.0941,0,0,140.534,0,-47557.3,0,0,0,0,0,0,-55045.5,0,140.786,140.534,0,0
31:10:15:23:41:28,5970.88,6010.93,15.0625,7.75864,15.1802,0,0,140.786,0,-48194.3,0,0,0,0,0,0,-55682.4,0,141.038,140.786,0,0
31:10:15:23:41:29,5973.74,6012.65,15.1079,7.80404,15.0625,0,0,141.038,0,-47320,0,0,0,0,0,0,-54808.1,0,141.289,141.038,0,0
31:10:15:23:41:30,5974.59,6012.65,15.0857,7.76131,15.1079,0,0,141.289,0,-47654.6,0,0,0,0,0,0,-55142.8,0,141.541,141.289,0,0
31:10:15:23:41:31,5972.59,6015.51,15.1492,7.77066,15.0857,0,0,141.541,0,-47491.7,0,0,0,0,0,0,-54979.8,0,141.793,141.541,0,0
31:10:15:23:41:32,5970.02,6014.36,15.143,7.79469,15.1492,0,0,141.793,0,-47963.3,0,0,0,0,0,0,-55451.5,0,142.045,141.793,0,0
31:10:15:23:41:33,5966.3,6014.36,15.1311,7.76932,15.143,0,0,142.045,0,-47921.6,0,0,0,0,0,0,-55409.7,0,142.298,142.045,0,0
31:10:15:23:41:34,5965.44,6014.36,15.1971,7.73594,15.1311,0,0,142.298,0,-47832.9,0,0,0,0,0,0,-55321.1,0,142.55,142.298,0,0
31:10:15:23:41:35,5968.59,6014.94,15.1698,7.73461,15.1971,0,0,142.55,0,-48319,0,0,0,0,0,0,-55807.2,0,142.804,142.55,0,0
31:10:15:23:41:36,5969.16,6015.22,15.119,7.74529,15.1698,0,0,142.804,0,-48116.5,0,0,0,0,0,0,-55604.7,0,143.056,142.804,0,0
31:10:15:23:41:37,5971.73,6015.79,15.1216,7.73995,15.119,0,0,143.056,0,-47736.8,0,0,0,0,0,0,-55224.9,0,143.308,143.056,0,0
31:10:15:23:41:38,5974.02,6021.52,15.1935,7.73728,15.1216,0,0,143.308,0,-47754.2,0,0,0,0,0,0,-55242.3,0,143.561,143.308,0,0
31:10:15:23:41:39,5974.59,6019.23,15.1572,7.7266,15.1935,0,0,143.561,0,-48286.6,0,0,0,0,0,0,-55774.7,0,143.813,143.561,0,0
31:10:15:23:41:40,5972.59,6016.08,15.1683,7.80137,15.1572,0,0,143.813,0,-48018.8,0,0,0,0,0,0,-55506.9,0,144.066,143.813,0,0
31:10:15:23:41:41,5968.59,6016.94,15.0918,7.77333,15.1683,0,0,144.066,0,-48103.9,0,0,0,0,0,0,-55592,0,144.318,144.066,0,0
31:10:15:23:41:42,5966.87,6014.94,15.1965,7.76265,15.0918,0,0,144.318,0,-47539.7,0,0,0,0,0,0,-55027.9,0,144.571,144.318,0,0
31:10:15:23:41:43,5972.02,6015.79,15.1657,7.80671,15.1965,0,0,144.571,0,-48309.6,0,0,0,0,0,0,-55797.7,0,144.824,144.571,0,0
31:10:15:23:41:44,5975.74,6019.8,15.2107,7.75864,15.1657,0,0,144.824,0,-48077.3,0,0,0,0,0,0,-55565.4,0,145.077,144.824,0,0
31:10:15:23:41:45,5976.6,6023.8,15.116,7.74529,15.2107,0,0,145.077,0,-48410.2,0,0,0,0,0,0,-55898.3,0,145.33,145.077,0,0
31:10:15:23:41:46,5976.6,6025.81,15.2352,7.7266,15.116,0,0,145.33,0,-47708.4,0,0,0,0,0,0,-55196.5,0,145.583,145.33,0,0
31:10:15:23:41:47,5973.45,6023.52,15.1539,7.75864,15.2352,0,0,145.583,0,-48594.8,0,0,0,0,0,0,-56082.9,0,145.836,145.583,0,0
31:10:15:23:41:48,5971.45,6020.37,15.1777,7.73728,15.1539,0,0,145.836,0,-47992.6,0,0,0,0,0,0,-55480.8,0,146.089,145.836,0,0
31:10:15:23:41:49,5972.88,6021.23,15.1845,7.7306,15.1777,0,0,146.089,0,-48219.9,0,0,0,0,0,0,-55708,0,146.342,146.089,0,0
31:10:15:23:41:50,5974.02,6021.23,15.1418,7.71592,15.1845,0,0,146.342,0,-48670.1,0,0,0,0,0,0,-56158.2,0,146.594,146.342,0,0
31:10:15:23:41:51,5976.6,6022.66,15.1684,7.70657,15.1418,0,0,146.594,0,-48747.4,0,0,0,0,0,0,-56235.6,0,146.847,146.594,0,0
31:10:15:23:41:52,5981.17,6024.38,15.1924,7.7493,15.1684,0,0,146.847,0,-49341.8,0,0,0,0,0,0,-56830,0,147.1,146.847,0,0
31:10:15:23:41:53,5982.32,6028.95,15.1994,7.75864,15.1924,0,0,147.1,0,-49922.6,0,0,0,0,0,0,-57410.8,0,147.353,147.1,0,0
31:10:15:23:41:54,5983.46,6031.81,15.1599,7.74128,15.1994,0,0,147.353,0,-50376.9,0,0,0,0,0,0,-57865,0,147.606,147.353,0,0
31:10:15:23:41:55,5980.89,6029.24,15.1099,7.73327,15.1599,0,0,147.606,0,-50476.4,0,0,0,0,0,0,-57964.5,0,147.858,147.606,0,0
31:10:15:23:41:56,5976.6,6026.95,15.1838,7.74262,15.1099,0,0,147.858,0,-50491,0,0,0,0,0,0,-57979.1,0,148.111,147.858,0,0
31:10:15:23:41:57,5975.17,6025.81,15.1684,7.71458,15.1838,0,0,148.111,0,-51465.9,0,0,0,0,0,0,-58954,0,148.364,148.111,0,0
31:10:15:23:41:58,5976.02,6024.95,15.1184,7.72526,15.1684,0,0,148.364,0,-51743.6,0,0,0,0,0,0,-59231.7,0,148.616,148.364,0,0
31:10:15:23:41:59,5978.6,6028.1,15.1977,7.73194,15.1184,0,0,148.616,0,-51744,0,0,0,0,0,0,-59232.1,0,148.869,148.616,0,0
31:10:15:23:42:00,5980.6,6029.24,15.1688,7.74128,15.1977,0,0,148.869,0,-52771,0,0,0,0,0,0,-60259.1,0,149.122,148.869,0,0
31:10:15:23:42:01,5982.32,6029.81,15.1371,7.74395,15.1688,0,0,149.122,0,-52937.9,0,0,0,0,0,0,-60426,0,149.374,149.122,0,0
31:10:15:23:42:02,5977.74,6032.39,15.1504,7.7306,15.1371,0,0,149.374,0,-53085.9,0,0,0,0,0,0,-60574,0,149.627,149.374,0,0
31:10:15:23:42:03,5977.74,6032.1,15.1491,7.7306,15.1504,0,0,149.627,0,-53591.1,0,0,0,0,0,0,-61079.3,0,149.879,149.627,0,0
31:10:15:23:42:04,5978.6,6030.1,15.1883,7.7039,15.1491,0,0,149.879,0,-53976.5,0,0,0,0,0,0,-61464.6,0,150.132,149.879,0,0
31:10:15:23:42:05,5979.74,6028.1,15.107,7.7039,15.1883,0,0,150.132,0,-54698.1,0,0,0,0,0,0,-62186.3,0,150.385,150.132,0,0
31:10:15:23:42:06,5981.46,6026.95,15.17,7.71191,15.107,0,0,150.385,0,-54423.5,0,0,0,0,0,0,-61911.6,0,150.637,150.385,0,0
31:10:15:23:42:07,5982.89,6027.52,15.1691,7.73461,15.17,0,0,150.637,0,-55341.5,0,0,0,0,0,0,-62829.7,0,150.89,150.637,0,0
31:10:15:23:42:08,5984.04,6029.24,15.1175,7.74529,15.1691,0,0,150.89,0,-55732.4,0,0,0,0,0,0,-63220.5,0,151.142,150.89,0,0
31:10:15:23:42:09,5984.32,6032.96,15.2105,7.75864,15.1175,0,0,151.142,0,-55695.8,0,0,0,0,0,0,-63183.9,0,151.395,151.142,0,0
31:10:15:23:42:10,5981.75,6031.53,15.1918,7.7493,15.2105,0,0,151.395,0,-56884.6,0,0,0,0,0,0,-64372.8,0,151.648,151.395,0,0
31:10:15:23:42:11,5978.03,6029.24,15.162,7.76665,15.1918,0,0,151.648,0,-57130.6,0,0,0,0,0,0,-64618.8,0,151.901,151.648,0,0
31:10:15:23:42:12,5978.03,6026.95,15.1539,7.77867,15.162,0,0,151.901,0,-57274.7,0,0,0,0,0,0,-64762.9,0,152.154,151.901,0,0
31:10:15:23:42:13,5978.6,6023.52,15.1146,7.76265,15.1539,0,0,152.154,0,-57603,0,0,0,0,0,0,-65091.1,0,152.406,152.154,0,0
31:10:15:23:42:14,5979.46,6020.66,15.1371,7.75998,15.1146,0,0,152.406,0,-57659.4,0,0,0,0,0,0,-65147.5,0,152.658,152.406,0,0
31:10:15:23:42:15,5980.89,6020.37,15.1878,7.75063,15.1371,0,0,152.658,0,-58249.6,0,0,0,0,0,0,-65737.8,0,152.911,152.658,0,0
31:10:15:23:42:16,5982.03,6022.66,15.1667,7.76398,15.1878,0,0,152.911,0,-59092.4,0,0,0,0,0,0,-66580.5,0,153.164,152.911,0,0
31:10:15:23:42:17,5982.61,6020.66,15.1614,7.7533,15.1667,0,0,153.164,0,-59306,0,0,0,0,0,0,-66794.1,0,153.416,153.164,0,0
31:10:15:23:42:18,5982.03,6019.23,15.0763,7.75998,15.1614,0,0,153.416,0,-59657.6,0,0,0,0,0,0,-67145.7,0,153.668,153.416,0,0
31:10:15:23:42:19,5979.74,6018.94,15.1788,7.75063,15.0763,0,0,153.668,0,-59297.8,0,0,0,0,0,0,-66785.9,0,153.921,153.668,0,0
31:10:15:23:42:20,5977.74,6019.23,15.1188,7.76665,15.1788,0,0,153.921,0,-60613.1,0,0,0,0,0,0,-68101.3,0,154.173,153.921,0,0
31:10:15:23:42:21,5982.89,6018.94,15.1387,7.85744,15.1188,0,0,154.173,0,-60466.8,0,0,0,0,0,0,-67954.9,0,154.425,154.173,0,0
31:10:15:23:42:22,5985.47,6018.94,15.0962,7.85077,15.1387,0,0,154.425,0,-61038.1,0,0,0,0,0,0,-68526.2,0,154.677,154.425,0,0
31:10:15:23:42:23,5985.18,6018.08,15.1141,7.96025,15.0962,0,0,154.677,0,-61048.8,0,0,0,0,0,0,-68536.9,0,154.929,154.677,0,0
31:10:15:23:42:24,5983.46,6017.8,15.1515,7.71058,15.1141,0,0,154.929,0,-61607.9,0,0,0,0,0,0,-69096,0,155.181,154.929,0,0
31:10:15:23:42:25,5979.74,6016.94,15.1706,7.78535,15.1515,0,0,155.181,0,-62353.1,0,0,0,0,0,0,-69841.3,0,155.434,155.181,0,0
31:10:15:23:42:26,5977.17,6014.65,15.1301,7.50229,15.1706,0,0,155.434,0,-62931.5,0,0,0,0,0,0,-70419.6,0,155.686,155.434,0,0
31:10:15:23:42:27,5977.17,6013.5,15.1583,7.55837,15.1301,0,0,155.686,0,-62951.7,0,0,0,0,0,0,-70439.8,0,155.939,155.686,0,0
31:10:15:23:42:28,5980.03,6013.79,15.0098,7.39815,15.1583,0,0,155.939,0,-63611.2,0,0,0,0,0,0,-71099.4,0,156.19,155.939,0,0
31:10:15:23:42:29,5982.61,6013.22,15.1473,7.38079,15.0098,0,0,156.19,0,-62606.8,0,0,0,0,0,0,-70094.9,0,156.441,156.19,0,0
31:10:15:23:42:30,5985.75,6013.22,15.113,7.35141,15.1473,0,0,156.441,0,-64292.4,0,0,0,0,0,0,-71780.5,0,156.694,156.441,0,0
31:10:15:23:42:31,5985.75,6012.07,15.1345,7.22591,15.113,0,0,156.694,0,-64364.7,0,0,0,0,0,0,-71852.8,0,156.946,156.694,0,0
31:10:15:23:42:32,5986.61,6013.79,15.1345,7.29534,15.1345,0,0,156.946,0,-64963,0,0,0,0,0,0,-72451.1,0,157.198,156.946,0,0
31:10:15:23:42:33,5983.75,6012.93,15.1728,7.22458,15.1345,0,0,157.198,0,-65362.5,0,0,0,0,0.00945259,0,-72850.6,0,157.45,157.198,0,0
31:10:15:23:42:34,5980.32,6012.36,15.1462,7.28332,15.1728,0,0,157.45,0,-66137.4,0,0,0,0,0.26589,0,-73625.5,0,157.703,157.45,0.190104,0
31:10:15:23:42:35,5980.6,6012.07,15.1746,7.3127,15.1462,0,0,157.703,0,-66274.3,0,0,0,0,0.788602,0,-73762.5,0,157.956,157.703,0.682629,0
31:10:15:23:42:36,5981.75,6010.36,15.1111,7.28199,15.1746,0,0,157.956,0,-66950.5,0,0,0,0,1.24906,0,-74438.7,0,158.208,157.956,1.01625,0
31:10:15:23:42:37,5985.18,6013.79,15.0907,7.20054,15.1111,0,0,158.208,0,-66721.1,0,0,0,0,1.8571,0,-74209.3,0,158.46,158.208,1.5985,0
31:10:15:23:42:38,5986.61,6014.94,15.1575,7.25929,15.0907,0,0,158.46,0,-66911.4,0,0,0,0,2.20721,0,-74399.6,0,158.712,158.46,1.97604,0
31:10:15:23:42:39,5988.61,6013.79,15.1662,7.27398,15.1575,0,0,158.712,0,-67970.1,0,0,0,0,2.70487,0,-75458.3,0,158.965,158.712,2.53508,0
31:10:15:23:42:40,5981.75,6008.93,15.1266,7.20989,15.1662,0,0,158.965,0,-68460.4,0,0,0,0,2.9588,0,-75948.5,0,159.217,158.965,2.88115,0
31:10:15:23:42:41,5980.32,6005.78,15.1351,7.16449,15.1266,0,0,159.217,0,-68463.4,0,0,0,0,3.3159,0,-75951.6,0,159.469,159.217,3.24673,0
31:10:15:23:42:42,5979.74,6003.78,15.1682,7.25528,15.1351,0,0,159.469,0,-68945.8,0,0,0,0,3.61442,0,-76434,0,159.722,159.469,3.45736,0
31:10:15:23:42:43,5982.89,6004.06,15.1281,7.25528,15.1682,0,0,159.722,0,-69675,0,0,0,0,3.87384,0,-77163.1,0,159.974,159.722,3.69635,0
31:10:15:23:42:44,6015.51,6034.39,15.1009,7.20855,15.1281,0,0,159.974,0,-69632.6,0,0,0,0,4.30623,0,-77120.7,0,160.226,159.974,4.1168,0
31:10:15:23:42:45,6100.77,6118.5,15.1425,7.20722,15.1009,0,0,160.226,0,-69664.4,0,0,0,0,4.60021,0,-77152.5,0,160.478,160.226,4.4981,0
31:10:15:23:42:46,6171.43,6189.17,15.5057,7.19787,15.1425,0,0,160.478,0,-70417.1,0,0,0,0,5.09418,0,-77905.3,0,160.734,160.478,5.02629,0
31:10:15:23:42:47,6226.65,6243.53,15.6914,7.39147,15.5057,0,0,160.734,0,-74576.9,0,0,0,0,5.19246,0,-82065,0,160.994,160.734,5.18402,0
31:10:15:23:42:48,6282.73,6304.47,16.8838,7.69055,15.6914,0,0,160.994,0,-76942.9,0,0,0,0,4.67552,0,-84431,0,161.265,160.994,5.01494,0
31:10:15:23:42:49,6388.87,6409.18,18.2004,8.35012,16.8838,0,0,161.265,0,-90707.1,0,0,0,0,3.95691,0,-98195.2,0,161.557,161.265,4.38346,0
31:10:15:23:42:50,6471.27,6492.44,18.8397,8.98432,18.2004,0,0,161.557,0,-107178,0,0,0,0,3.04039,0,-114667,0,161.866,161.557,3.42777,0
31:10:15:23:42:51,6515.9,6536.78,19.5827,9.70264,18.8397,0,0,161.866,0,-116059,0,0,0,0,2.35755,0,-123547,0,162.186,161.866,2.86674,0
31:10:15:23:42:52,6542.22,6558.81,20.9144,10.4583,19.5827,0,0,162.186,0,-126766,0,0,0,0,1.57288,0,-134254,0,162.524,162.186,1.8001,0
31:10:15:23:42:53,6556.52,6574.26,22.5538,11.5412,20.9144,0,0,162.524,0,-146525,0,0,0,0,1.23865,0,-154013,0,162.886,162.524,1.36692,0
31:10:15:23:42:54,6557.1,6571.69,23.1679,12.1553,22.5538,0,0,162.886,0,-172662,0,0,0,0,0.926685,0,-180150,0,163.267,162.886,0.926685,0
31:10:15:23:42:55,6596.86,6614.6,23.145,12.879,23.1679,0,0,163.267,0,-183854,0,0,0,0,0.66475,0.100499,-191342,0,163.653,163.267,0.738205,0
31:10:15:23:42:56,6608.59,6620.9,23.4411,13.2008,23.145,0,0,163.653,0,-184865,0,0,0,0,0.541342,1.05275,-192353,0,164.041,163.653,0.637992,0
31:10:15:23:42:57,6612.89,6623.19,23.4725,13.9712,23.4411,0,0,164.041,0,-191205,0,0,0,0,0.425913,1.59299,-198693,0,164.432,164.041,0.476091,0
31:10:15:23:42:58,6618.32,6627.19,23.6309,14.2382,23.4725,0,0,164.432,0,-193183,0,0,0,0,0.383673,1.57745,-200671,0,164.825,164.432,0.39373,0
31:10:15:23:42:59,6624.33,6627.76,24.0244,14.7576,23.6309,0,0,164.825,0,-197346,0,0,0,0,0.354896,1.32704,-204834,0,165.222,164.825,0.357414,0
31:10:15:23:43:00,6606.02,6614.6,23.8371,15.2209,24.0244,0,0,165.222,0,-205719,0,0,0,0,0.355288,0.983406,-213208,0,165.621,165.222,0.351565,0
31:10:15:23:43:01,6607.16,6616.89,23.856,15.3784,23.8371,0,0,165.621,0,-203969,0,0,0,0,0.400301,0.662134,-211457,0,166.018,165.621,0.376127,0
31:10:15:23:43:02,6613.46,6619.18,23.9133,15.7696,23.856,0,0,166.018,0,-205817,0,0,0,0,0.424645,0.549551,-213305,0,166.416,166.018,0.404694,0
31:10:15:23:43:03,6634.92,6638.35,23.8398,15.6214,23.9133,0,0,166.416,0,-208352,0,0,0,0,0.474073,0.456336,-215840,0,166.814,166.416,0.450197,0
31:10:15:23:43:04,6643.21,6648.08,24.0737,15.8351,23.8398,0,0,166.814,0,-208556,0,0,0,0,0.593603,0.443558,-216044,0,167.213,166.814,0.564714,0
31:10:15:23:43:05,6646.93,6647.22,24.1938,16.0407,24.0737,0,0,167.213,0,-214325,0,0,0,0,0.593603,0.460996,-221814,0,167.616,167.213,0.642331,0
31:10:15:23:43:06,6656.95,6656.95,24.2427,16.038,24.1938,0,0,167.616,0,-218103,0,0,0,0,0.695379,0.489521,-225591,0,168.019,167.616,0.761263,0
31:10:15:23:43:07,6683.55,6684.7,24.5214,16.3064,24.2427,0,0,168.019,0,-220576,0,0,0,0,0.784255,0.534025,-228064,0,168.426,168.019,0.793278,0
31:10:15:23:43:08,6683.84,6684.98,24.4624,16.4666,24.5214,0,0,168.426,0,-227439,0,0,0,0,0.815627,0.549604,-234928,0,168.834,168.426,0.837592,0
31:10:15:23:43:09,6684.13,6686.99,24.4436,16.6041,24.4624,0,0,168.834,0,-227968,0,0,0,0,0.831443,0.513621,-235456,0,169.241,168.834,0.82446,0
31:10:15:23:43:10,6704.15,6700.15,24.8671,16.7229,24.4436,0,0,169.241,0,-229230,0,0,0,0,0.81041,0.47872,-236718,0,169.652,169.241,0.729251,0
31:10:15:23:43:11,6707.87,6708.44,24.8501,16.9699,24.8671,0,0,169.652,0,-239119,0,0,0,0,0.714873,0.41031,-246607,0,170.067,169.652,0.689117,0
31:10:15:23:43:12,6705.01,6709.3,24.9218,16.8992,24.8501,0,0,170.067,0,-240510,0,0,0,0,0.669141,0.365635,-247998,0,170.481,170.067,0.662491,0
31:10:15:23:43:13,6710.16,6715.88,25.0082,17.0033,24.9218,0,0,170.481,0,-243658,0,0,0,0,0.659536,0.324154,-251146,0,170.897,170.481,0.651853,0
31:10:15:23:43:14,6718.74,6710.16,25.3953,16.9739,25.0082,0,0,170.897,0,-247125,0,0,0,0,0.653449,0.288897,-254613,0,171.317,170.897,0.648355,0
31:10:15:23:43:15,6711.88,6711.31,25.4187,17.0754,25.3953,0,0,171.317,0,-256799,0,0,0,0,0.64998,0.275632,-264287,0,171.741,171.317,0.655798,0
31:10:15:23:43:16,6700.43,6705.87,25.2852,17.0541,25.4187,0,0,171.741,0,-259137,0,0,0,0,0.660863,0.261965,-266625,0,172.163,171.741,0.665258,0
31:10:15:23:43:17,6698.72,6700.43,25.1977,17.046,25.2852,0,0,172.163,0,-258196,0,0,0,0,0.679252,0.261199,-265685,0,172.584,172.163,0.672326,0
31:10:15:23:43:18,6707.87,6703.01,25.0818,17.0607,25.1977,0,0,172.584,0,-258169,0,0,0,0,0.686151,0.272864,-265657,0,173.003,172.584,0.70123,0
31:10:15:23:43:19,6700.72,6705.3,25.3272,17.0701,25.0818,0,0,173.003,0,-257545,0,0,0,0,0.715788,0.292589,-265033,0,173.423,173.003,0.734401,0
31:10:15:23:43:20,6705.3,6702.15,25.2924,17.1061,25.3272,0,0,173.423,0,-264499,0,0,0,0,0.737495,0.329497,-271987,0,173.845,173.423,0.737671,0
31:10:15:23:43:21,6702.72,6704.15,25.1056,17.0834,25.2924,0,0,173.845,0,-265586,0,0,0,0,0.743573,0.344764,-273074,0,174.265,173.845,0.757165,0
31:10:15:23:43:22,6699.29,6707.59,25.3158,16.9953,25.1056,0,0,174.265,0,-263394,0,0,0,0,0.76298,0.359668,-270882,0,174.685,174.265,0.764823,0
31:10:15:23:43:23,6705.01,6710.16,25.2846,17.0888,25.3158,0,0,174.685,0,-269706,0,0,0,0,0.768635,0.371101,-277195,0,175.107,174.685,0.73662,0
31:10:15:23:43:24,6709.02,6704.15,25.1366,17.1822,25.2846,0,0,175.107,0,-270840,0,0,0,0,0.736122,0.362951,-278328,0,175.527,175.107,0.723916,0
31:10:15:23:43:25,6700.72,6700.72,25.2005,17.1288,25.1366,0,0,175.527,0,-269425,0,0,0,0,0.725175,0.354413,-276913,0,175.946,175.527,0.733175,0
31:10:15:23:43:26,6695.86,6701.29,25.2563,17.1101,25.2005,0,0,175.946,0,-272615,0,0,0,0,0.759303,0.35462,-280103,0,176.367,175.946,0.78985,0
31:10:15:23:43:27,6699.86,6701.58,25.2203,17.0941,25.2563,0,0,176.367,0,-275642,0,0,0,0,0.800488,0.352482,-283130,0,176.788,176.367,0.816973,0
31:10:15:23:43:28,6701.86,6697.57,25.1389,17.0714,25.2203,0,0,176.788,0,-276644,0,0,0,0,0.82079,0.351728,-284133,0,177.207,176.788,0.849716,0
31:10:15:23:43:29,6695.57,6695.57,25.0826,17.0661,25.1389,0,0,177.207,0,-276633,0,0,0,0,0.860068,0.350924,-284121,0,177.626,177.207,0.849716,0
31:10:15:23:43:30,6691.56,6696.14,25.2041,17.1222,25.0826,0,0,177.626,0,-277150,0,0,0,0,0.872172,0.350474,-284638,0,178.045,177.626,0.870595,0
31:10:15:23:43:31,6696.14,6696.71,25.1728,17.0981,25.2041,0,0,178.045,0,-281666,0,0,0,0,0.862137,0.349679,-289154,0,178.465,178.045,0.867127,0
31:10:15:23:43:32,6694.14,6685.56,25.1504,17.026,25.1728,0,0,178.465,0,-282754,0,0,0,0,0.86276,0.334591,-290242,0,178.884,178.465,0.854836,0
31:10:15:23:43:33,6684.98,6687.27,25.1637,17.1248,25.1504,0,0,178.884,0,-284037,0,0,0,0,0.859871,0.32985,-291525,0,179.303,178.884,0.859871,0
31:10:15:23:43:34,6680.41,6679.55,25.1056,17.1048,25.1637,0,0,179.303,0,-286133,0,0,0,0,0.838531,0.330144,-293621,0,179.722,179.303,0.840885,0
31:10:15:23:43:35,6684.41,6675.83,25.3517,17.229,25.1056,0,0,179.722,0,-286569,0,0,0,0,0.824436,0.320243,-294058,0,180.143,179.722,0.825461,0
31:10:15:23:43:36,6686.7,6675.83,25.2086,17.2343,25.3517,0,0,180.143,0,-294105,0,0,0,0,0.81657,0.310076,-301594,0,180.564,180.143,0.815154,0
31:10:15:23:43:37,6681.26,6673.54,25.0792,17.2316,25.2086,0,0,180.564,0,-292563,0,0,0,0,0.803865,0.289856,-300051,0,180.983,180.564,0.814588,0
31:10:15:23:43:38,6674.68,6666.96,25.2286,17.2557,25.0792,0,0,180.983,0,-291307,0,0,0,0,0.746514,0.282987,-298795,0,181.402,180.983,0.771164,0
31:10:15:23:43:39,6669.82,6668.96,25.2315,17.2797,25.2286,0,0,181.402,0,-296635,0,0,0,0,0.735911,0.276257,-304123,0,181.823,181.402,0.731116,0
31:10:15:23:43:40,6674.11,6672.68,25.1977,17.3011,25.2315,0,0,181.823,0,-298501,0,0,0,0,0.761986,0.279258,-305989,0,182.243,181.823,0.753491,0
31:10:15:23:43:41,6679.55,6668.1,25.1785,17.233,25.1977,0,0,182.243,0,-299459,0,0,0,0,0.7683,0.293033,-306947,0,182.663,182.243,0.768928,0
31:10:15:23:43:42,6673.54,6663.81,25.3325,17.2837,25.1785,0,0,182.663,0,-299000,0,0,0,0,0.782486,0.296427,-306488,0,183.084,182.663,0.782486,0
31:10:15:23:43:43,6667.53,6664.67,25.2506,17.293,25.3325,0,0,183.084,0,-302722,0,0,0,0,0.7831,0.295397,-310210,0,183.505,183.084,0.788611,0
31:10:15:23:43:44,6668.68,6665.53,25.0881,17.281,25.2506,0,0,183.505,0,-300740,0,0,0,0,0.761275,0.302373,-308228,0,183.925,183.505,0.768023,0
31:10:15:23:43:45,6674.97,6664.96,25.2679,17.2704,25.0881,0,0,183.925,0,-296824,0,0,0,0,0.719187,0.307491,-304312,0,184.344,183.925,0.721746,0
31:10:15:23:43:46,6667.82,6659.81,25.1777,17.265,25.2679,0,0,184.344,0,-301155,0,0,0,0,0.726117,0.29974,-308643,0,184.765,184.344,0.715802,0
31:10:15:23:43:47,6662.67,6659.52,25.0584,17.2864,25.1777,0,0,184.765,0,-298986,0,0,0,0,0.756357,0.29406,-306474,0,185.183,184.765,0.750107,0
31:10:15:23:43:48,6664.1,6660.09,25.2982,17.2663,25.0584,0,0,185.183,0,-296119,0,0,0,0,0.757165,0.289371,-303607,0,185.603,185.183,0.755651,0
31:10:15:23:43:49,6668.1,6656.09,25.1066,17.1849,25.2982,0,0,185.603,0,-301880,0,0,0,0,0.774576,0.289035,-309368,0,186.023,185.603,0.766698,0
31:10:15:23:43:50,6659.52,6649.22,25.1924,17.2663,25.1066,0,0,186.023,0,-297272,0,0,0,0,0.770983,0.278644,-304760,0,186.442,186.023,0.771457,0
31:10:15:23:43:51,6653.8,6649.79,25.1999,17.2343,25.1924,0,0,186.442,0,-299339,0,0,0,0,0.72988,0.281804,-306827,0,186.862,186.442,0.743202,0
31:10:15:23:43:52,6656.95,6648.65,25.107,17.2129,25.1999,0,0,186.862,0,-299517,0,0,0,0,0.735319,0.29101,-307005,0,187.281,186.862,0.727947,0
31:10:15:23:43:53,6664.96,6649.22,25.3352,17.1876,25.107,0,0,187.281,0,-297275,0,0,0,0,0.767627,0.299719,-304763,0,187.702,187.281,0.762124,0
31:10:15:23:43:54,6662.1,6651.8,25.2721,17.245,25.3352,0,0,187.702,0,-302775,0,0,0,0,0.791984,0.300252,-310263,0,188.123,187.702,0.780343,0
31:10:15:23:43:55,6655.8,6648.36,25.1505,17.2276,25.2721,0,0,188.123,0,-301253,0,0,0,0,0.803718,0.31131,-308741,0,188.544,188.123,0.795759,0
31:10:15:23:43:56,6656.09,6648.65,25.3853,17.1969,25.1505,0,0,188.544,0,-298325,0,0,0,0,0.789719,0.331237,-305813,0,188.965,188.544,0.804258,0
31:10:15:23:43:57,6652.65,6648.94,25.1769,17.1889,25.3853,0,0,188.965,0,-303992,0,0,0,0,0.766347,0.34825,-311480,0,189.386,188.965,0.774291,0
31:10:15:23:43:58,6659.81,6648.36,25.028,17.2169,25.1769,0,0,189.386,0,-298950,0,0,0,0,0.739514,0.344376,-306438,0,189.805,189.386,0.739488,0
31:10:15:23:43:59,6658.38,6643.5,25.028,17.2396,25.028,0,0,189.805,0,-295380,0,0,0,0,0.742602,0.337493,-302868,0,190.222,189.805,0.739549,0
31:10:15:23:44:00,6648.65,6639.78,25.2801,17.237,25.028,0,0,190.222,0,-295388,0,0,0,0,0.748742,0.332568,-302876,0,190.641,190.222,0.756261,0
31:10:15:23:44:01,6647.79,6643.79,25.0582,17.233,25.2801,0,0,190.641,0,-301447,0,0,0,0,0.72853,0.32445,-308935,0,191.06,190.641,0.74063,0
31:10:15:23:44:02,6656.66,6646.07,25.2572,17.2263,25.0582,0,0,191.06,0,-296100,0,0,0,0,0.712675,0.308912,-303588,0,191.48,191.06,0.714699,0
31:10:15:23:44:03,6658.09,6643.21,25.2079,17.2396,25.2572,0,0,191.48,0,-300882,0,0,0,0,0.700838,0.310036,-308370,0,191.9,191.48,0.704429,0
31:10:15:23:44:04,6650.94,6640.92,25.4141,17.2757,25.2079,0,0,191.9,0,-299694,0,0,0,0,0.687076,0.307826,-307183,0,192.322,191.9,0.691824,0
31:10:15:23:44:05,6644.36,6637.2,25.2921,17.2076,25.4141,0,0,192.322,0,-304691,0,0,0,0,0.687076,0.306775,-312179,0,192.745,192.322,0.66466,0
31:10:15:23:44:06,6649.22,6636.63,25.0735,17.2223,25.2921,0,0,192.745,0,-301725,0,0,0,0,0.657215,0.297351,-309213,0,193.164,192.745,0.654379,0
31:10:15:23:44:07,6645.79,6628.62,25.128,17.2276,25.0735,0,0,193.164,0,-296470,0,0,0,0,0.660567,0.295558,-303958,0,193.583,193.164,0.669691,0
31:10:15:23:44:08,6639.78,6630.05,25.2279,17.2209,25.128,0,0,193.583,0,-297778,0,0,0,0,0.685713,0.306528,-305266,0,194.002,193.583,0.702898,0
31:10:15:23:44:09,6638.64,6632.63,25.2296,17.241,25.2279,0,0,194.002,0,-300185,0,0,0,0,0.716547,0.308121,-307673,0,194.423,194.002,0.761369,0
31:10:15:23:44:10,6646.93,6636.06,25.4202,17.261,25.2296,0,0,194.423,0,-300214,0,0,0,0,0.766308,0.305766,-307702,0,194.845,194.423,0.769339,0
31:10:15:23:44:11,6646.65,6629.19,25.4132,17.1996,25.4202,0,0,194.845,0,-304822,0,0,0,0,0.768008,0.314692,-312311,0,195.268,194.845,0.77253,0
31:10:15:23:44:12,6639.49,6632.63,25.1101,17.2009,25.4132,0,0,195.268,0,-304662,0,0,0,0,0.77253,0.319672,-312150,0,195.689,195.268,0.769805,0
31:10:15:23:44:13,6635.2,6629.48,25.0127,17.2009,25.1101,0,0,195.689,0,-297347,0,0,0,0,0.755782,0.309507,-304835,0,196.107,195.689,0.730958,0
31:10:15:23:44:14,6642.07,6628.91,25.2656,17.2396,25.0127,0,0,196.107,0,-295006,0,0,0,0,0.719913,0.307793,-302495,0,196.526,196.107,0.666233,0
31:10:15:23:44:15,6638.92,6630.62,25.0367,17.1996,25.2656,0,0,196.526,0,-301082,0,0,0,0,0.659898,0.308443,-308570,0,196.945,196.526,0.665071,0
31:10:15:23:44:16,6645.79,6626.33,24.9583,17.2183,25.0367,0,0,196.945,0,-295572,0,0,0,0,0.667772,0.30319,-303060,0,197.362,196.945,0.685682,0
31:10:15:23:44:17,6638.92,6624.04,25.1561,17.2023,24.9583,0,0,197.362,0,-293703,0,0,0,0,0.683732,0.313973,-301191,0,197.78,197.362,0.685324,0
31:10:15:23:44:18,6634.34,6625.19,25.2021,17.1689,25.1561,0,0,197.78,0,-298446,0,0,0,0,0.68863,0.322376,-305934,0,198.199,197.78,0.692591,0
31:10:15:23:44:19,6641.78,6630.91,25.0625,17.1769,25.2021,0,0,198.199,0,-299541,0,0,0,0,0.702191,0.325582,-307029,0,198.618,198.199,0.701335,0
31:10:15:23:44:20,6646.93,6629.77,25.3395,17.1582,25.0625,0,0,198.618,0,-296185,0,0,0,0,0.705927,0.330552,-303673,0,199.038,198.618,0.700571,0
31:10:15:23:44:21,6639.49,6625.76,25.1065,17.233,25.3395,0,0,199.038,0,-302859,0,0,0,0,0.71174,0.33147,-310347,0,199.459,199.038,0.733039,0
31:10:15:23:44:22,6632.34,6622.33,25.2128,17.225,25.1065,0,0,199.459,0,-297249,0,0,0,0,0.745615,0.326904,-304737,0,199.878,199.459,0.804959,0
31:10:15:23:44:23,6638.64,6625.47,25.0194,17.1622,25.2128,0,0,199.878,0,-299798,0,0,0,0,0.803454,0.330087,-307286,0,200.296,199.878,0.813104,0
31:10:15:23:44:24,6639.49,6619.75,25.0275,17.249,25.0194,0,0,200.296,0,-295153,0,0,0,0,0.820503,0.319443,-302641,0,200.714,200.296,0.812318,0
31:10:15:23:44:25,6631.77,6617.46,25.3768,17.237,25.0275,0,0,200.714,0,-295353,0,0,0,0,0.81147,0.308628,-302841,0,201.134,200.714,0.803137,0
31:10:15:23:44:26,6628.91,6621.47,25.139,17.2543,25.3768,0,0,201.134,0,-303764,0,0,0,0,0.80098,0.30378,-311252,0,201.555,201.134,0.79051,0
31:10:15:23:44:27,6640.35,6627.48,25.1737,17.2757,25.139,0,0,201.555,0,-298015,0,0,0,0,0.778949,0.304291,-305503,0,201.974,201.555,0.714321,0
31:10:15:23:44:28,6644.36,6623.76,25.1313,17.1916,25.1737,0,0,201.974,0,-298840,0,0,0,0,0.698593,0.310955,-306328,0,202.393,201.974,0.674086,0
31:10:15:23:44:29,6636.06,6620.32,25.1164,17.2396,25.1313,0,0,202.393,0,-297830,0,0,0,0,0.665613,0.30903,-305319,0,202.812,202.393,0.690025,0
31:10:15:23:44:30,6632.06,6621.18,25.0599,17.2116,25.1164,0,0,202.812,0,-297474,0,0,0,0,0.696327,0.304381,-304963,0,203.23,202.812,0.690025,0
31:10:15:23:44:31,6639.21,6623.47,25.2381,17.2343,25.0599,0,0,203.23,0,-296111,0,0,0,0,0.698679,0.299227,-303599,0,203.649,203.23,0.701118,0
31:10:15:23:44:32,6639.49,6628.05,25.1585,17.2076,25.2381,0,0,203.649,0,-300390,0,0,0,0,0.703008,0.298169,-307878,0,204.069,203.649,0.6996,0
31:10:15:23:44:33,6633.77,6624.62,25.0773,17.2129,25.1585,0,0,204.069,0,-298479,0,0,0,0,0.709618,0.307992,-305967,0,204.488,204.069,0.704947,0
31:10:15:23:44:34,6632.06,6618.61,25.1334,17.2076,25.0773,0,0,204.488,0,-296532,0,0,0,0,0.685449,0.310711,-304020,0,204.906,204.488,0.703694,0
31:10:15:23:44:35,6640.92,6620.32,25.2111,17.2276,25.1334,0,0,204.906,0,-297868,0,0,0,0,0.650593,0.320867,-305356,0,205.326,204.906,0.663342,0
31:10:15:23:44:36,6638.35,6628.91,25.3154,17.2169,25.2111,0,0,205.326,0,-299734,0,0,0,0,0.650608,0.317696,-307222,0,205.747,205.326,0.649696,0
31:10:15:23:44:37,6646.65,6628.05,25.1969,17.2356,25.3154,0,0,205.747,0,-302243,0,0,0,0,0.659325,0.307502,-309731,0,206.168,205.747,0.659703,0
31:10:15:23:44:38,6639.49,6620.9,25.2898,17.249,25.1969,0,0,206.168,0,-299392,0,0,0,0,0.660553,0.302411,-306880,0,206.588,206.168,0.659948,0
31:10:15:23:44:39,6631.77,6619.75,25.2114,17.1689,25.2898,0,0,206.588,0,-301633,0,0,0,0,0.676244,0.303509,-309121,0,207.009,206.588,0.672136,0
31:10:15:23:44:40,6635.2,6622.61,25.2173,17.2169,25.2114,0,0,207.009,0,-299740,0,0,0,0,0.681273,0.307006,-307228,0,207.429,207.009,0.687323,0
31:10:15:23:44:41,6638.64,6618.89,25.3267,17.2343,25.2173,0,0,207.429,0,-299878,0,0,0,0,0.654,0.314137,-307366,0,207.851,207.429,0.661895,0
31:10:15:23:44:42,6632.06,6616.03,25.2659,17.2757,25.3267,0,0,207.851,0,-302520,0,0,0,0,0.669947,0.323954,-310008,0,208.272,207.851,0.65144,0
31:10:15:23:44:43,6629.19,6619.47,25.2781,17.229,25.2659,0,0,208.272,0,-301056,0,0,0,0,0.710969,0.324681,-308544,0,208.693,208.272,0.694929,0
31:10:15:23:44:44,6638.06,6625.19,25.2566,17.1876,25.2781,0,0,208.693,0,-301340,0,0,0,0,0.766921,0.318336,-308829,0,209.115,208.693,0.762544,0
31:10:15:23:44:45,6642.93,6620.32,25.029,17.1769,25.2566,0,0,209.115,0,-300813,0,0,0,0,0.793436,0.308445,-308301,0,209.534,209.115,0.782606,0
31:10:15:23:44:46,6634.06,6615.75,25.362,17.1836,25.029,0,0,209.534,0,-295352,0,0,0,0,0.806232,0.297936,-302840,0,209.954,209.534,0.806232,0
31:10:15:23:44:47,6628.34,6615.75,25.3224,17.2116,25.362,0,0,209.954,0,-303374,0,0,0,0,0.799791,0.291804,-310862,0,210.376,209.954,0.799791,0
31:10:15:23:44:48,6633.49,6618.61,25.1664,17.1929,25.3224,0,0,210.376,0,-302408,0,0,0,0,0.75323,0.292366,-309897,0,210.797,210.376,0.75323,0
31:10:15:23:44:49,6636.92,6615.75,25.1993,17.2423,25.1664,0,0,210.797,0,-298641,0,0,0,0,0.675813,0.303452,-306129,0,211.216,210.797,0.710964,0
31:10:15:23:44:50,6630.05,6616.03,25.2023,17.249,25.1993,0,0,211.216,0,-299434,0,0,0,0,0.65429,0.312566,-306922,0,211.636,211.216,0.663033,0
31:10:15:23:44:51,6628.34,6611.17,25.264,17.241,25.2023,0,0,211.636,0,-299513,0,0,0,0,0.670583,0.308525,-307001,0,212.057,211.636,0.659213,0
31:10:15:23:44:52,6633.77,6612.31,25.2439,17.2396,25.264,0,0,212.057,0,-300993,0,0,0,0,0.699751,0.300194,-308481,0,212.478,212.057,0.69475,0
31:10:15:23:44:53,6635.2,6618.04,25.2255,17.2236,25.2439,0,0,212.478,0,-300504,0,0,0,0,0.719976,0.287233,-307992,0,212.898,212.478,0.716312,0
31:10:15:23:44:54,6625.47,6616.03,25.1679,17.2049,25.2255,0,0,212.898,0,-300065,0,0,0,0,0.728525,0.286509,-307553,0,213.318,212.898,0.728525,0
31:10:15:23:44:55,6628.05,6607.74,25.1046,17.2023,25.1679,0,0,213.318,0,-298675,0,0,0,0,0.730697,0.298858,-306163,0,213.737,213.318,0.732947,0
31:10:15:23:44:56,6619.75,6608.02,25.3614,17.2063,25.1046,0,0,213.737,0,-297161,0,0,0,0,0.734751,0.307853,-304649,0,214.158,213.737,0.733353,0
31:10:15:23:44:57,6620.9,6609.74,25.3237,17.229,25.3614,0,0,214.158,0,-303352,0,0,0,0,0.699679,0.319062,-310840,0,214.58,214.158,0.709417,0
31:10:15:23:44:58,6626.91,6608.88,24.9263,17.2063,25.3237,0,0,214.58,0,-302430,0,0,0,0,0.681181,0.314717,-309918,0,214.999,214.58,0.686795,0
31:10:15:23:44:59,6624.04,6606.88,25.2246,17.277,24.9263,0,0,214.999,0,-292893,0,0,0,0,0.681935,0.308363,-300381,0,215.417,214.999,0.677639,0
31:10:15:23:45:00,6619.75,6607.74,25.1935,17.2183,25.2246,0,0,215.417,0,-300044,0,0,0,0,0.690448,0.314845,-307532,0,215.837,215.417,0.683328,0
31:10:15:23:45:01,6622.9,6611.74,24.9539,17.1796,25.1935,0,0,215.837,0,-299285,0,0,0,0,0.730999,0.307905,-306774,0,216.255,215.837,0.719444,0
31:10:15:23:45:02,6627.48,6607.45,25.177,17.233,24.9539,0,0,216.255,0,-293541,0,0,0,0,0.722072,0.296426,-301030,0,216.673,216.255,0.73325,0
31:10:15:23:45:03,6621.76,6603.73,25.2487,17.1969,25.177,0,0,216.673,0,-298889,0,0,0,0,0.704581,0.293256,-306377,0,217.093,216.673,0.713091,0
31:10:15:23:45:04,6616.89,6605.16,25.2022,17.1929,25.2487,0,0,217.093,0,-300618,0,0,0,0,0.653371,0.285305,-308106,0,217.513,217.093,0.671878,0
31:10:15:23:45:05,6621.18,6610.88,25.0982,17.1902,25.2022,0,0,217.513,0,-299493,0,0,0,0,0.639436,0.292498,-306981,0,217.932,217.513,0.647369,0
31:10:15:23:45:06,6627.76,6610.31,25.1954,17.2129,25.0982,0,0,217.932,0,-296986,0,0,0,0,0.639436,0.294163,-304474,0,218.352,217.932,0.666083,0
31:10:15:23:45:07,6625.76,6608.02,25.2187,17.1876,25.1954,0,0,218.352,0,-299321,0,0,0,0,0.686611,0.288433,-306809,0,218.772,218.352,0.708214,0
31:10:15:23:45:08,6621.18,6608.02,25.2876,17.1702,25.2187,0,0,218.772,0,-299888,0,0,0,0,0.716538,0.275462,-307376,0,219.193,218.772,0.734138,0
31:10:15:23:45:09,6623.19,6604.3,25.1644,17.2396,25.2876,0,0,219.193,0,-301545,0,0,0,0,0.738687,0.273056,-309033,0,219.613,219.193,0.74418,0
31:10:15:23:45:10,6627.76,6606.31,25.1592,17.2089,25.1644,0,0,219.613,0,-298571,0,0,0,0,0.745911,0.283462,-306059,0,220.032,219.613,0.748362,0
31:10:15:23:45:11,6622.33,6608.02,25.4921,17.2517,25.1592,0,0,220.032,0,-298447,0,0,0,0,0.731783,0.301494,-305935,0,220.454,220.032,0.721419,0
31:10:15:23:45:12,6616.61,6601.73,25.0935,17.269,25.4921,0,0,220.454,0,-306505,0,0,0,0,0.711172,0.308689,-313993,0,220.876,220.454,0.699051,0
31:10:15:23:45:13,6623.47,6601.44,25.2565,17.245,25.0935,0,0,220.876,0,-296866,0,0,0,0,0.691884,0.315837,-304354,0,221.296,220.876,0.686055,0
31:10:15:23:45:14,6616.32,6604.59,25.3109,17.2209,25.2565,0,0,221.296,0,-300794,0,0,0,0,0.682116,0.32503,-308282,0,221.717,221.296,0.689808,0
31:10:15:23:45:15,6624.9,6608.02,25.2383,17.2503,25.3109,0,0,221.717,0,-302094,0,0,0,0,0.677374,0.327695,-309582,0,222.138,221.717,0.710823,0
31:10:15:23:45:16,6622.9,6603.45,25.2122,17.2089,25.2383,0,0,222.138,0,-300346,0,0,0,0,0.710823,0.326039,-307834,0,222.559,222.138,0.738618,0
31:10:15:23:45:17,6618.61,6604.3,25.1454,17.1916,25.2122,0,0,222.559,0,-299714,0,0,0,0,0.738618,0.320077,-307202,0,222.978,222.559,0.724129,0
31:10:15:23:45:18,6616.89,6604.3,25.0666,17.1809,25.1454,0,0,222.978,0,-298110,0,0,0,0,0.711013,0.320224,-305598,0,223.397,222.978,0.700424,0
31:10:15:23:45:19,6622.61,6604.02,25.1968,17.2396,25.0666,0,0,223.397,0,-296211,0,0,0,0,0.686414,0.320872,-303699,0,223.816,223.397,0.682225,0
31:10:15:23:45:20,6619.47,6598.01,25.3418,17.2557,25.1968,0,0,223.816,0,-299342,0,0,0,0,0.683835,0.321573,-306830,0,224.237,223.816,0.683721,0
31:10:15:23:45:21,6613.46,6598.58,25.371,17.233,25.3418,0,0,224.237,0,-302845,0,0,0,0,0.680446,0.314106,-310333,0,224.659,224.237,0.688209,0
31:10:15:23:45:22,6613.74,6603.45,25.4013,17.1075,25.371,0,0,224.659,0,-303550,0,0,0,0,0.69215,0.295831,-311038,0,225.082,224.659,0.697797,0
31:10:15:23:45:23,6621.18,6605.73,25.2907,17.1889,25.4013,0,0,225.082,0,-304273,0,0,0,0,0.70125,0.297241,-311761,0,225.505,225.082,0.69697,0
31:10:15:23:45:24,6620.04,6600.3,25.3616,17.1822,25.2907,0,0,225.505,0,-301594,0,0,0,0,0.69697,0.306923,-309082,0,225.927,225.505,0.678049,0
31:10:15:23:45:25,6613.17,6599.44,25.288,17.1889,25.3616,0,0,225.927,0,-303319,0,0,0,0,0.671377,0.312916,-310807,0,226.349,225.927,0.678049,0
31:10:15:23:45:26,6613.17,6601.73,25.13,17.2076,25.288,0,0,226.349,0,-301537,0,0,0,0,0.66696,0.31813,-309025,0,226.769,226.349,0.668042,0
31:10:15:23:45:27,6619.18,6600.87,25.1575,17.2009,25.13,0,0,226.769,0,-297721,0,0,0,0,0.66549,0.320259,-305209,0,227.188,226.769,0.665754,0
31:10:15:23:45:28,6615.46,6602.01,25.4378,17.2263,25.1575,0,0,227.188,0,-298389,0,0,0,0,0.647067,0.327408,-305877,0,227.61,227.188,0.655259,0
31:10:15:23:45:29,6610.88,6599.15,25.0449,17.1942,25.4378,0,0,227.61,0,-305161,0,0,0,0,0.652365,0.329961,-312649,0,228.031,227.61,0.645927,0
31:10:15:23:45:30,6613.74,6596.01,25.3413,17.2129,25.0449,0,0,228.031,0,-295686,0,0,0,0,0.681037,0.325174,-303174,0,228.45,228.031,0.662582,0
31:10:15:23:45:31,6622.33,6598.01,25.3413,17.225,25.3413,0,0,228.45,0,-302808,0,0,0,0,0.713961,0.320194,-310296,0,228.873,228.45,0.700865,0
31:10:15:23:45:32,6617.75,6604.3,25.3195,17.2663,25.3413,0,0,228.873,0,-302811,0,0,0,0,0.729478,0.306784,-310299,0,229.295,228.873,0.721411,0
31:10:15:23:45:33,6622.33,6602.59,25.2432,17.269,25.3195,0,0,229.295,0,-302278,0,0,0,0,0.714279,0.294114,-309766,0,229.716,229.295,0.714279,0
31:10:15:23:45:34,6615.18,6598.58,25.2297,17.2196,25.2432,0,0,229.716,0,-300441,0,0,0,0,0.703802,0.296701,-307929,0,230.137,229.716,0.715664,0
31:10:15:23:45:35,6610.31,6597.15,25.0645,17.2049,25.2297,0,0,230.137,0,-300115,0,0,0,0,0.676714,0.296234,-307603,0,230.556,230.137,0.694318,0
31:10:15:23:45:36,6616.03,6599.15,25.2531,17.1916,25.0645,0,0,230.556,0,-296144,0,0,0,0,0.644538,0.294569,-303632,0,230.975,230.556,0.651866,0
31:10:15:23:45:37,6616.61,6594.86,25.132,17.2276,25.2531,0,0,230.975,0,-300669,0,0,0,0,0.650679,0.291676,-308157,0,231.395,230.975,0.644638,0
31:10:15:23:45:38,6608.59,6592.57,25.0222,17.233,25.132,0,0,231.395,0,-297766,0,0,0,0,0.672563,0.289474,-305254,0,231.813,231.395,0.672564,0
31:10:15:23:45:39,6606.59,6595.72,25.2598,17.249,25.0222,0,0,231.813,0,-295137,0,0,0,0,0.696249,0.299961,-302625,0,232.232,231.813,0.688259,0
31:10:15:23:45:40,6615.18,6601.16,25.2378,17.237,25.2598,0,0,232.232,0,-300831,0,0,0,0,0.731041,0.306636,-308319,0,232.653,232.232,0.724144,0
31:10:15:23:45:41,6618.61,6596.86,25.3319,17.281,25.2378,0,0,232.653,0,-300296,0,0,0,0,0.733756,0.299811,-307784,0,233.074,232.653,0.733277,0
31:10:15:23:45:42,6611.17,6594.58,25.0535,17.2316,25.3319,0,0,233.074,0,-302570,0,0,0,0,0.694715,0.293272,-310058,0,233.494,233.074,0.717878,0
31:10:15:23:45:43,6606.02,6594.29,25.0492,17.2343,25.0535,0,0,233.494,0,-295880,0,0,0,0,0.641633,0.290772,-303368,0,233.912,233.494,0.648071,0
31:10:15:23:45:44,6612.6,6595.15,25.261,17.1689,25.0492,0,0,233.912,0,-295768,0,0,0,0,0.639038,0.299405,-303257,0,234.331,233.912,0.638775,0
31:10:15:23:45:45,6612.89,6591.72,25.2635,17.2356,25.261,0,0,234.331,0,-300855,0,0,0,0,0.666552,0.308575,-308343,0,234.752,234.331,0.641022,0
31:10:15:23:45:46,6606.59,6593.15,25.3395,17.2169,25.2635,0,0,234.752,0,-300921,0,0,0,0,0.704779,0.313683,-308409,0,235.174,234.752,0.683572,0
31:10:15:23:45:47,6606.59,6597.15,25.2931,17.1983,25.3395,0,0,235.174,0,-302754,0,0,0,0,0.731474,0.316257,-310242,0,235.596,235.174,0.720274,0
31:10:15:23:45:48,6614.89,6593.72,25.1965,17.2396,25.2931,0,0,235.596,0,-301622,0,0,0,0,0.728536,0.312023,-309110,0,236.017,235.596,0.732675,0
31:10:15:23:45:49,6614.6,6600.3,25.1172,17.2129,25.1965,0,0,236.017,0,-299291,0,0,0,0,0.711039,0.310179,-306779,0,236.436,236.017,0.720873,0
31:10:15:23:45:50,6607.45,6599.73,25.3777,17.1649,25.1172,0,0,236.436,0,-297389,0,0,0,0,0.702494,0.31301,-304878,0,236.857,236.436,0.705444,0
31:10:15:23:45:51,6604.88,6594.58,25.2176,17.1609,25.3777,0,0,236.857,0,-303673,0,0,0,0,0.682127,0.316646,-311161,0,237.278,236.857,0.686393,0
31:10:15:23:45:52,6606.88,6592.86,25.0917,17.1716,25.2176,0,0,237.278,0,-299805,0,0,0,0,0.681085,0.311072,-307293,0,237.697,237.278,0.676483,0
31:10:15:23:45:53,6608.59,6594.86,25.2417,17.2036,25.0917,0,0,237.697,0,-296775,0,0,0,0,0.71497,0.312218,-304263,0,238.117,237.697,0.69143,0
31:10:15:23:45:54,6609.17,6588,25.0162,17.2517,25.2417,0,0,238.117,0,-300380,0,0,0,0,0.73979,0.315428,-307868,0,238.536,238.117,0.719394,0
31:10:15:23:45:55,6602.01,6583.99,25.233,17.2396,25.0162,0,0,238.536,0,-294969,0,0,0,0,0.755487,0.312132,-302458,0,238.954,238.536,0.748795,0
31:10:15:23:45:56,6598.01,6587.42,25.3317,17.233,25.233,0,0,238.954,0,-300175,0,0,0,0,0.747054,0.312961,-307664,0,239.376,238.954,0.750356,0
31:10:15:23:45:57,6604.59,6592.57,25.1127,17.2263,25.3317,0,0,239.376,0,-302552,0,0,0,0,0.734406,0.307392,-310040,0,239.796,239.376,0.738417,0
31:10:15:23:45:58,6611.46,6590.28,25.2609,17.277,25.1127,0,0,239.796,0,-297269,0,0,0,0,0.705187,0.306162,-304757,0,240.216,239.796,0.715859,0
31:10:15:23:45:59,6604.3,6584.28,25.3367,17.1956,25.2609,0,0,240.216,0,-300837,0,0,0,0,0.70753,0.309209,-308325,0,240.638,240.216,0.707387,0
31:10:15:23:46:00,6598.3,6584.28,25.26,17.2356,25.3367,0,0,240.638,0,-302671,0,0,0,0,0.718014,0.306444,-310159,0,241.059,240.638,0.718357,0
31:10:15:23:46:01,6602.01,6589.43,24.9893,17.1849,25.26,0,0,241.059,0,-300814,0,0,0,0,0.703623,0.305017,-308302,0,241.478,241.059,0.71213,0
31:10:15:23:46:02,6608.02,6589.43,25.182,17.1983,24.9893,0,0,241.478,0,-294312,0,0,0,0,0.703623,0.306688,-301800,0,241.896,241.478,0.692561,0
31:10:15:23:46:03,6604.02,6588,24.9084,17.2143,25.182,0,0,241.896,0,-298928,0,0,0,0,0.692561,0.308188,-306416,0,242.313,241.896,0.684476,0
31:10:15:23:46:04,6600.87,6590.28,25.2692,17.2036,24.9084,0,0,242.313,0,-292386,0,0,0,0,0.701368,0.303358,-299874,0,242.732,242.313,0.700501,0
31:10:15:23:46:05,6605.73,6592.57,25.0968,17.2076,25.2692,0,0,242.732,0,-301026,0,0,0,0,0.699355,0.309929,-308514,0,243.151,242.732,0.693148,0
31:10:15:23:46:06,6609.45,6587.71,25.2853,17.2103,25.0968,0,0,243.151,0,-296874,0,0,0,0,0.690419,0.307948,-304362,0,243.571,243.151,0.688861,0
31:10:15:23:46:07,6601.73,6595.72,25.3612,17.2183,25.2853,0,0,243.571,0,-301413,0,0,0,0,0.68589,0.315494,-308901,0,243.993,243.571,0.670019,0
31:10:15:23:46:08,6595.43,6587.14,25.2402,17.1862,25.3612,0,0,243.993,0,-303254,0,0,0,0,0.66821,0.316953,-310742,0,244.415,243.993,0.66402,0
31:10:15:23:46:09,6600.87,6586.85,25.3204,17.1849,25.2402,0,0,244.415,0,-300325,0,0,0,0,0.656703,0.310503,-307813,0,244.836,244.415,0.668052,0
31:10:15:23:46:10,6608.02,6588.57,25.2626,17.2236,25.3204,0,0,244.836,0,-302254,0,0,0,0,0.68098,0.306105,-309742,0,245.258,244.836,0.68261,0
31:10:15:23:46:11,6473.84,6420.63,25.0931,17.1515,25.2626,0,0,245.258,0,-300987,0,0,0,0,0.70028,0.300077,-308475,0,245.677,245.258,0.694976,0
31:10:15:23:46:12,6187.45,6172.86,25.0186,17.1315,25.0931,0,0,245.677,0,-297196,0,0,0,0,0.694976,0.300865,-304684,0,246.095,245.677,0.66035,0
31:10:15:23:46:13,6111.06,6097.33,25.1146,17.1542,25.0186,0,0,246.095,0,-295488,0,0,0,0,0.656038,0.305199,-302976,0,246.513,246.095,0.647557,0
31:10:15:23:46:14,6048.69,6034.96,22.0473,17.1582,25.1146,0,0,246.513,0,-297850,0,0,0,0,0.668352,0.31262,-305338,0,246.906,246.513,0.674129,0
31:10:15:23:46:15,5984.04,5968.87,17.1092,17.249,22.0473,0,0,246.906,0,-228667,0,0,0,0,0.679248,0.312455,-236155,0,247.232,246.906,0.682354,0
31:10:15:23:46:16,5975.17,5957.14,16.9196,17.2503,17.1092,0,0,247.232,0,-135454,0,0,0,0,0.68868,0.364077,-142942,0,247.516,247.232,0.709696,0
31:10:15:23:46:17,6014.36,5998.91,16.862,17.2303,16.9196,0,0,247.516,0,-132285,0,0,0,0,0.835001,0.463942,-139773,0,247.797,247.516,0.843617,0
31:10:15:23:46:18,6004.35,5986.61,16.8323,17.2583,16.862,0,0,247.797,0,-131351,0,0,0,0,0.866384,0.471303,-138839,0,248.078,247.797,1.1108,0
31:10:15:23:46:19,6015.22,5996.05,16.9625,17.1502,16.8323,0,0,248.078,0,-130855,0,0,0,0,1.10452,0.477846,-138343,0,248.36,248.078,1.07905,0
31:10:15:23:46:20,6026.67,6009.79,16.5224,16.986,16.9625,0,0,248.36,0,-132978,0,0,0,0,1.05872,0.47211,-140466,0,248.639,248.36,0.991834,0
31:10:15:23:46:21,6031.81,6015.22,15.8403,16.8658,16.5224,0,0,248.639,0,-125822,0,0,0,0,0.968357,0.432273,-133310,0,248.908,248.639,0.93046,0
31:10:15:23:46:22,6020.94,6002.06,16.0191,16.8685,15.8403,0,0,248.908,0,-115108,0,0,0,0,0.886186,0.405274,-122597,0,249.174,248.908,0.860944,0
31:10:15:23:46:23,6030.67,6013.79,16.2016,16.8351,16.0191,0,0,249.174,0,-117868,0,0,0,0,0.888529,0.351961,-125356,0,249.442,249.174,0.894967,0
31:10:15:23:46:24,6021.52,6003.2,16.1833,16.775,16.2016,0,0,249.442,0,-120733,0,0,0,0,0.949196,0.299302,-128221,0,249.712,249.442,0.960337,0
31:10:15:23:46:25,6019.51,6001.2,16.0118,16.6455,16.1833,0,0,249.712,0,-120446,0,0,0,0,0.958808,0.252849,-127934,0,249.981,249.712,0.960337,0
31:10:15:23:46:26,6014.65,5994.34,16.1374,16.6575,16.0118,0,0,249.981,0,-117771,0,0,0,0,0.892608,0.237362,-125259,0,250.248,249.981,0.911508,0
31:10:15:23:46:27,6019.51,5996.91,15.9356,16.5721,16.1374,0,0,250.248,0,-119727,0,0,0,0,0.829233,0.230645,-127215,0,250.516,250.248,0.857827,0
31:10:15:23:46:28,6013.22,5992.33,16.1183,16.8952,15.9356,0,0,250.516,0,-116587,0,0,0,0,0.771926,0.228097,-124075,0,250.783,250.516,0.806676,0
31:10:15:23:46:29,6017.22,5994.62,16.1842,17.8552,16.1183,0,0,250.783,0,-119430,0,0,0,0,0.731092,0.254347,-126918,0,251.052,250.783,0.760656,0
31:10:15:23:46:30,6014.08,5994.91,16.0466,19.0475,16.1842,0,0,251.052,0,-120466,0,0,0,0,0.695646,0.265259,-127954,0,251.321,251.052,0.713357,0
31:10:15:23:46:31,6013.79,5996.05,16.135,20.7244,16.0466,0,0,251.321,0,-118310,0,0,0,0,0.650167,0.280613,-125799,0,251.589,251.321,0.66225,0
31:10:15:23:46:32,6013.5,5994.34,16.0596,22.8006,16.135,0,0,251.589,0,-119691,0,0,0,0,0.614582,0.293488,-127179,0,251.857,251.589,0.615883,0
31:10:15:23:46:33,6014.65,5997.2,16.0102,26.6259,16.0596,0,0,251.857,0,-118511,0,0,0,0,0.623842,0.291146,-125999,0,252.124,251.857,0.618115,0
31:10:15:23:46:34,6014.65,5995.48,16.1388,28.5365,16.0102,0,0,252.124,0,-117741,0,0,0,0,0.629764,0.288715,-125230,0,252.392,252.124,0.630774,0
31:10:15:23:46:35,6013.79,5996.62,16.0469,28.6286,16.1388,0,0,252.392,0,-119749,0,0,0,0,0.641873,0.299615,-127237,0,252.66,252.392,0.631595,0
31:10:15:23:46:36,6013.79,5994.91,16.104,27.4416,16.0469,0,0,252.66,0,-118313,0,0,0,0,0.670107,0.3083,-125801,0,252.928,252.66,0.661638,0
31:10:15:23:46:37,6013.79,5996.34,16.0862,26.1866,16.104,0,0,252.928,0,-119204,0,0,0,0,0.709671,0.308562,-126693,0,253.197,252.928,0.706187,0
31:10:15:23:46:38,6012.36,5993.19,15.9912,24.8033,16.0862,0,0,253.197,0,-118926,0,0,0,0,0.738793,0.314493,-126414,0,253.464,253.197,0.729808,0
31:10:15:23:46:39,6012.65,5995.48,16.0043,23.8193,15.9912,0,0,253.464,0,-117445,0,0,0,0,0.711479,0.318459,-124933,0,253.731,253.464,0.719163,0
31:10:15:23:46:40,6011.79,5993.19,16.0949,22.2065,16.0043,0,0,253.731,0,-117649,0,0,0,0,0.70648,0.321374,-125137,0,253.998,253.731,0.705174,0
31:10:15:23:46:41,6012.93,5996.34,15.901,21.3106,16.0949,0,0,253.998,0,-119063,0,0,0,0,0.708182,0.314974,-126551,0,254.265,253.998,0.708182,0
31:10:15:23:46:42,6013.5,5994.34,16.0242,20.3012,15.901,0,0,254.265,0,-116045,0,0,0,0,0.709065,0.302664,-123533,0,254.531,254.265,0.715247,0
31:10:15:23:46:43,6013.79,5996.91,15.988,19.7391,16.0242,0,0,254.531,0,-117955,0,0,0,0,0.729278,0.292502,-125443,0,254.797,254.531,0.709811,0
31:10:15:23:46:44,6014.94,5995.77,15.9973,18.9326,15.988,0,0,254.797,0,-117392,0,0,0,0,0.751209,0.288699,-124881,0,255.064,254.797,0.729278,0
31:10:15:23:46:45,6015.51,5993.19,16.1545,18.6629,15.9973,0,0,255.064,0,-117535,0,0,0,0,0.752652,0.289329,-125023,0,255.332,255.064,0.752652,0
31:10:15:23:46:46,6015.79,5996.34,15.9839,18.0194,16.1545,0,0,255.332,0,-119990,0,0,0,0,0.727749,0.293154,-127478,0,255.6,255.332,0.742229,0
31:10:15:23:46:47,6015.51,5994.34,15.9839,17.7897,15.9839,0,0,255.6,0,-117327,0,0,0,0,0.697312,0.303654,-124815,0,255.866,255.6,0.718667,0
31:10:15:23:46:48,6016.37,5996.91,16.3101,17.528,15.9839,0,0,255.866,0,-117325,0,0,0,0,0.628074,0.32651,-124813,0,256.135,255.866,0.658608,0
31:10:15:23:46:49,6016.65,5994.05,15.8968,17.3091,16.3101,0,0,256.135,0,-122440,0,0,0,0,0.618592,0.331201,-129928,0,256.404,256.135,0.612177,0
31:10:15:23:46:50,6015.79,5996.34,15.8336,17.1876,15.8968,0,0,256.404,0,-115972,0,0,0,0,0.654752,0.320654,-123460,0,256.668,256.404,0.64295,0
31:10:15:23:46:51,6014.94,5994.91,15.8845,17.0554,15.8336,0,0,256.668,0,-115002,0,0,0,0,0.684792,0.323038,-122490,0,256.932,256.668,0.677108,0
31:10:15:23:46:52,6016.37,5997.2,16.2398,16.9726,15.8845,0,0,256.932,0,-115782,0,0,0,0,0.719202,0.305874,-123270,0,257.2,256.932,0.710013,0
31:10:15:23:46:53,6014.36,5994.91,15.9431,16.799,16.2398,0,0,257.2,0,-121331,0,0,0,0,0.729021,0.287863,-128819,0,257.468,257.2,0.722182,0
31:10:15:23:46:54,6016.37,5997.48,16.158,16.7964,15.9431,0,0,257.468,0,-116686,0,0,0,0,0.741558,0.281566,-124174,0,257.736,257.468,0.7471,0
31:10:15:23:46:55,6015.22,5994.91,16.158,16.7323,16.158,0,0,257.736,0,-120040,0,0,0,0,0.729815,0.275339,-127529,0,258.005,257.736,0.734354,0
31:10:15:23:46:56,6016.08,5996.62,16.3713,16.6735,16.158,0,0,258.005,0,-120039,0,0,0,0,0.718075,0.266943,-127527,0,258.276,258.005,0.723808,0
31:10:15:23:46:57,6014.94,5994.34,16.0411,16.6108,16.3713,0,0,258.276,0,-123408,0,0,0,0,0.682961,0.275247,-130896,0,258.546,258.276,0.703611,0
31:10:15:23:46:58,6016.65,5996.91,16.0685,16.6976,16.0411,0,0,258.546,0,-118211,0,0,0,0,0.662745,0.283757,-125699,0,258.814,258.546,0.674259,0
31:10:15:23:46:59,6015.51,5994.62,16.0926,16.6642,16.0685,0,0,258.814,0,-118638,0,0,0,0,0.671774,0.306251,-126126,0,259.082,258.814,0.654276,0
31:10:15:23:47:00,6016.94,5998.91,16.1247,16.6508,16.0926,0,0,259.082,0,-119013,0,0,0,0,0.671774,0.306476,-126501,0,259.35,259.082,0.68831,0
31:10:15:23:47:01,6015.79,5995.19,16.0398,16.6642,16.1247,0,0,259.35,0,-119515,0,0,0,0,0.70795,0.30453,-127003,0,259.618,259.35,0.718084,0
31:10:15:23:47:02,6018.08,5998.34,16.0398,16.6148,16.0398,0,0,259.618,0,-118185,0,0,0,0,0.709462,0.305481,-125673,0,259.886,259.618,0.690601,0
31:10:15:23:47:03,6016.65,5996.05,16.0267,16.5948,16.0398,0,0,259.886,0,-118186,0,0,0,0,0.678519,0.304526,-125674,0,260.153,259.886,0.671238,0
31:10:15:23:47:04,6018.08,5999.49,15.983,16.54,16.0267,0,0,260.153,0,-117980,0,0,0,0,0.668285,0.306856,-125468,0,260.42,260.153,0.681381,0
31:10:15:23:47:05,6016.94,5997.48,15.9211,16.5827,15.983,0,0,260.42,0,-117300,0,0,0,0,0.691196,0.316455,-124788,0,260.686,260.42,0.690061,0
31:10:15:23:47:06,6017.22,5999.77,16.1507,16.4706,15.9211,0,0,260.686,0,-116342,0,0,0,0,0.680787,0.31324,-123831,0,260.953,260.686,0.674816,0
31:10:15:23:47:07,6016.94,5998.06,15.8402,16.54,16.1507,0,0,260.953,0,-119917,0,0,0,0,0.678334,0.311918,-127405,0,261.219,260.953,0.684856,0
31:10:15:23:47:08,6018.94,6000.63,16.1538,16.52,15.8402,0,0,261.219,0,-115090,0,0,0,0,0.699154,0.322993,-122578,0,261.486,261.219,0.716884,0
31:10:15:23:47:09,6020.08,5997.2,16.0773,16.4813,16.1538,0,0,261.486,0,-119964,0,0,0,0,0.712358,0.338237,-127452,0,261.755,261.486,0.705349,0
31:10:15:23:47:10,6019.8,5999.77,16.0244,16.4679,16.0773,0,0,261.755,0,-118764,0,0,0,0,0.702747,0.335274,-126252,0,262.022,261.755,0.710643,0
31:10:15:23:47:11,6020.37,5998.34,16.1825,16.5667,16.0244,0,0,262.022,0,-117940,0,0,0,0,0.710643,0.314251,-125429,0,262.291,262.022,0.679116,0
31:10:15:23:47:12,6021.23,6000.06,16.0093,16.5387,16.1825,0,0,262.291,0,-120411,0,0,0,0,0.662557,0.29118,-127899,0,262.559,262.291,0.643697,0
31:10:15:23:47:13,6021.23,5998.06,15.8792,16.4799,16.0093,0,0,262.559,0,-117703,0,0,0,0,0.581689,0.267561,-125191,0,262.825,262.559,0.581689,0
31:10:15:23:47:14,6021.23,6000.06,16.0132,16.4733,15.8792,0,0,262.825,0,-115687,0,0,0,0,0.596593,0.274286,-123175,0,263.09,262.825,0.654445,0
31:10:15:23:47:15,6021.52,5999.2,16.1124,16.4773,16.0132,0,0,263.09,0,-117761,0,0,0,0,0.654445,0.292801,-125249,0,263.358,263.09,0.691713,0
31:10:15:23:47:16,6021.8,6000.34,15.9407,16.52,16.1124,0,0,263.358,0,-119308,0,0,0,0,0.696581,0.295771,-126796,0,263.625,263.358,0.696322,0
31:10:15:23:47:17,6021.8,5999.49,15.8498,16.4239,15.9407,0,0,263.625,0,-116637,0,0,0,0,0.69598,0.28854,-124125,0,263.89,263.625,0.675907,0
31:10:15:23:47:18,6022.09,6001.49,16.1472,16.4879,15.8498,0,0,263.89,0,-115232,0,0,0,0,0.677661,0.286826,-122720,0,264.157,263.89,0.672159,0
31:10:15:23:47:19,6037.82,6004.06,15.9571,16.4986,16.1472,0,0,264.157,0,-119837,0,0,0,0,0.675429,0.281505,-127325,0,264.424,264.157,0.698524,0
31:10:15:23:47:20,6197.47,6176.58,16.1212,16.4626,15.9571,0,0,264.424,0,-116713,0,0,0,0,0.697129,0.274139,-124202,0,264.692,264.424,0.724094,0
31:10:15:23:47:21,6207.48,6184.88,16.1834,16.4679,16.1212,0,0,264.692,0,-119261,0,0,0,0,0.73716,0.292375,-126749,0,264.961,264.692,0.742084,0
31:10:15:23:47:22,6222.36,6202.62,16.1741,16.4439,16.1834,0,0,264.961,0,-120219,0,0,0,0,0.750237,0.297439,-127707,0,265.23,264.961,0.74491,0
31:10:15:23:47:23,6234.66,6212.63,16.1037,16.4733,16.1741,0,0,265.23,0,-120062,0,0,0,0,0.744615,0.301196,-127550,0,265.499,265.23,0.74491,0
31:10:15:23:47:24,6244.1,6227.51,16.1,16.4412,16.1037,0,0,265.499,0,-118947,0,0,0,0,0.725168,0.316672,-126435,0,265.768,265.499,0.725168,0
31:10:15:23:47:25,6220.93,6202.62,15.9674,16.4372,16.1,0,0,265.768,0,-118913,0,0,0,0,0.734991,0.322045,-126401,0,266.035,265.768,0.740271,0
31:10:15:23:47:26,6224.93,6208.05,16.0603,16.4466,15.9674,0,0,266.035,0,-116842,0,0,0,0,0.696073,0.325608,-124330,0,266.302,266.035,0.728005,0
31:10:15:23:47:27,6220.36,6202.33,15.9004,16.4252,16.0603,0,0,266.302,0,-118291,0,0,0,0,0.625036,0.333188,-125779,0,266.568,266.302,0.649161,0
31:10:15:23:47:28,6221.79,6202.05,15.8241,16.4265,15.9004,0,0,266.568,0,-115805,0,0,0,0,0.623745,0.324318,-123293,0,266.833,266.568,0.622271,0
31:10:15:23:47:29,6218.64,6198.04,16.0417,16.4412,15.8241,0,0,266.833,0,-114634,0,0,0,0,0.650551,0.313359,-122122,0,267.098,266.833,0.64175,0
31:10:15:23:47:30,6222.36,6202.9,15.8949,16.4426,16.0417,0,0,267.098,0,-117999,0,0,0,0,0.678509,0.308821,-125487,0,267.364,267.098,0.673265,0
31:10:15:23:47:31,6220.93,6200.9,16.0253,16.4172,15.8949,0,0,267.364,0,-115721,0,0,0,0,0.714976,0.310499,-123209,0,267.63,267.364,0.708554,0
31:10:15:23:47:32,6222.64,6203.76,16.1218,16.4439,16.0253,0,0,267.63,0,-117743,0,0,0,0,0.725147,0.317697,-125231,0,267.898,267.63,0.723473,0
31:10:15:23:47:33,6223.22,6203.19,15.9723,16.4519,16.1218,0,0,267.898,0,-119248,0,0,0,0,0.722608,0.324077,-126736,0,268.166,267.898,0.725043,0
31:10:15:23:47:34,6224.36,6204.91,16.0114,16.4693,15.9723,0,0,268.166,0,-116915,0,0,0,0,0.698795,0.336376,-124403,0,268.432,268.166,0.711868,0
31:10:15:23:47:35,6223.22,6203.19,16.1156,16.4532,16.0114,0,0,268.432,0,-117525,0,0,0,0,0.682478,0.364151,-125013,0,268.7,268.432,0.685738,0
31:10:15:23:47:36,6224.36,6204.91,16.087,16.4412,16.1156,0,0,268.7,0,-119147,0,0,0,0,0.671312,0.365988,-126635,0,268.968,268.7,0.6766,0
31:10:15:23:47:37,6222.64,6202.33,16.1255,16.4572,16.087,0,0,268.968,0,-118703,0,0,0,0,0.698929,0.352396,-126191,0,269.237,268.968,0.680005,0
31:10:15:23:47:38,6224.65,6205.19,16.0582,16.4652,16.1255,0,0,269.237,0,-119300,0,0,0,0,0.765248,0.311952,-126789,0,269.505,269.237,0.732055,0
31:10:15:23:47:39,6223.79,6204.05,16.0033,16.5013,16.0582,0,0,269.505,0,-118249,0,0,0,0,0.796717,0.289932,-125737,0,269.772,269.505,0.781065,0
31:10:15:23:47:40,6225.51,6205.48,16.1546,16.4612,16.0033,0,0,269.772,0,-117394,0,0,0,0,0.749453,0.282797,-124883,0,270.04,269.772,0.771051,0
31:10:15:23:47:41,6222.93,6203.48,16.0801,16.4599,16.1546,0,0,270.04,0,-119758,0,0,0,0,0.715589,0.29398,-127246,0,270.309,270.04,0.721626,0
31:10:15:23:47:42,6225.22,6205.19,16.1492,16.4813,16.0801,0,0,270.309,0,-118589,0,0,0,0,0.643242,0.298783,-126077,0,270.577,270.309,0.662758,0
31:10:15:23:47:43,6223.79,6205.48,15.9311,16.4733,16.1492,0,0,270.577,0,-119674,0,0,0,0,0.617623,0.305567,-127162,0,270.845,270.577,0.61955,0
31:10:15:23:47:44,6225.22,6205.76,15.7943,16.3985,15.9311,0,0,270.845,0,-116270,0,0,0,0,0.622691,0.307964,-123759,0,271.109,270.845,0.625347,0
31:10:15:23:47:45,6224.36,6206.62,16.1998,16.4052,15.7943,0,0,271.109,0,-114162,0,0,0,0,0.667043,0.333461,-121650,0,271.376,271.109,0.638718,0
31:10:15:23:47:46,6224.65,6205.48,16.2153,16.4172,16.1998,0,0,271.376,0,-120463,0,0,0,0,0.710629,0.338123,-127952,0,271.646,271.376,0.671186,0
31:10:15:23:47:47,6223.79,6206.05,16.031,16.4879,16.2153,0,0,271.646,0,-120710,0,0,0,0,0.749436,0.305888,-128198,0,271.914,271.646,0.737276,0
31:10:15:23:47:48,6222.64,6205.76,16.0521,16.4439,16.031,0,0,271.914,0,-117825,0,0,0,0,0.728254,0.295699,-125313,0,272.182,271.914,0.750497,0
31:10:15:23:47:49,6223.79,6205.76,15.9455,16.5213,16.0521,0,0,272.182,0,-118151,0,0,0,0,0.674834,0.297397,-125640,0,272.448,272.182,0.684469,0
31:10:15:23:47:50,6221.5,6204.33,16.1669,16.4532,15.9455,0,0,272.448,0,-116494,0,0,0,0,0.658538,0.303234,-123983,0,272.716,272.448,0.655441,0
31:10:15:23:47:51,6221.79,6203.76,15.9021,16.4279,16.1669,0,0,272.716,0,-119949,0,0,0,0,0.702949,0.312072,-127437,0,272.983,272.716,0.675008,0
31:10:15:23:47:52,6221.21,6204.05,16.0538,16.4479,15.9021,0,0,272.983,0,-115823,0,0,0,0,0.75476,0.313887,-123311,0,273.25,272.983,0.725983,0
31:10:15:23:47:53,6222.07,6204.05,16.1481,16.4826,16.0538,0,0,273.25,0,-118177,0,0,0,0,0.757163,0.3152,-125665,0,273.518,273.25,0.757163,0
31:10:15:23:47:54,6222.07,6205.76,16.0036,16.4813,16.1481,0,0,273.518,0,-119651,0,0,0,0,0.74729,0.310806,-127139,0,273.786,273.518,0.75257,0
31:10:15:23:47:55,6224.07,6206.05,16.0376,16.4666,16.0036,0,0,273.786,0,-117392,0,0,0,0,0.708695,0.310783,-124880,0,274.053,273.786,0.73132,0
31:10:15:23:47:56,6223.22,6206.05,16.0758,16.5147,16.0376,0,0,274.053,0,-117922,0,0,0,0,0.675099,0.314812,-125410,0,274.32,274.053,0.68796,0
31:10:15:23:47:57,6224.07,6205.76,15.9245,16.4639,16.0758,0,0,274.32,0,-118515,0,0,0,0,0.693027,0.305252,-126003,0,274.587,274.32,0.677274,0
31:10:15:23:47:58,6229.22,6212.34,15.9768,16.4652,15.9245,0,0,274.587,0,-116157,0,0,0,0,0.711697,0.300038,-123645,0,274.853,274.587,0.701688,0
31:10:15:23:47:59,6243.53,6223.5,16.2308,16.4799,15.9768,0,0,274.853,0,-116954,0,0,0,0,0.708643,0.302248,-124442,0,275.121,274.853,0.717391,0
31:10:15:23:48:00,6347.1,6331.36,16.5245,16.5133,16.2308,0,0,275.121,0,-120825,0,0,0,0,0.708643,0.308803,-128313,0,275.394,275.121,0.684879,0
31:10:15:23:48:01,6404.89,6384.29,16.4199,16.5146,16.5245,0,0,275.394,0,-125435,0,0,0,0,0.675817,0.305448,-132923,0,275.669,275.394,0.666798,0
31:10:15:23:48:02,6453.24,6432.64,16.1992,16.6295,16.4199,0,0,275.669,0,-123712,0,0,0,0,0.644676,0.296993,-131200,0,275.941,275.669,0.635859,0
31:10:15:23:48:03,6540.22,6527.34,17.8186,17.1408,16.1992,0,0,275.941,0,-120131,0,0,0,0,0.635859,0.292537,-127620,0,276.224,275.941,0.605677,0
31:10:15:23:48:04,6608.88,6587.14,19.8324,17.6989,17.8186,0,0,276.224,0,-146760,0,0,0,0,0.606211,0.293669,-154248,0,276.538,276.224,0.60432,0
31:10:15:23:48:05,6525.34,6502.17,19.7278,18.1168,19.8324,0,0,276.538,0,-183445,0,0,0,0,0.612407,0.267893,-190933,0,276.868,276.538,0.658251,0
31:10:15:23:48:06,6270.14,6284.16,21.8759,18.8912,19.7278,0,0,276.868,0,-181703,0,0,0,0,0.672854,0.247377,-189191,0,277.214,276.868,0.621252,0
31:10:15:23:48:07,6186.88,6161.7,22.1899,19.4907,21.8759,0,0,277.214,0,-224762,0,0,0,0,0.626684,0.253864,-232250,0,277.581,277.214,0.563631,0
31:10:15:23:48:08,6351.39,6330.79,21.304,19.8085,22.1899,0,0,277.581,0,-231232,0,0,0,0,0.558237,0.231628,-238720,0,277.944,277.581,0.551391,0
31:10:15:23:48:09,6300.18,6288.45,16.9487,19.408,21.304,0,0,277.944,0,-212786,0,0,0,0,0.542332,0.243936,-220274,0,278.263,277.944,0.472676,0
31:10:15:23:48:10,6320.78,6304.18,15.5291,19.0167,16.9487,0,0,278.263,0,-132399,0,0,0,0,0.452227,0.256818,-139887,0,278.533,278.263,0.439773,0
31:10:15:23:48:11,6456.39,6443.23,17.8747,18.6576,15.5291,0,0,278.533,0,-109881,0,0,0,0,0.439773,0.326734,-117369,0,278.812,278.533,0.50442,0
31:10:15:23:48:12,6552.23,6537.93,17.8208,18.5842,17.8747,0,0,278.812,0,-147781,0,0,0,0,0.471365,0.377833,-155269,0,279.109,278.812,0.793137,0
31:10:15:23:48:13,6563.96,6537.64,17.8368,18.7016,17.8208,0,0,279.109,0,-146836,0,0,0,0,0.793137,0.350867,-154324,0,279.406,279.109,0.881882,0
31:10:15:23:48:14,6745.35,6722.18,20.0971,19.1089,17.8368,0,0,279.406,0,-146930,0,0,0,0,0.777673,0.357172,-154418,0,279.722,279.406,0.792905,0
31:10:15:23:48:15,6868.66,6850.35,21.7031,19.7604,20.0971,0,0,279.722,0,-188184,0,0,0,0,0.810041,0.343257,-195672,0,280.071,279.722,0.81939,0
31:10:15:23:48:16,6919.01,6902.13,22.4044,20.448,21.7031,0,0,280.071,0,-220408,0,0,0,0,0.817697,0.290734,-227896,0,280.438,280.071,0.809648,0
31:10:15:23:48:17,6964.22,6953.06,22.4044,21.6724,22.4044,0,0,280.438,0,-235197,0,0,0,0,0.715171,0.258173,-242686,0,280.812,280.438,0.713227,0
31:10:15:23:48:18,7028.59,7019.72,25.5641,22.4454,22.4044,0,0,280.812,0,-235132,0,0,0,0,0.715653,0.23648,-242620,0,281.211,280.812,0.681729,0
31:10:15:23:48:19,7103.84,7088.67,26.794,23.5056,25.5641,0,0,281.211,0,-307532,0,0,0,0,0.657502,0.232565,-315021,0,281.648,281.211,0.65211,0
31:10:15:23:48:20,7169.07,7147.04,27.0632,24.2279,26.794,0,0,281.648,0,-338151,0,0,0,0,0.644234,0.213853,-345639,0,282.097,281.648,0.65211,0
31:10:15:23:48:21,7222.28,7208.84,27.4995,24.5483,27.0632,0,0,282.097,0,-345003,0,0,0,0,0.534951,0.213647,-352491,0,282.551,282.097,0.544021,0
31:10:15:23:48:22,7268.92,7271.49,27.4995,25.5297,27.4995,0,0,282.551,0,-356278,0,0,0,0,0.499857,0.234723,-363766,0,283.01,282.551,0.53201,0
31:10:15:23:48:23,7403.38,7401.95,29.1297,26.2026,27.4995,0,0,283.01,0,-356142,0,0,0,0,0.506649,0.246908,-363630,0,283.482,283.01,0.506649,0
31:10:15:23:48:24,7495.22,7501.8,29.6835,27.0825,29.1297,0,0,283.482,0,-399474,0,0,0,0,0.533237,0.26881,-406962,0,283.972,283.482,0.527909,0
31:10:15:23:48:25,7573.61,7575.62,29.8968,27.6913,29.6835,0,0,283.972,0,-412931,0,0,0,0,0.558596,0.266217,-420419,0,284.468,283.972,0.549401,0
31:10:15:23:48:26,7669.17,7655.15,29.6837,28.8849,29.8968,0,0,284.468,0,-418100,0,0,0,0,0.541279,0.274,-425588,0,284.965,284.468,0.568478,0
31:10:15:23:48:27,7733.83,7712.95,32.2926,29.6567,29.6837,0,0,284.965,0,-412774,0,0,0,0,0.529785,0.290663,-420263,0,285.481,284.965,0.540667,0
31:10:15:23:48:28,7851.42,7840.55,34.0185,30.7929,32.2926,0,0,285.481,0,-478899,0,0,0,0,0.538369,0.298154,-486388,0,286.034,285.481,0.533793,0
31:10:15:23:48:29,7928.95,7931.24,34.7953,31.6955,34.0185,0,0,286.034,0,-524846,0,0,0,0,0.548444,0.283488,-532334,0,286.607,286.034,0.544576,0
31:10:15:23:48:30,8003.05,8002.77,35.6075,32.3377,34.7953,0,0,286.607,0,-546049,0,0,0,0,0.489345,0.275295,-553537,0,287.194,286.607,0.496295,0
31:10:15:23:48:31,8127.22,8121.5,36.8901,33.5554,35.6075,0,0,287.194,0,-568539,0,0,0,0,0.436869,0.269072,-576027,0,287.798,287.194,0.475726,0
31:10:15:23:48:32,8194.17,8185.3,38.2896,34.3017,36.8901,0,0,287.798,0,-604957,0,0,0,0,0.416278,0.264161,-612445,0,288.424,287.798,0.416278,0
31:10:15:23:48:33,8312.9,8298.31,38.8121,35.4286,38.2896,0,0,288.424,0,-645701,0,0,0,0,0.415817,0.257602,-653190,0,289.067,288.424,0.41883,0
31:10:15:23:48:34,8347.23,8334.93,39.9936,36.2564,38.8121,0,0,289.067,0,-661206,0,0,0,0,0.418032,0.254847,-668694,0,289.724,289.067,0.430587,0
31:10:15:23:48:35,8370.98,8362.11,39.7628,37.4207,39.9936,0,0,289.724,0,-696883,0,0,0,0,0.415607,0.259877,-704371,0,290.388,289.724,0.412521,0
31:10:15:23:48:36,8406.17,8403.02,41.411,38.1857,39.7628,0,0,290.388,0,-689804,0,0,0,0,0.430824,0.267354,-697292,0,291.065,290.388,0.422504,0
31:10:15:23:48:37,8429.63,8419.33,41.6959,38.912,41.411,0,0,291.065,0,-740659,0,0,0,0,0.460779,0.279327,-748147,0,291.757,291.065,0.440208,0
31:10:15:23:48:38,8433.35,8423.33,41.1961,39.5089,41.6959,0,0,291.757,0,-749600,0,0,0,0,0.486224,0.28421,-757088,0,292.448,291.757,0.468986,0
31:10:15:23:48:39,8427.63,8418.47,42.0342,39.9935,41.1961,0,0,292.448,0,-733930,0,0,0,0,0.487936,0.292094,-741418,0,293.142,292.448,0.480816,0
31:10:15:23:48:40,8428.77,8420.76,42.2746,40.5877,42.0342,0,0,293.142,0,-760268,0,0,0,0,0.483923,0.308429,-767756,0,293.844,293.142,0.482614,0
31:10:15:23:48:41,8329.49,8297.74,42.1145,40.8574,42.2746,0,0,293.844,0,-767990,0,0,0,0,0.49998,0.307644,-775478,0,294.548,293.844,0.513455,0
31:10:15:23:48:42,8428.48,8429.63,41.778,41.2139,42.1145,0,0,294.548,0,-762808,0,0,0,0,0.533077,0.314096,-770296,0,295.247,294.548,0.53104,0
31:10:15:23:48:43,8461.39,8457.95,41.7151,41.3701,41.778,0,0,295.247,0,-752132,0,0,0,0,0.548517,0.315377,-759620,0,295.942,295.247,0.54355,0
31:10:15:23:48:44,8474.55,8472.54,41.851,41.4595,41.7151,0,0,295.942,0,-750131,0,0,0,0,0.579631,0.314898,-757619,0,296.639,295.942,0.561017,0
31:10:15:23:48:45,8472.83,8462.53,41.0434,41.6732,41.851,0,0,296.639,0,-754413,0,0,0,0,0.611594,0.310365,-761901,0,297.33,296.639,0.589826,0
31:10:15:23:48:46,8488.28,8477.12,42.5558,41.9762,41.0434,0,0,297.33,0,-729086,0,0,0,0,0.645419,0.308684,-736574,0,298.026,297.33,0.635773,0
31:10:15:23:48:47,8468.54,8464.25,42.5793,42.1725,42.5558,0,0,298.026,0,-776796,0,0,0,0,0.654092,0.317827,-784284,0,298.736,298.026,0.652103,0
31:10:15:23:48:48,8489.14,8490.28,42.5409,42.2526,42.5793,0,0,298.736,0,-777525,0,0,0,0,0.670943,0.306335,-785014,0,299.445,298.736,0.668054,0
31:10:15:23:48:49,8498.01,8491.43,42.5743,42.4248,42.5409,0,0,299.445,0,-776283,0,0,0,0,0.656242,0.304737,-783771,0,300.154,299.445,0.674766,0
31:10:15:23:48:50,8506.02,8490,42.2976,42.4329,42.5743,0,0,300.154,0,-777341,0,0,0,0,0.678342,0.301415,-784829,0,300.862,300.154,0.669222,0
31:10:15:23:48:51,8508.88,8497.44,42.4553,42.6518,42.2976,0,0,300.862,0,-768511,0,0,0,0,0.689186,0.294841,-776000,0,301.568,300.862,0.682742,0
31:10:15:23:48:52,8516.6,8498.29,42.7756,42.7253,42.4553,0,0,301.568,0,-773525,0,0,0,0,0.687127,0.292229,-781013,0,302.278,301.568,0.690501,0
31:10:15:23:48:53,8514.89,8502.87,42.6954,42.8201,42.7756,0,0,302.278,0,-783776,0,0,0,0,0.686515,0.287743,-791264,0,302.99,302.278,0.686311,0
31:10:15:23:48:54,8514.03,8502.87,42.6311,42.9616,42.6954,0,0,302.99,0,-781205,0,0,0,0,0.681022,0.288904,-788693,0,303.701,302.99,0.686784,0
31:10:15:23:48:55,8522.61,8508.02,42.8083,43.0297,42.6311,0,0,303.701,0,-779135,0,0,0,0,0.685888,0.295016,-786623,0,304.413,303.701,0.680461,0
31:10:15:23:48:56,8509.45,8494.57,42.76,43.0724,42.8083,0,0,304.413,0,-784826,0,0,0,0,0.691274,0.305297,-792314,0,305.126,304.413,0.687648,0
31:10:15:23:48:57,8514.89,8495.43,42.7834,43.0417,42.76,0,0,305.126,0,-783274,0,0,0,0,0.707221,0.309018,-790762,0,305.839,305.126,0.698901,0
31:10:15:23:48:58,8596.14,8580.98,42.5781,43.1378,42.7834,0,0,305.839,0,-783943,0,0,0,0,0.711179,0.312716,-791431,0,306.551,305.839,0.711354,0
31:10:15:23:48:59,8609.3,8603.29,43.1953,43.2073,42.5781,0,0,306.551,0,-777356,0,0,0,0,0.711179,0.311479,-784844,0,307.265,306.551,0.714397,0
31:10:15:23:49:00,8566.96,8559.81,42.7938,43.2326,43.1953,0,0,307.265,0,-797229,0,0,0,0,0.715503,0.312427,-804717,0,307.982,307.265,0.708287,0
31:10:15:23:49:01,8530.91,8524.9,44.1145,43.5304,42.7938,0,0,307.982,0,-784338,0,0,0,0,0.704183,0.306293,-791826,0,308.706,307.982,0.704474,0
31:10:15:23:49:02,8530.34,8520.9,45.1806,43.8695,44.1145,0,0,308.706,0,-827174,0,0,0,0,0.704474,0.302704,-834663,0,309.45,308.706,0.69559,0
31:10:15:23:49:03,8599,8595.85,44.0704,43.991,45.1806,0,0,309.45,0,-862374,0,0,0,0,0.700701,0.290332,-869862,0,310.194,309.45,0.716066,0
31:10:15:23:49:04,8661.37,8650.79,43.4403,43.8695,44.0704,0,0,310.194,0,-825598,0,0,0,0,0.717014,0.281397,-833086,0,310.923,310.194,0.704527,0
31:10:15:23:49:05,8746.34,8739.76,42.9157,43.9029,43.4403,0,0,310.923,0,-804976,0,0,0,0,0.686425,0.291843,-812464,0,311.643,310.923,0.68447,0
31:10:15:23:49:06,8841.9,8833.32,45.1101,44.0524,42.9157,0,0,311.643,0,-787946,0,0,0,0,0.683358,0.298647,-795434,0,312.377,311.643,0.694629,0
31:10:15:23:49:07,8886.82,8877.66,46.1743,44.6185,45.1101,0,0,312.377,0,-859733,0,0,0,0,0.703358,0.313641,-867221,0,313.137,312.377,0.704796,0
31:10:15:23:49:08,8934.88,8914,47.556,45.1913,46.1743,0,0,313.137,0,-895457,0,0,0,0,0.706699,0.30291,-902945,0,313.918,313.137,0.716787,0
31:10:15:23:49:09,8968.64,8947.47,48.3435,45.8309,47.556,0,0,313.918,0,-941556,0,0,0,0,0.679199,0.297798,-949045,0,314.718,313.918,0.678177,0
31:10:15:23:49:10,8980.66,8966.35,48.0544,46.4464,48.3435,0,0,314.718,0,-963394,0,0,0,0,0.678177,0.284916,-970882,0,315.521,314.718,0.653466,0
31:10:15:23:49:11,8992.68,8980.09,48.0391,46.8696,48.0544,0,0,315.521,0,-947762,0,0,0,0,0.629696,0.274253,-955250,0,316.322,315.521,0.62924,0
31:10:15:23:49:12,9014.42,9009.56,48.1134,47.186,48.0391,0,0,316.322,0,-941670,0,0,0,0,0.630805,0.27882,-949159,0,317.123,316.322,0.625954,0
31:10:15:23:49:13,9033.59,9019.28,48.1292,47.4718,48.1134,0,0,317.123,0,-938629,0,0,0,0,0.632519,0.282429,-946118,0,317.925,317.123,0.636223,0
31:10:15:23:49:14,9033.59,9024.72,48.195,47.632,48.1292,0,0,317.925,0,-933601,0,0,0,0,0.640777,0.289306,-941089,0,318.728,317.925,0.647993,0
31:10:15:23:49:15,9049.61,9038.74,48.2127,47.9391,48.195,0,0,318.728,0,-930231,0,0,0,0,0.647993,0.295197,-937719,0,319.531,318.728,0.650084,0
31:10:15:23:49:16,9051.9,9037.02,48.1997,48.0793,48.2127,0,0,319.531,0,-925227,0,0,0,0,0.653111,0.306698,-932715,0,320.334,319.531,0.654954,0
31:10:15:23:49:17,9035.02,9033.88,48.2514,48.2235,48.1997,0,0,320.334,0,-919212,0,0,0,0,0.657244,0.308072,-926701,0,321.138,320.334,0.658857,0
31:10:15:23:49:18,9029.3,9028.44,48.3032,48.373,48.2514,0,0,321.138,0,-911796,0,0,0,0,0.662685,0.306091,-919284,0,321.943,321.138,0.665836,0
31:10:15:23:49:19,9017.28,9007.84,48.1739,48.401,48.3032,0,0,321.943,0,-902595,0,0,0,0,0.667628,0.302646,-910083,0,322.747,321.943,0.665836,0
31:10:15:23:49:20,8982.09,8962.35,48.2273,48.5306,48.1739,0,0,322.747,0,-887529,0,0,0,0,0.674479,0.299042,-895017,0,323.55,322.747,0.67436,0
31:10:15:23:49:21,8949.48,8932.02,48.4415,48.5693,48.2273,0,0,323.55,0,-878399,0,0,0,0,0.673845,0.299366,-885888,0,324.356,323.55,0.674517,0
31:10:15:23:49:22,8889.97,8876.23,48.159,48.644,48.4415,0,0,324.356,0,-874321,0,0,0,0,0.661381,0.298052,-881809,0,325.161,324.356,0.668802,0
31:10:15:23:49:23,8834.18,8821.3,48.2904,48.6988,48.159,0,0,325.161,0,-854569,0,0,0,0,0.659711,0.295251,-862057,0,325.965,325.161,0.658665,0
31:10:15:23:49:24,8785.25,8783.54,48.3981,48.7882,48.2904,0,0,325.965,0,-847799,0,0,0,0,0.664128,0.296652,-855287,0,326.77,325.965,0.661094,0
31:10:15:23:49:25,8744.91,8734.61,48.3757,48.8029,48.3981,0,0,326.77,0,-840176,0,0,0,0,0.683538,0.297829,-847664,0,327.577,326.77,0.680157,0
31:10:15:23:49:26,8703.14,8687.98,48.3286,48.9138,48.3757,0,0,327.577,0,-828553,0,0,0,0,0.68886,0.298311,-836042,0,328.383,327.577,0.687601,0
31:10:15:23:49:27,8665.09,8648.78,48.3823,48.9805,48.3286,0,0,328.383,0,-816217,0,0,0,0,0.680089,0.301711,-823705,0,329.189,328.383,0.685771,0
31:10:15:23:49:28,8616.17,8605.01,48.3421,49.0139,48.3823,0,0,329.189,0,-806883,0,0,0,0,0.6778,0.302023,-814371,0,329.995,329.189,0.679082,0
31:10:15:23:49:29,8578.97,8573.54,48.3621,49.058,48.3421,0,0,329.995,0,-794780,0,0,0,0,0.686802,0.302879,-802268,0,330.8,329.995,0.683279,0
31:10:15:23:49:30,8543.5,8530.62,48.2335,49.082,48.3621,0,0,330.8,0,-784416,0,0,0,0,0.693344,0.302937,-791904,0,331.605,330.8,0.691463,0
31:10:15:23:49:31,8513.74,8504.02,48.3454,49.062,48.2335,0,0,331.605,0,-769879,0,0,0,0,0.7012,0.303816,-777367,0,332.41,331.605,0.698872,0
31:10:15:23:49:32,8492.29,8476.26,48.3949,49.0232,48.3454,0,0,332.41,0,-762094,0,0,0,0,0.703387,0.30555,-769582,0,333.216,332.41,0.703226,0
31:10:15:23:49:33,8463.39,8444.79,48.4703,49.0887,48.3949,0,0,333.216,0,-752506,0,0,0,0,0.703913,0.303146,-759994,0,334.024,333.216,0.703644,0
31:10:15:23:49:34,8425.34,8412.75,48.3168,49.1007,48.4703,0,0,334.024,0,-743576,0,0,0,0,0.68989,0.303091,-751064,0,334.83,334.024,0.69137,0
31:10:15:23:49:35,8397.01,8383.85,48.3168,49.1073,48.3168,0,0,334.83,0,-728505,0,0,0,0,0.679257,0.303336,-735993,0,335.635,334.83,0.684976,0
31:10:15:23:49:36,8367.83,8359.53,48.1809,49.0553,48.3168,0,0,335.635,0,-717589,0,0,0,0,0.679637,0.306342,-725077,0,336.44,335.635,0.676648,0
31:10:15:23:49:37,8345.51,8332.93,48.1809,49.1394,48.1809,0,0,336.44,0,-703187,0,0,0,0,0.687059,0.306935,-710676,0,337.243,336.44,0.687059,0
31:10:15:23:49:38,8329.49,8312.33,48.4123,49.0513,48.1809,0,0,337.243,0,-692342,0,0,0,0,0.696967,0.3078,-699830,0,338.048,337.243,0.696967,0
31:10:15:23:49:39,8311.47,8291.16,48.299,49.1381,48.4123,0,0,338.048,0,-687249,0,0,0,0,0.692247,0.30684,-694737,0,338.853,338.048,0.692247,0
31:10:15:23:49:40,8285.43,8273.42,48.2881,49.1474,48.299,0,0,338.853,0,-673496,0,0,0,0,0.684593,0.307465,-680984,0,339.658,338.853,0.685353,0
31:10:15:23:49:41,8260.54,8258.25,48.4209,49.1915,48.2881,0,0,339.658,0,-662326,0,0,0,0,0.689009,0.314806,-669815,0,340.464,339.658,0.686599,0
31:10:15:23:49:42,8245.09,8235.65,48.2878,49.1514,48.4209,0,0,340.464,0,-654556,0,0,0,0,0.702688,0.315692,-662044,0,341.27,340.464,0.700281,0
31:10:15:23:49:43,8234.79,8225.07,48.2354,49.1421,48.2878,0,0,341.27,0,-640460,0,0,0,0,0.701385,0.307998,-647949,0,342.075,341.27,0.703642,0
31:10:15:23:49:44,8220.49,8209.9,48.341,49.1527,48.2354,0,0,342.075,0,-628343,0,0,0,0,0.695422,0.302699,-635831,0,342.879,342.075,0.695422,0
31:10:15:23:49:45,8211.33,8200.18,48.3653,49.1728,48.341,0,0,342.879,0,-619836,0,0,0,0,0.686661,0.296714,-627324,0,343.685,342.879,0.68906,0
31:10:15:23:49:46,8194.17,8187.3,48.279,49.1341,48.3653,0,0,343.685,0,-609429,0,0,0,0,0.690085,0.296784,-616917,0,344.491,343.685,0.686447,0
31:10:15:23:49:47,8181.58,8173,48.2514,49.1394,48.279,0,0,344.491,0,-596595,0,0,0,0,0.686182,0.300357,-604084,0,345.295,344.491,0.686434,0
31:10:15:23:49:48,8164.7,8162.98,48.3558,49.1701,48.2514,0,0,345.295,0,-585098,0,0,0,0,0.693445,0.304805,-592586,0,346.1,345.295,0.691033,0
31:10:15:23:49:49,8160.69,8152.4,48.2683,49.1527,48.3558,0,0,346.1,0,-576385,0,0,0,0,0.698709,0.304229,-583873,0,346.905,346.1,0.698997,0
31:10:15:23:49:50,8158.12,8146.39,48.3567,49.2222,48.2683,0,0,346.905,0,-563620,0,0,0,0,0.695932,0.301679,-571108,0,347.71,346.905,0.698616,0
31:10:15:23:49:51,8154.11,8141.24,48.4388,49.1768,48.3567,0,0,347.71,0,-554491,0,0,0,0,0.693903,0.303284,-561979,0,348.517,347.71,0.691388,0
31:10:15:23:49:52,8143.53,8131.8,48.3016,49.1781,48.4388,0,0,348.517,0,-545160,0,0,0,0,0.701702,0.299522,-552648,0,349.323,348.517,0.698826,0
31:10:15:23:49:53,8135.23,8124.36,48.3173,49.1567,48.3016,0,0,349.323,0,-531487,0,0,0,0,0.708606,0.296362,-538975,0,350.128,349.323,0.708606,0
31:10:15:23:49:54,8124.65,8117.78,48.4016,49.1955,48.3173,0,0,350.128,0,-522717,0,0,0,0,0.707875,0.300501,-530205,0,350.934,350.128,0.708962,0
31:10:15:23:49:55,8117.78,8103.19,48.4073,49.1594,48.4016,0,0,350.934,0,-519000,0,0,0,0,0.709972,0.299821,-526488,0,351.741,350.934,0.707913,0
31:10:15:23:49:56,8129.8,8112.92,48.3634,49.1287,48.4073,0,0,351.741,0,-513757,0,0,0,0,0.718655,0.300209,-521245,0,352.548,351.741,0.715198,0
31:10:15:23:49:57,8214.48,8201.32,48.3077,49.102,48.3634,0,0,352.548,0,-507520,0,0,0,0,0.718655,0.300458,-515008,0,353.353,352.548,0.720027,0
31:10:15:23:49:58,8253.68,8231.08,48.3001,49.0967,48.3077,0,0,353.353,0,-501132,0,0,0,0,0.719217,0.300826,-508620,0,354.158,353.353,0.72132,0
31:10:15:23:49:59,8290.87,8290.58,48.2671,49.2035,48.3001,0,0,354.158,0,-495648,0,0,0,0,0.718166,0.303266,-503136,0,354.963,354.158,0.716869,0
31:10:15:23:50:00,8413.32,8412.75,49.6728,49.4945,48.2671,0,0,354.963,0,-489624,0,0,0,0,0.711398,0.303637,-497112,0,355.779,354.963,0.705931,0
31:10:15:23:50:01,8534.06,8530.34,51.0483,49.8537,49.6728,0,0,355.779,0,-509376,0,0,0,0,0.702586,0.304409,-516864,0,356.618,355.779,0.701465,0
31:10:15:23:50:02,8582.41,8574.11,51.1856,50.4839,51.0483,0,0,356.618,0,-528457,0,0,0,0,0.700461,0.294547,-535945,0,357.47,356.618,0.697384,0
31:10:15:23:50:03,8631.33,8615.31,53.2833,51.1595,51.1856,0,0,357.47,0,-530042,0,0,0,0,0.694699,0.283586,-537530,0,358.341,357.47,0.669624,0
31:10:15:23:50:04,8662.23,8662.23,55.4538,52.0274,53.2833,0,0,358.341,0,-568873,0,0,0,0,0.671864,0.28202,-576361,0,359.247,358.341,0.651733,0
31:10:15:23:50:05,8669.1,8667.38,55.8668,52.6148,55.4538,0,0,359.247,0,-610258,0,0,0,0,0.65058,0.271879,-617746,0,360.175,359.247,0.611921,0
31:10:15:23:50:06,8676.25,8671.38,55.5496,53.3705,55.8668,0,0,360.175,0,-618244,0,0,0,0,0.611921,0.268714,-625733,0,361.103,360.175,0.611352,0
31:10:15:23:50:07,8683.69,8681.4,55.2227,53.7951,55.5496,0,0,361.103,0,-612100,0,0,0,0,0.611352,0.268639,-619588,0,362.026,361.103,0.595123,0
31:10:15:23:50:08,8697.99,8681.4,55.2439,54.0114,55.2227,0,0,362.026,0,-605766,0,0,0,0,0.595123,0.272733,-613254,0,362.947,362.026,0.604364,0
31:10:15:23:50:09,8688.84,8669.95,55.2854,54.3986,55.2439,0,0,362.947,0,-606177,0,0,0,0,0.604364,0.281933,-613665,0,363.868,362.947,0.609636,0
31:10:15:23:50:10,8682.83,8670.24,55.4277,54.7391,55.2854,0,0,363.868,0,-606993,0,0,0,0,0.609636,0.293759,-614481,0,364.791,363.868,0.614538,0
31:10:15:23:50:11,8676.25,8667.95,55.3419,54.942,55.4277,0,0,364.791,0,-609746,0,0,0,0,0.616316,0.30252,-617234,0,365.714,364.791,0.63193,0
31:10:15:23:50:12,8672.24,8663.95,55.3416,55.2251,55.3419,0,0,365.714,0,-608091,0,0,0,0,0.636476,0.310943,-615579,0,366.636,365.714,0.647652,0
31:10:15:23:50:13,8673.1,8652.5,55.2705,55.4868,55.3416,0,0,366.636,0,-608083,0,0,0,0,0.656854,0.312367,-615571,0,367.558,366.636,0.663571,0
31:10:15:23:50:14,8757.21,8743.2,55.2791,55.7284,55.2705,0,0,367.558,0,-606630,0,0,0,0,0.663571,0.310126,-614118,0,368.479,367.558,0.667487,0
31:10:15:23:50:15,8792.69,8778.67,55.3154,55.7672,55.2791,0,0,368.479,0,-606758,0,0,0,0,0.667588,0.309351,-614246,0,369.401,368.479,0.667487,0
31:10:15:23:50:16,8804.14,8804.71,55.5336,55.7805,55.3154,0,0,369.401,0,-607448,0,0,0,0,0.669152,0.309818,-614936,0,370.324,369.401,0.667009,0
31:10:15:23:50:17,8828.17,8825.31,56.495,56.3306,55.5336,0,0,370.324,0,-611645,0,0,0,0,0.673979,0.305619,-619133,0,371.258,370.324,0.6743,0
31:10:15:23:50:18,8842.19,8844.48,57.732,56.6524,56.495,0,0,371.258,0,-630365,0,0,0,0,0.681451,0.299477,-637853,0,372.21,371.258,0.676138,0
31:10:15:23:50:19,8840.18,8839.61,57.7493,56.9274,57.732,0,0,372.21,0,-654813,0,0,0,0,0.687064,0.287023,-662301,0,373.172,372.21,0.684201,0
31:10:15:23:50:20,8851.34,8845.62,57.7292,57.1464,57.7493,0,0,373.172,0,-655147,0,0,0,0,0.674963,0.278309,-662635,0,374.135,373.172,0.687993,0
31:10:15:23:50:21,8844.48,8839.9,57.7119,57.3026,57.7292,0,0,374.135,0,-654757,0,0,0,0,0.654073,0.281508,-662245,0,375.097,374.135,0.671443,0
31:10:15:23:50:22,8840.47,8832.46,57.7945,57.4628,57.7119,0,0,375.097,0,-654412,0,0,0,0,0.655968,0.2846,-661900,0,376.059,375.097,0.656521,0
31:10:15:23:50:23,8829.31,8835.61,57.6483,57.6644,57.7945,0,0,376.059,0,-656073,0,0,0,0,0.671143,0.28873,-663561,0,377.021,376.059,0.671143,0
31:10:15:23:50:24,8848.2,8838.47,57.7666,57.7499,57.6483,0,0,377.021,0,-653141,0,0,0,0,0.679125,0.293448,-660629,0,377.983,377.021,0.679091,0
31:10:15:23:50:25,8842.47,8831.32,57.6636,57.9048,57.7666,0,0,377.983,0,-655500,0,0,0,0,0.679589,0.300037,-662989,0,378.945,377.983,0.680547,0
31:10:15:23:50:26,8841.04,8825.59,57.6508,58.0343,57.6636,0,0,378.945,0,-653432,0,0,0,0,0.676982,0.305978,-660920,0,379.906,378.945,0.676326,0
31:10:15:23:50:27,8852.49,8831.89,57.7082,58.0356,57.6508,0,0,379.906,0,-653184,0,0,0,0,0.678679,0.310218,-660673,0,380.867,379.906,0.678248,0
31:10:15:23:50:28,8885.96,8872.8,57.9786,58.097,57.7082,0,0,380.867,0,-654289,0,0,0,0,0.68084,0.312117,-661777,0,381.831,380.867,0.682612,0
31:10:15:23:50:29,8910.57,8894.83,57.8539,58.1998,57.9786,0,0,381.831,0,-659661,0,0,0,0,0.681656,0.310662,-667149,0,382.796,381.831,0.682843,0
31:10:15:23:50:30,8924.3,8916.29,57.8304,58.2345,57.8539,0,0,382.796,0,-657162,0,0,0,0,0.682117,0.304424,-664650,0,383.76,382.796,0.683248,0
31:10:15:23:50:31,8951.19,8934.31,58.8026,58.4775,57.8304,0,0,383.76,0,-656665,0,0,0,0,0.674825,0.301605,-664153,0,384.732,383.76,0.674825,0
31:10:15:23:50:32,8960.63,8940.03,59.3519,58.7032,58.8026,0,0,384.732,0,-676160,0,0,0,0,0.673061,0.297103,-683648,0,385.717,384.732,0.675801,0
31:10:15:23:50:33,8939.75,8934.03,59.2444,58.9088,59.3519,0,0,385.717,0,-687308,0,0,0,0,0.680043,0.289536,-694796,0,386.705,385.717,0.680043,0
31:10:15:23:50:34,8948.04,8932.88,59.2345,59.0196,59.2444,0,0,386.705,0,-685117,0,0,0,0,0.687869,0.288648,-692606,0,387.693,386.705,0.675443,0
31:10:15:23:50:35,8932.88,8933.45,59.4059,59.288,59.2345,0,0,387.693,0,-684929,0,0,0,0,0.671832,0.294256,-692417,0,388.681,387.693,0.671832,0
31:10:15:23:50:36,8945.76,8929.73,59.3215,59.3441,59.4059,0,0,388.681,0,-688400,0,0,0,0,0.674086,0.29702,-695888,0,389.671,388.681,0.674086,0
31:10:15:23:50:37,8944.04,8941.46,59.2845,59.6058,59.3215,0,0,389.671,0,-686686,0,0,0,0,0.681971,0.303774,-694174,0,390.659,389.671,0.681971,0
31:10:15:23:50:38,8946.04,8930.88,59.3822,59.6338,59.2845,0,0,390.659,0,-685912,0,0,0,0,0.686623,0.310839,-693401,0,391.648,390.659,0.686623,0
31:10:15:23:50:39,8943.47,8926.01,59.3331,59.7339,59.3822,0,0,391.648,0,-687919,0,0,0,0,0.694039,0.318032,-695407,0,392.637,391.648,0.694039,0
31:10:15:23:50:40,8926.01,8926.01,59.3631,59.8888,59.3331,0,0,392.637,0,-686924,0,0,0,0,0.703028,0.316655,-694413,0,393.626,392.637,0.703028,0
31:10:15:23:50:41,8924.58,8922.58,59.2505,59.9996,59.3631,0,0,393.626,0,-687546,0,0,0,0,0.717502,0.311274,-695034,0,394.615,393.626,0.715261,0
31:10:15:23:50:42,8919.43,8917.15,59.2927,59.8941,59.2505,0,0,394.615,0,-685273,0,0,0,0,0.716125,0.289863,-692761,0,395.603,394.615,0.716247,0
31:10:15:23:50:43,8924.01,8912.85,59.4286,60.0196,59.2927,0,0,395.603,0,-686134,0,0,0,0,0.712457,0.286035,-693623,0,396.592,395.603,0.713856,0
31:10:15:23:50:44,8922.58,8909.42,59.2783,60.0584,59.4286,0,0,396.592,0,-688882,0,0,0,0,0.707151,0.285497,-696371,0,397.581,396.592,0.710631,0
31:10:15:23:50:45,8913.43,8905.13,59.3531,60.1585,59.2783,0,0,397.581,0,-685840,0,0,0,0,0.700604,0.292464,-693328,0,398.57,397.581,0.702584,0
31:10:15:23:50:46,8909.99,8900.55,59.3842,60.0544,59.3531,0,0,398.57,0,-687363,0,0,0,0,0.685338,0.307359,-694851,0,399.559,398.57,0.685549,0
31:10:15:23:50:47,8903.41,8892.83,59.2602,60.0196,59.3842,0,0,399.559,0,-687976,0,0,0,0,0.683784,0.313784,-695464,0,400.548,399.559,0.683245,0
31:10:15:23:50:48,8900.55,8881.38,59.4779,59.9809,59.2602,0,0,400.548,0,-685484,0,0,0,0,0.687764,0.314554,-692972,0,401.538,400.548,0.686244,0
31:10:15:23:50:49,8902.84,8891.4,59.2264,60.0303,59.4779,0,0,401.538,0,-689907,0,0,0,0,0.68511,0.311944,-697395,0,402.527,401.538,0.68963,0
31:10:15:23:50:50,8903.13,8881.67,59.3566,60.0944,59.2264,0,0,402.527,0,-684798,0,0,0,0,0.679978,0.300192,-692286,0,403.515,402.527,0.682367,0
31:10:15:23:50:51,8889.97,8870.8,59.4458,59.9609,59.3566,0,0,403.515,0,-687454,0,0,0,0,0.678098,0.29609,-694942,0,404.505,403.515,0.676135,0
31:10:15:23:50:52,8883.67,8878.24,59.4458,59.9195,59.4458,0,0,404.505,0,-689274,0,0,0,0,0.684033,0.29084,-696763,0,405.496,404.505,0.684033,0
31:10:15:23:50:53,8887.68,8878.52,59.3607,59.9195,59.4458,0,0,405.496,0,-689270,0,0,0,0,0.689599,0.286508,-696759,0,406.486,405.496,0.68846,0
31:10:15:23:50:54,8879.38,8874.8,59.4385,59.8728,59.3607,0,0,406.486,0,-687548,0,0,0,0,0.686239,0.285601,-695036,0,407.476,406.486,0.688596,0
31:10:15:23:50:55,8879.95,8861.36,59.3927,59.8007,59.4385,0,0,407.476,0,-689128,0,0,0,0,0.683105,0.293066,-696616,0,408.466,407.476,0.685241,0
31:10:15:23:50:56,8871.94,8855.63,59.475,59.8634,59.3927,0,0,408.466,0,-688202,0,0,0,0,0.687284,0.297178,-695690,0,409.457,408.466,0.683702,0
31:10:15:23:50:57,8866.51,8857.35,59.6422,60.0677,59.475,0,0,409.457,0,-689860,0,0,0,0,0.692745,0.302372,-697348,0,410.449,409.457,0.69222,0
31:10:15:23:50:58,8861.93,8860.21,59.427,60.0504,59.6422,0,0,410.449,0,-686908,0,0,0,0,0.692745,0.305483,-694396,0,411.441,410.449,0.695251,0
31:10:15:23:50:59,8853.06,8849.05,59.5068,60.0156,59.427,0,0,411.441,0,-672640,0,0,0,0,0.697807,0.303025,-680128,0,412.433,411.441,0.68906,0
31:10:15:23:51:00,8857.92,8855.63,59.4026,59.9395,59.5068,0,0,412.433,0,-664302,0,0,0,0,0.68906,0.298992,-671790,0,413.423,412.433,0.68626,0
31:10:15:23:51:01,8859.07,8852.2,59.4755,59.9983,59.4026,0,0,413.423,0,-652357,0,0,0,0,0.68626,0.293541,-659845,0,414.414,413.423,0.682377,0
31:10:15:23:51:02,8853.06,8836.75,59.4656,60.0076,59.4755,0,0,414.414,0,-643861,0,0,0,0,0.681331,0.290548,-651350,0,415.405,414.414,0.681303,0
31:10:15:23:51:03,8844.19,8837.61,59.5891,59.9302,59.4656,0,0,415.405,0,-633766,0,0,0,0,0.681303,0.296454,-641254,0,416.397,415.405,0.681952,0
31:10:15:23:51:04,8867.08,8857.64,59.6912,59.9035,59.5891,0,0,416.397,0,-626105,0,0,0,0,0.680879,0.303365,-633593,0,417.391,416.397,0.690049,0
31:10:15:23:51:05,8883.1,8875.38,59.3331,60.1799,59.6912,0,0,417.391,0,-611093,0,0,0,0,0.690049,0.304798,-618581,0,418.383,417.391,0.702884,0
31:10:15:23:51:06,8893.11,8882.81,59.4432,60.6071,59.3331,0,0,418.383,0,-585386,0,0,0,0,0.69784,0.308491,-592874,0,419.373,418.383,0.701957,0
31:10:15:23:51:07,8903.7,8884.53,59.4432,60.5604,59.4432,0,0,419.373,0,-568073,0,0,0,0,0.701957,0.31175,-575561,0,420.364,419.373,0.699787,0
31:10:15:23:51:08,8903.41,8894.54,60.1637,60.3708,59.4432,0,0,420.364,0,-548824,0,0,0,0,0.699787,0.310852,-556312,0,421.361,420.364,0.702348,0
31:10:15:23:51:09,8898.55,8882.81,60.4335,60.4242,60.1637,0,0,421.361,0,-540953,0,0,0,0,0.702348,0.31175,-548441,0,422.366,421.361,0.702348,0
31:10:15:23:51:10,8888.25,8875.38,60.3497,60.4629,60.4335,0,0,422.366,0,-525203,0,0,0,0,0.705435,0.308424,-532691,0,423.372,422.366,0.705435,0
31:10:15:23:51:11,8872.23,8867.36,60.2793,60.523,60.3497,0,0,423.372,0,-503847,0,0,0,0,0.7041,0.302989,-511335,0,424.377,423.372,0.691494,0
31:10:15:23:51:12,8886.25,8868.22,60.2079,60.5844,60.2793,0,0,424.377,0,-482776,0,0,0,0,0.679354,0.299594,-490265,0,425.381,424.377,0.682833,0
31:10:15:23:51:13,8899.12,8894.83,60.3003,60.7126,60.2079,0,0,425.381,0,-461781,0,0,0,0,0.687731,0.293769,-469269,0,426.386,425.381,0.683358,0
31:10:15:23:51:14,8948.04,8925.44,60.2371,60.738,60.3003,0,0,426.386,0,-443020,0,0,0,0,0.694203,0.292709,-450508,0,427.39,426.386,0.68915,0
31:10:15:23:51:15,8944.61,8937.46,60.5156,60.6939,60.2371,0,0,427.39,0,-422233,0,0,0,0,0.699252,0.295957,-429721,0,428.396,427.39,0.69662,0
31:10:15:23:51:16,8942.04,8940.03,60.765,61.0023,60.5156,0,0,428.396,0,-405577,0,0,0,0,0.70236,0.29648,-413065,0,429.407,428.396,0.70192,0
31:10:15:23:51:17,8939.75,8948.9,61.5609,61.2453,60.765,0,0,429.407,0,-388200,0,0,0,0,0.701641,0.295058,-395688,0,430.426,429.407,0.702942,0
31:10:15:23:51:18,8939.75,8951.19,61.6958,61.252,61.5609,0,0,430.426,0,-376383,0,0,0,0,0.685999,0.296051,-383871,0,431.453,430.426,0.692163,0
31:10:15:23:51:19,8956.91,8945.47,61.6804,61.3869,61.6958,0,0,431.453,0,-356581,0,0,0,0,0.673095,0.292341,-364069,0,432.482,431.453,0.682655,0
31:10:15:23:51:20,8950.05,8942.89,61.4795,61.5311,61.6804,0,0,432.482,0,-335135,0,0,0,0,0.651351,0.289572,-342623,0,433.508,432.482,0.65837,0
31:10:15:23:51:21,8934.88,8935.46,61.5314,61.6419,61.4795,0,0,433.508,0,-312035,0,0,0,0,0.64465,0.29042,-319523,0,434.533,433.508,0.645942,0
31:10:15:23:51:22,8935.17,8934.88,61.6277,61.6419,61.5314,0,0,434.533,0,-291379,0,0,0,0,0.657627,0.293136,-298867,0,435.559,434.533,0.653883,0
31:10:15:23:51:23,8932.88,8925.73,61.5934,61.7674,61.6277,0,0,435.559,0,-270994,0,0,0,0,0.672646,0.294848,-278482,0,436.586,435.559,0.664328,0
31:10:15:23:51:24,8934.31,8919.43,61.6719,61.7994,61.5934,0,0,436.586,0,-249505,0,0,0,0,0.675385,0.295422,-256993,0,437.613,436.586,0.672316,0
31:10:15:23:51:25,8933.45,8923.44,61.8231,61.9917,61.6719,0,0,437.613,0,-228829,0,0,0,0,0.672891,0.296795,-236317,0,438.643,437.613,0.676374,0
31:10:15:23:51:26,8988.96,8972.36,61.7214,62.0317,61.8231,0,0,438.643,0,-208424,0,0,0,0,0.670117,0.297948,-215912,0,439.672,438.643,0.669763,0
31:10:15:23:51:27,9016.14,9000.97,61.8997,62.2761,61.7214,0,0,439.672,0,-186410,0,0,0,0,0.67428,0.298143,-193898,0,440.702,439.672,0.672861,0
31:10:15:23:51:28,8989.53,8993.25,61.8625,62.2667,61.8997,0,0,440.702,0,-165996,0,0,0,0,0.688293,0.299388,-173484,0,441.734,440.702,0.680221,0
31:10:15:23:51:29,8987.24,8981.23,62.7295,62.3121,61.8625,0,0,441.734,0,-144341,0,0,0,0,0.696412,0.299223,-151829,0,442.772,441.734,0.696412,0
31:10:15:23:51:30,8988.96,8990.67,63.685,62.7741,62.7295,0,0,442.772,0,-126163,0,0,0,0,0.694391,0.299517,-133651,0,443.825,442.772,0.694391,0
31:10:15:23:51:31,8995.82,8992.39,63.3887,62.8342,63.685,0,0,443.825,0,-106935,0,0,0,0,0.691527,0.295231,-114423,0,444.884,443.825,0.689355,0
31:10:15:23:51:32,8976.37,8966.64,62.9782,62.8943,63.3887,0,0,444.884,0,-82961,0,0,0,0,0.683354,0.291307,-90449.1,0,445.937,444.884,0.683354,0
31:10:15:23:51:33,9000.4,9006.98,62.7581,62.957,62.9782,0,0,445.937,0,-59200,0,0,0,0,0.667649,0.292531,-66688.1,0,446.985,445.937,0.657521,0
31:10:15:23:51:34,9049.04,9048.75,62.9641,62.9717,62.7581,0,0,446.985,0,-47814.1,0,0,0,0,0.666572,0.291447,-55302.2,0,448.033,446.985,0.666572,0
31:10:15:23:51:35,9052.76,9047.89,62.8818,63.0051,62.9641,0,0,448.033,0,-37257,0,0,0,0,0.674408,0.29098,-44745.1,0,449.082,448.033,0.682889,0
31:10:15:23:51:36,9103.68,9082.23,63.5009,63.2334,62.8818,0,0,449.082,0,-26188.9,0,0,0,0,0.690646,0.290631,-33677.1,0,450.135,449.082,0.690646,0
31:10:15:23:51:37,9129.15,9096.82,64.4247,63.3963,63.5009,0,0,450.135,0,-15743.7,0,0,0,0,0.69123,0.294768,-23231.8,0,451.201,450.135,0.69123,0
31:10:15:23:51:38,9119.99,9104.26,65.3386,63.7261,64.4247,0,0,451.201,0,-4994.65,0,0,0,0,0.690757,0.300785,-12482.8,0,452.282,451.201,0.690757,0
31:10:15:23:51:39,9093.96,9095.96,64.975,63.9664,65.3386,0,0,452.282,0,6472.64,0,0,0,0,0.68763,0.301308,-1015.49,0,453.368,452.282,0.694755,0
31:10:15:23:51:40,9100.54,9094.81,64.9304,64.3683,64.975,0,0,453.368,0,12371.9,0,0,0,0,0.683785,0.301145,4883.78,0,454.451,453.368,0.683152,0
31:10:15:23:51:41,9107.98,9098.53,64.9754,64.5138,64.9304,0,0,454.451,0,12379.3,0,0,0,0,0.669095,0.303653,4891.22,0,455.533,454.451,0.68295,0
31:10:15:23:51:42,9087.38,9094.24,65.0179,64.5832,64.9754,0,0,455.533,0,12358.7,0,0,0,0,0.667037,0.303298,4870.62,0,456.616,455.533,0.667917,0
31:10:15:23:51:43,9103.97,9093.38,64.9785,64.5752,65.0179,0,0,456.616,0,12375.3,0,0,0,0,0.669744,0.304349,4887.21,0,457.7,456.616,0.668005,0
31:10:15:23:51:44,9100.25,9103.4,64.9827,64.6994,64.9785,0,0,457.7,0,12371.6,0,0,0,0,0.672443,0.304656,4883.49,0,458.783,457.7,0.672443,0
31:10:15:23:51:45,9113.98,9103.68,64.9483,64.8543,64.9827,0,0,458.783,0,12385.4,0,0,0,0,0.675688,0.304082,4897.23,0,459.866,458.783,0.674455,0
31:10:15:23:51:46,9106.83,9109.12,64.8481,64.925,64.9483,0,0,459.866,0,12378.2,0,0,0,0,0.68126,0.300471,4890.07,0,460.947,459.866,0.678976,0
31:10:15:23:51:47,9103.11,9100.82,64.9047,65.1974,64.8481,0,0,460.947,0,12374.5,0,0,0,0,0.688596,0.294205,4886.36,0,462.028,460.947,0.685581,0
31:10:15:23:51:48,9123.71,9102.25,65.0012,65.0946,64.9047,0,0,462.028,0,12395.1,0,0,0,0,0.690728,0.290059,4906.96,0,463.111,462.028,0.688642,0
31:10:15:23:51:49,9115.7,9103.4,64.8065,64.9491,65.0012,0,0,463.111,0,12387.1,0,0,0,0,0.696431,0.287322,4898.94,0,464.193,463.111,0.693278,0
31:10:15:23:51:50,9102.25,9095.1,64.9127,65.0919,64.8065,0,0,464.193,0,12373.6,0,0,0,0,0.697391,0.286535,4885.5,0,465.274,464.193,0.697616,0
31:10:15:23:51:51,9101.97,9093.38,65.0647,65.0572,64.9127,0,0,465.274,0,12373.3,0,0,0,0,0.705663,0.283925,4885.21,0,466.357,465.274,0.705398,0
31:10:15:23:51:52,9104.26,9085.66,65.0424,65.2255,65.0647,0,0,466.357,0,12375.6,0,0,0,0,0.709588,0.283377,4887.5,0,467.441,466.357,0.708211,0
31:10:15:23:51:53,9086.52,9084.51,65.129,65.2388,65.0424,0,0,467.441,0,12357.9,0,0,0,0,0.704409,0.289427,4869.76,0,468.526,467.441,0.70714,0
31:10:15:23:51:54,9087.95,9080.51,65.1364,65.2228,65.129,0,0,468.526,0,12359.3,0,0,0,0,0.695927,0.290793,4871.19,0,469.611,468.526,0.699773,0
31:10:15:23:51:55,9079.08,9083.66,65.1393,65.2295,65.1364,0,0,469.611,0,12350.5,0,0,0,0,0.698351,0.29451,4862.32,0,470.697,469.611,0.698521,0
31:10:15:23:51:56,9087.38,9085.37,65.0708,65.4017,65.1393,0,0,470.697,0,12358.7,0,0,0,0,0.70541,0.295869,4870.62,0,471.782,470.697,0.702607,0
31:10:15:23:51:57,9084.51,9075.07,65.0514,65.2588,65.0708,0,0,471.782,0,12355.9,0,0,0,0,0.70541,0.297951,4867.76,0,472.866,471.782,0.708633,0
31:10:15:23:51:58,9065.92,9082.23,65.1869,65.0839,65.0514,0,0,472.866,0,12337.3,0,0,0,0,0.708633,0.298012,4849.16,0,473.952,472.866,0.704188,0
31:10:15:23:51:59,9092.24,9078.79,65.1686,65.0799,65.1869,0,0,473.952,0,12369.3,0,0,0,0,0.704188,0.298396,4881.14,0,475.038,473.952,0.702445,0
31:10:15:23:52:00,9093.67,9080.79,65.1048,65.1934,65.1686,0,0,475.038,0,12370.7,0,0,0,0,0.702445,0.299649,4882.57,0,476.124,475.038,0.69636,0
31:10:15:23:52:01,9082.23,9070.78,65.1447,65.0679,65.1048,0,0,476.124,0,12359.3,0,0,0,0,0.69636,0.300708,4871.13,0,477.209,476.124,0.69162,0
31:10:15:23:52:02,9082.51,9067.63,64.9756,64.9531,65.1447,0,0,477.209,0,12359.5,0,0,0,0,0.69162,0.300321,4871.41,0,478.293,477.209,0.685732,0
31:10:15:23:52:03,9089.38,9075.65,65.0224,65.0452,64.9756,0,0,478.293,0,12366.4,0,0,0,0,0.685185,0.29865,4878.28,0,479.377,478.293,0.685779,0
31:10:15:23:52:04,9095.1,9083.37,64.8994,65.1387,65.0224,0,0,479.377,0,12372.1,0,0,0,0,0.685779,0.299003,4884,0,480.459,479.377,0.688714,0
31:10:15:23:52:05,9089.38,9079.08,64.9125,65.0652,64.8994,0,0,480.459,0,12366.4,0,0,0,0,0.690381,0.297936,4878.28,0,481.541,480.459,0.689567,0
31:10:15:23:52:06,9100.54,9091.1,64.9059,65.2228,64.9125,0,0,481.541,0,12377.6,0,0,0,0,0.689567,0.298462,4889.44,0,482.623,481.541,0.686255,0
31:10:15:23:52:07,9099.68,9088.23,64.9108,65.136,64.9059,0,0,482.623,0,12376.7,0,0,0,0,0.686255,0.297881,4888.58,0,483.705,482.623,0.684418,0
31:10:15:23:52:08,9095.39,9084.23,64.8696,64.9384,64.9108,0,0,483.705,0,12372.4,0,0,0,0,0.689482,0.30174,4884.29,0,484.786,483.705,0.684418,0
31:10:15:23:52:09,9072.21,9087.95,64.8795,65.16,64.8696,0,0,484.786,0,12349.2,0,0,0,0,0.69337,0.30363,4861.11,0,485.868,484.786,0.691704,0
31:10:15:23:52:10,9096.25,9084.23,64.9555,65.1787,64.8795,0,0,485.868,0,12373.3,0,0,0,0,0.706225,0.304297,4885.14,0,486.95,485.868,0.702905,0
31:10:15:23:52:11,9096.82,9101.97,65.0159,65.0599,64.9555,0,0,486.95,0,12373.8,0,0,0,0,0.709169,0.304189,4885.72,0,488.033,486.95,0.706756,0
31:10:15:23:52:12,9094.53,9098.82,65.0282,65.0759,65.0159,0,0,488.033,0,12371.6,0,0,0,0,0.711254,0.303226,4883.43,0,489.116,488.033,0.710002,0
31:10:15:23:52:13,9116.56,9110.84,65.0387,65.1534,65.0282,0,0,489.116,0,12393.6,0,0,0,0,0.707912,0.30062,4905.46,0,490.2,489.116,0.710406,0
31:10:15:23:52:14,9139.73,9142.31,64.9739,65.2495,65.0387,0,0,490.2,0,12416.8,0,0,0,0,0.702863,0.29976,4928.63,0,491.284,490.2,0.702863,0
31:10:15:23:52:15,9191.23,9186.08,64.9876,65.363,64.9739,0,0,491.284,0,12468.3,0,0,0,0,0.686721,0.300686,4980.13,0,492.367,491.284,0.689118,0
31:10:15:23:52:16,9197.24,9187.23,64.9876,65.4618,64.9876,0,0,492.367,0,12474.3,0,0,0,0,0.683831,0.300383,4986.14,0,493.45,492.367,0.68355,0
31:10:15:23:52:17,9208.4,9201.82,65.7867,65.7301,64.9876,0,0,493.45,0,12485.4,0,0,0,0,0.692921,0.299435,4997.3,0,494.54,493.45,0.689205,0
31:10:15:23:52:18,9212.97,9208.68,66.6396,65.8783,65.7867,0,0,494.54,0,12490,0,0,0,0,0.695574,0.300125,5001.88,0,495.643,494.54,0.694126,0
31:10:15:23:52:19,9227.57,9222.42,66.6796,65.9331,66.6396,0,0,495.643,0,12504.6,0,0,0,0,0.686954,0.298393,5016.47,0,496.754,495.643,0.68947,0
31:10:15:23:52:20,9196.38,9209.83,66.5783,65.9625,66.6796,0,0,496.754,0,12473.4,0,0,0,0,0.674568,0.300127,4985.28,0,497.865,496.754,0.675558,0
31:10:15:23:52:21,9218.41,9210.97,66.5085,65.9985,66.5783,0,0,497.865,0,12495.4,0,0,0,0,0.673103,0.302563,5007.31,0,498.974,497.865,0.670731,0
31:10:15:23:52:22,9232.72,9221.56,66.4288,66.1107,66.5085,0,0,498.974,0,12509.7,0,0,0,0,0.683913,0.303851,5021.62,0,500.082,498.974,0.677858,0
31:10:15:23:52:23,9203.82,9216.41,66.4469,66.1401,66.4288,0,0,500.082,0,12480.8,0,0,0,0,0.692671,0.301088,4992.72,0,501.189,500.082,0.692671,0
31:10:15:23:52:24,9218.41,9214.4,66.4311,66.3323,66.4469,0,0,501.189,0,12495.4,0,0,0,0,0.694019,0.301449,5007.31,0,502.296,501.189,0.695982,0
31:10:15:23:52:25,9191.52,9195.24,66.4761,66.3296,66.4311,0,0,502.296,0,12468.5,0,0,0,0,0.692819,0.294886,4980.42,0,503.404,502.296,0.692486,0
31:10:15:23:52:26,9213.55,9185.22,66.6005,66.4485,66.4761,0,0,503.404,0,12490.6,0,0,0,0,0.690554,0.291309,5002.45,0,504.513,503.404,0.690554,0
31:10:15:23:52:27,9151.46,9145.17,66.7032,66.562,66.6005,0,0,504.513,0,12428.5,0,0,0,0,0.691848,0.289021,4940.36,0,505.624,504.513,0.691848,0
31:10:15:23:52:28,9140.02,9133.15,66.8365,66.5967,66.7032,0,0,505.624,0,12417,0,0,0,0,0.695049,0.290536,4928.92,0,506.736,505.624,0.695049,0
31:10:15:23:52:29,9133.72,9116.84,66.5005,66.5112,66.8365,0,0,506.736,0,12410.8,0,0,0,0,0.695995,0.292025,4922.63,0,507.848,506.736,0.695995,0
31:10:15:23:52:30,9111.41,9101.11,65.9167,66.4324,66.5005,0,0,507.848,0,12388.4,0,0,0,0,0.694683,0.291744,4900.31,0,508.951,507.848,0.694683,0
31:10:15:23:52:31,9113.13,9098.25,65.5782,66.3016,65.9167,0,0,508.951,0,12390.2,0,0,0,0,0.691124,0.294358,4902.02,0,510.047,508.951,0.691124,0
31:10:15:23:52:32,9090.24,9088.23,65.6038,66.2429,65.5782,0,0,510.047,0,12367.3,0,0,0,0,0.682057,0.299107,4879.14,0,511.14,510.047,0.682446,0
31:10:15:23:52:33,9102.83,9078.51,65.69,66.1748,65.6038,0,0,511.14,0,12379.9,0,0,0,0,0.685489,0.302465,4891.73,0,512.234,511.14,0.685489,0
31:10:15:23:52:34,9095.39,9085.95,65.7152,66.116,65.69,0,0,512.234,0,12372.4,0,0,0,0,0.688468,0.303929,4884.29,0,513.329,512.234,0.697216,0
31:10:15:23:52:35,9086.8,9075.36,65.5807,66.1414,65.7152,0,0,513.329,0,12363.8,0,0,0,0,0.702097,0.306194,4875.7,0,514.423,513.329,0.702097,0
31:10:15:23:52:36,9076.22,9077.65,65.6523,66.1414,65.5807,0,0,514.423,0,12353.2,0,0,0,0,0.703772,0.309222,4865.12,0,515.517,514.423,0.703772,0
31:10:15:23:52:37,9071.35,9074.5,65.697,66.12,65.6523,0,0,515.517,0,12348.4,0,0,0,0,0.695678,0.309957,4860.25,0,516.611,515.517,0.695678,0
31:10:15:23:52:38,9095.1,9073.64,65.8338,66.0105,65.697,0,0,516.611,0,12372.1,0,0,0,0,0.687307,0.309664,4884,0,517.708,516.611,0.688872,0
31:10:15:23:52:39,9060.2,9071.64,65.7717,65.9865,65.8338,0,0,517.708,0,12337.2,0,0,0,0,0.687049,0.308144,4849.1,0,518.804,517.708,0.685887,0
31:10:15:23:52:40,9081.94,9056.48,65.7979,65.9064,65.7717,0,0,518.804,0,12359,0,0,0,0,0.688058,0.306755,4870.84,0,519.901,518.804,0.686945,0
31:10:15:23:52:41,9083.37,9072.78,65.7883,65.9705,65.7979,0,0,519.901,0,12360.4,0,0,0,0,0.694174,0.304596,4872.27,0,520.997,519.901,0.691623,0
31:10:15:23:52:42,9061.63,9062.77,65.6952,66.0252,65.7883,0,0,520.997,0,12338.7,0,0,0,0,0.698391,0.302738,4850.53,0,522.093,520.997,0.695001,0
31:10:15:23:52:43,9073.36,9052.47,65.7491,65.9464,65.6952,0,0,522.093,0,12350.4,0,0,0,0,0.701409,0.299594,4862.26,0,523.188,522.093,0.701409,0
31:10:15:23:52:44,9051.33,9050.75,65.6884,65.9732,65.7491,0,0,523.188,0,12328.4,0,0,0,0,0.694134,0.299971,4840.23,0,524.284,523.188,0.695745,0
31:10:15:23:52:45,9055.05,9046.18,65.6788,66.0119,65.6884,0,0,524.284,0,12332.1,0,0,0,0,0.689194,0.30085,4843.95,0,525.378,524.284,0.690363,0
31:10:15:23:52:46,9039.88,9034.16,65.7815,65.9825,65.6788,0,0,525.378,0,12316.9,0,0,0,0,0.693173,0.301124,4828.78,0,526.474,525.378,0.689747,0
31:10:15:23:52:47,9037.31,9030.73,65.8809,66.0399,65.7815,0,0,526.474,0,12314.3,0,0,0,0,0.698996,0.302535,4826.21,0,527.571,526.474,0.694467,0
31:10:15:23:52:48,9037.59,9033.59,65.8355,65.9798,65.8809,0,0,527.571,0,12314.6,0,0,0,0,0.703281,0.301426,4826.5,0,528.669,527.571,0.702561,0
31:10:15:23:52:49,9037.88,9032.44,65.7518,65.9438,65.8355,0,0,528.669,0,12314.9,0,0,0,0,0.703256,0.298867,4826.78,0,529.765,528.669,0.703156,0
31:10:15:23:52:50,9024.15,9032.73,65.7082,65.885,65.7518,0,0,529.765,0,12301.2,0,0,0,0,0.703333,0.297927,4813.05,0,530.861,529.765,0.702509,0
31:10:15:23:52:51,9021.29,9029.87,65.7882,65.8597,65.7082,0,0,530.861,0,12298.3,0,0,0,0,0.702963,0.299253,4810.19,0,531.956,530.861,0.702789,0
31:10:15:23:52:52,9033.02,9017.85,65.5818,65.9238,65.7882,0,0,531.956,0,12310,0,0,0,0,0.702387,0.300226,4821.92,0,533.051,531.956,0.702387,0
31:10:15:23:52:53,9024.72,9025.58,65.772,65.9117,65.5818,0,0,533.051,0,12301.7,0,0,0,0,0.705599,0.299162,4813.62,0,534.146,533.051,0.703525,0
31:10:15:23:52:54,9015.28,9012.42,65.7543,65.9291,65.772,0,0,534.146,0,12292.3,0,0,0,0,0.704714,0.298768,4804.18,0,535.242,534.146,0.705639,0
31:10:15:23:52:55,9023.86,9019,65.8178,65.9665,65.7543,0,0,535.242,0,12300.9,0,0,0,0,0.710201,0.298291,4812.76,0,536.338,535.242,0.710201,0
31:10:15:23:52:56,9033.3,9014.13,65.6473,65.9932,65.8178,0,0,536.338,0,12310.3,0,0,0,0,0.707267,0.299107,4822.2,0,537.434,536.338,0.703495,0
31:10:15:23:52:57,9020.43,9003.83,65.7563,65.9771,65.6473,0,0,537.434,0,12297.5,0,0,0,0,0.707267,0.298809,4809.33,0,538.529,537.434,0.690309,0
31:10:15:23:52:58,8993.54,8994.39,65.8032,66.0479,65.7563,0,0,538.529,0,12270.6,0,0,0,0,0.690309,0.300363,4782.44,0,539.625,538.529,0.684824,0
31:10:15:23:52:59,8999.54,8995.82,65.7676,66.0039,65.8032,0,0,539.625,0,12276.6,0,0,0,0,0.684824,0.301504,4788.44,0,540.722,539.625,0.691388,0
31:10:15:23:53:00,8996.97,8986.38,65.796,65.9585,65.7676,0,0,540.722,0,12274,0,0,0,0,0.691388,0.301408,4785.87,0,541.818,540.722,0.699849,0
31:10:15:23:53:01,8982.66,8981.52,65.765,65.9812,65.796,0,0,541.818,0,12259.7,0,0,0,0,0.699849,0.3011,4771.56,0,542.914,541.818,0.710367,0
31:10:15:23:53:02,8988.38,8980.37,65.7431,66.0332,65.765,0,0,542.914,0,12265.4,0,0,0,0,0.70919,0.301855,4777.29,0,544.01,542.914,0.70756,0
31:10:15:23:53:03,8979.23,8978.94,65.8907,66.1,65.7431,0,0,544.01,0,12256.3,0,0,0,0,0.70756,0.303026,4768.13,0,545.107,544.01,0.697719,0
31:10:15:23:53:04,8977.8,8983.23,65.7936,66.1734,65.8907,0,0,545.107,0,12254.8,0,0,0,0,0.700733,0.303988,4766.7,0,546.204,545.107,0.697719,0
31:10:15:23:53:05,8984.09,8968.07,65.7939,65.9838,65.7936,0,0,546.204,0,12261.1,0,0,0,0,0.695532,0.305413,4772.99,0,547.301,546.204,0.695532,0
31:10:15:23:53:06,8957.77,8959.77,65.8002,65.9665,65.7939,0,0,547.301,0,12234.8,0,0,0,0,0.69031,0.304613,4746.67,0,548.398,547.301,0.69031,0
31:10:15:23:53:07,8977.8,8963.49,65.7417,65.9197,65.8002,0,0,548.398,0,12254.8,0,0,0,0,0.690895,0.30306,4766.7,0,549.494,548.398,0.6874,0
31:10:15:23:53:08,8979.23,8964.35,65.7173,65.9171,65.7417,0,0,549.494,0,12256.3,0,0,0,0,0.693291,0.300674,4768.13,0,550.589,549.494,0.691772,0
31:10:15:23:53:09,8966.64,8960.06,65.7622,66.0613,65.7173,0,0,550.589,0,12243.7,0,0,0,0,0.695118,0.300507,4755.54,0,551.685,550.589,0.694213,0
31:10:15:23:53:10,8970.36,8954.63,65.6989,65.9545,65.7622,0,0,551.685,0,12247.4,0,0,0,0,0.689463,0.300309,4759.26,0,552.78,551.685,0.692507,0
31:10:15:23:53:11,8984.38,8962.92,65.7413,65.8783,65.6989,0,0,552.78,0,12261.4,0,0,0,0,0.68988,0.299613,4773.28,0,553.876,552.78,0.689841,0
31:10:15:23:53:12,8967.21,8971.79,65.7185,66.0466,65.7413,0,0,553.876,0,12244.2,0,0,0,0,0.693249,0.300404,4756.11,0,554.971,553.876,0.689893,0
31:10:15:23:53:13,8947.19,8960.35,65.7929,66.0479,65.7185,0,0,554.971,0,12224.2,0,0,0,0,0.703493,0.29964,4736.09,0,556.067,554.971,0.700214,0
31:10:15:23:53:14,9020.43,9018.14,65.6691,66.14,65.7929,0,0,556.067,0,12297.5,0,0,0,0,0.706744,0.298676,4809.33,0,557.163,556.067,0.706543,0
31:10:15:23:53:15,9104.83,9099.68,65.7976,66.0813,65.6691,0,0,557.163,0,12381.9,0,0,0,0,0.703595,0.298142,4893.73,0,558.258,557.163,0.707011,0
31:10:15:23:53:16,9125.43,9121.99,65.8428,66.0693,65.7976,0,0,558.258,0,12402.5,0,0,0,0,0.689367,0.29972,4914.33,0,559.355,558.258,0.696236,0
31:10:15:23:53:17,9150.89,9157.76,65.8428,66.2455,65.8428,0,0,559.355,0,12427.9,0,0,0,0,0.688894,0.297668,4939.79,0,560.453,559.355,0.689311,0
31:10:15:23:53:18,9188.94,9186.37,66.5545,66.5126,65.8428,0,0,560.453,0,12466,0,0,0,0,0.693758,0.296099,4977.84,0,561.556,560.453,0.6906,0
31:10:15:23:53:19,9234.43,9206.97,68.2433,66.861,66.5545,0,0,561.556,0,12511.5,0,0,0,0,0.694423,0.296453,5023.33,0,562.679,561.556,0.693916,0
31:10:15:23:53:20,9197.24,9203.82,68.2433,67.1214,68.2433,0,0,562.679,0,12474.3,0,0,0,0,0.693303,0.293086,4986.14,0,563.817,562.679,0.69483,0
31:10:15:23:53:21,9225.85,9207.54,68.2936,67.3283,68.2433,0,0,563.817,0,12502.9,0,0,0,0,0.683974,0.28664,5014.75,0,564.955,563.817,0.693452,0
31:10:15:23:53:22,9208.68,9210.69,68.2483,67.3697,68.2936,0,0,564.955,0,12485.7,0,0,0,0,0.665532,0.287927,4997.58,0,566.092,564.955,0.665532,0
31:10:15:23:53:23,9181.22,9174.35,68.222,67.6087,68.2483,0,0,566.092,0,12458.2,0,0,0,0,0.658007,0.288291,4970.12,0,567.23,566.092,0.658007,0
31:10:15:23:53:24,9182.36,9168.63,68.2228,67.6408,68.222,0,0,567.23,0,12459.4,0,0,0,0,0.658884,0.289479,4971.26,0,568.367,567.23,0.657103,0
31:10:15:23:53:25,9156.9,9166.91,68.1479,67.7142,68.2228,0,0,568.367,0,12433.9,0,0,0,0,0.664655,0.289894,4945.8,0,569.503,568.367,0.664655,0
31:10:15:23:53:26,9168.06,9158.04,67.4854,67.6595,68.1479,0,0,569.503,0,12445.1,0,0,0,0,0.678884,0.289522,4956.96,0,570.633,569.503,0.683947,0
31:10:15:23:53:27,9155.47,9156.04,67.2835,67.6288,67.4854,0,0,570.633,0,12432.5,0,0,0,0,0.693906,0.29129,4944.37,0,571.756,570.633,0.693906,0
31:10:15:23:53:28,9151.18,9159.47,67.4029,67.6408,67.2835,0,0,571.756,0,12428.2,0,0,0,0,0.693343,0.297343,4940.08,0,572.879,571.756,0.693343,0
31:10:15:23:53:29,9146.6,9154.9,67.392,67.6328,67.4029,0,0,572.879,0,12423.6,0,0,0,0,0.694477,0.299652,4935.5,0,574.002,572.879,0.694477,0
31:10:15:23:53:30,9168.91,9147.74,67.5047,67.6782,67.392,0,0,574.002,0,12445.9,0,0,0,0,0.694718,0.298751,4957.81,0,575.126,574.002,0.694718,0
31:10:15:23:53:31,9158.62,9157.47,67.4437,67.7049,67.5047,0,0,575.126,0,12435.6,0,0,0,0,0.698823,0.299165,4947.52,0,576.251,575.126,0.697822,0
31:10:15:23:53:32,9143.74,9143.17,67.4435,67.7049,67.4437,0,0,576.251,0,12420.8,0,0,0,0,0.703056,0.299492,4932.64,0,577.375,576.251,0.703056,0
31:10:15:23:53:33,9161.48,9136.87,67.4152,67.7422,67.4435,0,0,577.375,0,12438.5,0,0,0,0,0.710397,0.300903,4950.38,0,578.499,577.375,0.715297,0
31:10:15:23:53:34,9153.46,9138.59,67.414,67.6434,67.4152,0,0,578.499,0,12430.5,0,0,0,0,0.723337,0.30056,4942.37,0,579.622,578.499,0.723337,0
31:10:15:23:53:35,9150.6,9134.3,67.4024,67.6555,67.414,0,0,579.622,0,12427.6,0,0,0,0,0.723706,0.3005,4939.5,0,580.746,579.622,0.720112,0
31:10:15:23:53:36,9132.29,9139.45,67.3743,67.598,67.4024,0,0,580.746,0,12409.3,0,0,0,0,0.706071,0.298053,4921.19,0,581.869,580.746,0.711569,0
31:10:15:23:53:37,9133.15,9125.43,67.4423,67.6514,67.3743,0,0,581.869,0,12410.2,0,0,0,0,0.695881,0.296729,4922.05,0,582.992,581.869,0.700655,0
31:10:15:23:53:38,9150.32,9133.15,67.4178,67.7302,67.4423,0,0,582.992,0,12427.3,0,0,0,0,0.69513,0.29629,4939.22,0,584.116,582.992,0.694014,0
31:10:15:23:53:39,9120.85,9133.44,67.4069,67.6341,67.4178,0,0,584.116,0,12397.9,0,0,0,0,0.704263,0.298385,4909.75,0,585.24,584.116,0.698726,0
31:10:15:23:53:40,9126.29,9135.44,67.4303,67.6381,67.4069,0,0,585.24,0,12403.3,0,0,0,0,0.708777,0.29949,4915.19,0,586.363,585.24,0.710305,0
31:10:15:23:53:41,9136.01,9138.02,67.3534,67.6568,67.4303,0,0,586.363,0,12413,0,0,0,0,0.704166,0.299327,4924.91,0,587.487,586.363,0.708282,0
31:10:15:23:53:42,9133.15,9129.72,67.4847,67.594,67.3534,0,0,587.487,0,12410.2,0,0,0,0,0.691965,0.299371,4922.05,0,588.61,587.487,0.697267,0
31:10:15:23:53:43,9130.86,9131.44,67.4858,67.6021,67.4847,0,0,588.61,0,12407.9,0,0,0,0,0.688939,0.300166,4919.76,0,589.735,588.61,0.688949,0
31:10:15:23:53:44,9124,9127.72,67.356,67.6288,67.4858,0,0,589.735,0,12401,0,0,0,0,0.692325,0.299699,4912.9,0,590.859,589.735,0.689244,0
31:10:15:23:53:45,9136.59,9126.57,67.4047,67.6581,67.356,0,0,590.859,0,12413.6,0,0,0,0,0.695153,0.298508,4925.49,0,591.982,590.859,0.693221,0
31:10:15:23:53:46,9133.15,9118.56,67.414,67.7009,67.4047,0,0,591.982,0,12410.2,0,0,0,0,0.696598,0.299186,4922.05,0,593.105,591.982,0.69578,0
31:10:15:23:53:47,9119.99,9115.13,67.3447,67.6501,67.414,0,0,593.105,0,12397,0,0,0,0,0.697858,0.298955,4908.89,0,594.228,593.105,0.696966,0
31:10:15:23:53:48,9109.98,9099.39,67.409,67.6661,67.3447,0,0,594.228,0,12387,0,0,0,0,0.701744,0.298972,4898.88,0,595.351,594.228,0.700487,0
31:10:15:23:53:49,9101.11,9083.08,67.4557,67.6915,67.409,0,0,595.351,0,12378.1,0,0,0,0,0.708079,0.300561,4890.01,0,596.475,595.351,0.705603,0
31:10:15:23:53:50,9109.69,9109.98,67.4753,67.6047,67.4557,0,0,596.475,0,12386.7,0,0,0,0,0.711148,0.301743,4898.59,0,597.599,596.475,0.709237,0
31:10:15:23:53:51,9107.4,9105.4,67.1425,67.6501,67.4753,0,0,597.599,0,12384.4,0,0,0,0,0.703302,0.301826,4896.3,0,598.721,597.599,0.706952,0
31:10:15:23:53:52,9116.56,9110.55,67.1025,67.7569,67.1425,0,0,598.721,0,12393.6,0,0,0,0,0.700552,0.301815,4905.46,0,599.84,598.721,0.700552,0
31:10:15:23:53:53,9126.29,9126.57,67.7581,67.8491,67.1025,0,0,599.84,0,12403.3,0,0,0,0,0.700552,0.30376,4915.19,0,600.964,599.84,0.693386,0
31:10:15:23:53:54,9128.86,9134.87,67.7694,67.817,67.7581,0,0,600.964,0,12405.9,0,0,0,0,0.696771,0.30362,4917.76,0,602.093,600.964,0.683952,0
31:10:15:23:53:55,9138.87,9139.16,67.8671,67.9692,67.7694,0,0,602.093,0,12415.9,0,0,0,0,0.683952,0.300378,4927.77,0,603.224,602.093,0.673985,0
31:10:15:23:53:56,9135.16,9134.58,67.9354,67.8731,67.8671,0,0,603.224,0,12412.2,0,0,0,0,0.675849,0.299267,4924.06,0,604.355,603.224,0.666501,0
31:10:15:23:53:57,9154.9,9135.44,68.0249,67.9826,67.9354,0,0,604.355,0,12431.9,0,0,0,0,0.666501,0.298408,4943.8,0,605.488,604.355,0.676611,0
31:10:15:23:53:58,9135.16,9136.87,67.9311,68.1041,68.0249,0,0,605.488,0,12412.2,0,0,0,0,0.676611,0.298456,4924.06,0,606.621,605.488,0.688636,0
31:10:15:23:53:59,9125.43,9127.43,67.9443,68.0707,67.9311,0,0,606.621,0,12402.5,0,0,0,0,0.688636,0.298215,4914.33,0,607.754,606.621,0.693155,0
31:10:15:23:54:00,9160.62,9130.29,67.8284,68.0213,67.9443,0,0,607.754,0,12437.6,0,0,0,0,0.693155,0.298595,4949.52,0,608.885,607.754,0.698472,0
31:10:15:23:54:01,9136.01,9127.14,67.9392,67.9933,67.8284,0,0,608.885,0,12413,0,0,0,0,0.698662,0.298723,4924.91,0,610.016,608.885,0.7024,0
31:10:15:23:54:02,9126,9116.27,67.9437,68.0213,67.9392,0,0,610.016,0,12403,0,0,0,0,0.7024,0.299362,4914.9,0,611.149,610.016,0.7024,0
31:10:15:23:54:03,9109.98,9113.98,67.7714,67.9932,67.9437,0,0,611.149,0,12387,0,0,0,0,0.703631,0.298988,4898.88,0,612.28,611.149,0.700548,0
31:10:15:23:54:04,9124,9110.55,67.9447,67.9652,67.7714,0,0,612.28,0,12401,0,0,0,0,0.69958,0.299174,4912.9,0,613.411,612.28,0.69958,0
31:10:15:23:54:05,9101.68,9099.11,67.9442,67.9706,67.9447,0,0,613.411,0,12378.7,0,0,0,0,0.697886,0.301134,4890.58,0,614.543,613.411,0.697886,0
31:10:15:23:54:06,9081.37,9095.1,68.0346,67.9946,67.9442,0,0,614.543,0,12358.4,0,0,0,0,0.70733,0.301647,4870.27,0,615.676,614.543,0.702077,0
31:10:15:23:54:07,9107.4,9104.54,67.8806,68.048,68.0346,0,0,615.676,0,12384.4,0,0,0,0,0.706546,0.30342,4896.3,0,616.809,615.676,0.707195,0
31:10:15:23:54:08,9087.38,9101.68,67.9154,67.9946,67.8806,0,0,616.809,0,12364.4,0,0,0,0,0.697879,0.30345,4876.28,0,617.941,616.809,0.699473,0
31:10:15:23:54:09,9093.67,9091.67,67.9682,68.048,67.9154,0,0,617.941,0,12370.7,0,0,0,0,0.684572,0.303648,4882.57,0,619.073,617.941,0.689978,0
31:10:15:23:54:10,9087.09,9087.09,67.9814,67.9879,67.9682,0,0,619.073,0,12364.1,0,0,0,0,0.68345,0.302723,4875.99,0,620.206,619.073,0.682222,0
31:10:15:23:54:11,9087.09,9073.93,67.8821,68.036,67.9814,0,0,620.206,0,12364.1,0,0,0,0,0.691014,0.301883,4875.99,0,621.338,620.206,0.685953,0
31:10:15:23:54:12,9081.08,9075.07,67.9331,68.0787,67.8821,0,0,621.338,0,12358.1,0,0,0,0,0.700238,0.300971,4869.98,0,622.47,621.338,0.696652,0
31:10:15:23:54:13,9071.07,9066.49,68.0113,68.1001,67.9331,0,0,622.47,0,12348.1,0,0,0,0,0.704,0.300337,4859.97,0,623.603,622.47,0.702141,0
31:10:15:23:54:14,9081.65,9059.05,67.885,68.0547,68.0113,0,0,623.603,0,12358.7,0,0,0,0,0.70958,0.299345,4870.56,0,624.735,623.603,0.70958,0
31:10:15:23:54:15,9053.33,9054.47,67.8916,68.0734,67.885,0,0,624.735,0,12330.4,0,0,0,0,0.70375,0.298893,4842.23,0,625.867,624.735,0.708126,0
31:10:15:23:54:16,9072.78,9047.89,67.9178,68.0467,67.8916,0,0,625.867,0,12349.8,0,0,0,0,0.69147,0.299449,4861.69,0,626.998,625.867,0.699029,0
31:10:15:23:54:17,9033.88,9046.18,67.8575,68.0213,67.9178,0,0,626.998,0,12310.9,0,0,0,0,0.679016,0.298359,4822.78,0,628.13,626.998,0.684651,0
31:10:15:23:54:18,9021.29,9027.01,67.9062,68.0333,67.8575,0,0,628.13,0,12298.3,0,0,0,0,0.680794,0.297636,4810.19,0,629.261,628.13,0.679503,0
31:10:15:23:54:19,9051.9,9032.73,68.0036,67.9732,67.9062,0,0,629.261,0,12328.9,0,0,0,0,0.698041,0.297327,4840.8,0,630.394,629.261,0.694023,0
31:10:15:23:54:20,9028.44,9039.6,67.9885,67.9986,68.0036,0,0,630.394,0,12305.5,0,0,0,0,0.708206,0.296717,4817.34,0,631.527,630.394,0.70546,0
31:10:15:23:54:21,9028.72,9037.02,67.8032,67.9866,67.9885,0,0,631.527,0,12305.8,0,0,0,0,0.70033,0.296206,4817.63,0,632.659,631.527,0.705603,0
31:10:15:23:54:22,9041.6,9041.6,67.8735,68.0427,67.8032,0,0,632.659,0,12318.6,0,0,0,0,0.691471,0.296747,4830.5,0,633.789,632.659,0.691471,0
31:10:15:23:54:23,9071.35,9053.33,67.8551,68.0333,67.8735,0,0,633.789,0,12348.4,0,0,0,0,0.685099,0.299393,4860.25,0,634.92,633.789,0.684705,0
31:10:15:23:54:24,9050.75,9055.33,67.9645,68.04,67.8551,0,0,634.92,0,12327.8,0,0,0,0,0.689174,0.299636,4839.66,0,636.052,634.92,0.689174,0
31:10:15:23:54:25,9046.75,9047.61,67.9792,68.0293,67.9645,0,0,636.052,0,12323.8,0,0,0,0,0.699134,0.298103,4835.65,0,637.185,636.052,0.699359,0
31:10:15:23:54:26,9078.22,9055.05,67.9113,68.048,67.9792,0,0,637.185,0,12355.2,0,0,0,0,0.701128,0.297465,4867.12,0,638.317,637.185,0.701128,0
31:10:15:23:54:27,9072.21,9053.04,67.9964,68.0493,67.9113,0,0,638.317,0,12349.2,0,0,0,0,0.698586,0.297194,4861.11,0,639.45,638.317,0.698586,0
31:10:15:23:54:28,9066.2,9055.9,67.8105,68.0507,67.9964,0,0,639.45,0,12343.2,0,0,0,0,0.69377,0.297514,4855.1,0,640.582,639.45,0.69377,0
31:10:15:23:54:29,9073.36,9067.06,67.766,68.0253,67.8105,0,0,640.582,0,12350.4,0,0,0,0,0.696415,0.296466,4862.26,0,641.712,640.582,0.696415,0
31:10:15:23:54:30,9069.07,9058.48,67.8975,67.9559,67.766,0,0,641.712,0,12346.1,0,0,0,0,0.701424,0.29741,4857.97,0,642.842,641.712,0.701424,0
31:10:15:23:54:31,9060.48,9064.49,67.8602,67.9959,67.8975,0,0,642.842,0,12337.5,0,0,0,0,0.703964,0.296241,4849.38,0,643.973,642.842,0.703964,0
31:10:15:23:54:32,9064.2,9058.19,67.8909,67.9852,67.8602,0,0,643.973,0,12341.2,0,0,0,0,0.704958,0.295472,4853.1,0,645.105,643.973,0.708241,0
31:10:15:23:54:33,9069.35,9067.35,68.0118,67.9372,67.8909,0,0,645.105,0,12346.4,0,0,0,0,0.711094,0.294192,4858.25,0,646.237,645.105,0.711094,0
31:10:15:23:54:34,9066.78,9070.78,68.0578,67.9759,68.0118,0,0,646.237,0,12343.8,0,0,0,0,0.714271,0.293409,4855.68,0,647.371,646.237,0.714271,0
31:10:15:23:54:35,9086.23,9075.65,67.9235,68.056,68.0578,0,0,647.371,0,12363.3,0,0,0,0,0.702364,0.294516,4875.13,0,648.504,647.371,0.706591,0
31:10:15:23:54:36,9087.09,9091.67,67.8556,68.0159,67.9235,0,0,648.504,0,12364.1,0,0,0,0,0.692785,0.296549,4875.99,0,649.636,648.504,0.696968,0
31:10:15:23:54:37,9090.52,9085.95,67.9346,68.016,67.8556,0,0,649.636,0,12367.6,0,0,0,0,0.693531,0.302616,4879.42,0,650.767,649.636,0.694085,0
31:10:15:23:54:38,9123.14,9090.81,67.902,68.024,67.9346,0,0,650.767,0,12400.2,0,0,0,0,0.702836,0.307295,4912.04,0,651.899,650.767,0.698578,0
31:10:15:23:54:39,9098.82,9090.81,67.902,68.0934,67.902,0,0,651.899,0,12375.8,0,0,0,0,0.707091,0.310061,4887.72,0,653.031,651.899,0.707812,0
31:10:15:23:54:40,9085.95,9083.66,67.8464,68.024,67.902,0,0,653.031,0,12363,0,0,0,0,0.703625,0.31062,4874.85,0,654.162,653.031,0.705951,0
31:10:15:23:54:41,9107.4,9079.65,67.7599,68.0734,67.8464,0,0,654.162,0,12384.4,0,0,0,0,0.69877,0.309838,4896.3,0,655.292,654.162,0.702828,0
31:10:15:23:54:42,9091.67,9082.23,67.8905,68.1094,67.7599,0,0,655.292,0,12368.7,0,0,0,0,0.695713,0.308915,4880.57,0,656.423,655.292,0.696461,0
31:10:15:23:54:43,9074.79,9075.07,67.9292,68.0827,67.8905,0,0,656.423,0,12351.8,0,0,0,0,0.686827,0.308916,4863.69,0,657.555,656.423,0.686827,0
31:10:15:23:54:44,9067.06,9073.93,67.9554,68.1802,67.9292,0,0,657.555,0,12344.1,0,0,0,0,0.68135,0.307268,4855.96,0,658.687,657.555,0.684107,0
31:10:15:23:54:45,9082.51,9069.07,67.8789,68.1481,67.9554,0,0,658.687,0,12359.5,0,0,0,0,0.681267,0.305065,4871.41,0,659.819,658.687,0.682564,0
31:10:15:23:54:46,9061.05,9059.91,67.8152,68.2002,67.8789,0,0,659.819,0,12338.1,0,0,0,0,0.688268,0.303288,4849.96,0,660.95,659.819,0.684968,0
31:10:15:23:54:47,9035.59,9049.61,67.7416,68.1107,67.8152,0,0,660.95,0,12312.6,0,0,0,0,0.692367,0.302678,4824.49,0,662.079,660.95,0.69247,0
31:10:15:23:54:48,9053.33,9047.04,67.8355,68.1094,67.7416,0,0,662.079,0,12330.4,0,0,0,0,0.692844,0.301174,4842.23,0,663.209,662.079,0.692581,0
31:10:15:23:54:49,9040.17,9042.46,67.8891,68.1161,67.8355,0,0,663.209,0,12317.2,0,0,0,0,0.686137,0.300585,4829.07,0,664.34,663.209,0.6895,0
31:10:15:23:54:50,9042.74,9031.01,67.8799,68.1014,67.8891,0,0,664.34,0,12319.8,0,0,0,0,0.68447,0.29987,4831.64,0,665.471,664.34,0.682951,0
31:10:15:23:54:51,9024.15,9015.56,67.9604,68.016,67.8799,0,0,665.471,0,12301.2,0,0,0,0,0.688361,0.299627,4813.05,0,666.604,665.471,0.684963,0
31:10:15:23:54:52,9027.29,9013.56,67.8964,68.0373,67.9604,0,0,666.604,0,12304.3,0,0,0,0,0.688361,0.294137,4816.19,0,667.736,666.604,0.692675,0
31:10:15:23:54:53,9016.42,9001.83,68.0905,68.1842,67.8964,0,0,667.736,0,12293.5,0,0,0,0,0.692675,0.288458,4805.32,0,668.869,667.736,0.701393,0
31:10:15:23:54:54,8990.67,8980.37,67.9604,68.3003,68.0905,0,0,668.869,0,12267.7,0,0,0,0,0.701393,0.283714,4779.57,0,670.003,668.869,0.705176,0
31:10:15:23:54:55,8984.95,8976.37,67.9085,68.3564,67.9604,0,0,670.003,0,12262,0,0,0,0,0.704463,0.28384,4773.85,0,671.135,670.003,0.704463,0
31:10:15:23:54:56,8959.77,8964.92,67.8892,68.3457,67.9085,0,0,671.135,0,12236.8,0,0,0,0,0.704463,0.28895,4748.67,0,672.267,671.135,0.701489,0
31:10:15:23:54:57,8977.8,8956.06,67.9888,68.1188,67.8892,0,0,672.267,0,12254.8,0,0,0,0,0.701489,0.292054,4766.7,0,673.399,672.267,0.695676,0
31:10:15:23:54:58,8936.89,8951.76,67.9209,68.0774,67.9888,0,0,673.399,0,12213.9,0,0,0,0,0.695676,0.293204,4725.79,0,674.531,673.399,0.696827,0
31:10:15:23:54:59,8939.75,8936.89,67.9029,68.0346,67.9209,0,0,674.531,0,12216.8,0,0,0,0,0.696827,0.297701,4728.65,0,675.663,674.531,0.706566,0
31:10:15:23:55:00,8943.75,8933.17,67.9065,68.1001,67.9029,0,0,675.663,0,12220.8,0,0,0,0,0.706566,0.302077,4732.65,0,676.795,675.663,0.711795,0
31:10:15:23:55:01,8913.14,8924.3,67.8417,68.1468,67.9065,0,0,676.795,0,12190.2,0,0,0,0,0.711795,0.308196,4702.04,0,677.926,676.795,0.710985,0
31:10:15:23:55:02,8917.72,8913.43,67.8536,68.1828,67.8417,0,0,677.926,0,12194.7,0,0,0,0,0.713549,0.311402,4706.62,0,679.057,677.926,0.700475,0
31:10:15:23:55:03,8900.55,8904.84,68.0024,68.1561,67.8536,0,0,679.057,0,12177.6,0,0,0,0,0.700475,0.313268,4689.45,0,680.189,679.057,0.700475,0
31:10:15:23:55:04,8916.57,8890.25,67.8668,68.2095,68.0024,0,0,680.189,0,12193.6,0,0,0,0,0.692764,0.313887,4705.47,0,681.321,680.189,0.689314,0
31:10:15:23:55:05,8896.26,8891.68,67.7815,68.1842,67.8668,0,0,681.321,0,12173.3,0,0,0,0,0.692238,0.312523,4685.16,0,682.452,681.321,0.690971,0
31:10:15:23:55:06,8882.53,8875.66,67.9821,68.2656,67.7815,0,0,682.452,0,12159.6,0,0,0,0,0.694455,0.312743,4671.43,0,683.583,682.452,0.696652,0
31:10:15:23:55:07,8878.24,8859.93,68.018,68.1762,67.9821,0,0,683.583,0,12155.3,0,0,0,0,0.690587,0.312289,4667.14,0,684.717,683.583,0.692339,0
31:10:15:23:55:08,8874.23,8844.76,67.8139,68.1642,68.018,0,0,684.717,0,12151.3,0,0,0,0,0.684508,0.309118,4663.13,0,685.849,684.717,0.686164,0
31:10:15:23:55:09,8852.49,8839.9,67.9429,68.3431,67.8139,0,0,685.849,0,12129.5,0,0,0,0,0.685088,0.306458,4641.39,0,686.98,685.849,0.682182,0
31:10:15:23:55:10,8811.57,8825.02,67.8499,68.3003,67.9429,0,0,686.98,0,12088.6,0,0,0,0,0.691112,0.303338,4600.47,0,688.111,686.98,0.686933,0
31:10:15:23:55:11,8827.6,8814.44,67.978,68.2603,67.8499,0,0,688.111,0,12104.6,0,0,0,0,0.704508,0.300619,4616.5,0,689.243,688.111,0.699926,0
31:10:15:23:55:12,8819.58,8815.58,67.7488,68.1949,67.978,0,0,689.243,0,12096.6,0,0,0,0,0.702247,0.299083,4608.49,0,690.374,689.243,0.702473,0
31:10:15:23:55:13,8800.13,8796.98,68.0345,68.1561,67.7488,0,0,690.374,0,12077.2,0,0,0,0,0.701836,0.295953,4589.03,0,691.506,690.374,0.701836,0
31:10:15:23:55:14,8788.11,8794.41,67.986,68.1642,68.0345,0,0,691.506,0,12065.1,0,0,0,0,0.703349,0.299401,4577.02,0,692.639,691.506,0.70129,0
31:10:15:23:55:15,8779.82,8782.68,67.8906,68.1121,67.986,0,0,692.639,0,12056.8,0,0,0,0,0.708191,0.299606,4568.72,0,693.772,692.639,0.702819,0
31:10:15:23:55:16,8782.11,8770.66,68.0256,68.1094,67.8906,0,0,693.772,0,12059.1,0,0,0,0,0.699633,0.301647,4571.01,0,694.904,693.772,0.705549,0
31:10:15:23:55:17,8754.35,8765.8,67.9052,68.1174,68.0256,0,0,694.904,0,12031.4,0,0,0,0,0.690927,0.301916,4543.25,0,696.037,694.904,0.692687,0
31:10:15:23:55:18,8767.23,8756.07,67.8671,68.1575,67.9052,0,0,696.037,0,12044.3,0,0,0,0,0.681091,0.302532,4556.13,0,697.169,696.037,0.682618,0
31:10:15:23:55:19,8762.37,8747.77,68.127,68.1294,67.8671,0,0,697.169,0,12039.4,0,0,0,0,0.686041,0.303734,4551.27,0,698.302,697.169,0.682763,0
31:10:15:23:55:20,8735.76,8730.89,68.0388,68.2443,68.127,0,0,698.302,0,12012.8,0,0,0,0,0.699265,0.303905,4524.66,0,699.437,698.302,0.694445,0
31:10:15:23:55:21,8743.48,8724.89,67.8617,68.2002,68.0388,0,0,699.437,0,12020.5,0,0,0,0,0.706077,0.303083,4532.38,0,700.569,699.437,0.702027,0
31:10:15:23:55:22,8722.88,8711.15,67.9781,68.2923,67.8617,0,0,700.569,0,11999.9,0,0,0,0,0.708832,0.303661,4511.78,0,701.701,700.569,0.705436,0
31:10:15:23:55:23,8708.01,8699.42,67.9307,68.2055,67.9781,0,0,701.701,0,11985,0,0,0,0,0.702137,0.304383,4496.91,0,702.834,701.701,0.702137,0
31:10:15:23:55:24,8702.28,8685.4,67.8808,68.1775,67.9307,0,0,702.834,0,11979.3,0,0,0,0,0.694684,0.305091,4491.18,0,703.965,702.834,0.695841,0
31:10:15:23:55:25,8677.96,8673.96,67.9825,68.2429,67.8808,0,0,703.965,0,11955,0,0,0,0,0.685404,0.305949,4466.87,0,705.098,703.965,0.685404,0
31:10:15:23:55:26,8674.53,8668.52,67.9268,68.2202,67.9825,0,0,705.098,0,11951.6,0,0,0,0,0.680966,0.30596,4463.43,0,706.23,705.098,0.680685,0
31:10:15:23:55:27,8667.38,8653.07,67.8624,68.2322,67.9268,0,0,706.23,0,11944.4,0,0,0,0,0.685506,0.304438,4456.28,0,707.362,706.23,0.685506,0
31:10:15:23:55:28,8641.34,8653.36,67.8936,68.2816,67.8624,0,0,707.362,0,11918.4,0,0,0,0,0.69264,0.304547,4430.24,0,708.493,707.362,0.69264,0
31:10:15:23:55:29,8621.6,8635.91,67.8525,68.2563,67.8936,0,0,708.493,0,11898.6,0,0,0,0,0.699389,0.305372,4410.5,0,709.624,708.493,0.699389,0
31:10:15:23:55:30,8636.77,8622.46,67.9127,68.2616,67.8525,0,0,709.624,0,11913.8,0,0,0,0,0.694635,0.306164,4425.67,0,710.756,709.624,0.694635,0
31:10:15:23:55:31,8636.77,8625.32,68.1038,68.2456,67.9127,0,0,710.756,0,11913.8,0,0,0,0,0.687174,0.306795,4425.67,0,711.889,710.756,0.68234,0
31:10:15:23:55:32,8601.58,8608.44,67.8209,68.2857,68.1038,0,0,711.889,0,11878.6,0,0,0,0,0.679347,0.304483,4390.48,0,713.022,711.889,0.679347,0
31:10:15:23:55:33,8608.16,8596.14,67.8545,68.2309,67.8209,0,0,713.022,0,11885.2,0,0,0,0,0.682777,0.301458,4397.06,0,714.152,713.022,0.689075,0
31:10:15:23:55:34,8609.59,8588.7,67.8729,68.2269,67.8545,0,0,714.152,0,11886.6,0,0,0,0,0.69888,0.301802,4398.49,0,715.284,714.152,0.696377,0
31:10:15:23:55:35,8584.41,8572.11,67.9975,68.2443,67.8729,0,0,715.284,0,11861.4,0,0,0,0,0.702377,0.298948,4373.31,0,716.416,715.284,0.699318,0
31:10:15:23:55:36,8561.52,8557.52,67.9012,68.2429,67.9975,0,0,716.416,0,11838.5,0,0,0,0,0.70236,0.30149,4350.42,0,717.548,716.416,0.702325,0
31:10:15:23:55:37,8556.94,8550.08,67.9653,68.2696,67.9012,0,0,717.548,0,11834,0,0,0,0,0.701045,0.303082,4345.84,0,718.68,717.548,0.700301,0
31:10:15:23:55:38,8562.95,8542.07,67.8679,68.2189,67.9653,0,0,718.68,0,11840,0,0,0,0,0.695129,0.305797,4351.85,0,719.812,718.68,0.697166,0
31:10:15:23:55:39,8522.9,8525.19,67.924,68.3297,67.8679,0,0,719.812,0,11799.9,0,0,0,0,0.696682,0.305789,4311.8,0,720.944,719.812,0.694468,0
31:10:15:23:55:40,8552.94,8546.64,67.9214,68.3764,67.924,0,0,720.944,0,11830,0,0,0,0,0.702131,0.305983,4341.84,0,722.076,720.944,0.699049,0
31:10:15:23:55:41,8540.06,8550.36,68.047,68.3297,67.9214,0,0,722.076,0,11817.1,0,0,0,0,0.704264,0.305756,4328.96,0,723.209,722.076,0.703884,0
31:10:15:23:55:42,8557.52,8551.51,67.872,68.3724,68.047,0,0,723.209,0,11834.5,0,0,0,0,0.696432,0.30318,4346.42,0,724.342,723.209,0.697489,0
31:10:15:23:55:43,8555.51,8563.24,68.3865,68.5714,67.872,0,0,724.342,0,11832.5,0,0,0,0,0.688478,0.301898,4344.41,0,725.477,724.342,0.691345,0
31:10:15:23:55:44,8558.09,8555.23,68.748,68.6315,68.3865,0,0,725.477,0,11835.1,0,0,0,0,0.688713,0.302696,4346.99,0,726.62,725.477,0.687539,0
31:10:15:23:55:45,8577.54,8586.41,68.8289,68.8758,68.748,0,0,726.62,0,11854.6,0,0,0,0,0.697822,0.299698,4366.44,0,727.766,726.62,0.692654,0
31:10:15:23:55:46,8604.15,8604.72,69.0824,68.988,68.8289,0,0,727.766,0,11881.2,0,0,0,0,0.696677,0.297811,4393.05,0,728.916,727.766,0.701851,0
31:10:15:23:55:47,8637.05,8605.87,69.0063,68.9706,69.0824,0,0,728.916,0,11914.1,0,0,0,0,0.693931,0.297428,4425.95,0,730.066,728.916,0.694125,0
31:10:15:23:55:48,8592.42,8609.3,69.4624,69.3992,69.0063,0,0,730.066,0,11869.4,0,0,0,0,0.684927,0.29594,4381.32,0,731.22,730.066,0.69003,0
31:10:15:23:55:49,8617.31,8591.56,70.1498,69.5941,69.4624,0,0,731.22,0,11894.3,0,0,0,0,0.681773,0.2959,4406.21,0,732.384,731.22,0.68193,0
31:10:15:23:55:50,8632.76,8611.59,70.3851,69.8465,70.1498,0,0,732.384,0,11909.8,0,0,0,0,0.681773,0.293767,4421.66,0,733.555,732.384,0.681722,0
31:10:15:23:55:51,8549.79,8589.56,70.2351,69.9626,70.3851,0,0,733.555,0,11826.8,0,0,0,0,0.684478,0.291871,4338.69,0,734.727,733.555,0.680418,0
31:10:15:23:55:52,8623.32,8580.4,70.3736,70.016,70.2351,0,0,734.727,0,11900.3,0,0,0,0,0.683245,0.29222,4412.22,0,735.899,734.727,0.678945,0
31:10:15:23:55:53,8646.49,8631.62,70.2924,70.0734,70.3736,0,0,735.899,0,11923.5,0,0,0,0,0.678945,0.293472,4435.39,0,737.071,735.899,0.673055,0
31:10:15:23:55:54,8605.58,8635.62,70.3219,70.1175,70.2924,0,0,737.071,0,11882.6,0,0,0,0,0.674746,0.294842,4394.48,0,738.243,737.071,0.678379,0
31:10:15:23:55:55,8606.15,8597.57,70.4372,70.5808,70.3219,0,0,738.243,0,11883.2,0,0,0,0,0.678379,0.295305,4395.05,0,739.416,738.243,0.682342,0
31:10:15:23:55:56,8667.38,8674.25,71.2019,70.8251,70.4372,0,0,739.416,0,11944.4,0,0,0,0,0.681229,0.297251,4456.28,0,740.596,739.416,0.680261,0
31:10:15:23:55:57,8678.25,8679.11,71.544,70.984,71.2019,0,0,740.596,0,11955.3,0,0,0,0,0.680261,0.298317,4467.15,0,741.786,740.596,0.680186,0
31:10:15:23:55:58,8742.91,8716.88,72.4139,71.2297,71.544,0,0,741.786,0,12019.9,0,0,0,0,0.680186,0.297874,4531.81,0,742.985,741.786,0.677472,0
31:10:15:23:55:59,8756.36,8764.37,72.3272,71.3685,72.4139,0,0,742.985,0,12033.4,0,0,0,0,0.677472,0.296819,4545.26,0,744.191,742.985,0.686454,0
31:10:15:23:56:00,8763.51,8759.22,73.3291,71.7143,72.3272,0,0,744.191,0,12040.5,0,0,0,0,0.686454,0.293347,4552.41,0,745.405,744.191,0.686454,0
31:10:15:23:56:01,8765.23,8753.21,73.1739,71.9093,73.3291,0,0,745.405,0,12042.3,0,0,0,0,0.6968,0.293671,4554.13,0,746.626,745.405,0.697247,0
31:10:15:23:56:02,8746.63,8749.78,74.1768,72.4166,73.1739,0,0,746.626,0,12023.7,0,0,0,0,0.700097,0.290416,4535.53,0,747.854,746.626,0.700097,0
31:10:15:23:56:03,8751.21,8729.18,74.0204,72.7037,74.1768,0,0,747.854,0,12028.2,0,0,0,0,0.69175,0.291813,4540.11,0,749.089,747.854,0.683523,0
31:10:15:23:56:04,8767.51,8739.76,74.0204,73.0695,74.0204,0,0,749.089,0,12044.5,0,0,0,0,0.68542,0.290159,4556.42,0,750.323,749.089,0.68542,0
31:10:15:23:56:05,8750.06,8742.62,74.0307,73.3179,74.0204,0,0,750.323,0,12027.1,0,0,0,0,0.677232,0.292017,4538.96,0,751.556,750.323,0.677232,0
31:10:15:23:56:06,8748.35,8721.45,74.0956,73.5969,74.0307,0,0,751.556,0,12025.4,0,0,0,0,0.680383,0.292665,4537.25,0,752.791,751.556,0.67946,0
31:10:15:23:56:07,8739.48,8722.31,74.0956,73.7585,73.264,0.250074,0,752.784,0,12016.5,0,0,0,0,0.683756,0.29335,4528.38,0,754.026,752.784,0.681605,0
31:10:15:23:56:08,8754.64,8722.88,74.4997,74.0936,73.2639,0.250106,0,754.005,6.41249,12031.7,0,0,0,6.41249,0.686161,0.297924,4543.54,0,755.264,754.005,0.685906,0
31:10:15:23:56:09,8782.39,8758.65,74.7933,74.2472,73.663,0.250263,0,755.229,19.2383,12059.4,0.113196,0,0,19.2383,0.691588,0.300251,4571.29,0,756.508,755.229,0.685414,0
31:10:15:23:56:10,8759.22,8749.49,74.7436,74.4902,73.9537,0.250115,0,756.459,32.1039,12036.2,0,0,0,32.1039,0.689484,0.299448,4548.12,0,757.754,756.459,0.688887,0
31:10:15:23:56:11,8770.38,8724.31,74.9043,74.7385,73.9046,0.250122,0,757.692,45.0301,12047.4,0,0,0,45.0301,0.687299,0.300349,4559.28,0,759.001,757.692,0.687549,0
31:10:15:23:56:12,8776.38,8732.32,75.5876,75.0843,74.0636,0.250091,0,758.925,57.9738,12053.4,0,0,0,57.9738,0.689133,0.301896,4565.28,0,760.255,758.925,0.688298,0
31:10:15:23:56:13,8763.22,8738.62,75.9247,75.2859,74.7387,0.250251,0,760.165,70.9265,12040.3,0,0,0,70.9265,0.687103,0.303379,4552.12,0,761.518,760.165,0.68878,0
31:10:15:23:56:14,8791.83,8748.92,76.0032,75.4194,75.0716,0.250374,0,761.413,83.9557,12068.9,0,0,0,83.9557,0.682095,0.300404,4580.73,0,762.784,761.413,0.686411,0
31:10:15:23:56:15,8786.11,8758.65,75.8506,75.5663,75.1497,0.250217,0,762.665,97.0804,12063.1,0,0,0,97.0804,0.675389,0.298591,4575.01,0,764.049,762.665,0.680579,0
31:10:15:23:56:16,8763.22,8734.61,76.0976,75.7786,74.999,0.250191,0,763.916,110.24,12040.3,0,0,0,110.24,0.672029,0.29732,4552.12,0,765.316,763.916,0.674491,0
31:10:15:23:56:17,8777.53,8723.74,76.8327,76.0336,75.2433,0.250144,0,765.168,123.389,12054.6,0.0292409,0,0,123.389,0.676705,0.297115,4566.43,0,766.59,765.168,0.675408,0
31:10:15:23:56:18,8755.21,8730.32,77.0736,76.3033,75.9698,0.250232,0,766.428,136.544,12032.2,0.0413299,0,0,136.544,0.685188,0.296162,4544.11,0,767.873,766.428,0.685188,0
31:10:15:23:56:19,8736.04,8698.56,77.0791,76.6638,76.2079,0.250292,0,767.696,149.785,12013.1,0,0,0,149.785,0.697306,0.293885,4524.95,0,769.157,767.696,0.697306,0
31:10:15:23:56:20,8728.89,8686.83,77.103,76.7773,76.2132,0.250312,0,768.967,163.115,12005.9,0.0191844,0,0,163.115,0.699746,0.294146,4517.79,0,770.442,768.967,0.699746,0
31:10:15:23:56:21,8693.42,8671.96,77.1647,76.8668,76.2362,0.250509,0,770.237,176.468,11970.4,0,0,0,176.468,0.693022,0.295611,4482.32,0,771.728,770.237,0.688974,0
31:10:15:23:56:22,8692.27,8641.34,77.0103,76.9963,76.2977,0.250362,0,771.508,189.829,11969.3,0.211315,0,0,189.829,0.687555,0.296463,4481.17,0,773.012,771.508,0.687555,0
31:10:15:23:56:23,8687.12,8646.21,77.1599,77.1111,76.1446,0.250486,0,772.779,203.199,11964.2,0,0,0,203.199,0.691945,0.297059,4476.02,0,774.297,772.779,0.692258,0
31:10:15:23:56:24,8646.49,8622.75,77.3256,77.1939,76.2925,0.250489,0,774.049,216.56,11923.5,0,0,0,216.56,0.696523,0.297802,4435.4,0,775.585,774.049,0.696523,0
31:10:15:23:56:25,8641.63,8592.13,77.1615,77.2366,76.4564,0.25046,0,775.322,229.924,11918.7,0.0282385,0,0,229.924,0.691745,0.297033,4430.53,0,776.872,775.322,0.68864,0
31:10:15:23:56:26,8678.25,8634.48,77.1896,77.266,76.2936,0.250634,0,776.595,243.315,11955.3,0,0,0,243.315,0.684992,0.297705,4467.15,0,778.158,776.595,0.684992,0
31:10:15:23:56:27,8678.54,8648.21,77.2689,77.3074,76.3218,0.250497,0,777.866,256.71,11955.6,0,0,0,256.71,0.684347,0.299418,4467.43,0,779.445,777.866,0.684347,0
31:10:15:23:56:28,8671.96,8627.04,77.5271,77.4716,76.4002,0.250511,0,779.139,270.094,11948.9,0,0,0,270.094,0.681448,0.299626,4460.81,0,780.735,779.139,0.681448,0
31:10:15:23:56:29,8645.92,8627.61,77.3858,77.7052,76.6557,0.25046,0,780.415,283.484,11922.9,0,0,0,283.484,0.684553,0.299253,4434.75,0,782.026,780.415,0.684553,0
31:10:15:23:56:30,8641.92,8607.01,79.0028,77.8868,76.5162,0.250399,0,781.691,296.903,11918.8,0.105071,0,0,296.903,0.686945,0.299145,4430.72,0,783.33,781.691,0.688882,0
31:10:15:23:56:31,8639.63,8593.57,78.8721,78.1004,78.1143,0.250623,0,782.98,310.328,11916.7,0,0,0,310.328,0.698672,0.300049,4428.59,0,784.645,782.98,0.693704,0
31:10:15:23:56:32,8618.46,8591.28,78.7835,78.2393,77.9849,0.250646,0,784.28,323.886,11896,0.0473831,0,0,323.886,0.70738,0.294552,4407.87,0,785.959,784.28,0.705562,0
31:10:15:23:56:33,8646.49,8609.59,78.5431,78.3274,77.8979,0.250465,0,785.58,337.579,11924.5,0,0,0,337.579,0.690595,0.295489,4436.37,0,787.27,785.58,0.707167,0
31:10:15:23:56:34,8661.66,8627.9,78.5737,78.3808,77.6602,0.250472,0,786.876,351.25,11940.1,0,0,0,351.25,0.686491,0.296416,4452,0,788.579,786.876,0.686491,0
31:10:15:23:56:35,8627.61,8602.15,78.6765,78.6679,77.6905,0.250474,0,788.17,364.886,11906.6,0.187707,0,0,364.886,0.684276,0.298661,4418.42,0,789.89,788.17,0.683545,0
31:10:15:23:56:36,8653.36,8593.85,79.1958,78.963,77.7924,0.250392,0,789.466,378.505,11932.8,0,0,0,378.505,0.695393,0.299909,4444.66,0,791.205,789.466,0.687077,0
31:10:15:23:56:37,8668.52,8645.06,80.2432,79.2514,78.3054,0.250516,0,790.767,392.134,11948.4,0,0,0,392.134,0.702703,0.299404,4460.31,0,792.534,790.767,0.699801,0
31:10:15:23:56:38,8657.08,8623.61,80.3357,79.4263,79.3405,0.25066,0,792.081,405.817,11937.5,0,0,0,405.817,0.702132,0.297057,4449.36,0,793.872,792.081,0.702854,0
31:10:15:23:56:39,8680.54,8637.91,80.3799,79.6279,79.4328,0.250439,0,793.404,419.643,11961.4,0,0,0,419.643,0.684683,0.292571,4473.31,0,795.211,793.404,0.69375,0
31:10:15:23:56:40,8685.4,8662.52,80.9609,79.9844,79.4763,0.250473,0,794.728,433.567,11966.8,0,0,0,433.567,0.670589,0.289416,4478.67,0,796.556,794.728,0.671853,0
31:10:15:23:56:41,8690.55,8642.77,81.1929,80.3182,80.0511,0.250375,0,796.057,447.497,11972.5,0.0716242,0,0,447.497,0.666881,0.288667,4484.35,0,797.907,796.057,0.66719,0
31:10:15:23:56:42,8683.11,8648.78,82.4929,80.7801,80.28,0.250527,0,797.394,461.479,11965.5,0.152926,0,0,461.479,0.66903,0.286266,4477.41,0,799.271,797.394,0.666474,0
31:10:15:23:56:43,8579.26,8568.1,82.3055,81.0472,81.5657,0.250462,0,798.742,475.533,11862.2,0.383602,0,0,475.533,0.668196,0.287724,4374.05,0,800.645,798.742,0.668196,0
31:10:15:23:56:44,8661.37,8610.45,82.3631,81.4183,81.3799,0.250609,0,800.1,489.723,11944.8,0.14578,0,0,489.723,0.667195,0.288096,4456.63,0,802.017,800.1,0.669899,0
31:10:15:23:56:45,8672.53,8639.91,82.3869,81.4571,81.4357,0.250906,0,801.457,504.011,11956.4,0.148842,0,0,504.011,0.658408,0.292085,4468.28,0,803.39,801.457,0.669866,0
31:10:15:23:56:46,8655.94,8622.75,81.5573,81.5679,81.4604,0.250583,0,802.814,518.3,11940.3,0,0,0,518.3,0.660466,0.293608,4452.19,0,804.756,802.814,0.661548,0
31:10:15:23:56:47,8649.93,8618.46,82.3268,81.931,80.6399,0.250639,0,804.165,532.596,11934.8,0.276307,0,0,532.596,0.660521,0.293887,4446.69,0,806.122,804.165,0.66079,0
31:10:15:23:56:48,8663.95,8636.77,83.2287,82.1847,81.4009,0.250598,0,805.516,546.815,11949.3,0.081746,0,0,546.815,0.660521,0.298965,4461.2,0,807.501,805.516,0.670727,0
31:10:15:23:56:49,8640.77,8602.15,83.1445,82.4144,82.2918,0.250821,0,806.88,561.028,11926.6,0,0,0,561.028,0.670727,0.299325,4438.5,0,808.888,806.88,0.679654,0
31:10:15:23:56:50,8633.91,8594.14,83.257,82.3503,82.2082,0.250914,0,808.25,575.392,11920.3,0.142722,0,0,575.392,0.679654,0.298794,4432.13,0,810.274,808.25,0.689055,0
31:10:15:23:56:51,8624.46,8594.42,83.2633,82.5933,82.3204,0.250664,0,809.622,589.836,11911.3,0.244266,0,0,589.836,0.689055,0.302639,4423.19,0,811.662,809.622,0.692449,0
31:10:15:23:56:52,8619.89,8589.85,83.0858,82.6814,82.3258,0.250873,0,810.994,604.277,11907.3,0.282523,0,0,604.277,0.692449,0.30294,4419.14,0,813.048,810.994,0.684512,0
31:10:15:23:56:53,8610.45,8573.82,83.1095,82.887,82.1508,0.250754,0,812.364,618.728,11898.3,0,0,0,618.728,0.683371,0.302463,4410.19,0,814.433,812.364,0.682023,0
31:10:15:23:56:54,8602.72,8569.82,83.2542,82.9431,82.1739,0.250847,0,813.734,633.167,11891.1,0.301195,0,0,633.167,0.682023,0.302651,4402.95,0,815.82,813.734,0.685921,0
31:10:15:23:56:55,8635.91,8597.28,83.1876,82.9831,82.3167,0.250905,0,815.104,647.591,11924.8,0.277342,0,0,647.591,0.683691,0.303779,4436.63,0,817.207,815.104,0.690837,0
31:10:15:23:56:56,8656.51,8616.45,82.7271,83.0299,82.2513,0.25079,0,816.476,662.035,11945.9,0.489034,0,0,662.035,0.690837,0.304312,4457.73,0,818.589,816.476,0.696787,0
31:10:15:23:56:57,8642.49,8624.46,83.4405,83.2155,81.7959,0.250802,0,817.843,676.483,11932.4,0,0,0,676.483,0.696787,0.304691,4444.24,0,819.974,817.843,0.696355,0
31:10:15:23:56:58,8646.21,8610.73,83.9616,83.2956,82.5013,0.250829,0,819.212,690.883,11936.6,0.126418,0,0,690.883,0.696355,0.306401,4448.45,0,821.369,819.212,0.694392,0
31:10:15:23:56:59,8666.81,8625.04,83.8056,83.4104,83.0163,0.250868,0,820.591,705.306,11957.7,0.163142,0,0,705.306,0.694392,0.303314,4469.54,0,822.767,820.591,0.694392,0
31:10:15:23:57:00,8645.64,8611.3,83.8982,83.5706,82.8624,0.250805,0,821.974,719.838,11937,0.0534363,0,0,719.838,0.696071,0.300334,4448.86,0,824.165,821.974,0.693634,0
31:10:15:23:57:01,8648.78,8610.73,83.9133,83.6494,82.9535,0.250891,0,823.356,734.401,11940.6,0.0918795,0,0,734.401,0.690084,0.300538,4452.51,0,825.563,823.356,0.69201,0
31:10:15:23:57:02,8641.92,8622.17,84.0931,83.6788,82.9684,0.250918,0,824.738,748.959,11934.3,0.106087,0,0,748.959,0.690706,0.300316,4446.17,0,826.963,824.738,0.693152,0
31:10:15:23:57:03,8629.04,8590.99,83.9959,83.7655,83.146,0.250954,0,826.122,763.529,11921.9,0.086812,0,0,763.529,0.687788,0.298926,4433.8,0,828.364,826.122,0.691637,0
31:10:15:23:57:04,8656.51,8603.29,84.0219,83.7669,83.0501,0.250894,0,827.508,778.119,11949.9,0.169275,0,0,778.119,0.682315,0.294891,4461.76,0,829.764,827.508,0.682315,0
31:10:15:23:57:05,8625.32,8616.17,83.9897,83.8417,83.0758,0.250889,0,828.892,792.715,11919.2,0.276307,0,0,792.715,0.67635,0.28555,4431.07,0,831.164,828.892,0.679495,0
31:10:15:23:57:06,8630.19,8589.27,84.0172,83.9164,83.0443,0.250818,0,830.276,807.303,11924.6,0,0,0,807.303,0.678345,0.285152,4436.44,0,832.564,830.276,0.677123,0
31:10:15:23:57:07,8622.75,8588.7,83.6686,83.9712,83.0707,0.251027,0,831.66,821.888,11917.7,0.22263,0,0,821.888,0.683125,0.288901,4429.53,0,833.962,831.66,0.681164,0
31:10:15:23:57:08,8594.42,8573.25,83.9538,83.9698,82.7262,0.250992,0,833.042,836.476,11889.8,0.148842,0,0,836.476,0.690579,0.292024,4401.71,0,835.358,833.042,0.685481,0
31:10:15:23:57:09,8651.36,8597.57,83.6757,83.9565,83.0087,0.250848,0,834.423,851.042,11947.3,0.298078,0,0,851.042,0.704467,0.296603,4459.14,0,836.755,834.423,0.699716,0
31:10:15:23:57:10,8649.93,8637.91,83.7605,83.875,82.7326,0.251148,0,835.804,865.597,11946.3,0.0766856,0,0,865.597,0.71272,0.297856,4458.2,0,838.151,835.804,0.708467,0
31:10:15:23:57:11,8653.65,8621.03,83.4381,83.9071,82.8176,0.250813,0,837.184,880.158,11950.5,0.0201859,0,0,880.158,0.713305,0.300966,4462.42,0,839.544,837.184,0.712989,0
31:10:15:23:57:12,8680.25,8636.48,83.4381,83.9832,82.4986,0.250892,0,838.561,894.7,11977.7,0,0,0,894.7,0.712577,0.301829,4489.55,0,840.935,838.561,0.712427,0
31:10:15:23:57:13,8664.8,8655.08,84.2945,84.0673,82.4986,0.250915,0,839.936,909.215,11962.7,0.104056,0,0,909.215,0.707461,0.295762,4474.61,0,842.332,839.936,0.707461,0
31:10:15:23:57:14,8673.1,8620.17,84.812,84.2021,83.3454,0.250891,0,841.318,923.704,11971.5,0.120314,0,0,923.704,0.707513,0.292506,4483.4,0,843.742,841.318,0.706986,0
31:10:15:23:57:15,8672.53,8645.06,84.6788,84.3277,83.8568,0.250971,0,842.712,938.268,11971.4,0.124385,0,0,938.268,0.70412,0.292652,4483.32,0,845.154,842.712,0.706258,0
31:10:15:23:57:16,8645.35,8637.34,84.6008,84.4732,83.7256,0.250812,0,844.108,952.953,11944.8,0,0,0,952.953,0.697327,0.295838,4456.65,0,846.565,844.108,0.697289,0
31:10:15:23:57:17,8662.23,8621.32,84.7118,84.4411,83.6477,0.251053,0,845.503,967.668,11962.2,0.0141558,0,0,967.668,0.696557,0.299596,4474.05,0,847.976,845.503,0.700384,0
31:10:15:23:57:18,8659.37,8632.19,84.7487,84.5546,83.7578,0.250934,0,846.898,982.368,11959.8,0,0,0,982.368,0.703024,0.303823,4471.71,0,849.388,846.898,0.701393,0
31:10:15:23:57:19,8653.93,8616.45,84.5043,84.5306,83.7941,0.250987,0,848.294,997.074,11954.9,0.227776,0,0,997.074,0.703281,0.304925,4466.78,0,850.798,848.294,0.703281,0
31:10:15:23:57:20,8659.94,8634.76,84.6862,84.6374,83.5522,0.251045,0,849.689,1011.79,11961.4,0.150883,0,0,1011.79,0.693215,0.305957,4473.27,0,852.208,849.689,0.693215,0
31:10:15:23:57:21,8643.06,8627.04,84.5742,84.7055,83.7321,0.251047,0,851.083,1026.49,11945,0.188733,0,0,1026.49,0.685009,0.306781,4456.9,0,853.619,851.083,0.685009,0
31:10:15:23:57:22,8651.93,8615.02,84.496,84.7189,83.6213,0.251077,0,852.478,1041.19,11954.4,0,0,0,1041.19,0.682699,0.305179,4466.3,0,855.028,852.478,0.685679,0
31:10:15:23:57:23,8661.37,8625.89,84.4738,84.7629,83.5442,0.251018,0,853.871,1055.9,11964.4,0,0,0,1055.9,0.691956,0.304898,4476.25,0,856.436,853.871,0.691956,0
31:10:15:23:57:24,8651.07,8626.18,84.6155,84.7576,83.5221,0.251037,0,855.263,1070.59,11954.6,0,0,0,1070.59,0.697214,0.303713,4466.46,0,857.845,855.263,0.698135,0
31:10:15:23:57:25,8651.36,8625.89,84.4109,84.7749,83.6627,0.25091,0,856.656,1085.26,11955.4,0.11218,0,0,1085.26,0.696092,0.303922,4467.23,0,859.253,856.656,0.698687,0
31:10:15:23:57:26,8653.07,8623.61,84.8538,84.7496,83.4601,0.250997,0,858.049,1099.95,11957.6,0.160075,0,0,1099.95,0.690416,0.303589,4469.46,0,860.664,858.049,0.694307,0
31:10:15:23:57:27,8654.22,8625.61,84.5813,84.7042,83.8979,0.251028,0,859.443,1114.63,11959.3,0.305345,0,0,1114.63,0.681234,0.302264,4471.13,0,862.076,859.443,0.685639,0
31:10:15:23:57:28,8654.79,8621.03,84.6125,84.7028,83.6284,0.251023,0,860.839,1129.33,11960.3,0.0483922,0,0,1129.33,0.682698,0.298694,4472.22,0,863.486,860.839,0.681091,0
31:10:15:23:57:29,8657.65,8624.18,84.5064,84.7215,83.6593,0.251042,0,862.234,1144.05,11963.7,0.00612006,0,0,1144.05,0.682015,0.29879,4475.59,0,864.895,862.234,0.680742,0
31:10:15:23:57:30,8649.07,8627.04,84.7263,84.7335,83.5544,0.251016,0,863.627,1158.75,11955.6,0.310544,0,0,1158.75,0.690832,0.298666,4467.49,0,866.305,863.627,0.685402,0
31:10:15:23:57:31,8646.78,8623.61,84.7766,84.7589,83.7718,0.251053,0,865.021,1173.44,11953.8,0.179511,0,0,1173.44,0.702038,0.301509,4465.71,0,867.718,865.021,0.696971,0
31:10:15:23:57:32,8655.94,8624.75,84.7729,84.8537,83.8211,0.251165,0,866.418,1188.14,11963.5,0.434054,0,0,1188.14,0.705031,0.302303,4475.39,0,869.131,866.418,0.703681,0
31:10:15:23:57:33,8649.36,8623.89,84.5202,84.839,83.8173,0.251165,0,867.815,1202.87,11957.5,0.11218,0,0,1202.87,0.701963,0.302097,4469.33,0,870.542,867.815,0.70282,0
31:10:15:23:57:34,8661.94,8623.89,84.5352,84.7883,83.5678,0.251074,0,869.21,1217.61,11970.6,0.311584,0,0,1217.61,0.698232,0.300456,4482.43,0,871.951,869.21,0.699778,0
31:10:15:23:57:35,8637.34,8609.87,84.7443,84.7482,83.5824,0.251166,0,870.603,1232.32,11946.4,0.157009,0,0,1232.32,0.698774,0.300113,4458.31,0,873.361,870.603,0.697471,0
31:10:15:23:57:36,8662.8,8642.2,84.8748,84.7669,83.7896,0.25104,0,871.998,1247.01,11972.4,0.190784,0,0,1247.01,0.703422,0.298792,4484.28,0,874.775,871.998,0.701821,0
31:10:15:23:57:37,8697.42,8652.22,84.7975,84.7255,83.918,0.251219,0,873.395,1261.72,12007.5,0.0413299,0,0,1261.72,0.70377,0.29658,4519.42,0,876.189,873.395,0.704915,0
31:10:15:23:57:38,8685.69,8661.37,84.6792,84.7816,83.8425,0.250964,0,874.793,1276.46,11996.3,0.165185,0,0,1276.46,0.69553,0.294025,4508.21,0,877.601,874.793,0.698609,0
31:10:15:23:57:39,8686.26,8678.82,85.1727,84.8991,83.7253,0.25102,0,876.19,1291.2,11997.4,0.0373018,0,0,1291.2,0.692481,0.294196,4509.3,0,879.016,876.19,0.693475,0
31:10:15:23:57:40,8736.04,8710.01,85.2578,84.9912,84.2135,0.250933,0,877.589,1305.93,12047.7,0.494336,0,0,1305.93,0.695932,0.295811,4559.56,0,880.436,877.589,0.694528,0
31:10:15:23:57:41,8734.61,8710.58,85.0561,85.0486,84.2972,0.251063,0,878.993,1320.68,12046.8,0.208233,0,0,1320.68,0.695932,0.29523,4558.64,0,881.856,878.993,0.69779,0
31:10:15:23:57:42,8719.74,8690.27,85.14,85.1862,84.0984,0.250905,0,880.397,1335.48,12032.4,0.0635357,0,0,1335.48,0.701531,0.297721,4544.29,0,883.274,880.397,0.70123,0
31:10:15:23:57:43,8764.37,8753.78,85.9446,85.301,84.181,0.251003,0,881.799,1350.27,12077.6,0.105071,0,0,1350.27,0.70123,0.29997,4589.44,0,884.7,881.799,0.705121,0
31:10:15:23:57:44,8788.69,8764.08,85.9324,85.4305,84.9766,0.250969,0,883.209,1365.05,12102.4,0.283555,0,0,1365.05,0.707308,0.299433,4614.28,0,886.132,883.209,0.709302,0
31:10:15:23:57:45,8784.11,8748.06,85.3739,85.5426,84.9645,0.25098,0,884.625,1379.91,12098.3,0.254588,0,0,1379.91,0.708251,0.297162,4610.19,0,887.56,884.625,0.703678,0
31:10:15:23:57:46,8788.97,8773.52,86.771,85.6962,84.4122,0.251006,0,886.036,1394.84,12103.7,0.250459,0,0,1394.84,0.702141,0.297644,4615.57,0,888.994,886.036,0.693554,0
31:10:15:23:57:47,8792.41,8762.08,86.9031,85.9058,85.7938,0.250942,0,887.455,1409.72,12107.7,0.215427,0,0,1409.72,0.689459,0.30014,4619.53,0,890.441,887.455,0.686472,0
31:10:15:23:57:48,8790.69,8762.65,86.7191,86.1154,85.9244,0.250946,0,888.886,1424.67,12106.5,0.141702,0,0,1424.67,0.689957,0.296059,4618.35,0,891.888,888.886,0.689631,0
31:10:15:23:57:49,8778.96,8750.63,86.9046,86.2223,85.7422,0.251038,0,890.316,1439.75,12095.3,0.250459,0,0,1439.75,0.689199,0.297073,4607.14,0,893.335,890.316,0.681312,0
31:10:15:23:57:50,8784.68,8757.5,86.5702,86.3424,85.925,0.251165,0,891.747,1454.83,12101.5,0.1468,0,0,1454.83,0.681312,0.297099,4613.36,0,894.781,891.747,0.685948,0
31:10:15:23:57:51,8787.54,8756.07,86.495,86.3451,85.5952,0.250967,0,893.176,1469.92,12104.9,0,0,0,1469.92,0.685948,0.29402,4616.74,0,896.223,893.176,0.691508,0
31:10:15:23:57:52,8635.05,8612.73,86.7803,86.5066,85.5203,0.251082,0,894.602,1484.99,11952.9,0.348041,0,0,1484.99,0.690041,0.29469,4464.78,0,897.667,894.602,0.69317,0
31:10:15:23:57:53,8801.85,8766.66,86.8678,86.4092,85.8019,0.251223,0,896.03,1500.03,12120.2,0.136603,0,0,1500.03,0.69295,0.294087,4632.11,0,899.114,896.03,0.692382,0
31:10:15:23:57:54,8803.56,8792.12,86.6629,86.2863,85.8876,0.25143,0,897.461,1515.09,12122.5,0.0473831,0,0,1515.09,0.691395,0.292284,4634.35,0,900.56,897.461,0.689286,0
31:10:15:23:57:55,8704,8667.09,84.8155,86.2877,85.6867,0.250999,0,898.89,1530.19,12023.4,0.290816,0,0,1530.19,0.685828,0.292955,4535.29,0,901.989,898.89,0.686183,0
31:10:15:23:57:56,8845.33,8810.14,86.1822,86.4933,83.8605,0.250889,0,900.303,1545.27,12165.3,0.178486,0,0,1545.27,0.686183,0.297092,4677.14,0,903.414,900.303,0.691178,0
31:10:15:23:57:57,8954.63,8930.31,87.7545,86.2984,85.2116,0.250937,0,901.712,1560.17,12275.1,0,0,0,1560.17,0.695396,0.306241,4786.96,0,904.864,901.712,0.699022,0
31:10:15:23:57:58,8938.03,8908.56,85.3432,86.4839,86.7668,0.250814,0,903.145,1575.01,12259,0.144763,0,0,1575.01,0.700619,0.304302,4770.89,0,906.306,903.145,0.712873,0
31:10:15:23:57:59,8943.75,8931.17,86.8807,87.0834,84.3826,0.250802,0,904.572,1590.11,12265.3,0.354307,0,0,1590.11,0.700155,0.30069,4777.14,0,907.741,904.572,0.712873,0
31:10:15:23:58:00,9021.29,8989.82,89.0247,87.1902,85.9025,0.250873,0,905.991,1605.14,12343.3,0.258723,0,0,1605.14,0.681432,0.308593,4855.16,0,909.207,905.991,0.695342,0
31:10:15:23:58:01,8978.66,8952.05,89.1841,87.5895,88.0224,0.250891,0,907.44,1620.09,12301.2,0,0,0,1620.09,0.703862,0.300548,4813.06,0,910.692,907.44,0.701806,0
31:10:15:23:58:02,8975.8,8941.46,89.8754,88.0154,88.1802,0.250812,0,908.909,1635.36,12298.9,0.0252188,0,0,1635.36,0.691982,0.290901,4810.75,0,912.184,908.909,0.703564,0
31:10:15:23:58:03,8970.07,8927.16,89.9728,88.2517,88.8632,0.250956,0,910.384,1650.83,12293.7,0.253556,0,0,1650.83,0.675463,0.290079,4805.57,0,913.683,910.384,0.693583,0
31:10:15:23:58:04,8947.76,8935.74,89.6546,88.5281,88.9591,0.251039,0,911.866,1666.38,12271.9,0.278379,0,0,1666.38,0.673188,0.287129,4783.79,0,915.18,911.866,0.673449,0
31:10:15:23:58:05,8814.15,8781.25,89.7895,88.7017,88.6448,0.250974,0,913.346,1682,12138.8,0.0939075,0,0,1682,0.669774,0.285682,4650.7,0,916.675,913.346,0.674065,0
31:10:15:23:58:06,8958.06,8951.19,89.7741,88.8966,88.7782,0.250959,0,914.824,1697.6,12283.3,0.160075,0,0,1697.6,0.671374,0.286662,4795.15,0,918.172,914.824,0.670115,0
31:10:15:23:58:07,9005.55,8975.22,88.043,88.7778,88.7611,0.251432,0,916.304,1713.19,12331.3,0,0,0,1713.19,0.674011,0.286916,4843.21,0,919.654,916.304,0.673388,0
31:10:15:23:58:08,9014.71,8982.38,86.7941,88.4573,87.0515,0.250946,0,917.769,1728.8,12341,0.358488,0,0,1728.8,0.674063,0.288097,4852.91,0,921.111,917.769,0.673802,0
31:10:15:23:58:09,9041.89,9004.69,90.6412,88.9086,85.8173,0.250791,0,919.209,1744.25,12368.7,0.247363,0,0,1744.25,0.679737,0.296509,4880.6,0,922.589,919.209,0.677034,0
31:10:15:23:58:10,9087.95,9071.64,90.9513,89.2958,89.621,0.250813,0,920.671,1759.43,12415.3,0.396189,0,0,1759.43,0.706091,0.302925,4927.17,0,924.102,920.671,0.703353,0
31:10:15:23:58:11,9073.36,9050.75,91.0947,89.679,89.9269,0.250984,0,922.168,1774.83,12401.3,0.604314,0,0,1774.83,0.726593,0.290068,4913.14,0,925.62,922.168,0.712592,0
31:10:15:23:58:12,9065.63,9045.89,91.133,89.8312,90.0685,0.251017,0,923.668,1790.6,12394.1,0.406692,0,0,1790.6,0.698461,0.293497,4905.98,0,927.138,923.668,0.698461,0
31:10:15:23:58:13,9067.35,9053.9,91.2147,90.0008,90.1059,0.251134,0,925.169,1806.41,12396.4,0.423518,0,0,1806.41,0.700404,0.296287,4908.23,0,928.658,925.169,0.699622,0
31:10:15:23:58:14,9076.5,9027.29,91.3337,90.189,90.187,0.251041,0,926.672,1822.24,12406,0.184635,0,0,1822.24,0.701681,0.29844,4917.91,0,930.179,926.672,0.702202,0
31:10:15:23:58:15,9055.62,9026.72,91.1713,90.452,90.3051,0.250946,0,928.176,1838.09,12385.7,0.0959375,0,0,1838.09,0.699959,0.29931,4897.56,0,931.7,928.176,0.701012,0
31:10:15:23:58:16,9065.63,9029.87,91.06,90.5161,90.1442,0.251046,0,929.679,1853.94,12396.3,0.179511,0,0,1853.94,0.69556,0.298167,4908.13,0,933.218,929.679,0.698564,0
31:10:15:23:58:17,9041.6,9025.01,91.0997,90.5268,90.0339,0.251102,0,931.181,1869.8,12372.7,0.031255,0,0,1869.8,0.690191,0.298024,4884.6,0,934.737,931.181,0.691282,0
31:10:15:23:58:18,9048.47,9024.15,91.3285,90.7071,90.0734,0.251031,0,932.682,1885.63,12380,0.153947,0,0,1885.63,0.688113,0.29865,4891.92,0,936.257,932.682,0.688255,0
31:10:15:23:58:19,9047.89,9012.42,91.0882,90.7872,90.2999,0.250972,0,934.185,1901.46,12379.9,0.0242119,0,0,1901.46,0.688492,0.298919,4891.79,0,937.777,934.185,0.687984,0
31:10:15:23:58:20,9062.77,9038.45,91.4906,90.918,90.0619,0.251055,0,935.688,1917.3,12395.3,0.329273,0,0,1917.3,0.688326,0.298297,4907.12,0,939.298,935.688,0.68761,0
31:10:15:23:58:21,9051.33,9022.14,91.246,90.9754,90.4597,0.251082,0,937.192,1933.15,12384.3,0.283555,0,0,1933.15,0.688713,0.298105,4896.14,0,940.821,937.192,0.687596,0
31:10:15:23:58:22,9043.6,9040.46,91.3083,91.0916,90.218,0.251055,0,938.698,1949.01,12376.8,0.0685893,0,0,1949.01,0.694946,0.296314,4888.71,0,942.343,938.698,0.690329,0
31:10:15:23:58:23,9066.2,9035.31,91.27,91.1383,90.2795,0.251071,0,940.202,1964.89,12399.7,0.130492,0,0,1964.89,0.691906,0.297517,4911.57,0,943.864,940.202,0.693317,0
31:10:15:23:58:24,9061.34,9035.88,91.1098,91.2411,90.242,0.250965,0,941.706,1980.75,12395.1,0.133548,0,0,1980.75,0.689628,0.298303,4906.97,0,945.384,941.706,0.690038,0
31:10:15:23:58:25,9069.92,9032.73,91.3155,91.2225,90.0825,0.251232,0,943.209,1996.61,12403.9,0.160075,0,0,1996.61,0.685361,0.299228,4915.81,0,946.904,943.209,0.685361,0
31:10:15:23:58:26,9061.34,9023.29,91.4645,91.1757,90.2865,0.251086,0,944.712,2012.45,12395.6,0.461503,0,0,2012.45,0.681393,0.299529,4907.48,0,948.427,944.712,0.682149,0
31:10:15:23:58:27,9063.63,9046.46,91.3347,91.2078,90.4338,0.251122,0,946.218,2028.31,12398.1,0.06657,0,0,2028.31,0.679715,0.299746,4909.94,0,949.951,946.218,0.679219,0
31:10:15:23:58:28,9053.9,9034.45,91.483,91.1744,90.3053,0.251141,0,947.724,2044.19,12388.5,0.102024,0,0,2044.19,0.683675,0.29999,4900.39,0,951.474,947.724,0.681975,0
31:10:15:23:58:29,9062.2,9046.75,91.201,91.2131,90.452,0.251111,0,949.23,2060.08,12397,0,0,0,2060.08,0.691335,0.301719,4908.87,0,952.996,949.23,0.687507,0
31:10:15:23:58:30,9071.35,9034.73,91.3489,91.2278,90.1733,0.25109,0,950.736,2075.97,12406.3,0.284593,0,0,2075.97,0.702806,0.301783,4918.2,0,954.518,950.736,0.698824,0
31:10:15:23:58:31,9070.5,9040.46,91.0981,91.2625,90.3195,0.25112,0,952.24,2091.84,12405.6,0.277342,0,0,2091.84,0.703081,0.302355,4917.51,0,956.038,952.24,0.704097,0
31:10:15:23:58:32,9076.5,9032.16,91.0574,91.2171,90.0719,0.251009,0,953.743,2107.7,12411.8,0.345953,0,0,2107.7,0.702091,0.301033,4923.68,0,957.556,953.743,0.703768,0
31:10:15:23:58:33,9049.9,9030.44,91.3169,91.2491,90.0313,0.251091,0,955.244,2123.56,12385.4,0,0,0,2123.56,0.699181,0.300958,4897.23,0,959.076,955.244,0.698421,0
31:10:15:23:58:34,9071.07,9033.3,91.1031,91.2211,90.2881,0.251057,0,956.747,2139.38,12406.7,0.0888366,0,0,2139.38,0.702004,0.300374,4918.56,0,960.596,956.747,0.702004,0
31:10:15:23:58:35,9052.47,9041.89,91.4575,91.3479,90.0767,0.251043,0,958.25,2155.23,12388.3,0.153947,0,0,2155.23,0.707608,0.299143,4900.12,0,962.117,958.25,0.705631,0
31:10:15:23:58:36,9060.2,9036.74,91.4324,91.2932,90.4267,0.251144,0,959.754,2171.07,12396.1,0.159053,0,0,2171.07,0.70708,0.299505,4908.01,0,963.641,959.754,0.708248,0
31:10:15:23:58:37,9067.06,9032.44,91.4324,91.3413,90.4024,0.251015,0,961.261,2186.94,12403.2,0.318863,0,0,2186.94,0.701924,0.2981,4915.03,0,965.165,961.261,0.704041,0
31:10:15:23:58:38,9068.21,9041.89,91.4162,91.3199,90.4022,0.251053,0,962.767,2202.83,12404.5,0.338653,0,0,2202.83,0.701924,0.297363,4916.33,0,966.689,962.767,0.698194,0
31:10:15:23:58:39,9073.36,9041.31,91.0294,91.2251,90.386,0.251119,0,964.274,2218.71,12409.8,0.224685,0,0,2218.71,0.695187,0.29836,4921.64,0,968.209,964.274,0.690393,0
31:10:15:23:58:40,9055.62,9036.74,91.325,91.3026,90.004,0.250997,0,965.777,2234.6,12392.2,0.207204,0,0,2234.6,0.689809,0.2981,4904.05,0,969.729,965.777,0.690225,0
31:10:15:23:58:41,9075.93,9030.16,91.2079,91.2745,90.2959,0.251101,0,967.28,2250.45,12412.6,0.330314,0,0,2250.45,0.693748,0.298062,4924.47,0,971.25,967.28,0.696988,0
31:10:15:23:58:42,9064.49,9023.58,91.2423,91.2291,90.1798,0.251177,0,968.784,2266.3,12401.3,0.341783,0,0,2266.3,0.704466,0.296743,4913.14,0,972.77,968.784,0.704345,0
31:10:15:23:58:43,9058.77,9040.46,91.125,91.2131,90.2142,0.25107,0,970.287,2282.16,12395.7,0.163142,0,0,2282.16,0.706969,0.297003,4907.53,0,974.29,970.287,0.706171,0
31:10:15:23:58:44,9055.62,9021.29,91.1777,91.3573,90.0986,0.250992,0,971.79,2298.01,12392.6,0.0716242,0,0,2298.01,0.708235,0.299843,4904.49,0,975.809,971.79,0.70998,0
31:10:15:23:58:45,9051.33,9047.61,91.2224,91.2718,90.1499,0.251175,0,973.292,2313.86,12388.4,0.352219,0,0,2313.86,0.709751,0.302943,4900.28,0,977.329,973.292,0.706398,0
31:10:15:23:58:46,9069.35,9036.16,91.0686,91.2999,90.1949,0.250978,0,974.794,2329.7,12406.5,0.282523,0,0,2329.7,0.703062,0.303282,4918.35,0,978.848,974.794,0.698277,0
31:10:15:23:58:47,9056.48,9042.46,91.0686,91.2905,90.0421,0.251175,0,976.297,2345.54,12393.6,0.192835,0,0,2345.54,0.695651,0.303893,4905.52,0,980.366,976.297,0.694246,0
31:10:15:23:58:48,9075.07,9026.44,91.3456,91.2879,90.0423,0.251123,0,977.797,2361.38,12412.3,0.153947,0,0,2361.38,0.692388,0.30628,4924.16,0,981.886,977.797,0.691839,0
31:10:15:23:58:49,9063.92,9025.29,91.137,91.1263,90.3162,0.251104,0,979.3,2377.21,12401.2,0,0,0,2377.21,0.696023,0.307085,4913.04,0,983.407,979.3,0.699322,0
31:10:15:23:58:50,9067.06,9039.6,91.411,91.2825,90.11,0.25111,0,980.804,2393.06,12404.4,0.319904,0,0,2393.06,0.698805,0.305508,4916.22,0,984.928,980.804,0.700898,0
31:10:15:23:58:51,9044.75,9028.72,91.4135,91.2865,90.381,0.251084,0,982.308,2408.92,12382.1,0.402492,0,0,2408.92,0.699311,0.305402,4893.93,0,986.452,982.308,0.698408,0
31:10:15:23:58:52,9061.91,9047.32,91.298,91.2652,90.3837,0.25101,0,983.814,2424.78,12399.3,0.284593,0,0,2424.78,0.694416,0.303617,4911.13,0,987.974,983.814,0.692107,0
31:10:15:23:58:53,9070.21,9037.59,91.4039,91.2011,90.2694,0.251063,0,985.32,2440.67,12407.6,0.0847853,0,0,2440.67,0.689575,0.303272,4919.45,0,989.497,985.32,0.690163,0
31:10:15:23:58:54,9068.49,9046.75,91.1479,91.2505,90.3742,0.251025,0,986.825,2456.54,12405.9,0,0,0,2456.54,0.689305,0.302434,4917.76,0,991.018,986.825,0.688638,0
31:10:15:23:58:55,9078.51,9047.04,91.2437,91.2491,90.1208,0.251096,0,988.329,2472.41,12415.9,0.215427,0,0,2472.41,0.688638,0.300779,4927.8,0,992.538,988.329,0.692009,0
31:10:15:23:58:56,9049.9,9035.02,91.1198,91.1931,90.2158,0.251027,0,989.832,2488.27,12387.3,0.0443557,0,0,2488.27,0.692693,0.301283,4899.21,0,994.058,989.832,0.696313,0
31:10:15:23:58:57,9076.22,9045.32,91.3058,91.2932,90.0939,0.250882,0,991.334,2504.12,12413.7,0.406692,0,0,2504.12,0.697486,0.301128,4925.56,0,995.578,991.334,0.701891,0
31:10:15:23:58:58,9054.19,9030.73,91.1442,91.133,90.277,0.251096,0,992.837,2519.96,12391.7,0.2216,0,0,2519.96,0.699855,0.30091,4903.55,0,997.099,992.837,0.699334,0
31:10:15:23:58:59,9071.07,9044.17,91.3657,91.1317,90.1172,0.251093,0,994.341,2535.8,12408.6,0.532624,0,0,2535.8,0.697843,0.299557,4920.45,0,998.62,994.341,0.699249,0
31:10:15:23:59:00,9072.5,9040.46,91.3176,91.0889,90.3363,0.251051,0,995.844,2551.66,12410,0.195911,0,0,2551.66,0.696785,0.298247,4921.88,0,1000.14,995.844,0.699249,0
31:10:15:23:59:01,9054.19,9058.19,91.1861,91.117,90.2886,0.251093,0,997.35,2567.51,12391.7,0.240141,0,0,2567.51,0.702449,0.297074,4903.57,0,1001.66,997.35,0.698028,0
31:10:15:23:59:02,9079.65,9046.75,91.1788,91.1303,90.1587,0.251074,0,998.853,2583.38,12417.2,0.365806,0,0,2583.38,0.711939,0.297242,4929.03,0,1003.18,998.853,0.70809,0
31:10:15:23:59:03,9063.34,9050.75,91.2374,91.1009,90.1511,0.251153,0,1000.36,2599.24,12400.9,0.114214,0,0,2599.24,0.71573,0.297552,4912.73,0,1004.7,1000.36,0.716089,0
31:10:15:23:59:04,9089.95,9040.74,91.2737,91.1477,90.2093,0.251091,0,1001.86,2615.09,12427.5,0.136603,0,0,2615.09,0.716696,0.296387,4939.33,0,1006.22,1001.86,0.716696,0
31:10:15:23:59:05,9075.65,9040.17,91.271,91.1383,90.2459,0.250929,0,1003.36,2630.94,12413.2,0,0,0,2630.94,0.710415,0.294873,4925.03,0,1007.74,1003.36,0.714068,0
31:10:15:23:59:06,9071.07,9052.76,91.1119,91.1036,90.2424,0.251122,0,1004.87,2646.8,12408.6,0.368943,0,0,2646.8,0.706526,0.295621,4920.45,0,1009.26,1004.87,0.710134,0
31:10:15:23:59:07,9069.35,9035.88,91.2037,91.0716,90.0853,0.251073,0,1006.37,2662.65,12406.9,0.000101782,0,0,2662.65,0.696259,0.298556,4918.74,0,1010.78,1006.37,0.699791,0
31:10:15:23:59:08,9068.21,9066.78,91.1684,91.117,90.1764,0.250983,0,1007.87,2678.5,12405.7,0,0,0,2678.5,0.68858,0.300651,4917.59,0,1012.3,1007.87,0.69044,0
31:10:15:23:59:09,9079.08,9051.9,91.3326,91.0969,90.141,0.251106,0,1009.37,2694.34,12416.6,0.346998,0,0,2694.34,0.685908,0.298888,4928.47,0,1013.82,1009.37,0.686537,0
31:10:15:23:59:10,9068.49,9056.76,91.3355,91.145,90.3035,0.251089,0,1010.88,2710.18,12406,0.0989783,0,0,2710.18,0.689856,0.298307,4917.88,0,1015.35,1010.88,0.687858,0
31:10:15:23:59:11,9086.52,9039.02,91.3967,91.145,90.3067,0.250997,0,1012.38,2726.04,12424,0.14578,0,0,2726.04,0.697006,0.296378,4935.91,0,1016.87,1012.38,0.695324,0
31:10:15:23:59:12,9076.22,9043.32,91.0493,91.137,90.367,0.251041,0,1013.89,2741.91,12413.7,0.341783,0,0,2741.91,0.697531,0.295367,4925.61,0,1018.39,1013.89,0.698455,0
31:10:15:23:59:13,9079.94,9053.9,91.3509,90.9968,90.0233,0.251109,0,1015.39,2757.78,12417.5,0.287704,0,0,2757.78,0.696175,0.294009,4929.33,0,1019.91,1015.39,0.696175,0
31:10:15:23:59:14,9059.05,9036.74,91.1453,90.9754,90.3219,0.251006,0,1016.9,2773.64,12396.6,0,0,0,2773.64,0.690093,0.296046,4908.44,0,1021.43,1016.9,0.690684,0
31:10:15:23:59:15,9077.93,9053.9,91.2963,90.9367,90.1186,0.250994,0,1018.4,2789.48,12415.5,0,0,0,2789.48,0.692693,0.295763,4927.33,0,1022.95,1018.4,0.689311,0
31:10:15:23:59:16,9076.79,9043.6,91.2105,91.0876,90.268,0.250971,0,1019.9,2805.33,12414.3,0.135588,0,0,2805.33,0.695115,0.297984,4926.18,0,1024.47,1019.9,0.69536,0
31:10:15:23:59:17,9085.09,9060.77,91.2048,91.137,90.1832,0.250972,0,1021.41,2821.18,12422.6,0,0,0,2821.18,0.697847,0.29854,4934.48,0,1025.99,1021.41,0.695101,0
31:10:15:23:59:18,9088.23,9055.05,91.325,91.157,90.1774,0.251008,0,1022.91,2837.03,12425.8,0.34074,0,0,2837.03,0.697477,0.302086,4937.63,0,1027.51,1022.91,0.698052,0
31:10:15:23:59:19,9069.07,9051.61,91.1623,91.1263,90.2964,0.250973,0,1024.41,2852.87,12406.6,0.177462,0,0,2852.87,0.697297,0.305464,4918.46,0,1029.03,1024.41,0.698196,0
31:10:15:23:59:20,9091.67,9057.05,91.3771,91.173,90.1352,0.251064,0,1025.92,2868.73,12429.2,0.227776,0,0,2868.73,0.691194,0.304426,4941.06,0,1030.55,1025.92,0.69509,0
31:10:15:23:59:21,9075.07,9042.17,91.3767,91.173,90.3477,0.251037,0,1027.42,2884.58,12412.6,0.128454,0,0,2884.58,0.687864,0.304289,4924.47,0,1032.08,1027.42,0.690561,0
31:10:15:23:59:22,9082.23,9052.19,91.1234,91.173,90.3473,0.251016,0,1028.93,2900.44,12419.7,0.0282385,0,0,2900.44,0.69011,0.301294,4931.62,0,1033.6,1028.93,0.69013,0
31:10:15:23:59:23,9079.37,9053.33,91.2513,91.0449,90.0964,0.251157,0,1030.43,2916.31,12416.9,0.17337,0,0,2916.31,0.694893,0.300278,4928.76,0,1035.12,1030.43,0.691669,0
31:10:15:23:59:24,9069.92,9075.36,91.3585,91.0943,90.2235,0.250978,0,1031.93,2932.17,12407.4,0,0,0,2932.17,0.705668,0.300258,4919.32,0,1036.64,1031.93,0.701324,0
31:10:15:23:59:25,9087.95,9065.35,91.3942,91.1784,90.3294,0.250983,0,1033.44,2948.02,12425.5,0,0,0,2948.02,0.710913,0.299973,4937.34,0,1038.16,1033.44,0.707756,0
31:10:15:23:59:26,9077.65,9071.64,91.296,91.121,90.3647,0.251014,0,1034.94,2963.88,12415.2,0.165185,0,0,2963.88,0.708538,0.297833,4927.04,0,1039.69,1034.94,0.711587,0
31:10:15:23:59:27,9104.54,9058.77,91.4359,91.1904,90.2678,0.250967,0,1036.45,2979.75,12442.1,0,0,0,2979.75,0.701385,0.295936,4953.94,0,1041.21,1036.45,0.703465,0
31:10:15:23:59:28,9090.81,9066.78,91.2535,91.2051,89.908,0.374411,0,1037.95,2995.62,12428.3,0.195911,0,0,2995.62,0.699568,0.294558,4940.21,0,1042.73,1037.95,0.698633,0
31:10:15:23:59:29,9092.24,9067.92,91.2433,91.1263,89.2367,0.497942,0,1039.44,3015.33,12429.8,0.397239,0,0,3015.33,0.699943,0.294272,4941.64,0,1044.25,1039.44,0.70123,0
31:10:15:23:59:30,9085.66,9059.62,91.5194,91.1624,89.2284,0.497488,0,1040.93,3042.66,12423.2,0,0,0,3042.66,0.703874,0.298392,4935.06,0,1045.77,1040.93,0.700428,0
31:10:15:23:59:31,9091.1,9086.8,90.985,91.149,89.4986,0.497471,0,1042.42,3073.75,12428.6,0.227776,0,0,3073.75,0.708091,0.303073,4940.49,0.0166667,1047.3,1042.42,0.708748,0
31:10:15:23:59:32,9087.95,9072.78,91.1358,91.1463,88.9766,0.497299,0,1043.91,3104.87,12425.5,0.086812,0,0,3104.87,0.704334,0.306313,4937.35,0.0333333,1048.81,1043.91,0.704581,0
31:10:15:23:59:33,9085.37,9064.77,91.1987,91.1944,89.1243,0.49725,0.250514,1045.39,3135.94,12422.9,0.40039,0,0,3135.94,0.697304,0.311281,4934.77,0.05,1050.33,1045.39,0.697304,0
31:10:15:23:59:34,9080.22,9045.03,91.0402,91.3119,89.187,0.496943,0.250515,1046.88,3166.94,12417.8,0,0,0,3166.94,0.697304,0.311429,4929.62,0.0666667,1051.85,1046.88,0.698836,0
31:10:15:23:59:35,9048.47,9023.58,91.1928,91.2118,89.0299,0.497489,0.250515,1048.36,3197.96,12386,0.431949,0,0,3197.96,0.694951,0.311997,4897.87,0.0833333,1053.37,1048.36,0.69567,0
31:10:15:23:59:36,9036.74,9021,91.2489,91.2732,89.1798,0.497309,0.250517,1049.85,3228.98,12374.3,0.121331,0,0,3228.98,0.693809,0.312858,4886.14,0.1,1054.89,1049.85,0.693523,0
31:10:15:23:59:37,9005.84,8986.1,91.3714,91.3266,89.2345,0.497345,0.250518,1051.33,3260,12343.4,0.108116,0,0,3260,0.6936,0.311315,4855.24,0.116667,1056.41,1051.33,0.692948,0
31:10:15:23:59:38,9023.29,8999.83,91.3877,91.3079,89.3533,0.497604,0.25052,1052.82,3291.06,12360.8,0.165185,0,0,3291.06,0.692736,0.308194,4872.69,0.133333,1057.94,1052.82,0.683915,0
31:10:15:23:59:39,9015.56,8982.38,91.4907,91.2892,89.3675,0.498031,0.250523,1054.31,3322.15,12353.1,0,0,0,3322.15,0.682015,0.304077,4864.97,0.15,1059.46,1054.31,0.680056,0
31:10:15:23:59:40,9008.41,8999.54,91.2804,91.3867,89.4691,0.497813,0.250525,1055.8,3353.29,12345.9,0.181561,0,0,3353.29,0.676834,0.30212,4857.81,0.166667,1060.98,1055.8,0.674176,0
31:10:15:23:59:41,9019.57,8998.4,91.1279,91.424,89.2628,0.497972,0.250528,1057.29,3384.46,12357.1,0.155986,0,0,3384.46,0.673502,0.294073,4868.97,0.183333,1062.5,1057.29,0.67423,0
31:10:15:23:59:42,9011.84,9006.98,91.3483,91.4254,89.1138,0.497942,0.250531,1058.78,3415.6,12349.4,0.0131516,0,0,3415.6,0.677227,0.290348,4861.25,0.2,1064.02,1058.78,0.679154,0
31:10:15:23:59:43,9029.87,9004.41,91.2004,91.3893,89.3291,0.498001,0.250535,1060.26,3446.69,12367.4,0,0,0,3446.69,0.679154,0.28755,4879.27,0.216667,1065.54,1060.26,0.682784,0
31:10:15:23:59:44,9013.28,8992.1,91.0582,91.4107,89.1848,0.497908,0.250538,1061.75,3477.79,12350.8,0.0837721,0,0,3477.79,0.684626,0.288471,4862.68,0.233333,1067.06,1061.75,0.689816,0
31:10:15:23:59:45,9029.58,8988.38,91.3176,91.3893,89.0467,0.497699,0.250542,1063.24,3508.91,12367.1,0.218515,0,0,3508.91,0.694929,0.295422,4878.97,0.25,1068.58,1063.24,0.707724,0
31:10:15:23:59:46,9014.99,8986.38,91.4453,91.3573,89.3003,0.497713,0.250547,1064.72,3539.96,12352.5,0.254588,0,0,3539.96,0.717648,0.300602,4864.34,0.266667,1070.11,1064.72,0.717648,0
31:10:15:23:59:47,9012.42,9005.26,91.4453,91.3439,89.4235,0.498132,0.250551,1066.21,3571.03,12349.9,0.244266,0,0,3571.03,0.722876,0.306249,4861.73,0.283333,1071.63,1066.21,0.72254,0
31:10:15:23:59:48,9014.99,8994.39,91.2808,91.3239,89.4241,0.497989,0.250556,1067.7,3602.17,12352.5,0.414049,0,0,3602.17,0.713756,0.308307,4864.35,0.3,1073.15,1067.7,0.713756,0
31:10:15:23:59:49,9009.27,9009.84,91.1235,91.3827,89.2637,0.497859,0.250561,1069.19,3633.35,12347.1,0.23808,0,0,3633.35,0.710131,0.307931,4858.94,0.316667,1074.67,1069.19,0.706298,0
31:10:15:23:59:50,9036.74,8993.82,91.2467,91.4267,89.1086,0.498167,0.250566,1070.68,3664.49,12375,0,0,0,3664.49,0.705668,0.302954,4886.92,0.333333,1076.19,1070.68,0.706902,0
31:10:15:23:59:51,9015.85,8999.83,91.3996,91.5148,89.2304,0.497839,0.250572,1072.16,3695.58,12354.7,0.320945,0,0,3695.58,0.707304,0.300025,4866.55,0.35,1077.71,1072.16,0.711304,0
31:10:15:23:59:52,9027.87,9011.56,91.3996,91.4187,89.378,0.498309,0.250577,1073.65,3726.67,12367.2,0.262859,0,0,3726.67,0.712175,0.29523,4879.09,0.366667,1079.24,1073.65,0.710085,0
31:10:15:23:59:53,9017.28,8998.68,91.2432,91.4948,89.3739,0.499358,0.250583,1075.14,3757.8,12357.2,0.60646,0,0,3757.8,0.708896,0.294811,4869.05,0.383333,1080.76,1075.14,0.702923,0
31:10:15:23:59:54,9021,9004.12,91.2283,91.4481,89.2213,0.499287,0.250589,1076.63,3789.01,12361.4,0.309504,0,0,3789.01,0.697634,0.298497,4873.32,0.4,1082.28,1076.63,0.695609,0
31:10:15:23:59:55,9011.27,8983.23,91.2427,91.3907,89.2067,0.499283,0.250595,1078.12,3820.22,12352.2,0.367898,0,0,3820.22,0.69296,0.300899,4864.12,0.416667,1083.8,1078.12,0.691436,0
31:10:15:23:59:56,9017.57,8998.97,91.4222,91.4481,89.2214,0.499138,0.250602,1079.6,3851.4,12359.1,0.342825,0,0,3851.4,0.690941,0.297177,4870.96,0.433333,1085.32,1079.6,0.698704,0
31:10:15:23:59:57,9017,8994.39,91.215,91.5696,89.3964,0.499255,0.250608,1081.09,3882.58,12359.1,0,0,0,3882.58,0.699915,0.294808,4870.96,0.45,1086.85,1081.09,0.704442,0
31:10:15:23:59:58,9006.98,9008.13,91.1529,91.5669,89.1932,0.499402,0.250615,1082.58,3913.79,12349.6,0,0,0,3913.79,0.708553,0.291769,4861.52,0.466667,1088.36,1082.58,0.715645,0
31:10:15:23:59:59,9017.28,9004.41,91.2821,91.647,89.1327,0.499352,0.250621,1084.07,3945,12360.5,0,0,0,3945,0.714682,0.292493,4872.34,0.483333,1089.89,1084.07,0.715645,0
01:11:15:04:07:42,3887.49,3875.18,0,0.0400562,0,0,0,0.502462,0,7138.02,0,0,0,0,0,0,-350.104,0,0.502462,0.502462,0,0
01:11:15:04:07:43,3886.91,3874.33,0,0.0400562,0,0,0,0.502462,0,7137.45,0,0,0,0,0,0,-350.676,0,0.502462,0.502462,0,0
01:11:15:04:07:44,3886.91,3874.33,0,0.0400562,0,0,0,0.502462,0,7137.45,0,0,0,0,0,0,-350.676,0,0.502462,0.502462,0,0
01:11:15:04:07:45,3886.63,3873.75,0,0.0400562,0,0,0,0.502462,0,7137.17,0,0,0,0,0,0,-350.962,0,0.502462,0.502462,0,0
01:11:15:04:07:46,3886.34,3873.47,0,0.0400562,0,0,0,0.502462,0,7136.88,0,0,0,0,0,0,-351.248,0,0.502462,0.502462,0,0
01:11:15:04:07:47,3886.63,3873.75,0,0.0400562,0,0,0,0.502462,0,7137.17,0,0,0,0,0,0,-350.962,0,0.502462,0.502462,0,0
01:11:15:04:07:48,3886.34,3873.75,0,0.0400562,0,0,0,0.502462,0,7136.88,0,0,0,0,0,0,-351.248,0,0.502462,0.502462,0,0
01:11:15:04:07:49,3886.63,3874.04,0,0.0400562,0,0,0,0.502462,0,7137.17,0,0,0,0,0,0,-350.962,0,0.502462,0.502462,0,0
01:11:15:04:07:50,3886.06,3873.18,0,0.0400562,0,0,0,0.502462,0,7136.59,0,0,0,0,0,0,-351.534,0,0.502462,0.502462,0,0
01:11:15:04:07:51,3886.06,3874.04,0,0.0400562,0,0,0,0.502462,0,7136.59,0,0,0,0,0,0,-351.534,0,0.502462,0.502462,0,0
01:11:15:04:07:52,3885.77,3873.47,0,0.0400562,0,0,0,0.502462,0,7136.31,0,0,0,0,0,0,-351.82,0,0.502462,0.502462,0,0
#,01:11:15:04:07:53,WELLBORE,DEPTHS,1,[1|Rate|0.005495],,,,,,,,,,,,,,,,,
01:11:15:04:07:53,3886.06,3873.47,0,0.0400562,0,0,0,0.502462,0,7136.59,0,0,0,0,0,0,-351.534,0,0.502462,0.502462,0,0
01:11:15:04:07:54,3885.48,3872.9,0,0.0400562,0,0,0,0.502462,0,7136.02,0,0,0,0,0,0,-352.106,0,0.502462,0.502462,0,0
01:11:15:04:07:55,3885.2,3872.32,0,0.0400562,0,0,0,0.502462,0,7135.74,0,0,0,0,0,0,-352.392,0,0.502462,0.502462,0,0
01:11:15:04:07:56,3885.48,3873.18,0,0.0400562,0,0,0,0.502462,0,7136.02,0,0,0,0,0,0,-352.106,0,0.502462,0.502462,0,0
01:11:15:04:07:57,3884.34,3871.75,0,0.0400562,0,0,0,0.502462,0,7134.88,0,0,0,0,0,0,-353.25,0,0.502462,0.502462,0,0
01:11:15:04:07:58,3884.63,3872.04,0,0.0400562,0,0,0,0.502462,0,7135.16,0,0,0,0,0,0,-352.964,0,0.502462,0.502462,0,0
01:11:15:04:07:59,3884.34,3871.75,0,0.0400562,0,0,0,0.502462,0,7134.88,0,0,0,0,0,0,-353.25,0,0.502462,0.502462,0,0
01:11:15:04:08:00,3884.34,3870.89,0,0.0400562,0,0,0,0.502462,0,7134.88,0,0,0,0,0,0,-353.25,0,0.502462,0.502462,0,0
01:11:15:04:08:01,3882.91,3870.89,0,0.0400562,0,0,0,0.502462,0,7133.45,0,0,0,0,0,0,-354.681,0,0.502462,0.502462,0,0
01:11:15:04:08:02,3883.19,3871.18,0,0.0400562,0,0,0,0.502462,0,7133.73,0,0,0,0,0,0,-354.394,0,0.502462,0.502462,0,0
01:11:15:04:08:03,3882.91,3870.03,0,0.0400562,0,0,0,0.502462,0,7133.45,0,0,0,0,0,0,-354.681,0,0.502462,0.502462,0,0
01:11:15:04:08:04,3882.05,3869.46,0,0.0400562,0,0,0,0.502462,0,7132.59,0,0,0,0,0,0,-355.54,0,0.502462,0.502462,0,0
01:11:15:04:08:05,3882.34,3869.46,0,0.0400562,0,0,0,0.502462,0,7132.88,0,0,0,0,0,0,-355.253,0,0.502462,0.502462,0,0
01:11:15:04:08:06,3881.19,3869.46,0,0.0400562,0,0,0,0.502462,0,7131.73,0,0,0,0,0,0,-356.397,0,0.502462,0.502462,0,0
01:11:15:04:08:07,3881.48,3868.89,0,0.0400562,0,0,0,0.502462,0,7132.02,0,0,0,0,0,0,-356.112,0,0.502462,0.502462,0,0
#,01:11:15:04:08:08,WELLBORE,DEPTHS,1,[1|Rate|0.005495],,,,,,,,,,,,,,,,,
01:11:15:04:08:08,3880.91,3868.6,0,0.0400562,0,0,0,0.502462,0,7131.44,0,0,0,0,0,0,-356.684,0,0.502462,0.502462,0,0
01:11:15:04:08:09,3881.19,3868.03,0,0.0400562,0,0,0,0.502462,0,7131.73,0,0,0,0,0,0,-356.397,0,0.502462,0.502462,0,0
01:11:15:04:08:10,3880.33,3867.46,0,0.0400562,0,0,0,0.502462,0,7130.87,0,0,0,0,0,0,-357.256,0,0.502462,0.502462,0,0
01:11:15:04:08:11,3880.62,3867.75,0,0.0400562,0,0,0,0.502462,0,7131.16,0,0,0,0,0,0,-356.97,0,0.502462,0.502462,0,0
01:11:15:04:08:12,3880.62,3867.75,0,0.0400562,0,0,0,0.502462,0,7131.16,0,0,0,0,0,0,-356.97,0,0.502462,0.502462,0,0
01:11:15:04:08:13,3880.33,3868.03,0,0.0400562,0,0,0,0.502462,0,7130.87,0,0,0,0,0,0,-357.256,0,0.502462,0.502462,0,0
01:11:15:04:08:14,3879.19,3867.17,0,0.0400562,0,0,0,0.502462,0,7129.73,0,0,0,0,0,0,-358.4,0,0.502462,0.502462,0,0
01:11:15:04:08:15,3879.76,3866.31,0,0.0400562,0,0,0,0.502462,0,7130.3,0,0,0,0,0,0,-357.828,0,0.502462,0.502462,0,0
01:11:15:04:08:16,3879.48,3866.89,0,0.0400562,0,0,0,0.502462,0,7130.01,0,0,0,0,0,0,-358.114,0,0.502462,0.502462,0,0
01:11:15:04:08:17,3878.62,3866.6,0,0.0400562,0,0,0,0.502462,0,7129.16,0,0,0,0,0,0,-358.972,0,0.502462,0.502462,0,0
01:11:15:04:08:18,3879.19,3866.03,0,0.0400562,0,0,0,0.502462,0,7129.73,0,0,0,0,0,0,-358.4,0,0.502462,0.502462,0,0
01:11:15:04:08:19,3878.62,3866.6,0,0.0400562,0,0,0,0.502462,0,7129.16,0,0,0,0,0,0,-358.972,0,0.502462,0.502462,0,0
01:11:15:04:08:20,3878.33,3865.46,0,0.0400562,0,0,0,0.502462,0,7128.87,0,0,0,0,0,0,-359.258,0,0.502462,0.502462,0,0
01:11:15:04:08:21,3878.04,3865.74,0,0.0400562,0,0,0,0.502462,0,7128.58,0,0,0,0,0,0,-359.545,0,0.502462,0.502462,0,0
01:11:15:04:08:22,3878.04,3865.74,0,0.0400562,0,0,0,0.502462,0,7128.58,0,0,0,0,0,0,-359.545,0,0.502462,0.502462,0,0
#,01:11:15:04:08:23,WELLBORE,DEPTHS,1,[1|Rate|0.005495],,,,,,,,,,,,,,,,,
01:11:15:04:08:23,3878.04,3865.46,0,0.0400562,0,0,0,0.502462,0,7128.58,0,0,0,0,0,0,-359.545,0,0.502462,0.502462,0,0
01:11:15:04:08:24,3878.04,3865.17,0,0.0400562,0,0,0,0.502462,0,7128.58,0,0,0,0,0,0,-359.545,0,0.502462,0.502462,0,0
01:11:15:04:08:25,3878.33,3865.17,0,0.0400562,0,0,0,0.502462,0,7128.87,0,0,0,0,0,0,-359.258,0,0.502462,0.502462,0,0
01:11:15:04:08:26,3877.47,3865.17,0,0.0400562,0,0,0,0.502462,0,7128.01,0,0,0,0,0,0,-360.117,0,0.502462,0.502462,0,0
01:11:15:04:08:27,3877.76,3864.88,0,0.0400562,0,0,0,0.502462,0,7128.3,0,0,0,0,0,0,-359.83,0,0.502462,0.502462,0,0
01:11:15:04:08:28,3877.19,3864.6,0,0.0400562,0,0,0,0.502462,0,7127.73,0,0,0,0,0,0,-360.403,0,0.502462,0.502462,0,0
01:11:15:04:08:29,3877.19,3865.17,0,0.0400562,0,0,0,0.502462,0,7127.73,0,0,0,0,0,0,-360.403,0,0.502462,0.502462,0,0
01:11:15:04:08:30,3878.04,3864.6,0,0.0400562,0,0,0,0.502462,0,7128.58,0,0,0,0,0,0,-359.545,0,0.502462,0.502462,0,0
01:11:15:04:08:31,3876.33,3864.6,0,0.0400562,0,0,0,0.502462,0,7126.87,0,0,0,0,0,0,-361.261,0,0.502462,0.502462,0,0
01:11:15:04:08:32,3876.33,3863.45,0,0.0400562,0,0,0,0.502462,0,7126.87,0,0,0,0,0,0,-361.261,0,0.502462,0.502462,0,0
01:11:15:04:08:33,3875.76,3862.88,0,0.0400562,0,0,0,0.502462,0,7126.29,0,0,0,0,0,0,-361.833,0,0.502462,0.502462,0,0
01:11:15:04:08:34,3876.33,3863.17,0,0.0400562,0,0,0,0.502462,0,7126.87,0,0,0,0,0,0,-361.261,0,0.502462,0.502462,0,0
01:11:15:04:08:35,3875.47,3863.17,0,0.0400562,0,0,0,0.502462,0,7126.01,0,0,0,0,0,0,-362.12,0,0.502462,0.502462,0,0
01:11:15:04:08:36,3874.9,3862.88,0,0.0400562,0,0,0,0.502462,0,7125.44,0,0,0,0,0,0,-362.692,0,0.502462,0.502462,0,0
01:11:15:04:08:37,3875.76,3862.6,0,0.0400562,0,0,0,0.502462,0,7126.29,0,0,0,0,0,0,-361.833,0,0.502462,0.502462,0,0
#,01:11:15:04:08:38,WELLBORE,DEPTHS,1,[1|Rate|0.005495],,,,,,,,,,,,,,,,,
01:11:15:04:08:38,3876.33,3863.17,0,0.0400562,0,0,0,0.502462,0,7126.87,0,0,0,0,0,0,-361.261,0,0.502462,0.502462,0,0
01:11:15:04:08:39,3875.18,3862.02,0,0.0400562,0,0,0,0.502462,0,7125.72,0,0,0,0,0,0,-362.406,0,0.502462,0.502462,0,0
01:11:15:04:08:40,3874.04,3861.17,0,0.0400562,0,0,0,0.502462,0,7124.58,0,0,0,0,0,0,-363.55,0,0.502462,0.502462,0,0
01:11:15:04:08:41,3874.61,3862.31,0,0.0400562,0,0,0,0.502462,0,7125.15,0,0,0,0,0,0,-362.978,0,0.502462,0.502462,0,0
01:11:15:04:08:42,3874.9,3861.74,0,0.0400562,0,0,0,0.502462,0,7125.44,0,0,0,0,0,0,-362.692,0,0.502462,0.502462,0,0
01:11:15:04:08:43,3874.04,3861.74,0,0.0400562,0,0,0,0.502462,0,7124.58,0,0,0,0,0,0,-363.55,0,0.502462,0.502462,0,0
01:11:15:04:08:44,3874.04,3861.45,0,0.0400562,0,0,0,0.502462,0,7124.58,0,0,0,0,0,0,-363.55,0,0.502462,0.502462,0,0
01:11:15:04:08:45,3874.33,3861.17,0,0.0400562,0,0,0,0.502462,0,7124.86,0,0,0,0,0,0,-363.264,0,0.502462,0.502462,0,0
01:11:15:04:08:46,3874.04,3860.88,0,0.0400562,0,0,0,0.502462,0,7124.58,0,0,0,0,0,0,-363.55,0,0.502462,0.502462,0,0
01:11:15:04:08:47,3873.47,3860.02,0,0.0400562,0,0,0,0.502462,0,7124.01,0,0,0,0,0,0,-364.122,0,0.502462,0.502462,0,0
01:11:15:04:08:48,3873.18,3860.59,0,0.0400562,0,0,0,0.502462,0,7123.72,0,0,0,0,0,0,-364.408,0,0.502462,0.502462,0,0
01:11:15:04:08:49,3873.75,3860.59,0,0.0400562,0,0,0,0.502462,0,7124.29,0,0,0,0,0,0,-363.836,0,0.502462,0.502462,0,0
01:11:15:04:08:50,3873.75,3860.88,0,0.0400562,0,0,0,0.502462,0,7124.29,0,0,0,0,0,0,-363.836,0,0.502462,0.502462,0,0
01:11:15:04:08:51,3873.18,3861.45,0,0.0400562,0,0,0,0.502462,0,7123.72,0,0,0,0,0,0,-364.408,0,0.502462,0.502462,0,0
01:11:15:04:08:52,3873.47,3860.59,0,0.0400562,0,0,0,0.502462,0,7124.01,0,0,0,0,0,0,-364.122,0,0.502462,0.502462,0,0
#,01:11:15:04:08:53,WELLBORE,DEPTHS,1,[1|Rate|0.005495],,,,,,,,,,,,,,,,,
01:11:15:04:08:53,3872.9,3860.59,0,0.0400562,0,0,0,0.502462,0,7123.43,0,0,0,0,0,0,-364.694,0,0.502462,0.502462,0,0
01:11:15:04:08:54,3873.47,3860.02,0,0.0400562,0,0,0,0.502462,0,7124.01,0,0,0,0,0,0,-364.122,0,0.502462,0.502462,0,0
01:11:15:04:08:55,3872.61,3860.31,0,0.0400562,0,0,0,0.502462,0,7123.15,0,0,0,0,0,0,-364.98,0,0.502462,0.502462,0,0
01:11:15:04:08:56,3872.61,3860.31,0,0.0400562,0,0,0,0.502462,0,7123.15,0,0,0,0,0,0,-364.98,0,0.502462,0.502462,0,0
01:11:15:04:08:57,3872.61,3859.16,0,0.0400562,0,0,0,0.502462,0,7123.15,0,0,0,0,0,0,-364.98,0,0.502462,0.502462,0,0
01:11:15:04:08:58,3872.9,3859.45,0,0.0400562,0,0,0,0.502462,0,7123.43,0,0,0,0,0,0,-364.694,0,0.502462,0.502462,0,0
01:11:15:04:08:59,3872.61,3859.73,0,0.0400562,0,0,0,0.502462,0,7123.15,0,0,0,0,0,0,-364.98,0,0.502462,0.502462,0,0
01:11:15:04:09:00,3872.32,3859.45,0,0.0400562,0,0,0,0.502462,0,7122.86,0,0,0,0,0,0,-365.266,0,0.502462,0.502462,0,0
01:11:15:04:09:01,3871.75,3858.59,0,0.0400562,0,0,0,0.502462,0,7122.29,0,0,0,0,0,0,-365.838,0,0.502462,0.502462,0,0
01:11:15:04:09:02,3872.04,3858.59,0,0.0400562,0,0,0,0.502462,0,7122.58,0,0,0,0,0,0,-365.553,0,0.502462,0.502462,0,0
01:11:15:04:09:03,3870.89,3858.3,0,0.0400562,0,0,0,0.502462,0,7121.43,0,0,0,0,0,0,-366.697,0,0.502462,0.502462,0,0
01:11:15:04:09:04,3871.18,3858.59,0,0.0400562,0,0,0,0.502462,0,7121.72,0,0,0,0,0,0,-366.411,0,0.502462,0.502462,0,0
01:11:15:04:09:05,3870.89,3858.59,0,0.0400562,0,0,0,0.502462,0,7121.43,0,0,0,0,0,0,-366.697,0,0.502462,0.502462,0,0
01:11:15:04:09:06,3870.61,3857.73,0,0.0400562,0,0,0,0.502462,0,7121.14,0,0,0,0,0,0,-366.984,0,0.502462,0.502462,0,0
01:11:15:04:09:07,3869.18,3856.59,0,0.0400562,0,0,0,0.502462,0,7119.71,0,0,0,0,0,0,-368.414,0,0.502462,0.502462,0,0
#,01:11:15:04:09:08,WELLBORE,DEPTHS,1,[1|Rate|0.005495],,,,,,,,,,,,,,,,,
01:11:15:04:09:08,3869.75,3856.59,0,0.0400562,0,0,0,0.502462,0,7120.29,0,0,0,0,0,0,-367.841,0,0.502462,0.502462,0,0
01:11:15:04:09:09,3870.32,3857.16,0,0.0400562,0,0,0,0.502462,0,7120.86,0,0,0,0,0,0,-367.269,0,0.502462,0.502462,0,0
01:11:15:04:09:10,3868.89,3856.3,0,0.0400562,0,0,0,0.502462,0,7119.43,0,0,0,0,0,0,-368.7,0,0.502462,0.502462,0,0
01:11:15:04:09:11,3868.6,3856.59,0,0.0400562,0,0,0,0.502462,0,7119.14,0,0,0,0,0,0,-368.986,0,0.502462,0.502462,0,0
01:11:15:04:09:12,3869.18,3856.87,0,0.0400562,0,0,0,0.502462,0,7119.71,0,0,0,0,0,0,-368.414,0,0.502462,0.502462,0,0
01:11:15:04:09:13,3869.46,3856.87,0,0.0400562,0,0,0,0.502462,0,7120,0,0,0,0,0,0,-368.128,0,0.502462,0.502462,0,0
01:11:15:04:09:14,3868.6,3856.01,0,0.0400562,0,0,0,0.502462,0,7119.14,0,0,0,0,0,0,-368.986,0,0.502462,0.502462,0,0
01:11:15:04:09:15,3868.89,3856.3,0,0.0400562,0,0,0,0.502462,0,7119.43,0,0,0,0,0,0,-368.7,0,0.502462,0.502462,0,0
01:11:15:04:09:16,3868.89,3856.87,0,0.0400562,0,0,0,0.502462,0,7119.43,0,0,0,0,0,0,-368.7,0,0.502462,0.502462,0,0
01:11:15:04:09:17,3868.32,3855.44,0,0.0400562,0,0,0,0.502462,0,7118.86,0,0,0,0,0,0,-369.272,0,0.502462,0.502462,0,0
01:11:15:04:09:18,3867.75,3854.87,0,0.0400562,0,0,0,0.502462,0,7118.28,0,0,0,0,0,0,-369.844,0,0.502462,0.502462,0,0
01:11:15:04:09:19,3866.6,3853.73,0,0.0400562,0,0,0,0.502462,0,7117.14,0,0,0,0,0,0,-370.989,0,0.502462,0.502462,0,0
01:11:15:04:09:20,3868.32,3854.58,0,0.0400562,0,0,0,0.502462,0,7118.86,0,0,0,0,0,0,-369.272,0,0.502462,0.502462,0,0
01:11:15:04:09:21,3866.89,3854.01,0,0.0400562,0,0,0,0.502462,0,7117.43,0,0,0,0,0,0,-370.702,0,0.502462,0.502462,0,0
01:11:15:04:09:22,3866.6,3854.01,0,0.0400562,0,0,0,0.502462,0,7117.14,0,0,0,0,0,0,-370.989,0,0.502462,0.502462,0,0
#,01:11:15:04:09:23,WELLBORE,DEPTHS,1,[1|Rate|0.005495],,,,,,,,,,,,,,,,,
01:11:15:04:09:23,3867.17,3854.01,0,0.0400562,0,0,0,0.502462,0,7117.71,0,0,0,0,0,0,-370.416,0,0.502462,0.502462,0,0
01:11:15:04:09:24,3867.46,3854.3,0,0.0400562,0,0,0,0.502462,0,7118,0,0,0,0,0,0,-370.13,0,0.502462,0.502462,0,0
01:11:15:04:09:25,3866.6,3853.73,0,0.0400562,0,0,0,0.502462,0,7117.14,0,0,0,0,0,0,-370.989,0,0.502462,0.502462,0,0
01:11:15:04:09:26,3867.17,3854.3,0,0.0400562,0,0,0,0.502462,0,7117.71,0,0,0,0,0,0,-370.416,0,0.502462,0.502462,0,0
01:11:15:04:09:27,3867.46,3854.58,0,0.0400562,0,0,0,0.502462,0,7118,0,0,0,0,0,0,-370.13,0,0.502462,0.502462,0,0
01:11:15:04:09:28,3866.89,3853.44,0,0.0400562,0,0,0,0.502462,0,7117.43,0,0,0,0,0,0,-370.702,0,0.502462,0.502462,0,0
01:11:15:04:09:29,3866.31,3853.15,0,0.0400562,0,0,0,0.502462,0,7116.85,0,0,0,0,0,0,-371.274,0,0.502462,0.502462,0,0
01:11:15:04:09:30,3866.89,3853.73,0,0.0400562,0,0,0,0.502462,0,7117.43,0,0,0,0,0,0,-370.702,0,0.502462,0.502462,0,0
01:11:15:04:09:31,3866.6,3853.15,0,0.0400562,0,0,0,0.502462,0,7117.14,0,0,0,0,0,0,-370.989,0,0.502462,0.502462,0,0
01:11:15:04:09:32,3866.03,3853.15,0,0.0400562,0,0,0,0.502462,0,7116.57,0,0,0,0,0,0,-371.561,0,0.502462,0.502462,0,0
01:11:15:04:09:33,3866.31,3853.73,0,0.0400562,0,0,0,0.502462,0,7116.85,0,0,0,0,0,0,-371.274,0,0.502462,0.502462,0,0
01:11:15:04:09:34,3866.03,3852.87,0,0.0400562,0,0,0,0.502462,0,7116.57,0,0,0,0,0,0,-371.561,0,0.502462,0.502462,0,0
01:11:15:04:09:35,3866.03,3852.58,0,0.0400562,0,0,0,0.502462,0,7116.57,0,0,0,0,0,0,-371.561,0,0.502462,0.502462,0,0
01:11:15:04:09:36,3865.46,3852.01,0,0.0400562,0,0,0,0.502462,0,7116,0,0,0,0,0,0,-372.133,0,0.502462,0.502462,0,0
01:11:15:04:09:37,3865.17,3852.87,0,0.0400562,0,0,0,0.502462,0,7115.71,0,0,0,0,0,0,-372.419,0,0.502462,0.502462,0,0
#,01:11:15:04:09:38,WELLBORE,DEPTHS,1,[1|Rate|0.005495],,,,,,,,,,,,,,,,,
01:11:15:04:09:38,3865.46,3852.3,0,0.0400562,0,0,0,0.502462,0,7116,0,0,0,0,0,0,-372.133,0,0.502462,0.502462,0,0
01:11:15:04:09:39,3865.17,3852.3,0,0.0400562,0,0,0,0.502462,0,7115.71,0,0,0,0,0,0,-372.419,0,0.502462,0.502462,0,0
01:11:15:04:09:40,3864.88,3851.72,0,0.0400562,0,0,0,0.502462,0,7115.42,0,0,0,0,0,0,-372.705,0,0.502462,0.502462,0,0
01:11:15:04:09:41,3864.6,3850.87,0,0.0400562,0,0,0,0.502462,0,7115.14,0,0,0,0,0,0,-372.992,0,0.502462,0.502462,0,0
01:11:15:04:09:42,3863.17,3850.29,0,0.0400562,0,0,0,0.502462,0,7113.71,0,0,0,0,0,0,-374.422,0,0.502462,0.502462,0,0
01:11:15:04:09:43,3862.88,3850.01,0,0.0400562,0,0,0,0.502462,0,7113.42,0,0,0,0,0,0,-374.708,0,0.502462,0.502462,0,0
01:11:15:04:09:44,3863.45,3850.87,0,0.0400562,0,0,0,0.502462,0,7113.99,0,0,0,0,0,0,-374.136,0,0.502462,0.502462,0,0
01:11:15:04:09:45,3863.17,3849.43,0,0.0400562,0,0,0,0.502462,0,7113.71,0,0,0,0,0,0,-374.422,0,0.502462,0.502462,0,0
01:11:15:04:09:46,3863.17,3850.01,0,0.0400562,0,0,0,0.502462,0,7113.71,0,0,0,0,0,0,-374.422,0,0.502462,0.502462,0,0
01:11:15:04:09:47,3863.74,3849.43,0,0.0400562,0,0,0,0.502462,0,7114.28,0,0,0,0,0,0,-373.85,0,0.502462,0.502462,0,0
01:11:15:04:09:48,3863.45,3850.29,0,0.0400562,0,0,0,0.502462,0,7113.99,0,0,0,0,0,0,-374.136,0,0.502462,0.502462,0,0
01:11:15:04:09:49,3862.31,3849.15,0,0.0400562,0,0,0,0.502462,0,7112.85,0,0,0,0,0,0,-375.28,0,0.502462,0.502462,0,0
01:11:15:04:09:50,3862.88,3850.01,0,0.0400562,0,0,0,0.502462,0,7113.42,0,0,0,0,0,0,-374.708,0,0.502462,0.502462,0,0
01:11:15:04:09:51,3863.45,3850.01,0,0.0400562,0,0,0,0.502462,0,7113.99,0,0,0,0,0,0,-374.136,0,0.502462,0.502462,0,0
01:11:15:04:09:52,3862.88,3849.72,0,0.0400562,0,0,0,0.502462,0,7113.42,0,0,0,0,0,0,-374.708,0,0.502462,0.502462,0,0
#,01:11:15:04:09:53,WELLBORE,DEPTHS,1,[1|Rate|0.005495],,,,,,,,,,,,,,,,,
01:11:15:04:09:53,3862.31,3848.86,0,0.0400562,0,0,0,0.502462,0,7112.85,0,0,0,0,0,0,-375.28,0,0.502462,0.502462,0,0
01:11:15:04:09:54,3862.31,3849.72,0,0.0400562,0,0,0,0.502462,0,7112.85,0,0,0,0,0,0,-375.28,0,0.502462,0.502462,0,0
01:11:15:04:09:55,3862.31,3849.43,0,0.0400562,0,0,0,0.502462,0,7112.85,0,0,0,0,0,0,-375.28,0,0.502462,0.502462,0,0
01:11:15:04:09:56,3861.74,3848.86,0,0.0400562,0,0,0,0.502462,0,7112.28,0,0,0,0,0,0,-375.852,0,0.502462,0.502462,0,0
01:11:15:04:09:57,3861.45,3848.58,0,0.0400562,0,0,0,0.502462,0,7111.99,0,0,0,0,0,0,-376.138,0,0.502462,0.502462,0,0
01:11:15:04:09:58,3861.74,3848.86,0,0.0400562,0,0,0,0.502462,0,7112.28,0,0,0,0,0,0,-375.852,0,0.502462,0.502462,0,0
01:11:15:04:09:59,3861.45,3848.29,0,0.0400562,0,0,0,0.502462,0,7111.99,0,0,0,0,0,0,-376.138,0,0.502462,0.502462,0,0
01:11:15:04:10:00,3860.59,3848.29,0,0.0400562,0,0,0,0.502462,0,7111.13,0,0,0,0,0,0,-376.997,0,0.502462,0.502462,0,0
01:11:15:04:10:01,3861.45,3847.72,0,0.0400562,0,0,0,0.502462,0,7111.99,0,0,0,0,0,0,-376.138,0,0.502462,0.502462,0,0
01:11:15:04:10:02,3860.59,3848,0,0.0400562,0,0,0,0.502462,0,7111.13,0,0,0,0,0,0,-376.997,0,0.502462,0.502462,0,0
01:11:15:04:10:03,3860.88,3847.72,0,0.0400562,0,0,0,0.502462,0,7111.42,0,0,0,0,0,0,-376.71,0,0.502462,0.502462,0,0
01:11:15:04:10:04,3860.59,3847.15,0,0.0400562,0,0,0,0.502462,0,7111.13,0,0,0,0,0,0,-376.997,0,0.502462,0.502462,0,0
01:11:15:04:10:05,3860.59,3847.72,0,0.0400562,0,0,0,0.502462,0,7111.13,0,0,0,0,0,0,-376.997,0,0.502462,0.502462,0,0
01:11:15:04:10:06,3859.73,3846.57,0,0.0400562,0,0,0,0.502462,0,7110.27,0,0,0,0,0,0,-377.855,0,0.502462,0.502462,0,0
01:11:15:04:10:07,3860.02,3846.57,0,0.0400562,0,0,0,0.502462,0,7110.56,0,0,0,0,0,0,-377.569,0,0.502462,0.502462,0,0
#,01:11:15:04:10:08,WELLBORE,DEPTHS,1,[1|Rate|0.005495],,,,,,,,,,,,,,,,,
01:11:15:04:10:08,3860.31,3847.15,0,0.0400562,0,0,0,0.502462,0,7110.85,0,0,0,0,0,0,-377.283,0,0.502462,0.502462,0,0
01:11:15:04:10:09,3860.31,3847.15,0,0.0400562,0,0,0,0.502462,0,7110.85,0,0,0,0,0,0,-377.283,0,0.502462,0.502462,0,0
01:11:15:04:10:10,3860.02,3846.86,0,0.0400562,0,0,0,0.502462,0,7110.56,0,0,0,0,0,0,-377.569,0,0.502462,0.502462,0,0
01:11:15:04:10:11,3864.03,3852.01,0,0.0400562,0,0,0,0.502462,0,7114.56,0,0,0,0,0,0,-373.564,0,0.502462,0.502462,0,0
01:11:15:04:10:12,3869.18,3856.3,0,0.0400562,0,0,0,0.502462,0,7119.71,0,0,0,0,0,0,-368.414,0,0.502462,0.502462,0,0
01:11:15:04:10:13,3866.03,3852.58,0,0.0400562,0,0,0,0.502462,0,7116.57,0,0,0,0,0,0,-371.561,0,0.502462,0.502462,0,0
01:11:15:04:10:14,3868.32,3854.58,0,0.0400562,0,0,0,0.502462,0,7118.86,0,0,0,0,0,0,-369.272,0,0.502462,0.502462,0,0
01:11:15:04:10:15,3868.32,3854.01,0,0.0400562,0,0,0,0.502462,0,7118.86,0,0,0,0,0,0,-369.272,0,0.502462,0.502462,0,0
01:11:15:04:10:16,3869.46,3856.59,0,0.0400562,0,0,0,0.502462,0,7120,0,0,0,0,0,0,-368.128,0,0.502462,0.502462,0,0
01:11:15:04:10:17,3864.6,3851.15,0,0.0400562,0,0,0,0.502462,0,7115.14,0,0,0,0,0,0,-372.992,0,0.502462,0.502462,0,0
01:11:15:04:10:18,3868.89,3855.73,0,0.0400562,0,0,0,0.502462,0,7119.43,0,0,0,0,0,0,-368.7,0,0.502462,0.502462,0,0
01:11:15:04:10:19,3866.03,3852.87,0,0.0400562,0,0,0,0.502462,0,7116.57,0,0,0,0,0,0,-371.561,0,0.502462,0.502462,0,0
01:11:15:04:10:20,3867.17,3853.73,0,0.0400562,0,0,0,0.502462,0,7117.71,0,0,0,0,0,0,-370.416,0,0.502462,0.502462,0,0
01:11:15:04:10:21,3863.17,3849.15,0,0.0400562,0,0,0,0.502462,0,7113.71,0,0,0,0,0,0,-374.422,0,0.502462,0.502462,0,0
01:11:15:04:10:22,3866.89,3854.3,0,0.0400562,0,0,0,0.502462,0,7117.43,0,0,0,0,0,0,-370.702,0,0.502462,0.502462,0,0
#,01:11:15:04:10:23,WELLBORE,DEPTHS,1,[1|Rate|0.005495],,,,,,,,,,,,,,,,,
01:11:15:04:10:23,3864.6,3851.44,0,0.0400562,0,0,0,0.502462,0,7115.14,0,0,0,0,0,0,-372.992,0,0.502462,0.502462,0,0
01:11:15:04:10:24,3864.88,3851.44,0,0.0400562,0,0,0,0.502462,0,7115.42,0,0,0,0,0,0,-372.705,0,0.502462,0.502462,0,0
01:11:15:04:10:25,3862.31,3850.01,0,0.0400562,0,0,0,0.502462,0,7112.85,0,0,0,0,0,0,-375.28,0,0.502462,0.502462,0,0
01:11:15:04:10:26,3864.03,3850.29,0,0.0400562,0,0,0,0.502462,0,7114.56,0,0,0,0,0,0,-373.564,0,0.502462,0.502462,0,0
01:11:15:04:10:27,3859.73,3846.29,0,0.0400562,0,0,0,0.502462,0,7110.27,0,0,0,0,0,0,-377.855,0,0.502462,0.502462,0,0
01:11:15:04:10:28,3861.17,3849.15,0,0.0400562,0,0,0,0.502462,0,7111.7,0,0,0,0,0,0,-376.424,0,0.502462,0.502462,0,0
01:11:15:04:10:29,3861.17,3847.72,0,0.0400562,0,0,0,0.502462,0,7111.7,0,0,0,0,0,0,-376.424,0,0.502462,0.502462,0,0
01:11:15:04:10:30,3859.73,3846.29,0,0.0400562,0,0,0,0.502462,0,7110.27,0,0,0,0,0,0,-377.855,0,0.502462,0.502462,0,0
01:11:15:04:10:31,3859.45,3846.29,0,0.0400562,0,0,0,0.502462,0,7109.99,0,0,0,0,0,0,-378.141,0,0.502462,0.502462,0,0
01:11:15:04:10:32,3860.59,3848,0,0.0400562,0,0,0,0.502462,0,7111.13,0,0,0,0,0,0,-376.997,0,0.502462,0.502462,0,0
01:11:15:04:10:33,3859.16,3846,0,0.0400562,0,0,0,0.502462,0,7109.7,0,0,0,0,0,0,-378.428,0,0.502462,0.502462,0,0
01:11:15:04:10:34,3859.16,3845.43,0,0.0400562,0,0,0,0.502462,0,7109.7,0,0,0,0,0,0,-378.428,0,0.502462,0.502462,0,0
01:11:15:04:10:35,3856.87,3843.43,0,0.0400562,0,0,0,0.502462,0,7107.41,0,0,0,0,0,0,-380.716,0,0.502462,0.502462,0,0
01:11:15:04:10:36,3855.16,3842.28,0,0.0400562,0,0,0,0.502462,0,7105.7,0,0,0,0,0,0,-382.433,0,0.502462,0.502462,0,0
01:11:15:04:10:37,3855.73,3842.57,0,0.0400562,0,0,0,0.502462,0,7106.27,0,0,0,0,0,0,-381.86,0,0.502462,0.502462,0,0
#,01:11:15:04:10:38,WELLBORE,DEPTHS,1,[1|Rate|0.005495],,,,,,,,,,,,,,,,,
01:11:15:04:10:38,3856.01,3842.28,0,0.0400562,0,0,0,0.502462,0,7106.55,0,0,0,0,0,0,-381.574,0,0.502462,0.502462,0,0
01:11:15:04:10:39,3855.16,3842.85,0,0.0400562,0,0,0,0.502462,0,7105.7,0,0,0,0,0,0,-382.433,0,0.502462,0.502462,0,0
01:11:15:04:10:40,3854.87,3842.85,0,0.0400562,0,0,0,0.502462,0,7105.41,0,0,0,0,0,0,-382.719,0,0.502462,0.502462,0,0
01:11:15:04:10:41,3855.44,3843.14,0,0.0400562,0,0,0,0.502462,0,7105.98,0,0,0,0,0,0,-382.146,0,0.502462,0.502462,0,0
01:11:15:04:10:42,3854.87,3841.42,0,0.0400562,0,0,0,0.502462,0,7105.41,0,0,0,0,0,0,-382.719,0,0.502462,0.502462,0,0
01:11:15:04:10:43,3854.58,3840.85,0,0.0400562,0,0,0,0.502462,0,7105.12,0,0,0,0,0,0,-383.005,0,0.502462,0.502462,0,0
01:11:15:04:10:44,3853.73,3839.99,0,0.0400562,0,0,0,0.502462,0,7104.27,0,0,0,0,0,0,-383.863,0,0.502462,0.502462,0,0
01:11:15:04:10:45,3852.87,3839.99,0,0.0400562,0,0,0,0.502462,0,7103.41,0,0,0,0,0,0,-384.721,0,0.502462,0.502462,0,0
01:11:15:04:10:46,3852.58,3839.14,0,0.0400562,0,0,0,0.502462,0,7103.12,0,0,0,0,0,0,-385.008,0,0.502462,0.502462,0,0
01:11:15:04:10:47,3853.15,3839.14,0,0.0400562,0,0,0,0.502462,0,7103.69,0,0,0,0,0,0,-384.436,0,0.502462,0.502462,0,0
01:11:15:04:10:48,3852.3,3838.85,0,0.0400562,0,0,0,0.502462,0,7102.83,0,0,0,0,0,0,-385.294,0,0.502462,0.502462,0,0
01:11:15:04:10:49,3852.3,3838.28,0,0.0400562,0,0,0,0.502462,0,7102.83,0,0,0,0,0,0,-385.294,0,0.502462,0.502462,0,0
01:11:15:04:10:50,3851.72,3838.85,0,0.0400562,0,0,0,0.502462,0,7102.26,0,0,0,0,0,0,-385.866,0,0.502462,0.502462,0,0
01:11:15:04:10:51,3850.87,3837.99,0,0.0400562,0,0,0,0.502462,0,7101.4,0,0,0,0,0,0,-386.724,0,0.502462,0.502462,0,0
01:11:15:04:10:52,3850.87,3837.42,0,0.0400562,0,0,0,0.502462,0,7101.4,0,0,0,0,0,0,-386.724,0,0.502462,0.502462,0,0
#,01:11:15:04:10:53,WELLBORE,DEPTHS,1,[1|Rate|0.005495],,,,,,,,,,,,,,,,,
01:11:15:04:10:53,3851.44,3837.99,0,0.0400562,0,0,0,0.502462,0,7101.98,0,0,0,0,0,0,-386.152,0,0.502462,0.502462,0,0
01:11:15:04:10:54,3851.15,3839.14,0,0.0400562,0,0,0,0.502462,0,7101.69,0,0,0,0,0,0,-386.438,0,0.502462,0.502462,0,0
01:11:15:04:10:55,3850.87,3837.7,0,0.0400562,0,0,0,0.502462,0,7101.4,0,0,0,0,0,0,-386.724,0,0.502462,0.502462,0,0
01:11:15:04:10:56,3850.87,3837.42,0,0.0400562,0,0,0,0.502462,0,7101.4,0,0,0,0,0,0,-386.724,0,0.502462,0.502462,0,0
01:11:15:04:10:57,3850.29,3836.56,0,0.0400562,0,0,0,0.502462,0,7100.83,0,0,0,0,0,0,-387.296,0,0.502462,0.502462,0,0
01:11:15:04:10:58,3849.72,3836.27,0,0.0400562,0,0,0,0.502462,0,7100.26,0,0,0,0,0,0,-387.869,0,0.502462,0.502462,0,0
01:11:15:04:10:59,3848,3835.42,0,0.0400562,0,0,0,0.502462,0,7098.54,0,0,0,0,0,0,-389.585,0,0.502462,0.502462,0,0
01:11:15:04:11:00,3848.58,3835.13,0,0.0400562,0,0,0,0.502462,0,7099.12,0,0,0,0,0,0,-389.013,0,0.502462,0.502462,0,0
01:11:15:04:11:01,3848.86,3835.42,0,0.0400562,0,0,0,0.502462,0,7099.4,0,0,0,0,0,0,-388.727,0,0.502462,0.502462,0,0
01:11:15:04:11:02,3848.29,3835.42,0,0.0400562,0,0,0,0.502462,0,7098.83,0,0,0,0,0,0,-389.299,0,0.502462,0.502462,0,0
01:11:15:04:11:03,3848.29,3835.13,0,0.0400562,0,0,0,0.502462,0,7098.83,0,0,0,0,0,0,-389.299,0,0.502462,0.502462,0,0
01:11:15:04:11:04,3847.72,3834.27,0,0.0400562,0,0,0,0.502462,0,7098.26,0,0,0,0,0,0,-389.871,0,0.502462,0.502462,0,0
01:11:15:04:11:05,3847.43,3833.99,0,0.0400562,0,0,0,0.502462,0,7097.97,0,0,0,0,0,0,-390.157,0,0.502462,0.502462,0,0
01:11:15:04:11:06,3847.15,3833.7,0,0.0400562,0,0,0,0.502462,0,7097.68,0,0,0,0,0,0,-390.444,0,0.502462,0.502462,0,0
01:11:15:04:11:07,3847.15,3833.7,0,0.0400562,0,0,0,0.502462,0,7097.68,0,0,0,0,0,0,-390.444,0,0.502462,0.502462,0,0
#,01:11:15:04:11:08,WELLBORE,DEPTHS,1,[1|Rate|0.005495],,,,,,,,,,,,,,,,,
01:11:15:04:11:08,3847.15,3833.7,0,0.0400562,0,0,0,0.502462,0,7097.68,0,0,0,0,0,0,-390.444,0,0.502462,0.502462,0,0
01:11:15:04:11:09,3846.57,3833.7,0,0.0400562,0,0,0,0.502462,0,7097.11,0,0,0,0,0,0,-391.016,0,0.502462,0.502462,0,0
01:11:15:04:11:10,3846.29,3833.41,0,0.0400562,0,0,0,0.502462,0,7096.83,0,0,0,0,0,0,-391.302,0,0.502462,0.502462,0,0
01:11:15:04:11:11,3846.57,3833.7,0,0.0400562,0,0,0,0.502462,0,7097.11,0,0,0,0,0,0,-391.016,0,0.502462,0.502462,0,0
01:11:15:04:11:12,3846.57,3833.13,0,0.0400562,0,0,0,0.502462,0,7097.11,0,0,0,0,0,0,-391.016,0,0.502462,0.502462,0,0
01:11:15:04:11:13,3846,3832.27,0,0.0400562,0,0,0,0.502462,0,7096.54,0,0,0,0,0,0,-391.588,0,0.502462,0.502462,0,0
01:11:15:04:11:14,3845.72,3832.55,0,0.0400562,0,0,0,0.502462,0,7096.25,0,0,0,0,0,0,-391.874,0,0.502462,0.502462,0,0
01:11:15:04:11:15,3845.72,3832.84,0,0.0400562,0,0,0,0.502462,0,7096.25,0,0,0,0,0,0,-391.874,0,0.502462,0.502462,0,0
01:11:15:04:11:16,3846,3831.7,0,0.0400562,0,0,0,0.502462,0,7096.54,0,0,0,0,0,0,-391.588,0,0.502462,0.502462,0,0
01:11:15:04:11:17,3846,3832.55,0,0.0400562,0,0,0,0.502462,0,7096.54,0,0,0,0,0,0,-391.588,0,0.502462,0.502462,0,0
01:11:15:04:11:18,3845.14,3831.41,0,0.0400562,0,0,0,0.502462,0,7095.68,0,0,0,0,0,0,-392.447,0,0.502462,0.502462,0,0
01:11:15:04:11:19,3844.57,3831.7,0,0.0400562,0,0,0,0.502462,0,7095.11,0,0,0,0,0,0,-393.019,0,0.502462,0.502462,0,0
01:11:15:04:11:20,3844.28,3830.84,0,0.0400562,0,0,0,0.502462,0,7094.82,0,0,0,0,0,0,-393.305,0,0.502462,0.502462,0,0
01:11:15:04:11:21,3844.28,3831.41,0,0.0400562,0,0,0,0.502462,0,7094.82,0,0,0,0,0,0,-393.305,0,0.502462,0.502462,0,0
01:11:15:04:11:22,3844.86,3831.98,0,0.0400562,0,0,0,0.502462,0,7095.4,0,0,0,0,0,0,-392.732,0,0.502462,0.502462,0,0
#,01:11:15:04:11:23,WELLBORE,DEPTHS,1,[1|Rate|0.005495],,,,,,,,,,,,,,,,,
01:11:15:04:11:23,3844,3830.27,0,0.0400562,0,0,0,0.502462,0,7094.54,0,0,0,0,0,0,-393.591,0,0.502462,0.502462,0,0
01:11:15:04:11:24,3843.71,3830.27,0,0.0400562,0,0,0,0.502462,0,7094.25,0,0,0,0,0,0,-393.877,0,0.502462,0.502462,0,0
01:11:15:04:11:25,3844.28,3829.98,0,0.0400562,0,0,0,0.502462,0,7094.82,0,0,0,0,0,0,-393.305,0,0.502462,0.502462,0,0
01:11:15:04:11:26,3844,3830.84,0,0.0400562,0,0,0,0.502462,0,7094.54,0,0,0,0,0,0,-393.591,0,0.502462,0.502462,0,0
01:11:15:04:11:27,3842.57,3829.41,0,0.0400562,0,0,0,0.502462,0,7093.11,0,0,0,0,0,0,-395.021,0,0.502462,0.502462,0,0
01:11:15:04:11:28,3843.43,3830.27,0,0.0400562,0,0,0,0.502462,0,7093.97,0,0,0,0,0,0,-394.163,0,0.502462,0.502462,0,0
01:11:15:04:11:29,3843.14,3830.55,0,0.0400562,0,0,0,0.502462,0,7093.68,0,0,0,0,0,0,-394.449,0,0.502462,0.502462,0,0
01:11:15:04:11:30,3843.14,3829.69,0,0.0400562,0,0,0,0.502462,0,7093.68,0,0,0,0,0,0,-394.449,0,0.502462,0.502462,0,0
01:11:15:04:11:31,3842.28,3828.84,0,0.0400562,0,0,0,0.502462,0,7092.82,0,0,0,0,0,0,-395.307,0,0.502462,0.502462,0,0
01:11:15:04:11:32,3843.14,3829.98,0,0.0400562,0,0,0,0.502462,0,7093.68,0,0,0,0,0,0,-394.449,0,0.502462,0.502462,0,0
01:11:15:04:11:33,3842.28,3829.12,0,0.0400562,0,0,0,0.502462,0,7092.82,0,0,0,0,0,0,-395.307,0,0.502462,0.502462,0,0
01:11:15:04:11:34,3842.57,3829.41,0,0.0400562,0,0,0,0.502462,0,7093.11,0,0,0,0,0,0,-395.021,0,0.502462,0.502462,0,0
01:11:15:04:11:35,3842,3829.41,0,0.0400562,0,0,0,0.502462,0,7092.54,0,0,0,0,0,0,-395.593,0,0.502462,0.502462,0,0
01:11:15:04:11:36,3843.14,3829.98,0,0.0400562,0,0,0,0.502462,0,7093.68,0,0,0,0,0,0,-394.449,0,0.502462,0.502462,0,0
01:11:15:04:11:37,3842,3828.55,0,0.0400562,0,0,0,0.502462,0,7092.54,0,0,0,0,0,0,-395.593,0,0.502462,0.502462,0,0
#,01:11:15:04:11:38,WELLBORE,DEPTHS,1,[1|Rate|0.005495],,,,,,,,,,,,,,,,,
01:11:15:04:11:38,3843.14,3829.41,0,0.0400562,0,0,0,0.502462,0,7093.68,0,0,0,0,0,0,-394.449,0,0.502462,0.502462,0,0
01:11:15:04:11:39,3842.28,3829.41,0,0.0400562,0,0,0,0.502462,0,7092.82,0,0,0,0,0,0,-395.307,0,0.502462,0.502462,0,0
01:11:15:04:11:40,3843.14,3829.41,0,0.0400562,0,0,0,0.502462,0,7093.68,0,0,0,0,0,0,-394.449,0,0.502462,0.502462,0,0
01:11:15:04:11:41,3842,3828.55,0,0.0400562,0,0,0,0.502462,0,7092.54,0,0,0,0,0,0,-395.593,0,0.502462,0.502462,0,0
01:11:15:04:11:42,3840.85,3827.4,0,0.0400562,0,0,0,0.502462,0,7091.39,0,0,0,0,0,0,-396.738,0,0.502462,0.502462,0,0
01:11:15:04:11:43,3842,3828.55,0,0.0400562,0,0,0,0.502462,0,7092.54,0,0,0,0,0,0,-395.593,0,0.502462,0.502462,0,0
01:11:15:04:11:44,3841.14,3827.98,0,0.0400562,0,0,0,0.502462,0,7091.68,0,0,0,0,0,0,-396.452,0,0.502462,0.502462,0,0
01:11:15:04:11:45,3840.85,3827.4,0,0.0400562,0,0,0,0.502462,0,7091.39,0,0,0,0,0,0,-396.738,0,0.502462,0.502462,0,0
01:11:15:04:11:46,3840.57,3826.83,0,0.0400562,0,0,0,0.502462,0,7091.1,0,0,0,0,0,0,-397.024,0,0.502462,0.502462,0,0
01:11:15:04:11:47,3841.71,3827.69,0,0.0400562,0,0,0,0.502462,0,7092.25,0,0,0,0,0,0,-395.88,0,0.502462,0.502462,0,0
01:11:15:04:11:48,3840.28,3826.83,0,0.0400562,0,0,0,0.502462,0,7090.82,0,0,0,0,0,0,-397.31,0,0.502462,0.502462,0,0
01:11:15:04:11:49,3839.99,3826.55,0,0.0400562,0,0,0,0.502462,0,7090.53,0,0,0,0,0,0,-397.596,0,0.502462,0.502462,0,0
01:11:15:04:11:50,3839.42,3826.26,0,0.0400562,0,0,0,0.502462,0,7089.96,0,0,0,0,0,0,-398.168,0,0.502462,0.502462,0,0
01:11:15:04:11:51,3839.42,3826.55,0,0.0400562,0,0,0,0.502462,0,7089.96,0,0,0,0,0,0,-398.168,0,0.502462,0.502462,0,0
01:11:15:04:11:52,3839.42,3825.97,0,0.0400562,0,0,0,0.502462,0,7089.96,0,0,0,0,0,0,-398.168,0,0.502462,0.502462,0,0
#,01:11:15:04:11:53,WELLBORE,DEPTHS,1,[1|Rate|0.005495],,,,,,,,,,,,,,,,,
01:11:15:04:11:53,3840.28,3826.26,0,0.0400562,0,0,0,0.502462,0,7090.82,0,0,0,0,0,0,-397.31,0,0.502462,0.502462,0,0
01:11:15:04:11:54,3839.14,3826.26,0,0.0400562,0,0,0,0.502462,0,7089.67,0,0,0,0,0,0,-398.455,0,0.502462,0.502462,0,0
01:11:15:04:11:55,3839.42,3825.4,0,0.0400562,0,0,0,0.502462,0,7089.96,0,0,0,0,0,0,-398.168,0,0.502462,0.502462,0,0
01:11:15:04:11:56,3838.85,3825.97,0,0.0400562,0,0,0,0.502462,0,7089.39,0,0,0,0,0,0,-398.741,0,0.502462,0.502462,0,0
01:11:15:04:11:57,3839.42,3825.69,0,0.0400562,0,0,0,0.502462,0,7089.96,0,0,0,0,0,0,-398.168,0,0.502462,0.502462,0,0
01:11:15:04:11:58,3838.85,3825.12,0,0.0400562,0,0,0,0.502462,0,7089.39,0,0,0,0,0,0,-398.741,0,0.502462,0.502462,0,0
01:11:15:04:11:59,3838.56,3825.4,0,0.0400562,0,0,0,0.502462,0,7089.1,0,0,0,0,0,0,-399.027,0,0.502462,0.502462,0,0
01:11:15:04:12:00,3838.28,3824.83,0,0.0400562,0,0,0,0.502462,0,7088.82,0,0,0,0,0,0,-399.313,0,0.502462,0.502462,0,0
01:11:15:04:12:01,3838.56,3825.69,0,0.0400562,0,0,0,0.502462,0,7089.1,0,0,0,0,0,0,-399.027,0,0.502462,0.502462,0,0
01:11:15:04:12:02,3838.56,3825.12,0,0.0400562,0,0,0,0.502462,0,7089.1,0,0,0,0,0,0,-399.027,0,0.502462,0.502462,0,0
01:11:15:04:12:03,3838.56,3824.26,0,0.0400562,0,0,0,0.502462,0,7089.1,0,0,0,0,0,0,-399.027,0,0.502462,0.502462,0,0
01:11:15:04:12:04,3837.99,3824.83,0,0.0400562,0,0,0,0.502462,0,7088.53,0,0,0,0,0,0,-399.599,0,0.502462,0.502462,0,0
01:11:15:04:12:05,3837.99,3824.54,0,0.0400562,0,0,0,0.502462,0,7088.53,0,0,0,0,0,0,-399.599,0,0.502462,0.502462,0,0
01:11:15:04:12:06,3837.42,3823.97,0,0.0400562,0,0,0,0.502462,0,7087.96,0,0,0,0,0,0,-400.171,0,0.502462,0.502462,0,0
01:11:15:04:12:07,3836.85,3822.83,0,0.0400562,0,0,0,0.502462,0,7087.38,0,0,0,0,0,0,-400.743,0,0.502462,0.502462,0,0
#,01:11:15:04:12:08,WELLBORE,DEPTHS,1,[1|Rate|0.005495],,,,,,,,,,,,,,,,,
01:11:15:04:12:08,3836.27,3822.54,0,0.0400562,0,0,0,0.502462,0,7086.81,0,0,0,0,0,0,-401.315,0,0.502462,0.502462,0,0
01:11:15:04:12:09,3835.13,3821.97,0,0.0400562,0,0,0,0.502462,0,7085.67,0,0,0,0,0,0,-402.46,0,0.502462,0.502462,0,0
01:11:15:04:12:10,3835.13,3821.97,0,0.0400562,0,0,0,0.502462,0,7085.67,0,0,0,0,0,0,-402.46,0,0.502462,0.502462,0,0
01:11:15:04:12:11,3834.84,3821.68,0,0.0400562,0,0,0,0.502462,0,7085.38,0,0,0,0,0,0,-402.746,0,0.502462,0.502462,0,0
01:11:15:04:12:12,3834.84,3821.4,0,0.0400562,0,0,0,0.502462,0,7085.38,0,0,0,0,0,0,-402.746,0,0.502462,0.502462,0,0
01:11:15:04:12:13,3834.56,3822.26,0,0.0400562,0,0,0,0.502462,0,7085.1,0,0,0,0,0,0,-403.032,0,0.502462,0.502462,0,0
01:11:15:04:12:14,3834.56,3820.82,0,0.0400562,0,0,0,0.502462,0,7085.1,0,0,0,0,0,0,-403.032,0,0.502462,0.502462,0,0
01:11:15:04:12:15,3833.7,3821.97,0,0.0400562,0,0,0,0.502462,0,7084.24,0,0,0,0,0,0,-403.891,0,0.502462,0.502462,0,0
01:11:15:04:12:16,3833.99,3820.25,0,0.0400562,0,0,0,0.502462,0,7084.52,0,0,0,0,0,0,-403.604,0,0.502462,0.502462,0,0
01:11:15:04:12:17,3833.99,3820.54,0,0.0400562,0,0,0,0.502462,0,7084.52,0,0,0,0,0,0,-403.604,0,0.502462,0.502462,0,0
01:11:15:04:12:18,3833.41,3820.82,0,0.0400562,0,0,0,0.502462,0,7083.95,0,0,0,0,0,0,-404.176,0,0.502462,0.502462,0,0
01:11:15:04:12:19,3833.13,3820.25,0,0.0400562,0,0,0,0.502462,0,7083.67,0,0,0,0,0,0,-404.463,0,0.502462,0.502462,0,0
01:11:15:04:12:20,3833.41,3820.25,0,0.0400562,0,0,0,0.502462,0,7083.95,0,0,0,0,0,0,-404.176,0,0.502462,0.502462,0,0
01:11:15:04:12:21,3833.41,3820.25,0,0.0400562,0,0,0,0.502462,0,7083.95,0,0,0,0,0,0,-404.176,0,0.502462,0.502462,0,0
01:11:15:04:12:22,3832.27,3819.39,0,0.0400562,0,0,0,0.502462,0,7082.81,0,0,0,0,0,0,-405.321,0,0.502462,0.502462,0,0
#,01:11:15:04:12:23,WELLBORE,DEPTHS,1,[1|Rate|0.005495],,,,,,,,,,,,,,,,,
01:11:15:04:12:23,3832.84,3819.97,0,0.0400562,0,0,0,0.502462,0,7083.38,0,0,0,0,0,0,-404.749,0,0.502462,0.502462,0,0
01:11:15:04:12:24,3832.55,3819.97,0,0.0400562,0,0,0,0.502462,0,7083.09,0,0,0,0,0,0,-405.035,0,0.502462,0.502462,0,0
01:11:15:04:12:25,3832.27,3819.11,0,0.0400562,0,0,0,0.502462,0,7082.81,0,0,0,0,0,0,-405.321,0,0.502462,0.502462,0,0
01:11:15:04:12:26,3831.41,3818.54,0,0.0400562,0,0,0,0.502462,0,7081.95,0,0,0,0,0,0,-406.179,0,0.502462,0.502462,0,0
01:11:15:04:12:27,3832.84,3819.97,0,0.0400562,0,0,0,0.502462,0,7083.38,0,0,0,0,0,0,-404.749,0,0.502462,0.502462,0,0
01:11:15:04:12:28,3831.7,3818.25,0,0.0400562,0,0,0,0.502462,0,7082.23,0,0,0,0,0,0,-405.893,0,0.502462,0.502462,0,0
01:11:15:04:12:29,3831.7,3818.54,0,0.0400562,0,0,0,0.502462,0,7082.23,0,0,0,0,0,0,-405.893,0,0.502462,0.502462,0,0
01:11:15:04:12:30,3831.7,3819.39,0,0.0400562,0,0,0,0.502462,0,7082.23,0,0,0,0,0,0,-405.893,0,0.502462,0.502462,0,0
01:11:15:04:12:31,3831.41,3819.11,0,0.0400562,0,0,0,0.502462,0,7081.95,0,0,0,0,0,0,-406.179,0,0.502462,0.502462,0,0
01:11:15:04:12:32,3831.7,3818.25,0,0.0400562,0,0,0,0.502462,0,7082.23,0,0,0,0,0,0,-405.893,0,0.502462,0.502462,0,0
01:11:15:04:12:33,3831.98,3818.54,0,0.0400562,0,0,0,0.502462,0,7082.52,0,0,0,0,0,0,-405.607,0,0.502462,0.502462,0,0
01:11:15:04:12:34,3831.41,3818.25,0,0.0400562,0,0,0,0.502462,0,7081.95,0,0,0,0,0,0,-406.179,0,0.502462,0.502462,0,0
01:11:15:04:12:35,3830.84,3817.68,0,0.0400562,0,0,0,0.502462,0,7081.38,0,0,0,0,0,0,-406.751,0,0.502462,0.502462,0,0
01:11:15:04:12:36,3831.12,3817.68,0,0.0400562,0,0,0,0.502462,0,7081.66,0,0,0,0,0,0,-406.465,0,0.502462,0.502462,0,0
01:11:15:04:12:37,3830.84,3817.68,0,0.0400562,0,0,0,0.502462,0,7081.38,0,0,0,0,0,0,-406.751,0,0.502462,0.502462,0,0
#,01:11:15:04:12:38,WELLBORE,DEPTHS,1,[1|Rate|0.005495],,,,,,,,,,,,,,,,,
01:11:15:04:12:38,3830.55,3817.1,0,0.0400562,0,0,0,0.502462,0,7081.09,0,0,0,0,0,0,-407.037,0,0.502462,0.502462,0,0
01:11:15:04:12:39,3830.27,3817.1,0,0.0400562,0,0,0,0.502462,0,7080.8,0,0,0,0,0,0,-407.324,0,0.502462,0.502462,0,0
01:11:15:04:12:40,3830.55,3817.1,0,0.0400562,0,0,0,0.502462,0,7081.09,0,0,0,0,0,0,-407.037,0,0.502462,0.502462,0,0
01:11:15:04:12:41,3829.98,3816.82,0,0.0400562,0,0,0,0.502462,0,7080.52,0,0,0,0,0,0,-407.609,0,0.502462,0.502462,0,0
01:11:15:04:12:42,3830.27,3817.39,0,0.0400562,0,0,0,0.502462,0,7080.8,0,0,0,0,0,0,-407.324,0,0.502462,0.502462,0,0
01:11:15:04:12:43,3829.41,3816.25,0,0.0400562,0,0,0,0.502462,0,7079.95,0,0,0,0,0,0,-408.182,0,0.502462,0.502462,0,0
01:11:15:04:12:44,3829.41,3816.25,0,0.0400562,0,0,0,0.502462,0,7079.95,0,0,0,0,0,0,-408.182,0,0.502462,0.502462,0,0
01:11:15:04:12:45,3829.41,3816.82,0,0.0400562,0,0,0,0.502462,0,7079.95,0,0,0,0,0,0,-408.182,0,0.502462,0.502462,0,0
01:11:15:04:12:46,3829.98,3816.82,0,0.0400562,0,0,0,0.502462,0,7080.52,0,0,0,0,0,0,-407.609,0,0.502462,0.502462,0,0
01:11:15:04:12:47,3829.69,3816.25,0,0.0400562,0,0,0,0.502462,0,7080.23,0,0,0,0,0,0,-407.896,0,0.502462,0.502462,0,0
01:11:15:04:12:48,3830.55,3816.53,0,0.0400562,0,0,0,0.502462,0,7081.09,0,0,0,0,0,0,-407.037,0,0.502462,0.502462,0,0
01:11:15:04:12:49,3829.69,3815.96,0,0.0400562,0,0,0,0.502462,0,7080.23,0,0,0,0,0,0,-407.896,0,0.502462,0.502462,0,0
01:11:15:04:12:50,3829.41,3815.96,0,0.0400562,0,0,0,0.502462,0,7079.95,0,0,0,0,0,0,-408.182,0,0.502462,0.502462,0,0
01:11:15:04:12:51,3829.12,3815.96,0,0.0400562,0,0,0,0.502462,0,7079.66,0,0,0,0,0,0,-408.468,0,0.502462,0.502462,0,0
01:11:15:04:12:52,3828.84,3815.67,0,0.0400562,0,0,0,0.502462,0,7079.37,0,0,0,0,0,0,-408.754,0,0.502462,0.502462,0,0
#,01:11:15:04:12:53,WELLBORE,DEPTHS,1,[1|Rate|0.005495],,,,,,,,,,,,,,,,,
01:11:15:04:12:53,3828.55,3815.96,0,0.0400562,0,0,0,0.502462,0,7079.09,0,0,0,0,0,0,-409.04,0,0.502462,0.502462,0,0
01:11:15:04:12:54,3828.84,3815.39,0,0.0400562,0,0,0,0.502462,0,7079.37,0,0,0,0,0,0,-408.754,0,0.502462,0.502462,0,0
01:11:15:04:12:55,3829.12,3815.39,0,0.0400562,0,0,0,0.502462,0,7079.66,0,0,0,0,0,0,-408.468,0,0.502462,0.502462,0,0
01:11:15:04:12:56,3828.26,3815.39,0,0.0400562,0,0,0,0.502462,0,7078.8,0,0,0,0,0,0,-409.327,0,0.502462,0.502462,0,0
01:11:15:04:12:57,3827.98,3815.39,0,0.0400562,0,0,0,0.502462,0,7078.52,0,0,0,0,0,0,-409.612,0,0.502462,0.502462,0,0
01:11:15:04:12:58,3827.98,3813.67,0,0.0400562,0,0,0,0.502462,0,7078.52,0,0,0,0,0,0,-409.612,0,0.502462,0.502462,0,0
01:11:15:04:12:59,3825.12,3811.67,0,0.0400562,0,0,0,0.502462,0,7075.65,0,0,0,0,0,0,-412.473,0,0.502462,0.502462,0,0
01:11:15:04:13:00,3827.12,3813.96,0,0.0400562,0,0,0,0.502462,0,7077.66,0,0,0,0,0,0,-410.471,0,0.502462,0.502462,0,0
01:11:15:04:13:01,3825.69,3812.81,0,0.0400562,0,0,0,0.502462,0,7076.23,0,0,0,0,0,0,-411.901,0,0.502462,0.502462,0,0
01:11:15:04:13:02,3825.97,3811.67,0,0.0400562,0,0,0,0.502462,0,7076.51,0,0,0,0,0,0,-411.615,0,0.502462,0.502462,0,0
01:11:15:04:13:03,3825.12,3811.96,0,0.0400562,0,0,0,0.502462,0,7075.65,0,0,0,0,0,0,-412.473,0,0.502462,0.502462,0,0
01:11:15:04:13:04,3826.83,3813.39,0,0.0400562,0,0,0,0.502462,0,7077.37,0,0,0,0,0,0,-410.757,0,0.502462,0.502462,0,0
01:11:15:04:13:05,3824.83,3811.38,0,0.0400562,0,0,0,0.502462,0,7075.37,0,0,0,0,0,0,-412.759,0,0.502462,0.502462,0,0
01:11:15:04:13:06,3825.12,3812.81,0,0.0400562,0,0,0,0.502462,0,7075.65,0,0,0,0,0,0,-412.473,0,0.502462,0.502462,0,0
01:11:15:04:13:07,3826.26,3813.1,0,0.0400562,0,0,0,0.502462,0,7076.8,0,0,0,0,0,0,-411.329,0,0.502462,0.502462,0,0
#,01:11:15:04:13:08,WELLBORE,DEPTHS,1,[1|Rate|0.005495],,,,,,,,,,,,,,,,,
01:11:15:04:13:08,3825.12,3812.24,0,0.0400562,0,0,0,0.502462,0,7075.65,0,0,0,0,0,0,-412.473,0,0.502462,0.502462,0,0
01:11:15:04:13:09,3825.69,3811.38,0,0.0400562,0,0,0,0.502462,0,7076.23,0,0,0,0,0,0,-411.901,0,0.502462,0.502462,0,0
01:11:15:04:13:10,3825.4,3811.96,0,0.0400562,0,0,0,0.502462,0,7075.94,0,0,0,0,0,0,-412.187,0,0.502462,0.502462,0,0
01:11:15:04:13:11,3825.4,3811.67,0,0.0400562,0,0,0,0.502462,0,7075.94,0,0,0,0,0,0,-412.187,0,0.502462,0.502462,0,0
01:11:15:04:13:12,3824.83,3811.38,0,0.0400562,0,0,0,0.502462,0,7075.37,0,0,0,0,0,0,-412.759,0,0.502462,0.502462,0,0
01:11:15:04:13:13,3825.12,3811.96,0,0.0400562,0,0,0,0.502462,0,7075.65,0,0,0,0,0,0,-412.473,0,0.502462,0.502462,0,0
01:11:15:04:13:14,3824.83,3811.67,0,0.0400562,0,0,0,0.502462,0,7075.37,0,0,0,0,0,0,-412.759,0,0.502462,0.502462,0,0
01:11:15:04:13:15,3824.26,3811.38,0,0.0400562,0,0,0,0.502462,0,7074.8,0,0,0,0,0,0,-413.332,0,0.502462,0.502462,0,0
01:11:15:04:13:16,3824.83,3811.67,0,0.0400562,0,0,0,0.502462,0,7075.37,0,0,0,0,0,0,-412.759,0,0.502462,0.502462,0,0
01:11:15:04:13:17,3824.54,3810.81,0,0.0400562,0,0,0,0.502462,0,7075.08,0,0,0,0,0,0,-413.045,0,0.502462,0.502462,0,0
01:11:15:04:13:18,3824.26,3811.1,0,0.0400562,0,0,0,0.502462,0,7074.8,0,0,0,0,0,0,-413.332,0,0.502462,0.502462,0,0
01:11:15:04:13:19,3823.97,3810.81,0,0.0400562,0,0,0,0.502462,0,7074.51,0,0,0,0,0,0,-413.617,0,0.502462,0.502462,0,0
01:11:15:04:13:20,3823.69,3810.52,0,0.0400562,0,0,0,0.502462,0,7074.22,0,0,0,0,0,0,-413.904,0,0.502462,0.502462,0,0
01:11:15:04:13:21,3823.69,3811.1,0,0.0400562,0,0,0,0.502462,0,7074.22,0,0,0,0,0,0,-413.904,0,0.502462,0.502462,0,0
01:11:15:04:13:22,3823.69,3810.52,0,0.0400562,0,0,0,0.502462,0,7074.22,0,0,0,0,0,0,-413.904,0,0.502462,0.502462,0,0
#,01:11:15:04:13:23,WELLBORE,DEPTHS,1,[1|Rate|0.005495],,,,,,,,,,,,,,,,,
01:11:15:04:13:23,3822.83,3809.09,0,0.0400562,0,0,0,0.502462,0,7073.37,0,0,0,0,0,0,-414.763,0,0.502462,0.502462,0,0
01:11:15:04:13:24,3822.54,3810.24,0,0.0400562,0,0,0,0.502462,0,7073.08,0,0,0,0,0,0,-415.048,0,0.502462,0.502462,0,0
01:11:15:04:13:25,3822.83,3809.95,0,0.0400562,0,0,0,0.502462,0,7073.37,0,0,0,0,0,0,-414.763,0,0.502462,0.502462,0,0
01:11:15:04:13:26,3822.54,3809.67,0,0.0400562,0,0,0,0.502462,0,7073.08,0,0,0,0,0,0,-415.048,0,0.502462,0.502462,0,0
01:11:15:04:13:27,3822.54,3809.38,0,0.0400562,0,0,0,0.502462,0,7073.08,0,0,0,0,0,0,-415.048,0,0.502462,0.502462,0,0
01:11:15:04:13:28,3822.26,3809.09,0,0.0400562,0,0,0,0.502462,0,7072.79,0,0,0,0,0,0,-415.335,0,0.502462,0.502462,0,0
01:11:15:04:13:29,3822.26,3808.81,0,0.0400562,0,0,0,0.502462,0,7072.79,0,0,0,0,0,0,-415.335,0,0.502462,0.502462,0,0
01:11:15:04:13:30,3821.97,3809.38,0,0.0400562,0,0,0,0.502462,0,7072.51,0,0,0,0,0,0,-415.62,0,0.502462,0.502462,0,0
01:11:15:04:13:31,3822.54,3809.09,0,0.0400562,0,0,0,0.502462,0,7073.08,0,0,0,0,0,0,-415.048,0,0.502462,0.502462,0,0
01:11:15:04:13:32,3821.11,3807.95,0,0.0400562,0,0,0,0.502462,0,7071.65,0,0,0,0,0,0,-416.479,0,0.502462,0.502462,0,0
01:11:15:04:13:33,3821.68,3807.66,0,0.0400562,0,0,0,0.502462,0,7072.22,0,0,0,0,0,0,-415.907,0,0.502462,0.502462,0,0
01:11:15:04:13:34,3820.54,3807.66,0,0.0400562,0,0,0,0.502462,0,7071.08,0,0,0,0,0,0,-417.051,0,0.502462,0.502462,0,0
01:11:15:04:13:35,3820.25,3807.09,0,0.0400562,0,0,0,0.502462,0,7070.79,0,0,0,0,0,0,-417.337,0,0.502462,0.502462,0,0
01:11:15:04:13:36,3819.68,3806.23,0,0.0400562,0,0,0,0.502462,0,7070.22,0,0,0,0,0,0,-417.909,0,0.502462,0.502462,0,0
01:11:15:04:13:37,3819.97,3807.09,0,0.0400562,0,0,0,0.502462,0,7070.5,0,0,0,0,0,0,-417.623,0,0.502462,0.502462,0,0
#,01:11:15:04:13:38,WELLBORE,DEPTHS,1,[1|Rate|0.005495],,,,,,,,,,,,,,,,,
01:11:15:04:13:38,3819.39,3807.09,0,0.0400562,0,0,0,0.502462,0,7069.93,0,0,0,0,0,0,-418.195,0,0.502462,0.502462,0,0
01:11:15:04:13:39,3820.54,3807.38,0,0.0400562,0,0,0,0.502462,0,7071.08,0,0,0,0,0,0,-417.051,0,0.502462,0.502462,0,0
01:11:15:04:13:40,3820.25,3806.52,0,0.0400562,0,0,0,0.502462,0,7070.79,0,0,0,0,0,0,-417.337,0,0.502462,0.502462,0,0
01:11:15:04:13:41,3819.68,3806.81,0,0.0400562,0,0,0,0.502462,0,7070.22,0,0,0,0,0,0,-417.909,0,0.502462,0.502462,0,0
01:11:15:04:13:42,3819.39,3806.23,0,0.0400562,0,0,0,0.502462,0,7069.93,0,0,0,0,0,0,-418.195,0,0.502462,0.502462,0,0
01:11:15:04:13:43,3819.11,3805.66,0,0.0400562,0,0,0,0.502462,0,7069.65,0,0,0,0,0,0,-418.481,0,0.502462,0.502462,0,0
01:11:15:04:13:44,3819.11,3805.66,0,0.0400562,0,0,0,0.502462,0,7069.65,0,0,0,0,0,0,-418.481,0,0.502462,0.502462,0,0
01:11:15:04:13:45,3818.82,3805.95,0,0.0400562,0,0,0,0.502462,0,7069.36,0,0,0,0,0,0,-418.768,0,0.502462,0.502462,0,0
01:11:15:04:13:46,3817.68,3805.09,0,0.0400562,0,0,0,0.502462,0,7068.22,0,0,0,0,0,0,-419.912,0,0.502462,0.502462,0,0
01:11:15:04:13:47,3818.54,3805.09,0,0.0400562,0,0,0,0.502462,0,7069.07,0,0,0,0,0,0,-419.053,0,0.502462,0.502462,0,0
01:11:15:04:13:48,3818.54,3805.38,0,0.0400562,0,0,0,0.502462,0,7069.07,0,0,0,0,0,0,-419.053,0,0.502462,0.502462,0,0
01:11:15:04:13:49,3818.25,3805.09,0,0.0400562,0,0,0,0.502462,0,7068.79,0,0,0,0,0,0,-419.34,0,0.502462,0.502462,0,0
01:11:15:04:13:50,3817.68,3804.23,0,0.0400562,0,0,0,0.502462,0,7068.22,0,0,0,0,0,0,-419.912,0,0.502462,0.502462,0,0
01:11:15:04:13:51,3818.25,3805.09,0,0.0400562,0,0,0,0.502462,0,7068.79,0,0,0,0,0,0,-419.34,0,0.502462,0.502462,0,0
01:11:15:04:13:52,3817.39,3804.52,0,0.0400562,0,0,0,0.502462,0,7067.93,0,0,0,0,0,0,-420.198,0,0.502462,0.502462,0,0
#,01:11:15:04:13:53,WELLBORE,DEPTHS,1,[1|Rate|0.005495],,,,,,,,,,,,,,,,,
01:11:15:04:13:53,3816.25,3803.37,0,0.0400562,0,0,0,0.502462,0,7066.79,0,0,0,0,0,0,-421.343,0,0.502462,0.502462,0,0
01:11:15:04:13:54,3816.53,3803.37,0,0.0400562,0,0,0,0.502462,0,7067.07,0,0,0,0,0,0,-421.056,0,0.502462,0.502462,0,0
01:11:15:04:13:55,3815.96,3803.09,0,0.0400562,0,0,0,0.502462,0,7066.5,0,0,0,0,0,0,-421.629,0,0.502462,0.502462,0,0
01:11:15:04:13:56,3815.96,3802.8,0,0.0400562,0,0,0,0.502462,0,7066.5,0,0,0,0,0,0,-421.629,0,0.502462,0.502462,0,0
01:11:15:04:13:57,3815.67,3803.09,0,0.0400562,0,0,0,0.502462,0,7066.21,0,0,0,0,0,0,-421.915,0,0.502462,0.502462,0,0
01:11:15:04:13:58,3815.39,3801.94,0,0.0400562,0,0,0,0.502462,0,7065.93,0,0,0,0,0,0,-422.201,0,0.502462,0.502462,0,0
01:11:15:04:13:59,3814.53,3801.37,0,0.0400562,0,0,0,0.502462,0,7065.07,0,0,0,0,0,0,-423.059,0,0.502462,0.502462,0,0
01:11:15:04:14:00,3815.96,3802.8,0,0.0400562,0,0,0,0.502462,0,7066.5,0,0,0,0,0,0,-421.629,0,0.502462,0.502462,0,0
01:11:15:04:14:01,3814.24,3801.08,0,0.0400562,0,0,0,0.502462,0,7064.78,0,0,0,0,0,0,-423.345,0,0.502462,0.502462,0,0
01:11:15:04:14:02,3814.53,3801.37,0,0.0400562,0,0,0,0.502462,0,7065.07,0,0,0,0,0,0,-423.059,0,0.502462,0.502462,0,0
01:11:15:04:14:03,3815.39,3801.08,0,0.0400562,0,0,0,0.502462,0,7065.93,0,0,0,0,0,0,-422.201,0,0.502462,0.502462,0,0
01:11:15:04:14:04,3815.67,3801.37,0,0.0400562,0,0,0,0.502462,0,7066.21,0,0,0,0,0,0,-421.915,0,0.502462,0.502462,0,0
01:11:15:04:14:05,3812.24,3798.51,0,0.0400562,0,0,0,0.502462,0,7062.78,0,0,0,0,0,0,-425.348,0,0.502462,0.502462,0,0
01:11:15:04:14:06,3813.1,3799.37,0,0.0400562,0,0,0,0.502462,0,7063.64,0,0,0,0,0,0,-424.489,0,0.502462,0.502462,0,0
01:11:15:04:14:07,3813.39,3800.8,0,0.0400562,0,0,0,0.502462,0,7063.92,0,0,0,0,0,0,-424.203,0,0.502462,0.502462,0,0
#,01:11:15:04:14:08,WELLBORE,DEPTHS,1,[1|Rate|0.005495],,,,,,,,,,,,,,,,,
01:11:15:04:14:08,3813.67,3800.51,0,0.0400562,0,0,0,0.502462,0,7064.21,0,0,0,0,0,0,-423.917,0,0.502462,0.502462,0,0
01:11:15:04:14:09,3811.38,3798.22,0,0.0400562,0,0,0,0.502462,0,7061.92,0,0,0,0,0,0,-426.207,0,0.502462,0.502462,0,0
01:11:15:04:14:10,3813.1,3800.23,0,0.0400562,0,0,0,0.502462,0,7063.64,0,0,0,0,0,0,-424.489,0,0.502462,0.502462,0,0
01:11:15:04:14:11,3813.39,3799.94,0,0.0400562,0,0,0,0.502462,0,7063.92,0,0,0,0,0,0,-424.203,0,0.502462,0.502462,0,0
01:11:15:04:14:12,3812.24,3799.08,0,0.0400562,0,0,0,0.502462,0,7062.78,0,0,0,0,0,0,-425.348,0,0.502462,0.502462,0,0
01:11:15:04:14:13,3811.38,3797.94,0,0.0400562,0,0,0,0.502462,0,7061.92,0,0,0,0,0,0,-426.207,0,0.502462,0.502462,0,0
01:11:15:04:14:14,3813.1,3799.65,0,0.0400562,0,0,0,0.502462,0,7063.64,0,0,0,0,0,0,-424.489,0,0.502462,0.502462,0,0
01:11:15:04:14:15,3811.67,3798.22,0,0.0400562,0,0,0,0.502462,0,7062.21,0,0,0,0,0,0,-425.92,0,0.502462,0.502462,0,0
01:11:15:04:14:16,3811.38,3798.51,0,0.0400562,0,0,0,0.502462,0,7061.92,0,0,0,0,0,0,-426.207,0,0.502462,0.502462,0,0
01:11:15:04:14:17,3811.38,3797.65,0,0.0400562,0,0,0,0.502462,0,7061.92,0,0,0,0,0,0,-426.207,0,0.502462,0.502462,0,0
01:11:15:04:14:18,3812.53,3798.79,0,0.0400562,0,0,0,0.502462,0,7063.07,0,0,0,0,0,0,-425.061,0,0.502462,0.502462,0,0
01:11:15:04:14:19,3810.81,3797.36,0,0.0400562,0,0,0,0.502462,0,7061.35,0,0,0,0,0,0,-426.779,0,0.502462,0.502462,0,0
01:11:15:04:14:20,3811.38,3798.22,0,0.0400562,0,0,0,0.502462,0,7061.92,0,0,0,0,0,0,-426.207,0,0.502462,0.502462,0,0
01:11:15:04:14:21,3811.1,3797.08,0,0.0400562,0,0,0,0.502462,0,7061.64,0,0,0,0,0,0,-426.492,0,0.502462,0.502462,0,0
01:11:15:04:14:22,3811.38,3797.36,0,0.0400562,0,0,0,0.502462,0,7061.92,0,0,0,0,0,0,-426.207,0,0.502462,0.502462,0,0
#,01:11:15:04:14:23,WELLBORE,DEPTHS,1,[1|Rate|0.005495],,,,,,,,,,,,,,,,,
01:11:15:04:14:23,3810.24,3797.08,0,0.0400562,0,0,0,0.502462,0,7060.78,0,0,0,0,0,0,-427.351,0,0.502462,0.502462,0,0
01:11:15:04:14:24,3811.1,3797.08,0,0.0400562,0,0,0,0.502462,0,7061.64,0,0,0,0,0,0,-426.492,0,0.502462,0.502462,0,0
01:11:15:04:14:25,3810.24,3796.22,0,0.0400562,0,0,0,0.502462,0,7060.78,0,0,0,0,0,0,-427.351,0,0.502462,0.502462,0,0
01:11:15:04:14:26,3810.52,3796.51,0,0.0400562,0,0,0,0.502462,0,7061.06,0,0,0,0,0,0,-427.064,0,0.502462,0.502462,0,0
01:11:15:04:14:27,3809.67,3796.51,0,0.0400562,0,0,0,0.502462,0,7060.21,0,0,0,0,0,0,-427.923,0,0.502462,0.502462,0,0
01:11:15:04:14:28,3809.38,3795.93,0,0.0400562,0,0,0,0.502462,0,7059.92,0,0,0,0,0,0,-428.209,0,0.502462,0.502462,0,0
01:11:15:04:14:29,3808.81,3795.65,0,0.0400562,0,0,0,0.502462,0,7059.35,0,0,0,0,0,0,-428.781,0,0.502462,0.502462,0,0
01:11:15:04:14:30,3808.52,3794.79,0,0.0400562,0,0,0,0.502462,0,7059.06,0,0,0,0,0,0,-429.067,0,0.502462,0.502462,0,0
01:11:15:04:14:31,3809.09,3795.65,0,0.0400562,0,0,0,0.502462,0,7059.63,0,0,0,0,0,0,-428.495,0,0.502462,0.502462,0,0
01:11:15:04:14:32,3808.52,3794.5,0,0.0400562,0,0,0,0.502462,0,7059.06,0,0,0,0,0,0,-429.067,0,0.502462,0.502462,0,0
01:11:15:04:14:33,3808.81,3794.79,0,0.0400562,0,0,0,0.502462,0,7059.35,0,0,0,0,0,0,-428.781,0,0.502462,0.502462,0,0
01:11:15:04:14:34,3808.24,3795.08,0,0.0400562,0,0,0,0.502462,0,7058.77,0,0,0,0,0,0,-429.353,0,0.502462,0.502462,0,0
01:11:15:04:14:35,3808.24,3794.5,0,0.0400562,0,0,0,0.502462,0,7058.77,0,0,0,0,0,0,-429.353,0,0.502462,0.502462,0,0
01:11:15:04:14:36,3807.38,3793.65,0,0.0400562,0,0,0,0.502462,0,7057.92,0,0,0,0,0,0,-430.212,0,0.502462,0.502462,0,0
01:11:15:04:14:37,3807.95,3794.5,0,0.0400562,0,0,0,0.502462,0,7058.49,0,0,0,0,0,0,-429.639,0,0.502462,0.502462,0,0
#,01:11:15:04:14:38,WELLBORE,DEPTHS,1,[1|Rate|0.005495],,,,,,,,,,,,,,,,,
01:11:15:04:14:38,3807.38,3794.22,0,0.0400562,0,0,0,0.502462,0,7057.92,0,0,0,0,0,0,-430.212,0,0.502462,0.502462,0,0
01:11:15:04:14:39,3807.38,3794.22,0,0.0400562,0,0,0,0.502462,0,7057.92,0,0,0,0,0,0,-430.212,0,0.502462,0.502462,0,0
01:11:15:04:14:40,3807.38,3793.07,0,0.0400562,0,0,0,0.502462,0,7057.92,0,0,0,0,0,0,-430.212,0,0.502462,0.502462,0,0
01:11:15:04:14:41,3807.09,3793.36,0,0.0400562,0,0,0,0.502462,0,7057.63,0,0,0,0,0,0,-430.497,0,0.502462,0.502462,0,0
01:11:15:04:14:42,3806.52,3792.79,0,0.0400562,0,0,0,0.502462,0,7057.06,0,0,0,0,0,0,-431.07,0,0.502462,0.502462,0,0
01:11:15:04:14:43,3805.95,3793.36,0,0.0400562,0,0,0,0.502462,0,7056.49,0,0,0,0,0,0,-431.642,0,0.502462,0.502462,0,0
01:11:15:04:14:44,3806.23,3793.93,0,0.0400562,0,0,0,0.502462,0,7056.77,0,0,0,0,0,0,-431.356,0,0.502462,0.502462,0,0
01:11:15:04:14:45,3807.09,3793.65,0,0.0400562,0,0,0,0.502462,0,7057.63,0,0,0,0,0,0,-430.497,0,0.502462,0.502462,0,0
01:11:15:04:14:46,3805.95,3792.21,0,0.0400562,0,0,0,0.502462,0,7056.49,0,0,0,0,0,0,-431.642,0,0.502462,0.502462,0,0
01:11:15:04:14:47,3805.95,3791.93,0,0.0400562,0,0,0,0.502462,0,7056.49,0,0,0,0,0,0,-431.642,0,0.502462,0.502462,0,0
01:11:15:04:14:48,3806.23,3792.21,0,0.0400562,0,0,0,0.502462,0,7056.77,0,0,0,0,0,0,-431.356,0,0.502462,0.502462,0,0
01:11:15:04:14:49,3805.66,3791.93,0,0.0400562,0,0,0,0.502462,0,7056.2,0,0,0,0,0,0,-431.928,0,0.502462,0.502462,0,0
01:11:15:04:14:50,3805.38,3791.93,0,0.0400562,0,0,0,0.502462,0,7055.91,0,0,0,0,0,0,-432.215,0,0.502462,0.502462,0,0
01:11:15:04:14:51,3804.8,3791.64,0,0.0400562,0,0,0,0.502462,0,7055.34,0,0,0,0,0,0,-432.787,0,0.502462,0.502462,0,0
01:11:15:04:14:52,3803.37,3790.5,0,0.0400562,0,0,0,0.502462,0,7053.91,0,0,0,0,0,0,-434.217,0,0.502462,0.502462,0,0
#,01:11:15:04:14:53,WELLBORE,DEPTHS,1,[1|Rate|0.005495],,,,,,,,,,,,,,,,,
01:11:15:04:14:53,3805.09,3791.93,0,0.0400562,0,0,0,0.502462,0,7055.63,0,0,0,0,0,0,-432.5,0,0.502462,0.502462,0,0
01:11:15:04:14:54,3804.23,3791.36,0,0.0400562,0,0,0,0.502462,0,7054.77,0,0,0,0,0,0,-433.359,0,0.502462,0.502462,0,0
01:11:15:04:14:55,3803.66,3790.21,0,0.0400562,0,0,0,0.502462,0,7054.2,0,0,0,0,0,0,-433.931,0,0.502462,0.502462,0,0
01:11:15:04:14:56,3803.37,3790.78,0,0.0400562,0,0,0,0.502462,0,7053.91,0,0,0,0,0,0,-434.217,0,0.502462,0.502462,0,0
01:11:15:04:14:57,3805.09,3791.93,0,0.0400562,0,0,0,0.502462,0,7055.63,0,0,0,0,0,0,-432.5,0,0.502462,0.502462,0,0
01:11:15:04:14:58,3803.66,3789.64,0,0.0400562,0,0,0,0.502462,0,7054.2,0,0,0,0,0,0,-433.931,0,0.502462,0.502462,0,0
01:11:15:04:14:59,3803.09,3789.93,0,0.0400562,0,0,0,0.502462,0,7053.63,0,0,0,0,0,0,-434.503,0,0.502462,0.502462,0,0
01:11:15:04:15:00,3801.94,3788.5,0,0.0400562,0,0,0,0.502462,0,7052.48,0,0,0,0,0,0,-435.647,0,0.502462,0.502462,0,0
01:11:15:04:15:01,3803.94,3791.07,0,0.0400562,0,0,0,0.502462,0,7054.48,0,0,0,0,0,0,-433.645,0,0.502462,0.502462,0,0
01:11:15:04:15:02,3801.94,3788.21,0,0.0400562,0,0,0,0.502462,0,7052.48,0,0,0,0,0,0,-435.647,0,0.502462,0.502462,0,0
01:11:15:04:15:03,3802.23,3788.21,0,0.0400562,0,0,0,0.502462,0,7052.77,0,0,0,0,0,0,-435.361,0,0.502462,0.502462,0,0
01:11:15:04:15:04,3802.51,3788.21,0,0.0400562,0,0,0,0.502462,0,7053.05,0,0,0,0,0,0,-435.075,0,0.502462,0.502462,0,0
01:11:15:04:15:05,3803.66,3789.93,0,0.0400562,0,0,0,0.502462,0,7054.2,0,0,0,0,0,0,-433.931,0,0.502462,0.502462,0,0
01:11:15:04:15:06,3801.66,3787.92,0,0.0400562,0,0,0,0.502462,0,7052.19,0,0,0,0,0,0,-435.933,0,0.502462,0.502462,0,0
01:11:15:04:15:07,3802.8,3788.5,0,0.0400562,0,0,0,0.502462,0,7053.34,0,0,0,0,0,0,-434.789,0,0.502462,0.502462,0,0
#,01:11:15:04:15:08,WELLBORE,DEPTHS,1,[1|Rate|0.005495],,,,,,,,,,,,,,,,,
01:11:15:04:15:08,3802.23,3788.21,0,0.0400562,0,0,0,0.502462,0,7052.77,0,0,0,0,0,0,-435.361,0,0.502462,0.502462,0,0
01:11:15:04:15:09,3800.8,3787.35,0,0.0400562,0,0,0,0.502462,0,7051.34,0,0,0,0,0,0,-436.792,0,0.502462,0.502462,0,0
01:11:15:04:15:10,3801.66,3787.92,0,0.0400562,0,0,0,0.502462,0,7052.19,0,0,0,0,0,0,-435.933,0,0.502462,0.502462,0,0
01:11:15:04:15:11,3801.66,3788.21,0,0.0400562,0,0,0,0.502462,0,7052.19,0,0,0,0,0,0,-435.933,0,0.502462,0.502462,0,0
01:11:15:04:15:12,3801.37,3787.64,0,0.0400562,0,0,0,0.502462,0,7051.91,0,0,0,0,0,0,-436.22,0,0.502462,0.502462,0,0
01:11:15:04:15:13,3801.37,3787.35,0,0.0400562,0,0,0,0.502462,0,7051.91,0,0,0,0,0,0,-436.22,0,0.502462,0.502462,0,0
01:11:15:04:15:14,3801.94,3788.21,0,0.0400562,0,0,0,0.502462,0,7052.48,0,0,0,0,0,0,-435.647,0,0.502462,0.502462,0,0
01:11:15:04:15:15,3800.51,3786.49,0,0.0400562,0,0,0,0.502462,0,7051.05,0,0,0,0,0,0,-437.078,0,0.502462,0.502462,0,0
01:11:15:04:15:16,3801.08,3787.35,0,0.0400562,0,0,0,0.502462,0,7051.62,0,0,0,0,0,0,-436.505,0,0.502462,0.502462,0,0
01:11:15:04:15:17,3800.8,3787.35,0,0.0400562,0,0,0,0.502462,0,7051.34,0,0,0,0,0,0,-436.792,0,0.502462,0.502462,0,0
01:11:15:04:15:18,3801.08,3786.78,0,0.0400562,0,0,0,0.502462,0,7051.62,0,0,0,0,0,0,-436.505,0,0.502462,0.502462,0,0
01:11:15:04:15:19,3800.23,3786.21,0,0.0400562,0,0,0,0.502462,0,7050.76,0,0,0,0,0,0,-437.364,0,0.502462,0.502462,0,0
01:11:15:04:15:20,3800.8,3787.35,0,0.0400562,0,0,0,0.502462,0,7051.34,0,0,0,0,0,0,-436.792,0,0.502462,0.502462,0,0
01:11:15:04:15:21,3801.66,3787.35,0,0.0400562,0,0,0,0.502462,0,7052.19,0,0,0,0,0,0,-435.933,0,0.502462,0.502462,0,0
01:11:15:04:15:22,3800.51,3786.21,0,0.0400562,0,0,0,0.502462,0,7051.05,0,0,0,0,0,0,-437.078,0,0.502462,0.502462,0,0
#,01:11:15:04:15:23,WELLBORE,DEPTHS,1,[1|Rate|0.005495],,,,,,,,,,,,,,,,,
01:11:15:04:15:23,3799.37,3786.21,0,0.0400562,0,0,0,0.502462,0,7049.91,0,0,0,0,0,0,-438.223,0,0.502462,0.502462,0,0
01:11:15:04:15:24,3799.65,3785.92,0,0.0400562,0,0,0,0.502462,0,7050.19,0,0,0,0,0,0,-437.936,0,0.502462,0.502462,0,0
01:11:15:04:15:25,3799.65,3785.92,0,0.0400562,0,0,0,0.502462,0,7050.19,0,0,0,0,0,0,-437.936,0,0.502462,0.502462,0,0
01:11:15:04:15:26,3798.79,3785.06,0,0.0400562,0,0,0,0.502462,0,7049.33,0,0,0,0,0,0,-438.795,0,0.502462,0.502462,0,0
01:11:15:04:15:27,3799.08,3785.06,0,0.0400562,0,0,0,0.502462,0,7049.62,0,0,0,0,0,0,-438.508,0,0.502462,0.502462,0,0
01:11:15:04:15:28,3799.94,3786.78,0,0.0400562,0,0,0,0.502462,0,7050.48,0,0,0,0,0,0,-437.651,0,0.502462,0.502462,0,0
01:11:15:04:15:29,3799.65,3785.92,0,0.0400562,0,0,0,0.502462,0,7050.19,0,0,0,0,0,0,-437.936,0,0.502462,0.502462,0,0
01:11:15:04:15:30,3798.51,3785.35,0,0.0400562,0,0,0,0.502462,0,7049.05,0,0,0,0,0,0,-439.081,0,0.502462,0.502462,0,0
01:11:15:04:15:31,3799.94,3785.92,0,0.0400562,0,0,0,0.502462,0,7050.48,0,0,0,0,0,0,-437.651,0,0.502462,0.502462,0,0
01:11:15:04:15:32,3799.37,3785.35,0,0.0400562,0,0,0,0.502462,0,7049.91,0,0,0,0,0,0,-438.223,0,0.502462,0.502462,0,0
01:11:15:04:15:33,3799.08,3784.78,0,0.0400562,0,0,0,0.502462,0,7049.62,0,0,0,0,0,0,-438.508,0,0.502462,0.502462,0,0
01:11:15:04:15:34,3799.08,3784.78,0,0.0400562,0,0,0,0.502462,0,7049.62,0,0,0,0,0,0,-438.508,0,0.502462,0.502462,0,0
01:11:15:04:15:35,3799.37,3786.21,0,0.0400562,0,0,0,0.502462,0,7049.91,0,0,0,0,0,0,-438.223,0,0.502462,0.502462,0,0
01:11:15:04:15:36,3798.51,3784.78,0,0.0400562,0,0,0,0.502462,0,7049.05,0,0,0,0,0,0,-439.081,0,0.502462,0.502462,0,0
01:11:15:04:15:37,3799.37,3785.06,0,0.0400562,0,0,0,0.502462,0,7049.91,0,0,0,0,0,0,-438.223,0,0.502462,0.502462,0,0
#,01:11:15:04:15:38,WELLBORE,DEPTHS,1,[1|Rate|0.005495],,,,,,,,,,,,,,,,,
01:11:15:04:15:38,3798.22,3784.49,0,0.0400562,0,0,0,0.502462,0,7048.76,0,0,0,0,0,0,-439.367,0,0.502462,0.502462,0,0
01:11:15:04:15:39,3798.79,3784.78,0,0.0400562,0,0,0,0.502462,0,7049.33,0,0,0,0,0,0,-438.795,0,0.502462,0.502462,0,0
01:11:15:04:15:40,3798.22,3784.2,0,0.0400562,0,0,0,0.502462,0,7048.76,0,0,0,0,0,0,-439.367,0,0.502462,0.502462,0,0
01:11:15:04:15:41,3797.94,3784.2,0,0.0400562,0,0,0,0.502462,0,7048.47,0,0,0,0,0,0,-439.653,0,0.502462,0.502462,0,0
01:11:15:04:15:42,3797.65,3784.2,0,0.0400562,0,0,0,0.502462,0,7048.19,0,0,0,0,0,0,-439.939,0,0.502462,0.502462,0,0
01:11:15:04:15:43,3798.22,3784.78,0,0.0400562,0,0,0,0.502462,0,7048.76,0,0,0,0,0,0,-439.367,0,0.502462,0.502462,0,0
01:11:15:04:15:44,3797.36,3783.92,0,0.0400562,0,0,0,0.502462,0,7047.9,0,0,0,0,0,0,-440.225,0,0.502462,0.502462,0,0
01:11:15:04:15:45,3798.51,3784.2,0,0.0400562,0,0,0,0.502462,0,7049.05,0,0,0,0,0,0,-439.081,0,0.502462,0.502462,0,0
01:11:15:04:15:46,3797.08,3783.06,0,0.0400562,0,0,0,0.502462,0,7047.62,0,0,0,0,0,0,-440.511,0,0.502462,0.502462,0,0
01:11:15:04:15:47,3797.94,3784.2,0,0.0400562,0,0,0,0.502462,0,7048.47,0,0,0,0,0,0,-439.653,0,0.502462,0.502462,0,0
01:11:15:04:15:48,3797.65,3783.92,0,0.0400562,0,0,0,0.502462,0,7048.19,0,0,0,0,0,0,-439.939,0,0.502462,0.502462,0,0
01:11:15:04:15:49,3797.08,3783.63,0,0.0400562,0,0,0,0.502462,0,7047.62,0,0,0,0,0,0,-440.511,0,0.502462,0.502462,0,0
01:11:15:04:15:50,3796.79,3782.49,0,0.0400562,0,0,0,0.502462,0,7047.33,0,0,0,0,0,0,-440.797,0,0.502462,0.502462,0,0
01:11:15:04:15:51,3797.08,3782.2,0,0.0400562,0,0,0,0.502462,0,7047.62,0,0,0,0,0,0,-440.511,0,0.502462,0.502462,0,0
01:11:15:04:15:52,3795.93,3782.2,0,0.0400562,0,0,0,0.502462,0,7046.47,0,0,0,0,0,0,-441.656,0,0.502462,0.502462,0,0
#,01:11:15:04:15:53,WELLBORE,DEPTHS,1,[1|Rate|0.005495],,,,,,,,,,,,,,,,,
01:11:15:04:15:53,3796.51,3781.91,0,0.0400562,0,0,0,0.502462,0,7047.04,0,0,0,0,0,0,-441.083,0,0.502462,0.502462,0,0
01:11:15:04:15:54,3795.93,3782.2,0,0.0400562,0,0,0,0.502462,0,7046.47,0,0,0,0,0,0,-441.656,0,0.502462,0.502462,0,0
01:11:15:04:15:55,3795.65,3781.34,0,0.0400562,0,0,0,0.502462,0,7046.19,0,0,0,0,0,0,-441.941,0,0.502462,0.502462,0,0
01:11:15:04:15:56,3795.36,3781.91,0,0.0400562,0,0,0,0.502462,0,7045.9,0,0,0,0,0,0,-442.228,0,0.502462,0.502462,0,0
01:11:15:04:15:57,3795.36,3782.49,0,0.0400562,0,0,0,0.502462,0,7045.9,0,0,0,0,0,0,-442.228,0,0.502462,0.502462,0,0
01:11:15:04:15:58,3795.65,3782.49,0,0.0400562,0,0,0,0.502462,0,7046.19,0,0,0,0,0,0,-441.941,0,0.502462,0.502462,0,0
01:11:15:04:15:59,3795.08,3781.63,0,0.0400562,0,0,0,0.502462,0,7045.61,0,0,0,0,0,0,-442.514,0,0.502462,0.502462,0,0
01:11:15:04:16:00,3795.93,3782.2,0,0.0400562,0,0,0,0.502462,0,7046.47,0,0,0,0,0,0,-441.656,0,0.502462,0.502462,0,0
01:11:15:04:16:01,3796.22,3782.2,0,0.0400562,0,0,0,0.502462,0,7046.76,0,0,0,0,0,0,-441.369,0,0.502462,0.502462,0,0
01:11:15:04:16:02,3795.93,3782.2,0,0.0400562,0,0,0,0.502462,0,7046.47,0,0,0,0,0,0,-441.656,0,0.502462,0.502462,0,0
01:11:15:04:16:03,3794.79,3781.06,0,0.0400562,0,0,0,0.502462,0,7045.33,0,0,0,0,0,0,-442.8,0,0.502462,0.502462,0,0
01:11:15:04:16:04,3795.36,3781.34,0,0.0400562,0,0,0,0.502462,0,7045.9,0,0,0,0,0,0,-442.228,0,0.502462,0.502462,0,0
01:11:15:04:16:05,3794.5,3780.77,0,0.0400562,0,0,0,0.502462,0,7045.04,0,0,0,0,0,0,-443.086,0,0.502462,0.502462,0,0
01:11:15:04:16:06,3794.5,3780.48,0,0.0400562,0,0,0,0.502462,0,7045.04,0,0,0,0,0,0,-443.086,0,0.502462,0.502462,0,0
01:11:15:04:16:07,3794.5,3780.2,0,0.0400562,0,0,0,0.502462,0,7045.04,0,0,0,0,0,0,-443.086,0,0.502462,0.502462,0,0
#,01:11:15:04:16:08,WELLBORE,DEPTHS,1,[1|Rate|0.005495],,,,,,,,,,,,,,,,,
01:11:15:04:16:08,3793.65,3780.2,0,0.0400562,0,0,0,0.502462,0,7044.18,0,0,0,0,0,0,-443.944,0,0.502462,0.502462,0,0
01:11:15:04:16:09,3793.93,3780.2,0,0.0400562,0,0,0,0.502462,0,7044.47,0,0,0,0,0,0,-443.659,0,0.502462,0.502462,0,0
01:11:15:04:16:10,3793.36,3779.05,0,0.0400562,0,0,0,0.502462,0,7043.9,0,0,0,0,0,0,-444.231,0,0.502462,0.502462,0,0
01:11:15:04:16:11,3792.5,3778.2,0,0.0400562,0,0,0,0.502462,0,7043.04,0,0,0,0,0,0,-445.089,0,0.502462,0.502462,0,0
01:11:15:04:16:12,3791.93,3778.48,0,0.0400562,0,0,0,0.502462,0,7042.47,0,0,0,0,0,0,-445.661,0,0.502462,0.502462,0,0
01:11:15:04:16:13,3791.36,3777.91,0,0.0400562,0,0,0,0.502462,0,7041.9,0,0,0,0,0,0,-446.233,0,0.502462,0.502462,0,0
01:11:15:04:16:14,3790.78,3776.48,0,0.0400562,0,0,0,0.502462,0,7041.32,0,0,0,0,0,0,-446.805,0,0.502462,0.502462,0,0
01:11:15:04:16:15,3791.36,3777.62,0,0.0400562,0,0,0,0.502462,0,7041.9,0,0,0,0,0,0,-446.233,0,0.502462,0.502462,0,0
01:11:15:04:16:16,3791.07,3777.05,0,0.0400562,0,0,0,0.502462,0,7041.61,0,0,0,0,0,0,-446.519,0,0.502462,0.502462,0,0
01:11:15:04:16:17,3790.21,3777.05,0,0.0400562,0,0,0,0.502462,0,7040.75,0,0,0,0,0,0,-447.378,0,0.502462,0.502462,0,0
01:11:15:04:16:18,3790.21,3776.76,0,0.0400562,0,0,0,0.502462,0,7040.75,0,0,0,0,0,0,-447.378,0,0.502462,0.502462,0,0
01:11:15:04:16:19,3789.93,3776.19,0,0.0400562,0,0,0,0.502462,0,7040.46,0,0,0,0,0,0,-447.664,0,0.502462,0.502462,0,0
01:11:15:04:16:20,3789.64,3775.62,0,0.0400562,0,0,0,0.502462,0,7040.18,0,0,0,0,0,0,-447.95,0,0.502462,0.502462,0,0
01:11:15:04:16:21,3789.07,3775.33,0,0.0400562,0,0,0,0.502462,0,7039.61,0,0,0,0,0,0,-448.522,0,0.502462,0.502462,0,0
01:11:15:04:16:22,3789.35,3775.62,0,0.0400562,0,0,0,0.502462,0,7039.89,0,0,0,0,0,0,-448.236,0,0.502462,0.502462,0,0
#,01:11:15:04:16:23,WELLBORE,DEPTHS,1,[1|Rate|0.005495],,,,,,,,,,,,,,,,,
01:11:15:04:16:23,3789.07,3775.33,0,0.0400562,0,0,0,0.502462,0,7039.61,0,0,0,0,0,0,-448.522,0,0.502462,0.502462,0,0
01:11:15:04:16:24,3788.78,3774.76,0,0.0400562,0,0,0,0.502462,0,7039.32,0,0,0,0,0,0,-448.808,0,0.502462,0.502462,0,0
01:11:15:04:16:25,3789.35,3775.62,0,0.0400562,0,0,0,0.502462,0,7039.89,0,0,0,0,0,0,-448.236,0,0.502462,0.502462,0,0
01:11:15:04:16:26,3787.92,3773.9,0,0.0400562,0,0,0,0.502462,0,7038.46,0,0,0,0,0,0,-449.667,0,0.502462,0.502462,0,0
01:11:15:04:16:27,3789.07,3774.19,0,0.0400562,0,0,0,0.502462,0,7039.61,0,0,0,0,0,0,-448.522,0,0.502462,0.502462,0,0
01:11:15:04:16:28,3787.64,3773.62,0,0.0400562,0,0,0,0.502462,0,7038.18,0,0,0,0,0,0,-449.952,0,0.502462,0.502462,0,0
01:11:15:04:16:29,3788.21,3774.48,0,0.0400562,0,0,0,0.502462,0,7038.75,0,0,0,0,0,0,-449.38,0,0.502462,0.502462,0,0
01:11:15:04:16:30,3787.35,3773.33,0,0.0400562,0,0,0,0.502462,0,7037.89,0,0,0,0,0,0,-450.239,0,0.502462,0.502462,0,0
01:11:15:04:16:31,3787.64,3773.62,0,0.0400562,0,0,0,0.502462,0,7038.18,0,0,0,0,0,0,-449.952,0,0.502462,0.502462,0,0
01:11:15:04:16:32,3787.35,3772.76,0,0.0400562,0,0,0,0.502462,0,7037.89,0,0,0,0,0,0,-450.239,0,0.502462,0.502462,0,0
01:11:15:04:16:33,3787.06,3773.05,0,0.0400562,0,0,0,0.502462,0,7037.6,0,0,0,0,0,0,-450.525,0,0.502462,0.502462,0,0
01:11:15:04:16:34,3785.92,3772.47,0,0.0400562,0,0,0,0.502462,0,7036.46,0,0,0,0,0,0,-451.669,0,0.502462,0.502462,0,0
01:11:15:04:16:35,3787.35,3773.33,0,0.0400562,0,0,0,0.502462,0,7037.89,0,0,0,0,0,0,-450.239,0,0.502462,0.502462,0,0
01:11:15:04:16:36,3785.92,3772.76,0,0.0400562,0,0,0,0.502462,0,7036.46,0,0,0,0,0,0,-451.669,0,0.502462,0.502462,0,0
01:11:15:04:16:37,3785.63,3772.47,0,0.0400562,0,0,0,0.502462,0,7036.17,0,0,0,0,0,0,-451.955,0,0.502462,0.502462,0,0
#,01:11:15:04:16:38,WELLBORE,DEPTHS,1,[1|Rate|0.005495],,,,,,,,,,,,,,,,,
01:11:15:04:16:38,3787.06,3773.62,0,0.0400562,0,0,0,0.502462,0,7037.6,0,0,0,0,0,0,-450.525,0,0.502462,0.502462,0,0
01:11:15:04:16:39,3786.21,3773.05,0,0.0400562,0,0,0,0.502462,0,7036.75,0,0,0,0,0,0,-451.383,0,0.502462,0.502462,0,0
01:11:15:04:16:40,3785.35,3771.9,0,0.0400562,0,0,0,0.502462,0,7035.89,0,0,0,0,0,0,-452.241,0,0.502462,0.502462,0,0
01:11:15:04:16:41,3787.06,3772.76,0,0.0400562,0,0,0,0.502462,0,7037.6,0,0,0,0,0,0,-450.525,0,0.502462,0.502462,0,0
01:11:15:04:16:42,3786.21,3772.47,0,0.0400562,0,0,0,0.502462,0,7036.75,0,0,0,0,0,0,-451.383,0,0.502462,0.502462,0,0
01:11:15:04:16:43,3784.78,3770.47,0,0.0400562,0,0,0,0.502462,0,7035.31,0,0,0,0,0,0,-452.814,0,0.502462,0.502462,0,0
01:11:15:04:16:44,3784.49,3771.33,0,0.0400562,0,0,0,0.502462,0,7035.03,0,0,0,0,0,0,-453.1,0,0.502462,0.502462,0,0
01:11:15:04:16:45,3785.92,3772.19,0,0.0400562,0,0,0,0.502462,0,7036.46,0,0,0,0,0,0,-451.669,0,0.502462,0.502462,0,0
01:11:15:04:16:46,3784.78,3771.33,0,0.0400562,0,0,0,0.502462,0,7035.31,0,0,0,0,0,0,-452.814,0,0.502462,0.502462,0,0
01:11:15:04:16:47,3783.06,3769.61,0,0.0400562,0,0,0,0.502462,0,7033.6,0,0,0,0,0,0,-454.53,0,0.502462,0.502462,0,0
01:11:15:04:16:48,3786.21,3771.9,0,0.0400562,0,0,0,0.502462,0,7036.75,0,0,0,0,0,0,-451.383,0,0.502462,0.502462,0,0
01:11:15:04:16:49,3784.2,3770.76,0,0.0400562,0,0,0,0.502462,0,7034.74,0,0,0,0,0,0,-453.386,0,0.502462,0.502462,0,0
01:11:15:04:16:50,3783.06,3769.9,0,0.0400562,0,0,0,0.502462,0,7033.6,0,0,0,0,0,0,-454.53,0,0.502462,0.502462,0,0
01:11:15:04:16:51,3783.63,3769.33,0,0.0400562,0,0,0,0.502462,0,7034.17,0,0,0,0,0,0,-453.958,0,0.502462,0.502462,0,0
01:11:15:04:16:52,3785.63,3771.62,0,0.0400562,0,0,0,0.502462,0,7036.17,0,0,0,0,0,0,-451.955,0,0.502462,0.502462,0,0
#,01:11:15:04:16:53,WELLBORE,DEPTHS,1,[1|Rate|0.005495],,,,,,,,,,,,,,,,,
01:11:15:04:16:53,3783.06,3769.33,0,0.0400562,0,0,0,0.502462,0,7033.6,0,0,0,0,0,0,-454.53,0,0.502462,0.502462,0,0
01:11:15:04:16:54,3784.49,3770.18,0,0.0400562,0,0,0,0.502462,0,7035.03,0,0,0,0,0,0,-453.1,0,0.502462,0.502462,0,0
01:11:15:04:16:55,3783.63,3770.18,0,0.0400562,0,0,0,0.502462,0,7034.17,0,0,0,0,0,0,-453.958,0,0.502462,0.502462,0,0
01:11:15:04:16:56,3784.49,3770.76,0,0.0400562,0,0,0,0.502462,0,7035.03,0,0,0,0,0,0,-453.1,0,0.502462,0.502462,0,0
01:11:15:04:16:57,3782.77,3768.47,0,0.0400562,0,0,0,0.502462,0,7033.31,0,0,0,0,0,0,-454.816,0,0.502462,0.502462,0,0
01:11:15:04:16:58,3784.78,3769.9,0,0.0400562,0,0,0,0.502462,0,7035.31,0,0,0,0,0,0,-452.814,0,0.502462,0.502462,0,0
01:11:15:04:16:59,3784.2,3770.18,0,0.0400562,0,0,0,0.502462,0,7034.74,0,0,0,0,0,0,-453.386,0,0.502462,0.502462,0,0
01:11:15:04:17:00,3783.63,3769.9,0,0.0400562,0,0,0,0.502462,0,7034.17,0,0,0,0,0,0,-453.958,0,0.502462,0.502462,0,0
01:11:15:04:17:01,3783.06,3769.33,0,0.0400562,0,0,0,0.502462,0,7033.6,0,0,0,0,0,0,-454.53,0,0.502462,0.502462,0,0
01:11:15:04:17:02,3783.35,3769.33,0,0.0400562,0,0,0,0.502462,0,7033.88,0,0,0,0,0,0,-454.244,0,0.502462,0.502462,0,0
01:11:15:04:17:03,3783.06,3768.75,0,0.0400562,0,0,0,0.502462,0,7033.6,0,0,0,0,0,0,-454.53,0,0.502462,0.502462,0,0
01:11:15:04:17:04,3782.49,3769.04,0,0.0400562,0,0,0,0.502462,0,7033.03,0,0,0,0,0,0,-455.103,0,0.502462,0.502462,0,0
01:11:15:04:17:05,3783.35,3769.9,0,0.0400562,0,0,0,0.502462,0,7033.88,0,0,0,0,0,0,-454.244,0,0.502462,0.502462,0,0
01:11:15:04:17:06,3782.2,3768.75,0,0.0400562,0,0,0,0.502462,0,7032.74,0,0,0,0,0,0,-455.388,0,0.502462,0.502462,0,0
01:11:15:04:17:07,3782.77,3769.04,0,0.0400562,0,0,0,0.502462,0,7033.31,0,0,0,0,0,0,-454.816,0,0.502462,0.502462,0,0
#,01:11:15:04:17:08,WELLBORE,DEPTHS,1,[1|Rate|0.005495],,,,,,,,,,,,,,,,,
01:11:15:04:17:08,3781.91,3768.47,0,0.0400562,0,0,0,0.502462,0,7032.45,0,0,0,0,0,0,-455.675,0,0.502462,0.502462,0,0
01:11:15:04:17:09,3782.49,3768.18,0,0.0400562,0,0,0,0.502462,0,7033.03,0,0,0,0,0,0,-455.103,0,0.502462,0.502462,0,0
01:11:15:04:17:10,3781.34,3767.9,0,0.0400562,0,0,0,0.502462,0,7031.88,0,0,0,0,0,0,-456.247,0,0.502462,0.502462,0,0
01:11:15:04:17:11,3782.77,3769.33,0,0.0400562,0,0,0,0.502462,0,7033.31,0,0,0,0,0,0,-454.816,0,0.502462,0.502462,0,0
01:11:15:04:17:12,3781.91,3767.9,0,0.0400562,0,0,0,0.502462,0,7032.45,0,0,0,0,0,0,-455.675,0,0.502462,0.502462,0,0
01:11:15:04:17:13,3782.49,3768.75,0,0.0400562,0,0,0,0.502462,0,7033.03,0,0,0,0,0,0,-455.103,0,0.502462,0.502462,0,0
01:11:15:04:17:14,3782.2,3768.18,0,0.0400562,0,0,0,0.502462,0,7032.74,0,0,0,0,0,0,-455.388,0,0.502462,0.502462,0,0
01:11:15:04:17:15,3781.63,3768.47,0,0.0400562,0,0,0,0.502462,0,7032.17,0,0,0,0,0,0,-455.961,0,0.502462,0.502462,0,0
01:11:15:04:17:16,3780.48,3767.32,0,0.0400562,0,0,0,0.502462,0,7031.02,0,0,0,0,0,0,-457.105,0,0.502462,0.502462,0,0
01:11:15:04:17:17,3781.06,3767.61,0,0.0400562,0,0,0,0.502462,0,7031.6,0,0,0,0,0,0,-456.533,0,0.502462,0.502462,0,0
01:11:15:04:17:18,3780.77,3767.04,0,0.0400562,0,0,0,0.502462,0,7031.31,0,0,0,0,0,0,-456.819,0,0.502462,0.502462,0,0
01:11:15:04:17:19,3779.05,3765.61,0,0.0400562,0,0,0,0.502462,0,7029.59,0,0,0,0,0,0,-458.536,0,0.502462,0.502462,0,0
01:11:15:04:17:20,3781.63,3767.61,0,0.0400562,0,0,0,0.502462,0,7032.17,0,0,0,0,0,0,-455.961,0,0.502462,0.502462,0,0
01:11:15:04:17:21,3780.2,3766.75,0,0.0400562,0,0,0,0.502462,0,7030.74,0,0,0,0,0,0,-457.391,0,0.502462,0.502462,0,0
01:11:15:04:17:22,3779.91,3766.47,0,0.0400562,0,0,0,0.502462,0,7030.45,0,0,0,0,0,0,-457.677,0,0.502462,0.502462,0,0
#,01:11:15:04:17:23,WELLBORE,DEPTHS,1,[1|Rate|0.005495],,,,,,,,,,,,,,,,,
01:11:15:04:17:23,3780.2,3765.89,0,0.0400562,0,0,0,0.502462,0,7030.74,0,0,0,0,0,0,-457.391,0,0.502462,0.502462,0,0
01:11:15:04:17:24,3780.2,3766.47,0,0.0400562,0,0,0,0.502462,0,7030.74,0,0,0,0,0,0,-457.391,0,0.502462,0.502462,0,0
01:11:15:04:17:25,3779.05,3765.32,0,0.0400562,0,0,0,0.502462,0,7029.59,0,0,0,0,0,0,-458.536,0,0.502462,0.502462,0,0
01:11:15:04:17:26,3779.05,3765.32,0,0.0400562,0,0,0,0.502462,0,7029.59,0,0,0,0,0,0,-458.536,0,0.502462,0.502462,0,0
01:11:15:04:17:27,3779.63,3765.89,0,0.0400562,0,0,0,0.502462,0,7030.16,0,0,0,0,0,0,-457.964,0,0.502462,0.502462,0,0
01:11:15:04:17:28,3778.77,3765.89,0,0.0400562,0,0,0,0.502462,0,7029.31,0,0,0,0,0,0,-458.822,0,0.502462,0.502462,0,0
01:11:15:04:17:29,3779.34,3765.03,0,0.0400562,0,0,0,0.502462,0,7029.88,0,0,0,0,0,0,-458.25,0,0.502462,0.502462,0,0
01:11:15:04:17:30,3779.34,3766.47,0,0.0400562,0,0,0,0.502462,0,7029.88,0,0,0,0,0,0,-458.25,0,0.502462,0.502462,0,0
01:11:15:04:17:31,3779.91,3766.47,0,0.0400562,0,0,0,0.502462,0,7030.45,0,0,0,0,0,0,-457.677,0,0.502462,0.502462,0,0
01:11:15:04:17:32,3778.77,3764.75,0,0.0400562,0,0,0,0.502462,0,7029.31,0,0,0,0,0,0,-458.822,0,0.502462,0.502462,0,0
01:11:15:04:17:33,3779.34,3765.61,0,0.0400562,0,0,0,0.502462,0,7029.88,0,0,0,0,0,0,-458.25,0,0.502462,0.502462,0,0
01:11:15:04:17:34,3779.34,3765.89,0,0.0400562,0,0,0,0.502462,0,7029.88,0,0,0,0,0,0,-458.25,0,0.502462,0.502462,0,0
01:11:15:04:17:35,3779.05,3765.03,0,0.0400562,0,0,0,0.502462,0,7029.59,0,0,0,0,0,0,-458.536,0,0.502462,0.502462,0,0
01:11:15:04:17:36,3777.91,3763.89,0,0.0400562,0,0,0,0.502462,0,7028.45,0,0,0,0,0,0,-459.68,0,0.502462,0.502462,0,0
01:11:15:04:17:37,3776.76,3763.32,0,0.0400562,0,0,0,0.502462,0,7027.3,0,0,0,0,0,0,-460.824,0,0.502462,0.502462,0,0
#,01:11:15:04:17:38,WELLBORE,DEPTHS,1,[1|Rate|0.005495],,,,,,,,,,,,,,,,,
01:11:15:04:17:38,3778.48,3765.03,0,0.0400562,0,0,0,0.502462,0,7029.02,0,0,0,0,0,0,-459.108,0,0.502462,0.502462,0,0
01:11:15:04:17:39,3776.76,3763.6,0,0.0400562,0,0,0,0.502462,0,7027.3,0,0,0,0,0,0,-460.824,0,0.502462,0.502462,0,0
01:11:15:04:17:40,3776.48,3762.75,0,0.0400562,0,0,0,0.502462,0,7027.02,0,0,0,0,0,0,-461.111,0,0.502462,0.502462,0,0
01:11:15:04:17:41,3777.34,3763.32,0,0.0400562,0,0,0,0.502462,0,7027.88,0,0,0,0,0,0,-460.252,0,0.502462,0.502462,0,0
01:11:15:04:17:42,3779.05,3765.03,0,0.0400562,0,0,0,0.502462,0,7029.59,0,0,0,0,0,0,-458.536,0,0.502462,0.502462,0,0
01:11:15:04:17:43,3776.48,3763.32,0,0.0400562,0,0,0,0.502462,0,7027.02,0,0,0,0,0,0,-461.111,0,0.502462,0.502462,0,0
01:11:15:04:17:44,3777.62,3763.89,0,0.0400562,0,0,0,0.502462,0,7028.16,0,0,0,0,0,0,-459.966,0,0.502462,0.502462,0,0
01:11:15:04:17:45,3777.05,3763.6,0,0.0400562,0,0,0,0.502462,0,7027.59,0,0,0,0,0,0,-460.538,0,0.502462,0.502462,0,0
01:11:15:04:17:46,3777.62,3763.89,0,0.0400562,0,0,0,0.502462,0,7028.16,0,0,0,0,0,0,-459.966,0,0.502462,0.502462,0,0
01:11:15:04:17:47,3775.62,3762.17,0,0.0400562,0,0,0,0.502462,0,7026.16,0,0,0,0,0,0,-461.969,0,0.502462,0.502462,0,0
01:11:15:04:17:48,3776.19,3762.46,0,0.0400562,0,0,0,0.502462,0,7026.73,0,0,0,0,0,0,-461.396,0,0.502462,0.502462,0,0
01:11:15:04:17:49,3775.91,3762.46,0,0.0400562,0,0,0,0.502462,0,7026.45,0,0,0,0,0,0,-461.683,0,0.502462,0.502462,0,0
01:11:15:04:17:50,3776.19,3761.89,0,0.0400562,0,0,0,0.502462,0,7026.73,0,0,0,0,0,0,-461.396,0,0.502462,0.502462,0,0
01:11:15:04:17:51,3775.91,3761.6,0,0.0400562,0,0,0,0.502462,0,7026.45,0,0,0,0,0,0,-461.683,0,0.502462,0.502462,0,0
01:11:15:04:17:52,3776.19,3762.46,0,0.0400562,0,0,0,0.502462,0,7026.73,0,0,0,0,0,0,-461.396,0,0.502462,0.502462,0,0
#,01:11:15:04:17:53,WELLBORE,DEPTHS,1,[1|Rate|0.005495],,,,,,,,,,,,,,,,,
01:11:15:04:17:53,3775.91,3762.17,0,0.0400562,0,0,0,0.502462,0,7026.45,0,0,0,0,0,0,-461.683,0,0.502462,0.502462,0,0
01:11:15:04:17:54,3776.48,3762.46,0,0.0400562,0,0,0,0.502462,0,7027.02,0,0,0,0,0,0,-461.111,0,0.502462,0.502462,0,0
01:11:15:04:17:55,3775.91,3762.17,0,0.0400562,0,0,0,0.502462,0,7026.45,0,0,0,0,0,0,-461.683,0,0.502462,0.502462,0,0
01:11:15:04:17:56,3775.62,3761.89,0,0.0400562,0,0,0,0.502462,0,7026.16,0,0,0,0,0,0,-461.969,0,0.502462,0.502462,0,0
01:11:15:04:17:57,3775.33,3761.6,0,0.0400562,0,0,0,0.502462,0,7025.87,0,0,0,0,0,0,-462.255,0,0.502462,0.502462,0,0
01:11:15:04:17:58,3775.91,3762.17,0,0.0400562,0,0,0,0.502462,0,7026.45,0,0,0,0,0,0,-461.683,0,0.502462,0.502462,0,0
01:11:15:04:17:59,3775.62,3761.6,0,0.0400562,0,0,0,0.502462,0,7026.16,0,0,0,0,0,0,-461.969,0,0.502462,0.502462,0,0
01:11:15:04:18:00,3775.05,3761.32,0,0.0400562,0,0,0,0.502462,0,7025.59,0,0,0,0,0,0,-462.541,0,0.502462,0.502462,0,0
01:11:15:04:18:01,3775.33,3761.6,0,0.0400562,0,0,0,0.502462,0,7025.87,0,0,0,0,0,0,-462.255,0,0.502462,0.502462,0,0
01:11:15:04:18:02,3774.48,3761.6,0,0.0400562,0,0,0,0.502462,0,7025.01,0,0,0,0,0,0,-463.113,0,0.502462,0.502462,0,0
01:11:15:04:18:03,3775.62,3761.03,0,0.0400562,0,0,0,0.502462,0,7026.16,0,0,0,0,0,0,-461.969,0,0.502462,0.502462,0,0
01:11:15:04:18:04,3774.19,3760.46,0,0.0400562,0,0,0,0.502462,0,7024.73,0,0,0,0,0,0,-463.399,0,0.502462,0.502462,0,0
01:11:15:04:18:05,3775.05,3761.6,0,0.0400562,0,0,0,0.502462,0,7025.59,0,0,0,0,0,0,-462.541,0,0.502462,0.502462,0,0
01:11:15:04:18:06,3775.05,3761.03,0,0.0400562,0,0,0,0.502462,0,7025.59,0,0,0,0,0,0,-462.541,0,0.502462,0.502462,0,0
01:11:15:04:18:07,3774.48,3761.03,0,0.0400562,0,0,0,0.502462,0,7025.01,0,0,0,0,0,0,-463.113,0,0.502462,0.502462,0,0
#,01:11:15:04:18:08,WELLBORE,DEPTHS,1,[1|Rate|0.005495],,,,,,,,,,,,,,,,,
01:11:15:04:18:08,3774.48,3761.03,0,0.0400562,0,0,0,0.502462,0,7025.01,0,0,0,0,0,0,-463.113,0,0.502462,0.502462,0,0
01:11:15:04:18:09,3773.33,3759.89,0,0.0400562,0,0,0,0.502462,0,7023.87,0,0,0,0,0,0,-464.258,0,0.502462,0.502462,0,0
01:11:15:04:18:10,3774.19,3760.46,0,0.0400562,0,0,0,0.502462,0,7024.73,0,0,0,0,0,0,-463.399,0,0.502462,0.502462,0,0
01:11:15:04:18:11,3773.9,3760.17,0,0.0400562,0,0,0,0.502462,0,7024.44,0,0,0,0,0,0,-463.686,0,0.502462,0.502462,0,0
01:11:15:04:18:12,3774.19,3760.17,0,0.0400562,0,0,0,0.502462,0,7024.73,0,0,0,0,0,0,-463.399,0,0.502462,0.502462,0,0
01:11:15:04:18:13,3774.48,3760.17,0,0.0400562,0,0,0,0.502462,0,7025.01,0,0,0,0,0,0,-463.113,0,0.502462,0.502462,0,0
01:11:15:04:18:14,3773.33,3759.31,0,0.0400562,0,0,0,0.502462,0,7023.87,0,0,0,0,0,0,-464.258,0,0.502462,0.502462,0,0
01:11:15:04:18:15,3773.9,3760.17,0,0.0400562,0,0,0,0.502462,0,7024.44,0,0,0,0,0,0,-463.686,0,0.502462,0.502462,0,0
01:11:15:04:18:16,3773.05,3758.74,0,0.0400562,0,0,0,0.502462,0,7023.58,0,0,0,0,0,0,-464.544,0,0.502462,0.502462,0,0
01:11:15:04:18:17,3772.19,3759.03,0,0.0400562,0,0,0,0.502462,0,7022.73,0,0,0,0,0,0,-465.402,0,0.502462,0.502462,0,0
01:11:15:04:18:18,3772.76,3758.45,0,0.0400562,0,0,0,0.502462,0,7023.3,0,0,0,0,0,0,-464.83,0,0.502462,0.502462,0,0
01:11:15:04:18:19,3773.05,3759.31,0,0.0400562,0,0,0,0.502462,0,7023.58,0,0,0,0,0,0,-464.544,0,0.502462,0.502462,0,0
01:11:15:04:18:20,3772.47,3759.03,0,0.0400562,0,0,0,0.502462,0,7023.01,0,0,0,0,0,0,-465.116,0,0.502462,0.502462,0,0
01:11:15:04:18:21,3773.33,3759.31,0,0.0400562,0,0,0,0.502462,0,7023.87,0,0,0,0,0,0,-464.258,0,0.502462,0.502462,0,0
01:11:15:04:18:22,3773.62,3759.6,0,0.0400562,0,0,0,0.502462,0,7024.16,0,0,0,0,0,0,-463.972,0,0.502462,0.502462,0,0
#,01:11:15:04:18:23,WELLBORE,DEPTHS,1,[1|Rate|0.005495],,,,,,,,,,,,,,,,,
01:11:15:04:18:23,3772.76,3759.6,0,0.0400562,0,0,0,0.502462,0,7023.3,0,0,0,0,0,0,-464.83,0,0.502462,0.502462,0,0
01:11:15:04:18:24,3773.62,3759.31,0,0.0400562,0,0,0,0.502462,0,7024.16,0,0,0,0,0,0,-463.972,0,0.502462,0.502462,0,0
01:11:15:04:18:25,3773.33,3759.31,0,0.0400562,0,0,0,0.502462,0,7023.87,0,0,0,0,0,0,-464.258,0,0.502462,0.502462,0,0
01:11:15:04:18:26,3772.47,3759.03,0,0.0400562,0,0,0,0.502462,0,7023.01,0,0,0,0,0,0,-465.116,0,0.502462,0.502462,0,0
01:11:15:04:18:27,3771.04,3757.31,0,0.0400562,0,0,0,0.502462,0,7021.58,0,0,0,0,0,0,-466.547,0,0.502462,0.502462,0,0
01:11:15:04:18:28,3769.33,3755.02,0,0.0400562,0,0,0,0.502462,0,7019.87,0,0,0,0,0,0,-468.263,0,0.502462,0.502462,0,0
01:11:15:04:18:29,3771.62,3757.02,0,0.0400562,0,0,0,0.502462,0,7022.15,0,0,0,0,0,0,-465.974,0,0.502462,0.502462,0,0
01:11:15:04:18:30,3770.18,3755.59,0,0.0400562,0,0,0,0.502462,0,7020.72,0,0,0,0,0,0,-467.405,0,0.502462,0.502462,0,0
01:11:15:04:18:31,3769.9,3755.88,0,0.0400562,0,0,0,0.502462,0,7020.44,0,0,0,0,0,0,-467.691,0,0.502462,0.502462,0,0
01:11:15:04:18:32,3771.04,3757.6,0,0.0400562,0,0,0,0.502462,0,7021.58,0,0,0,0,0,0,-466.547,0,0.502462,0.502462,0,0
01:11:15:04:18:33,3771.62,3756.74,0,0.0400562,0,0,0,0.502462,0,7022.15,0,0,0,0,0,0,-465.974,0,0.502462,0.502462,0,0
01:11:15:04:18:34,3770.76,3756.74,0,0.0400562,0,0,0,0.502462,0,7021.3,0,0,0,0,0,0,-466.832,0,0.502462,0.502462,0,0
01:11:15:04:18:35,3770.47,3757.02,0,0.0400562,0,0,0,0.502462,0,7021.01,0,0,0,0,0,0,-467.119,0,0.502462,0.502462,0,0
01:11:15:04:18:36,3771.62,3757.88,0,0.0400562,0,0,0,0.502462,0,7022.15,0,0,0,0,0,0,-465.974,0,0.502462,0.502462,0,0
01:11:15:04:18:37,3769.61,3756.17,0,0.0400562,0,0,0,0.502462,0,7020.15,0,0,0,0,0,0,-467.977,0,0.502462,0.502462,0,0
#,01:11:15:04:18:38,WELLBORE,DEPTHS,1,[1|Rate|0.005495],,,,,,,,,,,,,,,,,
01:11:15:04:18:38,3770.18,3756.45,0,0.0400562,0,0,0,0.502462,0,7020.72,0,0,0,0,0,0,-467.405,0,0.502462,0.502462,0,0
01:11:15:04:18:39,3770.47,3757.31,0,0.0400562,0,0,0,0.502462,0,7021.01,0,0,0,0,0,0,-467.119,0,0.502462,0.502462,0,0
01:11:15:04:18:40,3769.9,3756.45,0,0.0400562,0,0,0,0.502462,0,7020.44,0,0,0,0,0,0,-467.691,0,0.502462,0.502462,0,0
01:11:15:04:18:41,3769.33,3755.59,0,0.0400562,0,0,0,0.502462,0,7019.87,0,0,0,0,0,0,-468.263,0,0.502462,0.502462,0,0
01:11:15:04:18:42,3768.47,3754.16,0,0.0400562,0,0,0,0.502462,0,7019.01,0,0,0,0,0,0,-469.122,0,0.502462,0.502462,0,0
01:11:15:04:18:43,3768.75,3755.31,0,0.0400562,0,0,0,0.502462,0,7019.29,0,0,0,0,0,0,-468.835,0,0.502462,0.502462,0,0
01:11:15:04:18:44,3768.18,3754.16,0,0.0400562,0,0,0,0.502462,0,7018.72,0,0,0,0,0,0,-469.408,0,0.502462,0.502462,0,0
01:11:15:04:18:45,3767.32,3753.3,0,0.0400562,0,0,0,0.502462,0,7017.86,0,0,0,0,0,0,-470.266,0,0.502462,0.502462,0,0
01:11:15:04:18:46,3769.33,3755.31,0,0.0400562,0,0,0,0.502462,0,7019.87,0,0,0,0,0,0,-468.263,0,0.502462,0.502462,0,0
01:11:15:04:18:47,3769.9,3756.17,0,0.0400562,0,0,0,0.502462,0,7020.44,0,0,0,0,0,0,-467.691,0,0.502462,0.502462,0,0
01:11:15:04:18:48,3769.33,3755.31,0,0.0400562,0,0,0,0.502462,0,7019.87,0,0,0,0,0,0,-468.263,0,0.502462,0.502462,0,0
01:11:15:04:18:49,3770.47,3755.88,0,0.0400562,0,0,0,0.502462,0,7021.01,0,0,0,0,0,0,-467.119,0,0.502462,0.502462,0,0
01:11:15:04:18:50,3770.18,3755.59,0,0.0400562,0,0,0,0.502462,0,7020.72,0,0,0,0,0,0,-467.405,0,0.502462,0.502462,0,0
01:11:15:04:18:51,3768.75,3754.45,0,0.0400562,0,0,0,0.502462,0,7019.29,0,0,0,0,0,0,-468.835,0,0.502462,0.502462,0,0
01:11:15:04:18:52,3767.61,3753.59,0,0.0400562,0,0,0,0.502462,0,7018.15,0,0,0,0,0,0,-469.98,0,0.502462,0.502462,0,0
#,01:11:15:04:18:53,WELLBORE,DEPTHS,1,[1|Rate|0.005495],,,,,,,,,,,,,,,,,
01:11:15:04:18:53,3767.9,3754.45,0,0.0400562,0,0,0,0.502462,0,7018.43,0,0,0,0,0,0,-469.694,0,0.502462,0.502462,0,0
01:11:15:04:18:54,3767.61,3753.88,0,0.0400562,0,0,0,0.502462,0,7018.15,0,0,0,0,0,0,-469.98,0,0.502462,0.502462,0,0
01:11:15:04:18:55,3767.9,3754.45,0,0.0400562,0,0,0,0.502462,0,7018.43,0,0,0,0,0,0,-469.694,0,0.502462,0.502462,0,0
01:11:15:04:18:56,3768.18,3754.74,0,0.0400562,0,0,0,0.502462,0,7018.72,0,0,0,0,0,0,-469.408,0,0.502462,0.502462,0,0
01:11:15:04:18:57,3768.75,3755.02,0,0.0400562,0,0,0,0.502462,0,7019.29,0,0,0,0,0,0,-468.835,0,0.502462,0.502462,0,0
01:11:15:04:18:58,3767.9,3754.16,0,0.0400562,0,0,0,0.502462,0,7018.43,0,0,0,0,0,0,-469.694,0,0.502462,0.502462,0,0
01:11:15:04:18:59,3767.61,3754.16,0,0.0400562,0,0,0,0.502462,0,7018.15,0,0,0,0,0,0,-469.98,0,0.502462,0.502462,0,0
01:11:15:04:19:00,3768.18,3754.74,0,0.0400562,0,0,0,0.502462,0,7018.72,0,0,0,0,0,0,-469.408,0,0.502462,0.502462,0,0
01:11:15:04:19:01,3767.32,3753.88,0,0.0400562,0,0,0,0.502462,0,7017.86,0,0,0,0,0,0,-470.266,0,0.502462,0.502462,0,0
01:11:15:04:19:02,3767.9,3754.16,0,0.0400562,0,0,0,0.502462,0,7018.43,0,0,0,0,0,0,-469.694,0,0.502462,0.502462,0,0
01:11:15:04:19:03,3767.9,3754.16,0,0.0400562,0,0,0,0.502462,0,7018.43,0,0,0,0,0,0,-469.694,0,0.502462,0.502462,0,0
01:11:15:04:19:04,3767.61,3754.16,0,0.0400562,0,0,0,0.502462,0,7018.15,0,0,0,0,0,0,-469.98,0,0.502462,0.502462,0,0
01:11:15:04:19:05,3767.32,3753.3,0,0.0400562,0,0,0,0.502462,0,7017.86,0,0,0,0,0,0,-470.266,0,0.502462,0.502462,0,0
01:11:15:04:19:06,3767.32,3753.3,0,0.0400562,0,0,0,0.502462,0,7017.86,0,0,0,0,0,0,-470.266,0,0.502462,0.502462,0,0
01:11:15:04:19:07,3767.04,3753.3,0,0.0400562,0,0,0,0.502462,0,7017.58,0,0,0,0,0,0,-470.552,0,0.502462,0.502462,0,0
#,01:11:15:04:19:08,WELLBORE,DEPTHS,1,[1|Rate|0.005495],,,,,,,,,,,,,,,,,
01:11:15:04:19:08,3766.75,3752.16,0,0.0400562,0,0,0,0.502462,0,7017.29,0,0,0,0,0,0,-470.838,0,0.502462,0.502462,0,0
01:11:15:04:19:09,3766.18,3752.16,0,0.0400562,0,0,0,0.502462,0,7016.72,0,0,0,0,0,0,-471.41,0,0.502462,0.502462,0,0
01:11:15:04:19:10,3767.04,3752.73,0,0.0400562,0,0,0,0.502462,0,7017.58,0,0,0,0,0,0,-470.552,0,0.502462,0.502462,0,0
01:11:15:04:19:11,3767.04,3752.73,0,0.0400562,0,0,0,0.502462,0,7017.58,0,0,0,0,0,0,-470.552,0,0.502462,0.502462,0,0
01:11:15:04:19:12,3765.32,3751.87,0,0.0400562,0,0,0,0.502462,0,7015.86,0,0,0,0,0,0,-472.268,0,0.502462,0.502462,0,0
01:11:15:04:19:13,3766.18,3751.87,0,0.0400562,0,0,0,0.502462,0,7016.72,0,0,0,0,0,0,-471.41,0,0.502462,0.502462,0,0
01:11:15:04:19:14,3765.61,3751.59,0,0.0400562,0,0,0,0.502462,0,7016.15,0,0,0,0,0,0,-471.982,0,0.502462,0.502462,0,0
01:11:15:04:19:15,3765.61,3751.3,0,0.0400562,0,0,0,0.502462,0,7016.15,0,0,0,0,0,0,-471.982,0,0.502462,0.502462,0,0
01:11:15:04:19:16,3765.61,3751.59,0,0.0400562,0,0,0,0.502462,0,7016.15,0,0,0,0,0,0,-471.982,0,0.502462,0.502462,0,0
01:11:15:04:19:17,3765.03,3751.3,0,0.0400562,0,0,0,0.502462,0,7015.57,0,0,0,0,0,0,-472.555,0,0.502462,0.502462,0,0
01:11:15:04:19:18,3765.32,3751.3,0,0.0400562,0,0,0,0.502462,0,7015.86,0,0,0,0,0,0,-472.268,0,0.502462,0.502462,0,0
01:11:15:04:19:19,3764.75,3751.02,0,0.0400562,0,0,0,0.502462,0,7015.29,0,0,0,0,0,0,-472.84,0,0.502462,0.502462,0,0
01:11:15:04:19:20,3765.89,3751.02,0,0.0400562,0,0,0,0.502462,0,7016.43,0,0,0,0,0,0,-471.696,0,0.502462,0.502462,0,0
01:11:15:04:19:21,3765.03,3750.73,0,0.0400562,0,0,0,0.502462,0,7015.57,0,0,0,0,0,0,-472.555,0,0.502462,0.502462,0,0
01:11:15:04:19:22,3765.03,3750.44,0,0.0400562,0,0,0,0.502462,0,7015.57,0,0,0,0,0,0,-472.555,0,0.502462,0.502462,0,0
#,01:11:15:04:19:23,WELLBORE,DEPTHS,1,[1|Rate|0.005495],,,,,,,,,,,,,,,,,
01:11:15:04:19:23,3765.32,3750.73,0,0.0400562,0,0,0,0.502462,0,7015.86,0,0,0,0,0,0,-472.268,0,0.502462,0.502462,0,0
01:11:15:04:19:24,3764.75,3750.73,0,0.0400562,0,0,0,0.502462,0,7015.29,0,0,0,0,0,0,-472.84,0,0.502462,0.502462,0,0
01:11:15:04:19:25,3763.32,3749.01,0,0.0400562,0,0,0,0.502462,0,7013.86,0,0,0,0,0,0,-474.271,0,0.502462,0.502462,0,0
01:11:15:04:19:26,3761.03,3747.3,0,0.0400562,0,0,0,0.502462,0,7011.57,0,0,0,0,0,0,-476.56,0,0.502462,0.502462,0,0
01:11:15:04:19:27,3763.32,3748.73,0,0.0400562,0,0,0,0.502462,0,7013.86,0,0,0,0,0,0,-474.271,0,0.502462,0.502462,0,0
01:11:15:04:19:28,3761.89,3747.87,0,0.0400562,0,0,0,0.502462,0,7012.43,0,0,0,0,0,0,-475.702,0,0.502462,0.502462,0,0
01:11:15:04:19:29,3762.46,3748.73,0,0.0400562,0,0,0,0.502462,0,7013,0,0,0,0,0,0,-475.13,0,0.502462,0.502462,0,0
01:11:15:04:19:30,3763.6,3749.87,0,0.0400562,0,0,0,0.502462,0,7014.14,0,0,0,0,0,0,-473.986,0,0.502462,0.502462,0,0
01:11:15:04:19:31,3765.03,3750.44,0,0.0400562,0,0,0,0.502462,0,7015.57,0,0,0,0,0,0,-472.555,0,0.502462,0.502462,0,0
01:11:15:04:19:32,3764.75,3750.16,0,0.0400562,0,0,0,0.502462,0,7015.29,0,0,0,0,0,0,-472.84,0,0.502462,0.502462,0,0
01:11:15:04:19:33,3764.46,3749.87,0,0.0400562,0,0,0,0.502462,0,7015,0,0,0,0,0,0,-473.127,0,0.502462,0.502462,0,0
01:11:15:04:19:34,3763.89,3750.16,0,0.0400562,0,0,0,0.502462,0,7014.43,0,0,0,0,0,0,-473.699,0,0.502462,0.502462,0,0
01:11:15:04:19:35,3762.17,3748.15,0,0.0400562,0,0,0,0.502462,0,7012.71,0,0,0,0,0,0,-475.416,0,0.502462,0.502462,0,0
01:11:15:04:19:36,3761.89,3747.3,0,0.0400562,0,0,0,0.502462,0,7012.43,0,0,0,0,0,0,-475.702,0,0.502462,0.502462,0,0
01:11:15:04:19:37,3762.46,3748.44,0,0.0400562,0,0,0,0.502462,0,7013,0,0,0,0,0,0,-475.13,0,0.502462,0.502462,0,0
#,01:11:15:04:19:38,WELLBORE,DEPTHS,1,[1|Rate|0.005495],,,,,,,,,,,,,,,,,
01:11:15:04:19:38,3761.6,3747.87,0,0.0400562,0,0,0,0.502462,0,7012.14,0,0,0,0,0,0,-475.988,0,0.502462,0.502462,0,0
01:11:15:04:19:39,3761.03,3748.44,0,0.0400562,0,0,0,0.502462,0,7011.57,0,0,0,0,0,0,-476.56,0,0.502462,0.502462,0,0
01:11:15:04:19:40,3762.46,3747.87,0,0.0400562,0,0,0,0.502462,0,7013,0,0,0,0,0,0,-475.13,0,0.502462,0.502462,0,0
01:11:15:04:19:41,3761.89,3748.73,0,0.0400562,0,0,0,0.502462,0,7012.43,0,0,0,0,0,0,-475.702,0,0.502462,0.502462,0,0
01:11:15:04:19:42,3762.17,3747.58,0,0.0400562,0,0,0,0.502462,0,7012.71,0,0,0,0,0,0,-475.416,0,0.502462,0.502462,0,0
01:11:15:04:19:43,3761.89,3747.87,0,0.0400562,0,0,0,0.502462,0,7012.43,0,0,0,0,0,0,-475.702,0,0.502462,0.502462,0,0
01:11:15:04:19:44,3762.17,3747.58,0,0.0400562,0,0,0,0.502462,0,7012.71,0,0,0,0,0,0,-475.416,0,0.502462,0.502462,0,0
01:11:15:04:19:45,3761.6,3746.72,0,0.0400562,0,0,0,0.502462,0,7012.14,0,0,0,0,0,0,-475.988,0,0.502462,0.502462,0,0
01:11:15:04:19:46,3761.32,3747.01,0,0.0400562,0,0,0,0.502462,0,7011.85,0,0,0,0,0,0,-476.274,0,0.502462,0.502462,0,0
01:11:15:04:19:47,3758.74,3744.15,0,0.0400562,0,0,0,0.502462,0,7009.28,0,0,0,0,0,0,-478.849,0,0.502462,0.502462,0,0
01:11:15:04:19:48,3759.89,3746.44,0,0.0400562,0,0,0,0.502462,0,7010.42,0,0,0,0,0,0,-477.704,0,0.502462,0.502462,0,0
01:11:15:04:19:49,3758.74,3745.01,0,0.0400562,0,0,0,0.502462,0,7009.28,0,0,0,0,0,0,-478.849,0,0.502462,0.502462,0,0
01:11:15:04:19:50,3758.74,3744.72,0,0.0400562,0,0,0,0.502462,0,7009.28,0,0,0,0,0,0,-478.849,0,0.502462,0.502462,0,0
01:11:15:04:19:51,3761.32,3747.3,0,0.0400562,0,0,0,0.502462,0,7011.85,0,0,0,0,0,0,-476.274,0,0.502462,0.502462,0,0
01:11:15:04:19:52,3761.6,3746.72,0,0.0400562,0,0,0,0.502462,0,7012.14,0,0,0,0,0,0,-475.988,0,0.502462,0.502462,0,0
#,01:11:15:04:19:53,WELLBORE,DEPTHS,1,[1|Rate|0.005495],,,,,,,,,,,,,,,,,
01:11:15:04:19:53,3760.46,3746.15,0,0.0400562,0,0,0,0.502462,0,7011,0,0,0,0,0,0,-477.132,0,0.502462,0.502462,0,0
01:11:15:04:19:54,3761.32,3747.3,0,0.0400562,0,0,0,0.502462,0,7011.85,0,0,0,0,0,0,-476.274,0,0.502462,0.502462,0,0
01:11:15:04:19:55,3760.46,3746.15,0,0.0400562,0,0,0,0.502462,0,7011,0,0,0,0,0,0,-477.132,0,0.502462,0.502462,0,0
01:11:15:04:19:56,3758.74,3745.29,0,0.0400562,0,0,0,0.502462,0,7009.28,0,0,0,0,0,0,-478.849,0,0.502462,0.502462,0,0
01:11:15:04:19:57,3759.03,3745.58,0,0.0400562,0,0,0,0.502462,0,7009.57,0,0,0,0,0,0,-478.563,0,0.502462,0.502462,0,0
01:11:15:04:19:58,3760.17,3746.15,0,0.0400562,0,0,0,0.502462,0,7010.71,0,0,0,0,0,0,-477.418,0,0.502462,0.502462,0,0
01:11:15:04:19:59,3759.6,3745.29,0,0.0400562,0,0,0,0.502462,0,7010.14,0,0,0,0,0,0,-477.991,0,0.502462,0.502462,0,0
01:11:15:04:20:00,3759.03,3745.29,0,0.0400562,0,0,0,0.502462,0,7009.57,0,0,0,0,0,0,-478.563,0,0.502462,0.502462,0,0
01:11:15:04:20:01,3760.46,3746.15,0,0.0400562,0,0,0,0.502462,0,7011,0,0,0,0,0,0,-477.132,0,0.502462,0.502462,0,0
01:11:15:04:20:02,3759.03,3744.72,0,0.0400562,0,0,0,0.502462,0,7009.57,0,0,0,0,0,0,-478.563,0,0.502462,0.502462,0,0
01:11:15:04:20:03,3759.03,3744.72,0,0.0400562,0,0,0,0.502462,0,7009.57,0,0,0,0,0,0,-478.563,0,0.502462,0.502462,0,0
01:11:15:04:20:04,3758.74,3745.29,0,0.0400562,0,0,0,0.502462,0,7009.28,0,0,0,0,0,0,-478.849,0,0.502462,0.502462,0,0
01:11:15:04:20:05,3758.17,3745.29,0,0.0400562,0,0,0,0.502462,0,7008.71,0,0,0,0,0,0,-479.421,0,0.502462,0.502462,0,0
01:11:15:04:20:06,3758.74,3744.72,0,0.0400562,0,0,0,0.502462,0,7009.28,0,0,0,0,0,0,-478.849,0,0.502462,0.502462,0,0
01:11:15:04:20:07,3759.31,3745.29,0,0.0400562,0,0,0,0.502462,0,7009.85,0,0,0,0,0,0,-478.276,0,0.502462,0.502462,0,0
#,01:11:15:04:20:08,WELLBORE,DEPTHS,1,[1|Rate|0.005495],,,,,,,,,,,,,,,,,
01:11:15:04:20:08,3759.03,3745.29,0,0.0400562,0,0,0,0.502462,0,7009.57,0,0,0,0,0,0,-478.563,0,0.502462,0.502462,0,0
01:11:15:04:20:09,3759.03,3744.44,0,0.0400562,0,0,0,0.502462,0,7009.57,0,0,0,0,0,0,-478.563,0,0.502462,0.502462,0,0
01:11:15:04:20:10,3758.45,3744.44,0,0.0400562,0,0,0,0.502462,0,7008.99,0,0,0,0,0,0,-479.135,0,0.502462,0.502462,0,0
01:11:15:04:20:11,3758.45,3744.72,0,0.0400562,0,0,0,0.502462,0,7008.99,0,0,0,0,0,0,-479.135,0,0.502462,0.502462,0,0
01:11:15:04:20:12,3758.74,3744.44,0,0.0400562,0,0,0,0.502462,0,7009.28,0,0,0,0,0,0,-478.849,0,0.502462,0.502462,0,0
01:11:15:04:20:13,3759.31,3745.01,0,0.0400562,0,0,0,0.502462,0,7009.85,0,0,0,0,0,0,-478.276,0,0.502462,0.502462,0,0
01:11:15:04:20:14,3759.6,3745.58,0,0.0400562,0,0,0,0.502462,0,7010.14,0,0,0,0,0,0,-477.991,0,0.502462,0.502462,0,0
01:11:15:04:20:15,3760.17,3746.15,0,0.0400562,0,0,0,0.502462,0,7010.71,0,0,0,0,0,0,-477.418,0,0.502462,0.502462,0,0
01:11:15:04:20:16,3759.31,3744.44,0,0.0400562,0,0,0,0.502462,0,7009.85,0,0,0,0,0,0,-478.276,0,0.502462,0.502462,0,0
01:11:15:04:20:17,3759.31,3745.29,0,0.0400562,0,0,0,0.502462,0,7009.85,0,0,0,0,0,0,-478.276,0,0.502462,0.502462,0,0
01:11:15:04:20:18,3758.74,3744.72,0,0.0400562,0,0,0,0.502462,0,7009.28,0,0,0,0,0,0,-478.849,0,0.502462,0.502462,0,0
01:11:15:04:20:19,3759.31,3744.72,0,0.0400562,0,0,0,0.502462,0,7009.85,0,0,0,0,0,0,-478.276,0,0.502462,0.502462,0,0
01:11:15:04:20:20,3758.17,3744.72,0,0.0400562,0,0,0,0.502462,0,7008.71,0,0,0,0,0,0,-479.421,0,0.502462,0.502462,0,0
01:11:15:04:20:21,3758.17,3744.44,0,0.0400562,0,0,0,0.502462,0,7008.71,0,0,0,0,0,0,-479.421,0,0.502462,0.502462,0,0
01:11:15:04:20:22,3758.17,3743.29,0,0.0400562,0,0,0,0.502462,0,7008.71,0,0,0,0,0,0,-479.421,0,0.502462,0.502462,0,0
#,01:11:15:04:20:23,WELLBORE,DEPTHS,1,[1|Rate|0.005495],,,,,,,,,,,,,,,,,
01:11:15:04:20:23,3755.59,3741.86,0,0.0400562,0,0,0,0.502462,0,7006.13,0,0,0,0,0,0,-481.996,0,0.502462,0.502462,0,0
01:11:15:04:20:24,3756.74,3742.15,0,0.0400562,0,0,0,0.502462,0,7007.28,0,0,0,0,0,0,-480.852,0,0.502462,0.502462,0,0
01:11:15:04:20:25,3755.88,3741.86,0,0.0400562,0,0,0,0.502462,0,7006.42,0,0,0,0,0,0,-481.71,0,0.502462,0.502462,0,0
01:11:15:04:20:26,3757.02,3742.72,0,0.0400562,0,0,0,0.502462,0,7007.56,0,0,0,0,0,0,-480.566,0,0.502462,0.502462,0,0
01:11:15:04:20:27,3757.02,3743.01,0,0.0400562,0,0,0,0.502462,0,7007.56,0,0,0,0,0,0,-480.566,0,0.502462,0.502462,0,0
01:11:15:04:20:28,3758.45,3743.58,0,0.0400562,0,0,0,0.502462,0,7008.99,0,0,0,0,0,0,-479.135,0,0.502462,0.502462,0,0
01:11:15:04:20:29,3757.31,3743.58,0,0.0400562,0,0,0,0.502462,0,7007.85,0,0,0,0,0,0,-480.279,0,0.502462,0.502462,0,0
01:11:15:04:20:30,3757.31,3742.15,0,0.0400562,0,0,0,0.502462,0,7007.85,0,0,0,0,0,0,-480.279,0,0.502462,0.502462,0,0
01:11:15:04:20:31,3756.17,3743.01,0,0.0400562,0,0,0,0.502462,0,7006.7,0,0,0,0,0,0,-481.424,0,0.502462,0.502462,0,0
01:11:15:04:20:32,3755.59,3742.43,0,0.0400562,0,0,0,0.502462,0,7006.13,0,0,0,0,0,0,-481.996,0,0.502462,0.502462,0,0
01:11:15:04:20:33,3756.74,3742.72,0,0.0400562,0,0,0,0.502462,0,7007.28,0,0,0,0,0,0,-480.852,0,0.502462,0.502462,0,0
01:11:15:04:20:34,3756.74,3742.43,0,0.0400562,0,0,0,0.502462,0,7007.28,0,0,0,0,0,0,-480.852,0,0.502462,0.502462,0,0
01:11:15:04:20:35,3757.31,3743.58,0,0.0400562,0,0,0,0.502462,0,7007.85,0,0,0,0,0,0,-480.279,0,0.502462,0.502462,0,0
01:11:15:04:20:36,3757.02,3742.15,0,0.0400562,0,0,0,0.502462,0,7007.56,0,0,0,0,0,0,-480.566,0,0.502462,0.502462,0,0
01:11:15:04:20:37,3756.45,3742.43,0,0.0400562,0,0,0,0.502462,0,7006.99,0,0,0,0,0,0,-481.138,0,0.502462,0.502462,0,0
#,01:11:15:04:20:38,WELLBORE,DEPTHS,1,[1|Rate|0.005495],,,,,,,,,,,,,,,,,
01:11:15:04:20:38,3755.88,3742.15,0,0.0400562,0,0,0,0.502462,0,7006.42,0,0,0,0,0,0,-481.71,0,0.502462,0.502462,0,0
01:11:15:04:20:39,3755.59,3741,0,0.0400562,0,0,0,0.502462,0,7006.13,0,0,0,0,0,0,-481.996,0,0.502462,0.502462,0,0
01:11:15:04:20:40,3754.45,3740.14,0,0.0400562,0,0,0,0.502462,0,7004.99,0,0,0,0,0,0,-483.14,0,0.502462,0.502462,0,0
01:11:15:04:20:41,3755.88,3741,0,0.0400562,0,0,0,0.502462,0,7006.42,0,0,0,0,0,0,-481.71,0,0.502462,0.502462,0,0
01:11:15:04:20:42,3755.88,3741.57,0,0.0400562,0,0,0,0.502462,0,7006.42,0,0,0,0,0,0,-481.71,0,0.502462,0.502462,0,0
01:11:15:04:20:43,3756.45,3742.15,0,0.0400562,0,0,0,0.502462,0,7006.99,0,0,0,0,0,0,-481.138,0,0.502462,0.502462,0,0
01:11:15:04:20:44,3756.45,3741.57,0,0.0400562,0,0,0,0.502462,0,7006.99,0,0,0,0,0,0,-481.138,0,0.502462,0.502462,0,0
01:11:15:04:20:45,3757.02,3742.15,0,0.0400562,0,0,0,0.502462,0,7007.56,0,0,0,0,0,0,-480.566,0,0.502462,0.502462,0,0
01:11:15:04:20:46,3756.17,3741.86,0,0.0400562,0,0,0,0.502462,0,7006.7,0,0,0,0,0,0,-481.424,0,0.502462,0.502462,0,0
01:11:15:04:20:47,3755.59,3741.57,0,0.0400562,0,0,0,0.502462,0,7006.13,0,0,0,0,0,0,-481.996,0,0.502462,0.502462,0,0
01:11:15:04:20:48,3755.59,3741.57,0,0.0400562,0,0,0,0.502462,0,7006.13,0,0,0,0,0,0,-481.996,0,0.502462,0.502462,0,0
01:11:15:04:20:49,3755.88,3741.57,0,0.0400562,0,0,0,0.502462,0,7006.42,0,0,0,0,0,0,-481.71,0,0.502462,0.502462,0,0
01:11:15:04:20:50,3756.17,3741.29,0,0.0400562,0,0,0,0.502462,0,7006.7,0,0,0,0,0,0,-481.424,0,0.502462,0.502462,0,0
01:11:15:04:20:51,3755.59,3741.29,0,0.0400562,0,0,0,0.502462,0,7006.13,0,0,0,0,0,0,-481.996,0,0.502462,0.502462,0,0
01:11:15:04:20:52,3755.31,3740.72,0,0.0400562,0,0,0,0.502462,0,7005.85,0,0,0,0,0,0,-482.282,0,0.502462,0.502462,0,0
#,01:11:15:04:20:53,WELLBORE,DEPTHS,1,[1|Rate|0.005495],,,,,,,,,,,,,,,,,
01:11:15:04:20:53,3755.31,3741,0,0.0400562,0,0,0,0.502462,0,7005.85,0,0,0,0,0,0,-482.282,0,0.502462,0.502462,0,0
01:11:15:04:20:54,3755.02,3740.72,0,0.0400562,0,0,0,0.502462,0,7005.56,0,0,0,0,0,0,-482.568,0,0.502462,0.502462,0,0
01:11:15:04:20:55,3754.74,3741,0,0.0400562,0,0,0,0.502462,0,7005.27,0,0,0,0,0,0,-482.854,0,0.502462,0.502462,0,0
01:11:15:04:20:56,3754.45,3739.57,0,0.0400562,0,0,0,0.502462,0,7004.99,0,0,0,0,0,0,-483.14,0,0.502462,0.502462,0,0
01:11:15:04:20:57,3754.74,3740.43,0,0.0400562,0,0,0,0.502462,0,7005.27,0,0,0,0,0,0,-482.854,0,0.502462,0.502462,0,0
01:11:15:04:20:58,3754.16,3739.86,0,0.0400562,0,0,0,0.502462,0,7004.7,0,0,0,0,0,0,-483.426,0,0.502462,0.502462,0,0
01:11:15:04:20:59,3753.88,3739.57,0,0.0400562,0,0,0,0.502462,0,7004.42,0,0,0,0,0,0,-483.712,0,0.502462,0.502462,0,0
01:11:15:04:21:00,3753.59,3739.86,0,0.0400562,0,0,0,0.502462,0,7004.13,0,0,0,0,0,0,-483.999,0,0.502462,0.502462,0,0
01:11:15:04:21:01,3754.16,3739.86,0,0.0400562,0,0,0,0.502462,0,7004.7,0,0,0,0,0,0,-483.426,0,0.502462,0.502462,0,0
01:11:15:04:21:02,3753.02,3739.29,0,0.0400562,0,0,0,0.502462,0,7003.56,0,0,0,0,0,0,-484.571,0,0.502462,0.502462,0,0
01:11:15:04:21:03,3753.02,3739.86,0,0.0400562,0,0,0,0.502462,0,7003.56,0,0,0,0,0,0,-484.571,0,0.502462,0.502462,0,0
01:11:15:04:21:04,3753.59,3739.57,0,0.0400562,0,0,0,0.502462,0,7004.13,0,0,0,0,0,0,-483.999,0,0.502462,0.502462,0,0
01:11:15:04:21:05,3753.3,3738.71,0,0.0400562,0,0,0,0.502462,0,7003.84,0,0,0,0,0,0,-484.284,0,0.502462,0.502462,0,0
01:11:15:04:21:06,3752.45,3738.14,0,0.0400562,0,0,0,0.502462,0,7002.99,0,0,0,0,0,0,-485.143,0,0.502462,0.502462,0,0
01:11:15:04:21:07,3752.73,3738.14,0,0.0400562,0,0,0,0.502462,0,7003.27,0,0,0,0,0,0,-484.857,0,0.502462,0.502462,0,0
#,01:11:15:04:21:08,WELLBORE,DEPTHS,1,[1|Rate|0.005495],,,,,,,,,,,,,,,,,
01:11:15:04:21:08,3751.87,3737.86,0,0.0400562,0,0,0,0.502462,0,7002.41,0,0,0,0,0,0,-485.715,0,0.502462,0.502462,0,0
01:11:15:04:21:09,3751.3,3737.57,0,0.0400562,0,0,0,0.502462,0,7001.84,0,0,0,0,0,0,-486.287,0,0.502462,0.502462,0,0
01:11:15:04:21:10,3751.87,3737.86,0,0.0400562,0,0,0,0.502462,0,7002.41,0,0,0,0,0,0,-485.715,0,0.502462,0.502462,0,0
01:11:15:04:21:11,3751.02,3737,0,0.0400562,0,0,0,0.502462,0,7001.55,0,0,0,0,0,0,-486.574,0,0.502462,0.502462,0,0
01:11:15:04:21:12,3751.3,3737,0,0.0400562,0,0,0,0.502462,0,7001.84,0,0,0,0,0,0,-486.287,0,0.502462,0.502462,0,0
01:11:15:04:21:13,3751.3,3737.57,0,0.0400562,0,0,0,0.502462,0,7001.84,0,0,0,0,0,0,-486.287,0,0.502462,0.502462,0,0
01:11:15:04:21:14,3751.02,3736.71,0,0.0400562,0,0,0,0.502462,0,7001.55,0,0,0,0,0,0,-486.574,0,0.502462,0.502462,0,0
01:11:15:04:21:15,3751.3,3737,0,0.0400562,0,0,0,0.502462,0,7001.84,0,0,0,0,0,0,-486.287,0,0.502462,0.502462,0,0
01:11:15:04:21:16,3751.59,3737.57,0,0.0400562,0,0,0,0.502462,0,7002.13,0,0,0,0,0,0,-486.002,0,0.502462,0.502462,0,0
01:11:15:04:21:17,3751.3,3737.28,0,0.0400562,0,0,0,0.502462,0,7001.84,0,0,0,0,0,0,-486.287,0,0.502462,0.502462,0,0
01:11:15:04:21:18,3751.02,3737.57,0,0.0400562,0,0,0,0.502462,0,7001.55,0,0,0,0,0,0,-486.574,0,0.502462,0.502462,0,0
01:11:15:04:21:19,3751.3,3737.57,0,0.0400562,0,0,0,0.502462,0,7001.84,0,0,0,0,0,0,-486.287,0,0.502462,0.502462,0,0
01:11:15:04:21:20,3749.87,3735.85,0,0.0400562,0,0,0,0.502462,0,7000.41,0,0,0,0,0,0,-487.718,0,0.502462,0.502462,0,0
01:11:15:04:21:21,3749.87,3735.85,0,0.0400562,0,0,0,0.502462,0,7000.41,0,0,0,0,0,0,-487.718,0,0.502462,0.502462,0,0
01:11:15:04:21:22,3749.87,3736.14,0,0.0400562,0,0,0,0.502462,0,7000.41,0,0,0,0,0,0,-487.718,0,0.502462,0.502462,0,0
#,01:11:15:04:21:23,WELLBORE,DEPTHS,1,[1|Rate|0.005495],,,,,,,,,,,,,,,,,
01:11:15:04:21:23,3749.59,3735.57,0,0.0400562,0,0,0,0.502462,0,7000.12,0,0,0,0,0,0,-488.004,0,0.502462,0.502462,0,0
01:11:15:04:21:24,3749.3,3734.99,0,0.0400562,0,0,0,0.502462,0,6999.84,0,0,0,0,0,0,-488.29,0,0.502462,0.502462,0,0
01:11:15:04:21:25,3750.16,3736.14,0,0.0400562,0,0,0,0.502462,0,7000.7,0,0,0,0,0,0,-487.432,0,0.502462,0.502462,0,0
01:11:15:04:21:26,3749.3,3735.28,0,0.0400562,0,0,0,0.502462,0,6999.84,0,0,0,0,0,0,-488.29,0,0.502462,0.502462,0,0
01:11:15:04:21:27,3749.3,3735.28,0,0.0400562,0,0,0,0.502462,0,6999.84,0,0,0,0,0,0,-488.29,0,0.502462,0.502462,0,0
01:11:15:04:21:28,3749.59,3735.57,0,0.0400562,0,0,0,0.502462,0,7000.12,0,0,0,0,0,0,-488.004,0,0.502462,0.502462,0,0
01:11:15:04:21:29,3748.73,3734.14,0,0.0400562,0,0,0,0.502462,0,6999.27,0,0,0,0,0,0,-488.862,0,0.502462,0.502462,0,0
01:11:15:04:21:30,3748.44,3734.14,0,0.0400562,0,0,0,0.502462,0,6998.98,0,0,0,0,0,0,-489.148,0,0.502462,0.502462,0,0
01:11:15:04:21:31,3748.44,3734.14,0,0.0400562,0,0,0,0.502462,0,6998.98,0,0,0,0,0,0,-489.148,0,0.502462,0.502462,0,0
01:11:15:04:21:32,3749.01,3734.71,0,0.0400562,0,0,0,0.502462,0,6999.55,0,0,0,0,0,0,-488.576,0,0.502462,0.502462,0,0
01:11:15:04:21:33,3748.15,3734.14,0,0.0400562,0,0,0,0.502462,0,6998.69,0,0,0,0,0,0,-489.435,0,0.502462,0.502462,0,0
01:11:15:04:21:34,3749.01,3734.42,0,0.0400562,0,0,0,0.502462,0,6999.55,0,0,0,0,0,0,-488.576,0,0.502462,0.502462,0,0
01:11:15:04:21:35,3747.01,3732.99,0,0.0400562,0,0,0,0.502462,0,6997.55,0,0,0,0,0,0,-490.579,0,0.502462,0.502462,0,0
01:11:15:04:21:36,3747.3,3732.42,0,0.0400562,0,0,0,0.502462,0,6997.84,0,0,0,0,0,0,-490.293,0,0.502462,0.502462,0,0
01:11:15:04:21:37,3746.72,3732.99,0,0.0400562,0,0,0,0.502462,0,6997.26,0,0,0,0,0,0,-490.865,0,0.502462,0.502462,0,0
#,01:11:15:04:21:38,WELLBORE,DEPTHS,1,[1|Rate|0.005495],,,,,,,,,,,,,,,,,
01:11:15:04:21:38,3747.58,3733.56,0,0.0400562,0,0,0,0.502462,0,6998.12,0,0,0,0,0,0,-490.007,0,0.502462,0.502462,0,0
01:11:15:04:21:39,3747.58,3733.28,0,0.0400562,0,0,0,0.502462,0,6998.12,0,0,0,0,0,0,-490.007,0,0.502462,0.502462,0,0
01:11:15:04:21:40,3748.15,3734.71,0,0.0400562,0,0,0,0.502462,0,6998.69,0,0,0,0,0,0,-489.435,0,0.502462,0.502462,0,0
01:11:15:04:21:41,3748.15,3734.14,0,0.0400562,0,0,0,0.502462,0,6998.69,0,0,0,0,0,0,-489.435,0,0.502462,0.502462,0,0
01:11:15:04:21:42,3747.3,3733.28,0,0.0400562,0,0,0,0.502462,0,6997.84,0,0,0,0,0,0,-490.293,0,0.502462,0.502462,0,0
01:11:15:04:21:43,3747.01,3732.71,0,0.0400562,0,0,0,0.502462,0,6997.55,0,0,0,0,0,0,-490.579,0,0.502462,0.502462,0,0
01:11:15:04:21:44,3746.72,3733.28,0,0.0400562,0,0,0,0.502462,0,6997.26,0,0,0,0,0,0,-490.865,0,0.502462,0.502462,0,0
01:11:15:04:21:45,3746.44,3731.85,0,0.0400562,0,0,0,0.502462,0,6996.98,0,0,0,0,0,0,-491.151,0,0.502462,0.502462,0,0
01:11:15:04:21:46,3747.3,3733.56,0,0.0400562,0,0,0,0.502462,0,6997.84,0,0,0,0,0,0,-490.293,0,0.502462,0.502462,0,0
01:11:15:04:21:47,3747.58,3732.13,0,0.0400562,0,0,0,0.502462,0,6998.12,0,0,0,0,0,0,-490.007,0,0.502462,0.502462,0,0
01:11:15:04:21:48,3747.3,3732.71,0,0.0400562,0,0,0,0.502462,0,6997.84,0,0,0,0,0,0,-490.293,0,0.502462,0.502462,0,0
01:11:15:04:21:49,3746.72,3732.71,0,0.0400562,0,0,0,0.502462,0,6997.26,0,0,0,0,0,0,-490.865,0,0.502462,0.502462,0,0
01:11:15:04:21:50,3746.44,3732.13,0,0.0400562,0,0,0,0.502462,0,6996.98,0,0,0,0,0,0,-491.151,0,0.502462,0.502462,0,0
01:11:15:04:21:51,3745.87,3732.13,0,0.0400562,0,0,0,0.502462,0,6996.41,0,0,0,0,0,0,-491.723,0,0.502462,0.502462,0,0
01:11:15:04:21:52,3746.72,3732.42,0,0.0400562,0,0,0,0.502462,0,6997.26,0,0,0,0,0,0,-490.865,0,0.502462,0.502462,0,0
#,01:11:15:04:21:53,WELLBORE,DEPTHS,1,[1|Rate|0.005495],,,,,,,,,,,,,,,,,
01:11:15:04:21:53,3746.15,3732.42,0,0.0400562,0,0,0,0.502462,0,6996.69,0,0,0,0,0,0,-491.438,0,0.502462,0.502462,0,0
01:11:15:04:21:54,3746.15,3732.42,0,0.0400562,0,0,0,0.502462,0,6996.69,0,0,0,0,0,0,-491.438,0,0.502462,0.502462,0,0
01:11:15:04:21:55,3746.15,3732.13,0,0.0400562,0,0,0,0.502462,0,6996.69,0,0,0,0,0,0,-491.438,0,0.502462,0.502462,0,0
01:11:15:04:21:56,3746.15,3731.85,0,0.0400562,0,0,0,0.502462,0,6996.69,0,0,0,0,0,0,-491.438,0,0.502462,0.502462,0,0
01:11:15:04:21:57,3745.01,3730.99,0,0.0400562,0,0,0,0.502462,0,6995.55,0,0,0,0,0,0,-492.582,0,0.502462,0.502462,0,0
01:11:15:04:21:58,3744.15,3730.13,0,0.0400562,0,0,0,0.502462,0,6994.69,0,0,0,0,0,0,-493.44,0,0.502462,0.502462,0,0
01:11:15:04:21:59,3744.72,3730.13,0,0.0400562,0,0,0,0.502462,0,6995.26,0,0,0,0,0,0,-492.868,0,0.502462,0.502462,0,0
01:11:15:04:22:00,3743.86,3730.13,0,0.0400562,0,0,0,0.502462,0,6994.4,0,0,0,0,0,0,-493.726,0,0.502462,0.502462,0,0
01:11:15:04:22:01,3744.15,3730.7,0,0.0400562,0,0,0,0.502462,0,6994.69,0,0,0,0,0,0,-493.44,0,0.502462,0.502462,0,0
01:11:15:04:22:02,3744.44,3730.42,0,0.0400562,0,0,0,0.502462,0,6994.97,0,0,0,0,0,0,-493.154,0,0.502462,0.502462,0,0
01:11:15:04:22:03,3745.01,3730.7,0,0.0400562,0,0,0,0.502462,0,6995.55,0,0,0,0,0,0,-492.582,0,0.502462,0.502462,0,0
01:11:15:04:22:04,3744.44,3730.42,0,0.0400562,0,0,0,0.502462,0,6994.97,0,0,0,0,0,0,-493.154,0,0.502462,0.502462,0,0
01:11:15:04:22:05,3743.86,3730.13,0,0.0400562,0,0,0,0.502462,0,6994.4,0,0,0,0,0,0,-493.726,0,0.502462,0.502462,0,0
01:11:15:04:22:06,3743.29,3729.56,0,0.0400562,0,0,0,0.502462,0,6993.83,0,0,0,0,0,0,-494.298,0,0.502462,0.502462,0,0
01:11:15:04:22:07,3744.15,3729.27,0,0.0400562,0,0,0,0.502462,0,6994.69,0,0,0,0,0,0,-493.44,0,0.502462,0.502462,0,0
#,01:11:15:04:22:08,WELLBORE,DEPTHS,1,[1|Rate|0.005495],,,,,,,,,,,,,,,,,
01:11:15:04:22:08,3743.29,3728.99,0,0.0400562,0,0,0,0.502462,0,6993.83,0,0,0,0,0,0,-494.298,0,0.502462,0.502462,0,0
01:11:15:04:22:09,3743.86,3729.84,0,0.0400562,0,0,0,0.502462,0,6994.4,0,0,0,0,0,0,-493.726,0,0.502462,0.502462,0,0
01:11:15:04:22:10,3743.29,3728.41,0,0.0400562,0,0,0,0.502462,0,6993.83,0,0,0,0,0,0,-494.298,0,0.502462,0.502462,0,0
01:11:15:04:22:11,3743.86,3728.99,0,0.0400562,0,0,0,0.502462,0,6994.4,0,0,0,0,0,0,-493.726,0,0.502462,0.502462,0,0
01:11:15:04:22:12,3743.01,3728.99,0,0.0400562,0,0,0,0.502462,0,6993.54,0,0,0,0,0,0,-494.584,0,0.502462,0.502462,0,0
01:11:15:04:22:13,3742.72,3729.56,0,0.0400562,0,0,0,0.502462,0,6993.26,0,0,0,0,0,0,-494.87,0,0.502462,0.502462,0,0
01:11:15:04:22:14,3743.58,3729.27,0,0.0400562,0,0,0,0.502462,0,6994.12,0,0,0,0,0,0,-494.012,0,0.502462,0.502462,0,0
01:11:15:04:22:15,3743.58,3729.27,0,0.0400562,0,0,0,0.502462,0,6994.12,0,0,0,0,0,0,-494.012,0,0.502462,0.502462,0,0
01:11:15:04:22:16,3743.58,3729.56,0,0.0400562,0,0,0,0.502462,0,6994.12,0,0,0,0,0,0,-494.012,0,0.502462,0.502462,0,0
01:11:15:04:22:17,3744.44,3729.27,0,0.0400562,0,0,0,0.502462,0,6994.97,0,0,0,0,0,0,-493.154,0,0.502462,0.502462,0,0
01:11:15:04:22:18,3743.58,3729.27,0,0.0400562,0,0,0,0.502462,0,6994.12,0,0,0,0,0,0,-494.012,0,0.502462,0.502462,0,0
01:11:15:04:22:19,3743.29,3728.7,0,0.0400562,0,0,0,0.502462,0,6993.83,0,0,0,0,0,0,-494.298,0,0.502462,0.502462,0,0
01:11:15:04:22:20,3743.01,3728.13,0,0.0400562,0,0,0,0.502462,0,6993.54,0,0,0,0,0,0,-494.584,0,0.502462,0.502462,0,0
01:11:15:04:22:21,3742.15,3728.41,0,0.0400562,0,0,0,0.502462,0,6992.69,0,0,0,0,0,0,-495.443,0,0.502462,0.502462,0,0
01:11:15:04:22:22,3742.15,3727.84,0,0.0400562,0,0,0,0.502462,0,6992.69,0,0,0,0,0,0,-495.443,0,0.502462,0.502462,0,0
#,01:11:15:04:22:23,WELLBORE,DEPTHS,1,[1|Rate|0.005495],,,,,,,,,,,,,,,,,
01:11:15:04:22:23,3741.86,3727.56,0,0.0400562,0,0,0,0.502462,0,6992.4,0,0,0,0,0,0,-495.728,0,0.502462,0.502462,0,0
01:11:15:04:22:24,3743.29,3728.13,0,0.0400562,0,0,0,0.502462,0,6993.83,0,0,0,0,0,0,-494.298,0,0.502462,0.502462,0,0
01:11:15:04:22:25,3742.72,3727.84,0,0.0400562,0,0,0,0.502462,0,6993.26,0,0,0,0,0,0,-494.87,0,0.502462,0.502462,0,0
01:11:15:04:22:26,3742.43,3728.13,0,0.0400562,0,0,0,0.502462,0,6992.97,0,0,0,0,0,0,-495.156,0,0.502462,0.502462,0,0
01:11:15:04:22:27,3742.15,3728.41,0,0.0400562,0,0,0,0.502462,0,6992.69,0,0,0,0,0,0,-495.443,0,0.502462,0.502462,0,0
01:11:15:04:22:28,3741.86,3726.98,0,0.0400562,0,0,0,0.502462,0,6992.4,0,0,0,0,0,0,-495.728,0,0.502462,0.502462,0,0
01:11:15:04:22:29,3741.57,3727.56,0,0.0400562,0,0,0,0.502462,0,6992.11,0,0,0,0,0,0,-496.015,0,0.502462,0.502462,0,0
01:11:15:04:22:30,3741.57,3726.41,0,0.0400562,0,0,0,0.502462,0,6992.11,0,0,0,0,0,0,-496.015,0,0.502462,0.502462,0,0
01:11:15:04:22:31,3741.29,3726.98,0,0.0400562,0,0,0,0.502462,0,6991.83,0,0,0,0,0,0,-496.301,0,0.502462,0.502462,0,0
01:11:15:04:22:32,3741,3727.27,0,0.0400562,0,0,0,0.502462,0,6991.54,0,0,0,0,0,0,-496.587,0,0.502462,0.502462,0,0
01:11:15:04:22:33,3741.57,3727.27,0,0.0400562,0,0,0,0.502462,0,6992.11,0,0,0,0,0,0,-496.015,0,0.502462,0.502462,0,0
01:11:15:04:22:34,3741,3726.7,0,0.0400562,0,0,0,0.502462,0,6991.54,0,0,0,0,0,0,-496.587,0,0.502462,0.502462,0,0
01:11:15:04:22:35,3741.86,3727.27,0,0.0400562,0,0,0,0.502462,0,6992.4,0,0,0,0,0,0,-495.728,0,0.502462,0.502462,0,0
01:11:15:04:22:36,3740.72,3725.84,0,0.0400562,0,0,0,0.502462,0,6991.25,0,0,0,0,0,0,-496.874,0,0.502462,0.502462,0,0
01:11:15:04:22:37,3740.72,3726.41,0,0.0400562,0,0,0,0.502462,0,6991.25,0,0,0,0,0,0,-496.874,0,0.502462,0.502462,0,0
#,01:11:15:04:22:38,WELLBORE,DEPTHS,1,[1|Rate|0.005495],,,,,,,,,,,,,,,,,
01:11:15:04:22:38,3739.86,3726.7,0,0.0400562,0,0,0,0.502462,0,6990.4,0,0,0,0,0,0,-497.731,0,0.502462,0.502462,0,0
01:11:15:04:22:39,3737.86,3723.55,0,0.0400562,0,0,0,0.502462,0,6988.39,0,0,0,0,0,0,-499.734,0,0.502462,0.502462,0,0
01:11:15:04:22:40,3738.43,3724.41,0,0.0400562,0,0,0,0.502462,0,6988.97,0,0,0,0,0,0,-499.162,0,0.502462,0.502462,0,0
01:11:15:04:22:41,3738.14,3724.12,0,0.0400562,0,0,0,0.502462,0,6988.68,0,0,0,0,0,0,-499.448,0,0.502462,0.502462,0,0
01:11:15:04:22:42,3740.43,3725.84,0,0.0400562,0,0,0,0.502462,0,6990.97,0,0,0,0,0,0,-497.159,0,0.502462,0.502462,0,0
01:11:15:04:22:43,3739.57,3724.98,0,0.0400562,0,0,0,0.502462,0,6990.11,0,0,0,0,0,0,-498.018,0,0.502462,0.502462,0,0
01:11:15:04:22:44,3740.72,3726.41,0,0.0400562,0,0,0,0.502462,0,6991.25,0,0,0,0,0,0,-496.874,0,0.502462,0.502462,0,0
01:11:15:04:22:45,3740.14,3725.55,0,0.0400562,0,0,0,0.502462,0,6990.68,0,0,0,0,0,0,-497.446,0,0.502462,0.502462,0,0
01:11:15:04:22:46,3740.43,3725.55,0,0.0400562,0,0,0,0.502462,0,6990.97,0,0,0,0,0,0,-497.159,0,0.502462,0.502462,0,0
01:11:15:04:22:47,3739.57,3725.27,0,0.0400562,0,0,0,0.502462,0,6990.11,0,0,0,0,0,0,-498.018,0,0.502462,0.502462,0,0
01:11:15:04:22:48,3739.57,3726.13,0,0.0400562,0,0,0,0.502462,0,6990.11,0,0,0,0,0,0,-498.018,0,0.502462,0.502462,0,0
01:11:15:04:22:49,3739.86,3724.69,0,0.0400562,0,0,0,0.502462,0,6990.4,0,0,0,0,0,0,-497.731,0,0.502462,0.502462,0,0
01:11:15:04:22:50,3739.29,3725.27,0,0.0400562,0,0,0,0.502462,0,6989.82,0,0,0,0,0,0,-498.304,0,0.502462,0.502462,0,0
01:11:15:04:22:51,3739.57,3724.41,0,0.0400562,0,0,0,0.502462,0,6990.11,0,0,0,0,0,0,-498.018,0,0.502462,0.502462,0,0
01:11:15:04:22:52,3738.14,3723.55,0,0.0400562,0,0,0,0.502462,0,6988.68,0,0,0,0,0,0,-499.448,0,0.502462,0.502462,0,0
#,01:11:15:04:22:53,WELLBORE,DEPTHS,1,[1|Rate|0.005495],,,,,,,,,,,,,,,,,
01:11:15:04:22:53,3736.71,3722.69,0,0.0400562,0,0,0,0.502462,0,6987.25,0,0,0,0,0,0,-500.879,0,0.502462,0.502462,0,0
01:11:15:04:22:54,3737,3722.41,0,0.0400562,0,0,0,0.502462,0,6987.54,0,0,0,0,0,0,-500.592,0,0.502462,0.502462,0,0
01:11:15:04:22:55,3736.42,3722.12,0,0.0400562,0,0,0,0.502462,0,6986.96,0,0,0,0,0,0,-501.164,0,0.502462,0.502462,0,0
01:11:15:04:22:56,3738.71,3724.12,0,0.0400562,0,0,0,0.502462,0,6989.25,0,0,0,0,0,0,-498.876,0,0.502462,0.502462,0,0
01:11:15:04:22:57,3738.14,3723.26,0,0.0400562,0,0,0,0.502462,0,6988.68,0,0,0,0,0,0,-499.448,0,0.502462,0.502462,0,0
01:11:15:04:22:58,3739.57,3725.27,0,0.0400562,0,0,0,0.502462,0,6990.11,0,0,0,0,0,0,-498.018,0,0.502462,0.502462,0,0
01:11:15:04:22:59,3739,3724.69,0,0.0400562,0,0,0,0.502462,0,6989.54,0,0,0,0,0,0,-498.59,0,0.502462,0.502462,0,0
01:11:15:04:23:00,3738.43,3724.12,0,0.0400562,0,0,0,0.502462,0,6988.97,0,0,0,0,0,0,-499.162,0,0.502462,0.502462,0,0
01:11:15:04:23:01,3737,3723.26,0,0.0400562,0,0,0,0.502462,0,6987.54,0,0,0,0,0,0,-500.592,0,0.502462,0.502462,0,0
01:11:15:04:23:02,3738.14,3723.55,0,0.0400562,0,0,0,0.502462,0,6988.68,0,0,0,0,0,0,-499.448,0,0.502462,0.502462,0,0
01:11:15:04:23:03,3736.71,3723.26,0,0.0400562,0,0,0,0.502462,0,6987.25,0,0,0,0,0,0,-500.879,0,0.502462,0.502462,0,0
01:11:15:04:23:04,3737,3723.26,0,0.0400562,0,0,0,0.502462,0,6987.54,0,0,0,0,0,0,-500.592,0,0.502462,0.502462,0,0
01:11:15:04:23:05,3737.86,3723.26,0,0.0400562,0,0,0,0.502462,0,6988.39,0,0,0,0,0,0,-499.734,0,0.502462,0.502462,0,0
01:11:15:04:23:06,3738.71,3724.41,0,0.0400562,0,0,0,0.502462,0,6989.25,0,0,0,0,0,0,-498.876,0,0.502462,0.502462,0,0
01:11:15:04:23:07,3738.71,3724.12,0,0.0400562,0,0,0,0.502462,0,6989.25,0,0,0,0,0,0,-498.876,0,0.502462,0.502462,0,0
#,01:11:15:04:23:08,WELLBORE,DEPTHS,1,[1|Rate|0.005495],,,,,,,,,,,,,,,,,
01:11:15:04:23:08,3738.43,3724.12,0,0.0400562,0,0,0,0.502462,0,6988.97,0,0,0,0,0,0,-499.162,0,0.502462,0.502462,0,0
01:11:15:04:23:09,3737.86,3722.98,0,0.0400562,0,0,0,0.502462,0,6988.39,0,0,0,0,0,0,-499.734,0,0.502462,0.502462,0,0
01:11:15:04:23:10,3737,3722.69,0,0.0400562,0,0,0,0.502462,0,6987.54,0,0,0,0,0,0,-500.592,0,0.502462,0.502462,0,0
01:11:15:04:23:11,3736.71,3722.41,0,0.0400562,0,0,0,0.502462,0,6987.25,0,0,0,0,0,0,-500.879,0,0.502462,0.502462,0,0
01:11:15:04:23:12,3736.42,3722.69,0,0.0400562,0,0,0,0.502462,0,6986.96,0,0,0,0,0,0,-501.164,0,0.502462,0.502462,0,0
01:11:15:04:23:13,3737,3722.69,0,0.0400562,0,0,0,0.502462,0,6987.54,0,0,0,0,0,0,-500.592,0,0.502462,0.502462,0,0
01:11:15:04:23:14,3737,3723.26,0,0.0400562,0,0,0,0.502462,0,6987.54,0,0,0,0,0,0,-500.592,0,0.502462,0.502462,0,0
01:11:15:04:23:15,3735.85,3721.83,0,0.0400562,0,0,0,0.502462,0,6986.39,0,0,0,0,0,0,-501.737,0,0.502462,0.502462,0,0
01:11:15:04:23:16,3735.85,3721.55,0,0.0400562,0,0,0,0.502462,0,6986.39,0,0,0,0,0,0,-501.737,0,0.502462,0.502462,0,0
01:11:15:04:23:17,3736.42,3721.55,0,0.0400562,0,0,0,0.502462,0,6986.96,0,0,0,0,0,0,-501.164,0,0.502462,0.502462,0,0
01:11:15:04:23:18,3736.42,3721.26,0,0.0400562,0,0,0,0.502462,0,6986.96,0,0,0,0,0,0,-501.164,0,0.502462,0.502462,0,0
01:11:15:04:23:19,3735.85,3721.55,0,0.0400562,0,0,0,0.502462,0,6986.39,0,0,0,0,0,0,-501.737,0,0.502462,0.502462,0,0
01:11:15:04:23:20,3735.85,3721.55,0,0.0400562,0,0,0,0.502462,0,6986.39,0,0,0,0,0,0,-501.737,0,0.502462,0.502462,0,0
01:11:15:04:23:21,3735.28,3721.55,0,0.0400562,0,0,0,0.502462,0,6985.82,0,0,0,0,0,0,-502.309,0,0.502462,0.502462,0,0
01:11:15:04:23:22,3734.71,3720.4,0,0.0400562,0,0,0,0.502462,0,6985.25,0,0,0,0,0,0,-502.882,0,0.502462,0.502462,0,0
#,01:11:15:04:23:23,WELLBORE,DEPTHS,1,[1|Rate|0.005495],,,,,,,,,,,,,,,,,
01:11:15:04:23:23,3734.99,3720.4,0,0.0400562,0,0,0,0.502462,0,6985.53,0,0,0,0,0,0,-502.595,0,0.502462,0.502462,0,0
01:11:15:04:23:24,3734.71,3720.69,0,0.0400562,0,0,0,0.502462,0,6985.25,0,0,0,0,0,0,-502.882,0,0.502462,0.502462,0,0
01:11:15:04:23:25,3735.28,3720.12,0,0.0400562,0,0,0,0.502462,0,6985.82,0,0,0,0,0,0,-502.309,0,0.502462,0.502462,0,0
01:11:15:04:23:26,3734.71,3720.4,0,0.0400562,0,0,0,0.502462,0,6985.25,0,0,0,0,0,0,-502.882,0,0.502462,0.502462,0,0
01:11:15:04:23:27,3735.57,3721.55,0,0.0400562,0,0,0,0.502462,0,6986.1,0,0,0,0,0,0,-502.023,0,0.502462,0.502462,0,0
01:11:15:04:23:28,3734.71,3720.69,0,0.0400562,0,0,0,0.502462,0,6985.25,0,0,0,0,0,0,-502.882,0,0.502462,0.502462,0,0
01:11:15:04:23:29,3734.99,3720.98,0,0.0400562,0,0,0,0.502462,0,6985.53,0,0,0,0,0,0,-502.595,0,0.502462,0.502462,0,0
01:11:15:04:23:30,3734.42,3720.98,0,0.0400562,0,0,0,0.502462,0,6984.96,0,0,0,0,0,0,-503.167,0,0.502462,0.502462,0,0
01:11:15:04:23:31,3734.99,3720.69,0,0.0400562,0,0,0,0.502462,0,6985.53,0,0,0,0,0,0,-502.595,0,0.502462,0.502462,0,0
01:11:15:04:23:32,3735.28,3720.4,0,0.0400562,0,0,0,0.502462,0,6985.82,0,0,0,0,0,0,-502.309,0,0.502462,0.502462,0,0
01:11:15:04:23:33,3734.99,3720.12,0,0.0400562,0,0,0,0.502462,0,6985.53,0,0,0,0,0,0,-502.595,0,0.502462,0.502462,0,0
01:11:15:04:23:34,3733.85,3720.12,0,0.0400562,0,0,0,0.502462,0,6984.39,0,0,0,0,0,0,-503.74,0,0.502462,0.502462,0,0
01:11:15:04:23:35,3734.99,3720.12,0,0.0400562,0,0,0,0.502462,0,6985.53,0,0,0,0,0,0,-502.595,0,0.502462,0.502462,0,0
01:11:15:04:23:36,3734.14,3719.54,0,0.0400562,0,0,0,0.502462,0,6984.67,0,0,0,0,0,0,-503.454,0,0.502462,0.502462,0,0
01:11:15:04:23:37,3733.85,3719.26,0,0.0400562,0,0,0,0.502462,0,6984.39,0,0,0,0,0,0,-503.74,0,0.502462,0.502462,0,0
#,01:11:15:04:23:38,WELLBORE,DEPTHS,1,[1|Rate|0.005495],,,,,,,,,,,,,,,,,
01:11:15:04:23:38,3734.14,3718.97,0,0.0400562,0,0,0,0.502462,0,6984.67,0,0,0,0,0,0,-503.454,0,0.502462,0.502462,0,0
01:11:15:04:23:39,3733.28,3718.11,0,0.0400562,0,0,0,0.502462,0,6983.82,0,0,0,0,0,0,-504.312,0,0.502462,0.502462,0,0
01:11:15:04:23:40,3733.56,3719.26,0,0.0400562,0,0,0,0.502462,0,6984.1,0,0,0,0,0,0,-504.026,0,0.502462,0.502462,0,0
01:11:15:04:23:41,3732.99,3718.69,0,0.0400562,0,0,0,0.502462,0,6983.53,0,0,0,0,0,0,-504.598,0,0.502462,0.502462,0,0
01:11:15:04:23:42,3733.56,3718.97,0,0.0400562,0,0,0,0.502462,0,6984.1,0,0,0,0,0,0,-504.026,0,0.502462,0.502462,0,0
01:11:15:04:23:43,3734.14,3718.11,0,0.0400562,0,0,0,0.502462,0,6984.67,0,0,0,0,0,0,-503.454,0,0.502462,0.502462,0,0
01:11:15:04:23:44,3733.56,3718.4,0,0.0400562,0,0,0,0.502462,0,6984.1,0,0,0,0,0,0,-504.026,0,0.502462,0.502462,0,0
01:11:15:04:23:45,3732.13,3717.83,0,0.0400562,0,0,0,0.502462,0,6982.67,0,0,0,0,0,0,-505.456,0,0.502462,0.502462,0,0
01:11:15:04:23:46,3732.99,3718.4,0,0.0400562,0,0,0,0.502462,0,6983.53,0,0,0,0,0,0,-504.598,0,0.502462,0.502462,0,0
01:11:15:04:23:47,3732.99,3718.4,0,0.0400562,0,0,0,0.502462,0,6983.53,0,0,0,0,0,0,-504.598,0,0.502462,0.502462,0,0
01:11:15:04:23:48,3732.99,3718.11,0,0.0400562,0,0,0,0.502462,0,6983.53,0,0,0,0,0,0,-504.598,0,0.502462,0.502462,0,0
01:11:15:04:23:49,3732.71,3718.4,0,0.0400562,0,0,0,0.502462,0,6983.24,0,0,0,0,0,0,-504.884,0,0.502462,0.502462,0,0
01:11:15:04:23:50,3731.85,3717.26,0,0.0400562,0,0,0,0.502462,0,6982.39,0,0,0,0,0,0,-505.742,0,0.502462,0.502462,0,0
01:11:15:04:23:51,3728.7,3714.68,0,0.0400562,0,0,0,0.502462,0,6979.24,0,0,0,0,0,0,-508.89,0,0.502462,0.502462,0,0
01:11:15:04:23:52,3729.84,3715.25,0,0.0400562,0,0,0,0.502462,0,6980.38,0,0,0,0,0,0,-507.745,0,0.502462,0.502462,0,0
#,01:11:15:04:23:53,WELLBORE,DEPTHS,1,[1|Rate|0.005495],,,,,,,,,,,,,,,,,
01:11:15:04:23:53,3729.27,3714.68,0,0.0400562,0,0,0,0.502462,0,6979.81,0,0,0,0,0,0,-508.317,0,0.502462,0.502462,0,0
01:11:15:04:23:54,3730.7,3716.68,0,0.0400562,0,0,0,0.502462,0,6981.24,0,0,0,0,0,0,-506.887,0,0.502462,0.502462,0,0
01:11:15:04:23:55,3731.27,3716.97,0,0.0400562,0,0,0,0.502462,0,6981.81,0,0,0,0,0,0,-506.314,0,0.502462,0.502462,0,0
01:11:15:04:23:56,3733.28,3718.4,0,0.0400562,0,0,0,0.502462,0,6983.82,0,0,0,0,0,0,-504.312,0,0.502462,0.502462,0,0
01:11:15:04:23:57,3731.56,3717.54,0,0.0400562,0,0,0,0.502462,0,6982.1,0,0,0,0,0,0,-506.028,0,0.502462,0.502462,0,0
01:11:15:04:23:58,3731.85,3717.54,0,0.0400562,0,0,0,0.502462,0,6982.39,0,0,0,0,0,0,-505.742,0,0.502462,0.502462,0,0
01:11:15:04:23:59,3731.56,3716.68,0,0.0400562,0,0,0,0.502462,0,6982.1,0,0,0,0,0,0,-506.028,0,0.502462,0.502462,0,0
01:11:15:04:24:00,3731.27,3716.4,0,0.0400562,0,0,0,0.502462,0,6981.81,0,0,0,0,0,0,-506.314,0,0.502462,0.502462,0,0
01:11:15:04:24:01,3730.42,3716.4,0,0.0400562,0,0,0,0.502462,0,6980.96,0,0,0,0,0,0,-507.172,0,0.502462,0.502462,0,0
01:11:15:04:24:02,3730.99,3716.11,0,0.0400562,0,0,0,0.502462,0,6981.53,0,0,0,0,0,0,-506.6,0,0.502462,0.502462,0,0
01:11:15:04:24:03,3731.56,3716.4,0,0.0400562,0,0,0,0.502462,0,6982.1,0,0,0,0,0,0,-506.028,0,0.502462,0.502462,0,0
01:11:15:04:24:04,3731.56,3716.97,0,0.0400562,0,0,0,0.502462,0,6982.1,0,0,0,0,0,0,-506.028,0,0.502462,0.502462,0,0
01:11:15:04:24:05,3731.85,3717.26,0,0.0400562,0,0,0,0.502462,0,6982.39,0,0,0,0,0,0,-505.742,0,0.502462,0.502462,0,0
01:11:15:04:24:06,3731.27,3716.97,0,0.0400562,0,0,0,0.502462,0,6981.81,0,0,0,0,0,0,-506.314,0,0.502462,0.502462,0,0
01:11:15:04:24:07,3732.71,3718.69,0,0.0400562,0,0,0,0.502462,0,6983.24,0,0,0,0,0,0,-504.884,0,0.502462,0.502462,0,0
#,01:11:15:04:24:08,WELLBORE,DEPTHS,1,[1|Rate|0.005495],,,,,,,,,,,,,,,,,
01:11:15:04:24:08,3736.71,3721.83,0,0.0400562,0,0,0,0.502462,0,6987.25,0,0,0,0,0,0,-500.879,0,0.502462,0.502462,0,0
01:11:15:04:24:09,3739.86,3724.98,0,0.0400562,0,0,0,0.502462,0,6990.4,0,0,0,0,0,0,-497.731,0,0.502462,0.502462,0,0
01:11:15:04:24:10,3742.15,3727.56,0,0.0400562,0,0,0,0.502462,0,6992.69,0,0,0,0,0,0,-495.443,0,0.502462,0.502462,0,0
01:11:15:04:24:11,3743.29,3728.99,0,0.0400562,0,0,0,0.502462,0,6993.83,0,0,0,0,0,0,-494.298,0,0.502462,0.502462,0,0
01:11:15:04:24:12,3741.86,3727.27,0,0.0400562,0,0,0,0.502462,0,6992.4,0,0,0,0,0,0,-495.728,0,0.502462,0.502462,0,0
01:11:15:04:24:13,3740.14,3725.55,0,0.0400562,0,0,0,0.502462,0,6990.68,0,0,0,0,0,0,-497.446,0,0.502462,0.502462,0,0
01:11:15:04:24:14,3739.86,3724.69,0,0.0400562,0,0,0,0.502462,0,6990.4,0,0,0,0,0,0,-497.731,0,0.502462,0.502462,0,0
01:11:15:04:24:15,3737.86,3723.84,0,0.0400562,0,0,0,0.502462,0,6988.39,0,0,0,0,0,0,-499.734,0,0.502462,0.502462,0,0
01:11:15:04:24:16,3738.43,3724.41,0,0.0400562,0,0,0,0.502462,0,6988.97,0,0,0,0,0,0,-499.162,0,0.502462,0.502462,0,0
01:11:15:04:24:17,3739,3724.69,0,0.0400562,0,0,0,0.502462,0,6989.54,0,0,0,0,0,0,-498.59,0,0.502462,0.502462,0,0
01:11:15:04:24:18,3740.43,3725.84,0,0.0400562,0,0,0,0.502462,0,6990.97,0,0,0,0,0,0,-497.159,0,0.502462,0.502462,0,0
01:11:15:04:24:19,3740.72,3726.13,0,0.0400562,0,0,0,0.502462,0,6991.25,0,0,0,0,0,0,-496.874,0,0.502462,0.502462,0,0
01:11:15:04:24:20,3740.43,3726.7,0,0.0400562,0,0,0,0.502462,0,6990.97,0,0,0,0,0,0,-497.159,0,0.502462,0.502462,0,0
01:11:15:04:24:21,3740.14,3726.41,0,0.0400562,0,0,0,0.502462,0,6990.68,0,0,0,0,0,0,-497.446,0,0.502462,0.502462,0,0
01:11:15:04:24:22,3739.86,3725.55,0,0.0400562,0,0,0,0.502462,0,6990.4,0,0,0,0,0,0,-497.731,0,0.502462,0.502462,0,0
#,01:11:15:04:24:23,WELLBORE,DEPTHS,1,[1|Rate|0.005495],,,,,,,,,,,,,,,,,
01:11:15:04:24:23,3739.57,3725.27,0,0.0400562,0,0,0,0.502462,0,6990.11,0,0,0,0,0,0,-498.018,0,0.502462,0.502462,0,0
01:11:15:04:24:24,3738.71,3724.69,0,0.0400562,0,0,0,0.502462,0,6989.25,0,0,0,0,0,0,-498.876,0,0.502462,0.502462,0,0
01:11:15:04:24:25,3739.57,3725.27,0,0.0400562,0,0,0,0.502462,0,6990.11,0,0,0,0,0,0,-498.018,0,0.502462,0.502462,0,0
01:11:15:04:24:26,3739,3724.41,0,0.0400562,0,0,0,0.502462,0,6989.54,0,0,0,0,0,0,-498.59,0,0.502462,0.502462,0,0
01:11:15:04:24:27,3739.29,3724.98,0,0.0400562,0,0,0,0.502462,0,6989.82,0,0,0,0,0,0,-498.304,0,0.502462,0.502462,0,0
01:11:15:04:24:28,3739.57,3724.98,0,0.0400562,0,0,0,0.502462,0,6990.11,0,0,0,0,0,0,-498.018,0,0.502462,0.502462,0,0
01:11:15:04:24:29,3739.86,3724.98,0,0.0400562,0,0,0,0.502462,0,6990.4,0,0,0,0,0,0,-497.731,0,0.502462,0.502462,0,0
01:11:15:04:24:30,3739.57,3724.98,0,0.0400562,0,0,0,0.502462,0,6990.11,0,0,0,0,0,0,-498.018,0,0.502462,0.502462,0,0
01:11:15:04:24:31,3739.29,3725.27,0,0.0400562,0,0,0,0.502462,0,6989.82,0,0,0,0,0,0,-498.304,0,0.502462,0.502462,0,0
01:11:15:04:24:32,3739,3724.12,0,0.0400562,0,0,0,0.502462,0,6989.54,0,0,0,0,0,0,-498.59,0,0.502462,0.502462,0,0
01:11:15:04:24:33,3739,3724.41,0,0.0400562,0,0,0,0.502462,0,6989.54,0,0,0,0,0,0,-498.59,0,0.502462,0.502462,0,0
01:11:15:04:24:34,3738.14,3723.84,0,0.0400562,0,0,0,0.502462,0,6988.68,0,0,0,0,0,0,-499.448,0,0.502462,0.502462,0,0
01:11:15:04:24:35,3738.71,3724.41,0,0.0400562,0,0,0,0.502462,0,6989.25,0,0,0,0,0,0,-498.876,0,0.502462,0.502462,0,0
01:11:15:04:24:36,3738.43,3723.84,0,0.0400562,0,0,0,0.502462,0,6988.97,0,0,0,0,0,0,-499.162,0,0.502462,0.502462,0,0
01:11:15:04:24:37,3739,3723.84,0,0.0400562,0,0,0,0.502462,0,6989.54,0,0,0,0,0,0,-498.59,0,0.502462,0.502462,0,0
#,01:11:15:04:24:38,WELLBORE,DEPTHS,1,[1|Rate|0.005495],,,,,,,,,,,,,,,,,
01:11:15:04:24:38,3738.14,3723.55,0,0.0400562,0,0,0,0.502462,0,6988.68,0,0,0,0,0,0,-499.448,0,0.502462,0.502462,0,0
01:11:15:04:24:39,3737.86,3722.69,0,0.0400562,0,0,0,0.502462,0,6988.39,0,0,0,0,0,0,-499.734,0,0.502462,0.502462,0,0
01:11:15:04:24:40,3737.86,3723.26,0,0.0400562,0,0,0,0.502462,0,6988.39,0,0,0,0,0,0,-499.734,0,0.502462,0.502462,0,0
01:11:15:04:24:41,3737.86,3723.55,0,0.0400562,0,0,0,0.502462,0,6988.39,0,0,0,0,0,0,-499.734,0,0.502462,0.502462,0,0
01:11:15:04:24:42,3737.28,3722.41,0,0.0400562,0,0,0,0.502462,0,6987.82,0,0,0,0,0,0,-500.306,0,0.502462,0.502462,0,0
01:11:15:04:24:43,3737.28,3722.98,0,0.0400562,0,0,0,0.502462,0,6987.82,0,0,0,0,0,0,-500.306,0,0.502462,0.502462,0,0
01:11:15:04:24:44,3737.28,3722.69,0,0.0400562,0,0,0,0.502462,0,6987.82,0,0,0,0,0,0,-500.306,0,0.502462,0.502462,0,0
01:11:15:04:24:45,3737.57,3722.98,0,0.0400562,0,0,0,0.502462,0,6988.11,0,0,0,0,0,0,-500.02,0,0.502462,0.502462,0,0
01:11:15:04:24:46,3737.28,3722.41,0,0.0400562,0,0,0,0.502462,0,6987.82,0,0,0,0,0,0,-500.306,0,0.502462,0.502462,0,0
01:11:15:04:24:47,3737,3722.41,0,0.0400562,0,0,0,0.502462,0,6987.54,0,0,0,0,0,0,-500.592,0,0.502462,0.502462,0,0
01:11:15:04:24:48,3737,3722.41,0,0.0400562,0,0,0,0.502462,0,6987.54,0,0,0,0,0,0,-500.592,0,0.502462,0.502462,0,0
01:11:15:04:24:49,3736.71,3722.69,0,0.0400562,0,0,0,0.502462,0,6987.25,0,0,0,0,0,0,-500.879,0,0.502462,0.502462,0,0
01:11:15:04:24:50,3736.71,3722.12,0,0.0400562,0,0,0,0.502462,0,6987.25,0,0,0,0,0,0,-500.879,0,0.502462,0.502462,0,0
01:11:15:04:24:51,3736.42,3721.83,0,0.0400562,0,0,0,0.502462,0,6986.96,0,0,0,0,0,0,-501.164,0,0.502462,0.502462,0,0
01:11:15:04:24:52,3736.71,3721.26,0,0.0400562,0,0,0,0.502462,0,6987.25,0,0,0,0,0,0,-500.879,0,0.502462,0.502462,0,0
#,01:11:15:04:24:53,WELLBORE,DEPTHS,1,[1|Rate|0.005495],,,,,,,,,,,,,,,,,
01:11:15:04:24:53,3736.71,3722.12,0,0.0400562,0,0,0,0.502462,0,6987.25,0,0,0,0,0,0,-500.879,0,0.502462,0.502462,0,0
01:11:15:04:24:54,3736.14,3721.83,0,0.0400562,0,0,0,0.502462,0,6986.68,0,0,0,0,0,0,-501.451,0,0.502462,0.502462,0,0
01:11:15:04:24:55,3735.85,3721.83,0,0.0400562,0,0,0,0.502462,0,6986.39,0,0,0,0,0,0,-501.737,0,0.502462,0.502462,0,0
01:11:15:04:24:56,3736.14,3721.55,0,0.0400562,0,0,0,0.502462,0,6986.68,0,0,0,0,0,0,-501.451,0,0.502462,0.502462,0,0
01:11:15:04:24:57,3735.57,3720.69,0,0.0400562,0,0,0,0.502462,0,6986.1,0,0,0,0,0,0,-502.023,0,0.502462,0.502462,0,0
01:11:15:04:24:58,3734.42,3720.4,0,0.0400562,0,0,0,0.502462,0,6984.96,0,0,0,0,0,0,-503.167,0,0.502462,0.502462,0,0
01:11:15:04:24:59,3733.56,3718.69,0,0.0400562,0,0,0,0.502462,0,6984.1,0,0,0,0,0,0,-504.026,0,0.502462,0.502462,0,0
01:11:15:04:25:00,3734.14,3718.97,0,0.0400562,0,0,0,0.502462,0,6984.67,0,0,0,0,0,0,-503.454,0,0.502462,0.502462,0,0
01:11:15:04:25:01,3734.14,3718.69,0,0.0400562,0,0,0,0.502462,0,6984.67,0,0,0,0,0,0,-503.454,0,0.502462,0.502462,0,0
01:11:15:04:25:02,3734.99,3720.98,0,0.0400562,0,0,0,0.502462,0,6985.53,0,0,0,0,0,0,-502.595,0,0.502462,0.502462,0,0
01:11:15:04:25:03,3735.85,3720.98,0,0.0400562,0,0,0,0.502462,0,6986.39,0,0,0,0,0,0,-501.737,0,0.502462,0.502462,0,0
01:11:15:04:25:04,3736.42,3721.83,0,0.0400562,0,0,0,0.502462,0,6986.96,0,0,0,0,0,0,-501.164,0,0.502462,0.502462,0,0
01:11:15:04:25:05,3735.57,3720.98,0,0.0400562,0,0,0,0.502462,0,6986.1,0,0,0,0,0,0,-502.023,0,0.502462,0.502462,0,0
01:11:15:04:25:06,3735.28,3720.98,0,0.0400562,0,0,0,0.502462,0,6985.82,0,0,0,0,0,0,-502.309,0,0.502462,0.502462,0,0
01:11:15:04:25:07,3734.99,3720.12,0,0.0400562,0,0,0,0.502462,0,6985.53,0,0,0,0,0,0,-502.595,0,0.502462,0.502462,0,0
#,01:11:15:04:25:08,WELLBORE,DEPTHS,1,[1|Rate|0.005495],,,,,,,,,,,,,,,,,
01:11:15:04:25:08,3734.99,3720.12,0,0.0400562,0,0,0,0.502462,0,6985.53,0,0,0,0,0,0,-502.595,0,0.502462,0.502462,0,0
01:11:15:04:25:09,3734.99,3719.83,0,0.0400562,0,0,0,0.502462,0,6985.53,0,0,0,0,0,0,-502.595,0,0.502462,0.502462,0,0
01:11:15:04:25:10,3734.42,3720.12,0,0.0400562,0,0,0,0.502462,0,6984.96,0,0,0,0,0,0,-503.167,0,0.502462,0.502462,0,0
01:11:15:04:25:11,3734.71,3719.83,0,0.0400562,0,0,0,0.502462,0,6985.25,0,0,0,0,0,0,-502.882,0,0.502462,0.502462,0,0
01:11:15:04:25:12,3734.71,3719.54,0,0.0400562,0,0,0,0.502462,0,6985.25,0,0,0,0,0,0,-502.882,0,0.502462,0.502462,0,0
01:11:15:04:25:13,3734.42,3719.83,0,0.0400562,0,0,0,0.502462,0,6984.96,0,0,0,0,0,0,-503.167,0,0.502462,0.502462,0,0
01:11:15:04:25:14,3734.42,3719.54,0,0.0400562,0,0,0,0.502462,0,6984.96,0,0,0,0,0,0,-503.167,0,0.502462,0.502462,0,0
01:11:15:04:25:15,3733.85,3719.26,0,0.0400562,0,0,0,0.502462,0,6984.39,0,0,0,0,0,0,-503.74,0,0.502462,0.502462,0,0
01:11:15:04:25:16,3733.28,3719.26,0,0.0400562,0,0,0,0.502462,0,6983.82,0,0,0,0,0,0,-504.312,0,0.502462,0.502462,0,0
01:11:15:04:25:17,3733.56,3718.97,0,0.0400562,0,0,0,0.502462,0,6984.1,0,0,0,0,0,0,-504.026,0,0.502462,0.502462,0,0
01:11:15:04:25:18,3733.28,3718.69,0,0.0400562,0,0,0,0.502462,0,6983.82,0,0,0,0,0,0,-504.312,0,0.502462,0.502462,0,0
01:11:15:04:25:19,3733.28,3718.11,0,0.0400562,0,0,0,0.502462,0,6983.82,0,0,0,0,0,0,-504.312,0,0.502462,0.502462,0,0
01:11:15:04:25:20,3732.99,3717.54,0,0.0400562,0,0,0,0.502462,0,6983.53,0,0,0,0,0,0,-504.598,0,0.502462,0.502462,0,0
01:11:15:04:25:21,3732.99,3718.4,0,0.0400562,0,0,0,0.502462,0,6983.53,0,0,0,0,0,0,-504.598,0,0.502462,0.502462,0,0
01:11:15:04:25:22,3733.28,3718.4,0,0.0400562,0,0,0,0.502462,0,6983.82,0,0,0,0,0,0,-504.312,0,0.502462,0.502462,0,0
#,01:11:15:04:25:23,WELLBORE,DEPTHS,1,[1|Rate|0.005495],,,,,,,,,,,,,,,,,
01:11:15:04:25:23,3732.42,3718.69,0,0.0400562,0,0,0,0.502462,0,6982.96,0,0,0,0,0,0,-505.17,0,0.502462,0.502462,0,0
01:11:15:04:25:24,3732.99,3718.69,0,0.0400562,0,0,0,0.502462,0,6983.53,0,0,0,0,0,0,-504.598,0,0.502462,0.502462,0,0
01:11:15:04:25:25,3732.71,3718.11,0,0.0400562,0,0,0,0.502462,0,6983.24,0,0,0,0,0,0,-504.884,0,0.502462,0.502462,0,0
01:11:15:04:25:26,3732.71,3717.83,0,0.0400562,0,0,0,0.502462,0,6983.24,0,0,0,0,0,0,-504.884,0,0.502462,0.502462,0,0
01:11:15:04:25:27,3732.71,3718.4,0,0.0400562,0,0,0,0.502462,0,6983.24,0,0,0,0,0,0,-504.884,0,0.502462,0.502462,0,0
01:11:15:04:25:28,3733.28,3718.4,0,0.0400562,0,0,0,0.502462,0,6983.82,0,0,0,0,0,0,-504.312,0,0.502462,0.502462,0,0
01:11:15:04:25:29,3732.99,3718.11,0,0.0400562,0,0,0,0.502462,0,6983.53,0,0,0,0,0,0,-504.598,0,0.502462,0.502462,0,0
01:11:15:04:25:30,3732.99,3717.54,0,0.0400562,0,0,0,0.502462,0,6983.53,0,0,0,0,0,0,-504.598,0,0.502462,0.502462,0,0
01:11:15:04:25:31,3732.42,3717.83,0,0.0400562,0,0,0,0.502462,0,6982.96,0,0,0,0,0,0,-505.17,0,0.502462,0.502462,0,0
01:11:15:04:25:32,3732.71,3717.54,0,0.0400562,0,0,0,0.502462,0,6983.24,0,0,0,0,0,0,-504.884,0,0.502462,0.502462,0,0
01:11:15:04:25:33,3731.56,3717.26,0,0.0400562,0,0,0,0.502462,0,6982.1,0,0,0,0,0,0,-506.028,0,0.502462,0.502462,0,0
01:11:15:04:25:34,3732.13,3717.54,0,0.0400562,0,0,0,0.502462,0,6982.67,0,0,0,0,0,0,-505.456,0,0.502462,0.502462,0,0
01:11:15:04:25:35,3731.56,3716.97,0,0.0400562,0,0,0,0.502462,0,6982.1,0,0,0,0,0,0,-506.028,0,0.502462,0.502462,0,0
01:11:15:04:25:36,3730.7,3714.97,0,0.0400562,0,0,0,0.502462,0,6981.24,0,0,0,0,0,0,-506.887,0,0.502462,0.502462,0,0
01:11:15:04:25:37,3730.13,3716.11,0,0.0400562,0,0,0,0.502462,0,6980.67,0,0,0,0,0,0,-507.459,0,0.502462,0.502462,0,0
#,01:11:15:04:25:38,WELLBORE,DEPTHS,1,[1|Rate|0.005495],,,,,,,,,,,,,,,,,
01:11:15:04:25:38,3729.84,3715.54,0,0.0400562,0,0,0,0.502462,0,6980.38,0,0,0,0,0,0,-507.745,0,0.502462,0.502462,0,0
01:11:15:04:25:39,3730.99,3716.11,0,0.0400562,0,0,0,0.502462,0,6981.53,0,0,0,0,0,0,-506.6,0,0.502462,0.502462,0,0
01:11:15:04:25:40,3730.7,3716.4,0,0.0400562,0,0,0,0.502462,0,6981.24,0,0,0,0,0,0,-506.887,0,0.502462,0.502462,0,0
01:11:15:04:25:41,3731.85,3716.68,0,0.0400562,0,0,0,0.502462,0,6982.39,0,0,0,0,0,0,-505.742,0,0.502462,0.502462,0,0
01:11:15:04:25:42,3731.27,3716.4,0,0.0400562,0,0,0,0.502462,0,6981.81,0,0,0,0,0,0,-506.314,0,0.502462,0.502462,0,0
01:11:15:04:25:43,3730.99,3715.83,0,0.0400562,0,0,0,0.502462,0,6981.53,0,0,0,0,0,0,-506.6,0,0.502462,0.502462,0,0
01:11:15:04:25:44,3730.13,3715.83,0,0.0400562,0,0,0,0.502462,0,6980.67,0,0,0,0,0,0,-507.459,0,0.502462,0.502462,0,0
01:11:15:04:25:45,3730.13,3715.25,0,0.0400562,0,0,0,0.502462,0,6980.67,0,0,0,0,0,0,-507.459,0,0.502462,0.502462,0,0
01:11:15:04:25:46,3729.56,3714.68,0,0.0400562,0,0,0,0.502462,0,6980.1,0,0,0,0,0,0,-508.031,0,0.502462,0.502462,0,0
01:11:15:04:25:47,3728.7,3714.11,0,0.0400562,0,0,0,0.502462,0,6979.24,0,0,0,0,0,0,-508.89,0,0.502462,0.502462,0,0
01:11:15:04:25:48,3730.13,3714.97,0,0.0400562,0,0,0,0.502462,0,6980.67,0,0,0,0,0,0,-507.459,0,0.502462,0.502462,0,0
01:11:15:04:25:49,3735.28,3719.54,0,0.0400562,0,0,0,0.502462,0,6985.82,0,0,0,0,0,0,-502.309,0,0.502462,0.502462,0,0
01:11:15:04:25:50,3738.71,3723.84,0,0.0400562,0,0,0,0.502462,0,6989.25,0,0,0,0,0,0,-498.876,0,0.502462,0.502462,0,0
01:11:15:04:25:51,3740.72,3725.55,0,0.0400562,0,0,0,0.502462,0,6991.25,0,0,0,0,0,0,-496.874,0,0.502462,0.502462,0,0
01:11:15:04:25:52,3742.15,3727.27,0,0.0400562,0,0,0,0.502462,0,6992.69,0,0,0,0,0,0,-495.443,0,0.502462,0.502462,0,0
#,01:11:15:04:25:53,WELLBORE,DEPTHS,1,[1|Rate|0.005495],,,,,,,,,,,,,,,,,
01:11:15:04:25:53,3739,3723.55,0,0.0400562,0,0,0,0.502462,0,6989.54,0,0,0,0,0,0,-498.59,0,0.502462,0.502462,0,0
01:11:15:04:25:54,3735.28,3720.98,0,0.0400562,0,0,0,0.502462,0,6985.82,0,0,0,0,0,0,-502.309,0,0.502462,0.502462,0,0
01:11:15:04:25:55,3734.42,3719.26,0,0.0400562,0,0,0,0.502462,0,6984.96,0,0,0,0,0,0,-503.167,0,0.502462,0.502462,0,0
01:11:15:04:25:56,3734.99,3719.54,0,0.0400562,0,0,0,0.502462,0,6985.53,0,0,0,0,0,0,-502.595,0,0.502462,0.502462,0,0
01:11:15:04:25:57,3734.42,3719.26,0,0.0400562,0,0,0,0.502462,0,6984.96,0,0,0,0,0,0,-503.167,0,0.502462,0.502462,0,0
01:11:15:04:25:58,3736.14,3720.98,0,0.0400562,0,0,0,0.502462,0,6986.68,0,0,0,0,0,0,-501.451,0,0.502462,0.502462,0,0
01:11:15:04:25:59,3737.57,3722.98,0,0.0400562,0,0,0,0.502462,0,6988.11,0,0,0,0,0,0,-500.02,0,0.502462,0.502462,0,0
01:11:15:04:26:00,3737.86,3722.69,0,0.0400562,0,0,0,0.502462,0,6988.39,0,0,0,0,0,0,-499.734,0,0.502462,0.502462,0,0
01:11:15:04:26:01,3737.57,3722.41,0,0.0400562,0,0,0,0.502462,0,6988.11,0,0,0,0,0,0,-500.02,0,0.502462,0.502462,0,0
01:11:15:04:26:02,3737.28,3722.41,0,0.0400562,0,0,0,0.502462,0,6987.82,0,0,0,0,0,0,-500.306,0,0.502462,0.502462,0,0
01:11:15:04:26:03,3736.42,3721.26,0,0.0400562,0,0,0,0.502462,0,6986.96,0,0,0,0,0,0,-501.164,0,0.502462,0.502462,0,0
01:11:15:04:26:04,3736.71,3721.55,0,0.0400562,0,0,0,0.502462,0,6987.25,0,0,0,0,0,0,-500.879,0,0.502462,0.502462,0,0
01:11:15:04:26:05,3737,3722.12,0,0.0400562,0,0,0,0.502462,0,6987.54,0,0,0,0,0,0,-500.592,0,0.502462,0.502462,0,0
01:11:15:04:26:06,3738.14,3723.26,0,0.0400562,0,0,0,0.502462,0,6988.68,0,0,0,0,0,0,-499.448,0,0.502462,0.502462,0,0
01:11:15:04:26:07,3737.86,3722.98,0,0.0400562,0,0,0,0.502462,0,6988.39,0,0,0,0,0,0,-499.734,0,0.502462,0.502462,0,0
#,01:11:15:04:26:08,WELLBORE,DEPTHS,1,[1|Rate|0.005495],,,,,,,,,,,,,,,,,
01:11:15:04:26:08,3739,3724.12,0,0.0400562,0,0,0,0.502462,0,6989.54,0,0,0,0,0,0,-498.59,0,0.502462,0.502462,0,0
01:11:15:04:26:09,3738.14,3722.98,0,0.0400562,0,0,0,0.502462,0,6988.68,0,0,0,0,0,0,-499.448,0,0.502462,0.502462,0,0
01:11:15:04:26:10,3737.28,3722.69,0,0.0400562,0,0,0,0.502462,0,6987.82,0,0,0,0,0,0,-500.306,0,0.502462,0.502462,0,0
01:11:15:04:26:11,3736.42,3720.98,0,0.0400562,0,0,0,0.502462,0,6986.96,0,0,0,0,0,0,-501.164,0,0.502462,0.502462,0,0
01:11:15:04:26:12,3736.14,3721.55,0,0.0400562,0,0,0,0.502462,0,6986.68,0,0,0,0,0,0,-501.451,0,0.502462,0.502462,0,0
01:11:15:04:26:13,3735.28,3720.98,0,0.0400562,0,0,0,0.502462,0,6985.82,0,0,0,0,0,0,-502.309,0,0.502462,0.502462,0,0
01:11:15:04:26:14,3736.14,3721.83,0,0.0400562,0,0,0,0.502462,0,6986.68,0,0,0,0,0,0,-501.451,0,0.502462,0.502462,0,0
01:11:15:04:26:15,3736.14,3721.83,0,0.0400562,0,0,0,0.502462,0,6986.68,0,0,0,0,0,0,-501.451,0,0.502462,0.502462,0,0
01:11:15:04:26:16,3736.71,3721.26,0,0.0400562,0,0,0,0.502462,0,6987.25,0,0,0,0,0,0,-500.879,0,0.502462,0.502462,0,0
01:11:15:04:26:17,3735.85,3721.26,0,0.0400562,0,0,0,0.502462,0,6986.39,0,0,0,0,0,0,-501.737,0,0.502462,0.502462,0,0
01:11:15:04:26:18,3735.85,3720.98,0,0.0400562,0,0,0,0.502462,0,6986.39,0,0,0,0,0,0,-501.737,0,0.502462,0.502462,0,0
01:11:15:04:26:19,3734.71,3720.4,0,0.0400562,0,0,0,0.502462,0,6985.25,0,0,0,0,0,0,-502.882,0,0.502462,0.502462,0,0
01:11:15:04:26:20,3734.99,3720.4,0,0.0400562,0,0,0,0.502462,0,6985.53,0,0,0,0,0,0,-502.595,0,0.502462,0.502462,0,0
01:11:15:04:26:21,3734.99,3720.12,0,0.0400562,0,0,0,0.502462,0,6985.53,0,0,0,0,0,0,-502.595,0,0.502462,0.502462,0,0
01:11:15:04:26:22,3735.28,3720.12,0,0.0400562,0,0,0,0.502462,0,6985.82,0,0,0,0,0,0,-502.309,0,0.502462,0.502462,0,0
#,01:11:15:04:26:23,WELLBORE,DEPTHS,1,[1|Rate|0.005495],,,,,,,,,,,,,,,,,
01:11:15:04:26:23,3734.99,3720.12,0,0.0400562,0,0,0,0.502462,0,6985.53,0,0,0,0,0,0,-502.595,0,0.502462,0.502462,0,0
01:11:15:04:26:24,3734.99,3720.4,0,0.0400562,0,0,0,0.502462,0,6985.53,0,0,0,0,0,0,-502.595,0,0.502462,0.502462,0,0
01:11:15:04:26:25,3734.71,3720.12,0,0.0400562,0,0,0,0.502462,0,6985.25,0,0,0,0,0,0,-502.882,0,0.502462,0.502462,0,0
01:11:15:04:26:26,3734.99,3719.83,0,0.0400562,0,0,0,0.502462,0,6985.53,0,0,0,0,0,0,-502.595,0,0.502462,0.502462,0,0
01:11:15:04:26:27,3734.99,3720.12,0,0.0400562,0,0,0,0.502462,0,6985.53,0,0,0,0,0,0,-502.595,0,0.502462,0.502462,0,0
01:11:15:04:26:28,3735.28,3720.4,0,0.0400562,0,0,0,0.502462,0,6985.82,0,0,0,0,0,0,-502.309,0,0.502462,0.502462,0,0
01:11:15:04:26:29,3734.71,3720.12,0,0.0400562,0,0,0,0.502462,0,6985.25,0,0,0,0,0,0,-502.882,0,0.502462,0.502462,0,0
01:11:15:04:26:30,3734.71,3720.4,0,0.0400562,0,0,0,0.502462,0,6985.25,0,0,0,0,0,0,-502.882,0,0.502462,0.502462,0,0
01:11:15:04:26:31,3733.85,3719.54,0,0.0400562,0,0,0,0.502462,0,6984.39,0,0,0,0,0,0,-503.74,0,0.502462,0.502462,0,0
01:11:15:04:26:32,3734.42,3719.26,0,0.0400562,0,0,0,0.502462,0,6984.96,0,0,0,0,0,0,-503.167,0,0.502462,0.502462,0,0
01:11:15:04:26:33,3733.28,3719.26,0,0.0400562,0,0,0,0.502462,0,6983.82,0,0,0,0,0,0,-504.312,0,0.502462,0.502462,0,0
01:11:15:04:26:34,3733.28,3718.4,0,0.0400562,0,0,0,0.502462,0,6983.82,0,0,0,0,0,0,-504.312,0,0.502462,0.502462,0,0
01:11:15:04:26:35,3732.99,3718.4,0,0.0400562,0,0,0,0.502462,0,6983.53,0,0,0,0,0,0,-504.598,0,0.502462,0.502462,0,0
01:11:15:04:26:36,3732.71,3718.4,0,0.0400562,0,0,0,0.502462,0,6983.24,0,0,0,0,0,0,-504.884,0,0.502462,0.502462,0,0
01:11:15:04:26:37,3733.56,3718.11,0,0.0400562,0,0,0,0.502462,0,6984.1,0,0,0,0,0,0,-504.026,0,0.502462,0.502462,0,0
#,01:11:15:04:26:38,WELLBORE,DEPTHS,1,[1|Rate|0.005495],,,,,,,,,,,,,,,,,
01:11:15:04:26:38,3732.99,3718.11,0,0.0400562,0,0,0,0.502462,0,6983.53,0,0,0,0,0,0,-504.598,0,0.502462,0.502462,0,0
01:11:15:04:26:39,3732.71,3717.54,0,0.0400562,0,0,0,0.502462,0,6983.24,0,0,0,0,0,0,-504.884,0,0.502462,0.502462,0,0
01:11:15:04:26:40,3732.99,3717.54,0,0.0400562,0,0,0,0.502462,0,6983.53,0,0,0,0,0,0,-504.598,0,0.502462,0.502462,0,0
01:11:15:04:26:41,3732.13,3717.26,0,0.0400562,0,0,0,0.502462,0,6982.67,0,0,0,0,0,0,-505.456,0,0.502462,0.502462,0,0
01:11:15:04:26:42,3732.71,3717.83,0,0.0400562,0,0,0,0.502462,0,6983.24,0,0,0,0,0,0,-504.884,0,0.502462,0.502462,0,0
01:11:15:04:26:43,3732.42,3717.26,0,0.0400562,0,0,0,0.502462,0,6982.96,0,0,0,0,0,0,-505.17,0,0.502462,0.502462,0,0
01:11:15:04:26:44,3732.42,3716.97,0,0.0400562,0,0,0,0.502462,0,6982.96,0,0,0,0,0,0,-505.17,0,0.502462,0.502462,0,0
01:11:15:04:26:45,3732.42,3717.54,0,0.0400562,0,0,0,0.502462,0,6982.96,0,0,0,0,0,0,-505.17,0,0.502462,0.502462,0,0
01:11:15:04:26:46,3732.13,3717.54,0,0.0400562,0,0,0,0.502462,0,6982.67,0,0,0,0,0,0,-505.456,0,0.502462,0.502462,0,0
01:11:15:04:26:47,3732.13,3717.26,0,0.0400562,0,0,0,0.502462,0,6982.67,0,0,0,0,0,0,-505.456,0,0.502462,0.502462,0,0
01:11:15:04:26:48,3731.85,3716.68,0,0.0400562,0,0,0,0.502462,0,6982.39,0,0,0,0,0,0,-505.742,0,0.502462,0.502462,0,0
01:11:15:04:26:49,3731.56,3716.4,0,0.0400562,0,0,0,0.502462,0,6982.1,0,0,0,0,0,0,-506.028,0,0.502462,0.502462,0,0
01:11:15:04:26:50,3731.27,3715.83,0,0.0400562,0,0,0,0.502462,0,6981.81,0,0,0,0,0,0,-506.314,0,0.502462,0.502462,0,0
01:11:15:04:26:51,3731.56,3716.97,0,0.0400562,0,0,0,0.502462,0,6982.1,0,0,0,0,0,0,-506.028,0,0.502462,0.502462,0,0
01:11:15:04:26:52,3730.99,3716.4,0,0.0400562,0,0,0,0.502462,0,6981.53,0,0,0,0,0,0,-506.6,0,0.502462,0.502462,0,0
#,01:11:15:04:26:53,WELLBORE,DEPTHS,1,[1|Rate|0.005495],,,,,,,,,,,,,,,,,
01:11:15:04:26:53,3731.56,3716.11,0,0.0400562,0,0,0,0.502462,0,6982.1,0,0,0,0,0,0,-506.028,0,0.502462,0.502462,0,0
01:11:15:04:26:54,3731.27,3716.11,0,0.0400562,0,0,0,0.502462,0,6981.81,0,0,0,0,0,0,-506.314,0,0.502462,0.502462,0,0
01:11:15:04:26:55,3730.99,3716.11,0,0.0400562,0,0,0,0.502462,0,6981.53,0,0,0,0,0,0,-506.6,0,0.502462,0.502462,0,0
01:11:15:04:26:56,3730.99,3715.25,0,0.0400562,0,0,0,0.502462,0,6981.53,0,0,0,0,0,0,-506.6,0,0.502462,0.502462,0,0
01:11:15:04:26:57,3730.99,3715.25,0,0.0400562,0,0,0,0.502462,0,6981.53,0,0,0,0,0,0,-506.6,0,0.502462,0.502462,0,0
01:11:15:04:26:58,3730.99,3714.97,0,0.0400562,0,0,0,0.502462,0,6981.53,0,0,0,0,0,0,-506.6,0,0.502462,0.502462,0,0
01:11:15:04:26:59,3730.7,3715.54,0,0.0400562,0,0,0,0.502462,0,6981.24,0,0,0,0,0,0,-506.887,0,0.502462,0.502462,0,0
01:11:15:04:27:00,3730.13,3714.97,0,0.0400562,0,0,0,0.502462,0,6980.67,0,0,0,0,0,0,-507.459,0,0.502462,0.502462,0,0
01:11:15:04:27:01,3730.42,3715.54,0,0.0400562,0,0,0,0.502462,0,6980.96,0,0,0,0,0,0,-507.172,0,0.502462,0.502462,0,0
01:11:15:04:27:02,3729.84,3715.25,0,0.0400562,0,0,0,0.502462,0,6980.38,0,0,0,0,0,0,-507.745,0,0.502462,0.502462,0,0
01:11:15:04:27:03,3730.13,3714.97,0,0.0400562,0,0,0,0.502462,0,6980.67,0,0,0,0,0,0,-507.459,0,0.502462,0.502462,0,0
01:11:15:04:27:04,3729.56,3714.68,0,0.0400562,0,0,0,0.502462,0,6980.1,0,0,0,0,0,0,-508.031,0,0.502462,0.502462,0,0
01:11:15:04:27:05,3729.84,3714.97,0,0.0400562,0,0,0,0.502462,0,6980.38,0,0,0,0,0,0,-507.745,0,0.502462,0.502462,0,0
01:11:15:04:27:06,3729.27,3714.68,0,0.0400562,0,0,0,0.502462,0,6979.81,0,0,0,0,0,0,-508.317,0,0.502462,0.502462,0,0
01:11:15:04:27:07,3729.27,3714.11,0,0.0400562,0,0,0,0.502462,0,6979.81,0,0,0,0,0,0,-508.317,0,0.502462,0.502462,0,0
#,01:11:15:04:27:08,WELLBORE,DEPTHS,1,[1|Rate|0.005495],,,,,,,,,,,,,,,,,
01:11:15:04:27:08,3728.7,3713.54,0,0.0400562,0,0,0,0.502462,0,6979.24,0,0,0,0,0,0,-508.89,0,0.502462,0.502462,0,0
01:11:15:04:27:09,3729.56,3714.11,0,0.0400562,0,0,0,0.502462,0,6980.1,0,0,0,0,0,0,-508.031,0,0.502462,0.502462,0,0
01:11:15:04:27:10,3728.7,3714.11,0,0.0400562,0,0,0,0.502462,0,6979.24,0,0,0,0,0,0,-508.89,0,0.502462,0.502462,0,0
01:11:15:04:27:11,3729.56,3714.11,0,0.0400562,0,0,0,0.502462,0,6980.1,0,0,0,0,0,0,-508.031,0,0.502462,0.502462,0,0
01:11:15:04:27:12,3728.99,3712.96,0,0.0400562,0,0,0,0.502462,0,6979.52,0,0,0,0,0,0,-508.603,0,0.502462,0.502462,0,0
01:11:15:04:27:13,3728.41,3713.54,0,0.0400562,0,0,0,0.502462,0,6978.95,0,0,0,0,0,0,-509.175,0,0.502462,0.502462,0,0
01:11:15:04:27:14,3728.41,3713.25,0,0.0400562,0,0,0,0.502462,0,6978.95,0,0,0,0,0,0,-509.175,0,0.502462,0.502462,0,0
01:11:15:04:27:15,3728.41,3713.82,0,0.0400562,0,0,0,0.502462,0,6978.95,0,0,0,0,0,0,-509.175,0,0.502462,0.502462,0,0
01:11:15:04:27:16,3728.13,3712.68,0,0.0400562,0,0,0,0.502462,0,6978.67,0,0,0,0,0,0,-509.462,0,0.502462,0.502462,0,0
01:11:15:04:27:17,3727.84,3713.25,0,0.0400562,0,0,0,0.502462,0,6978.38,0,0,0,0,0,0,-509.748,0,0.502462,0.502462,0,0
01:11:15:04:27:18,3728.13,3713.25,0,0.0400562,0,0,0,0.502462,0,6978.67,0,0,0,0,0,0,-509.462,0,0.502462,0.502462,0,0
01:11:15:04:27:19,3728.13,3712.96,0,0.0400562,0,0,0,0.502462,0,6978.67,0,0,0,0,0,0,-509.462,0,0.502462,0.502462,0,0
01:11:15:04:27:20,3727.56,3712.68,0,0.0400562,0,0,0,0.502462,0,6978.09,0,0,0,0,0,0,-510.034,0,0.502462,0.502462,0,0
01:11:15:04:27:21,3727.56,3713.25,0,0.0400562,0,0,0,0.502462,0,6978.09,0,0,0,0,0,0,-510.034,0,0.502462,0.502462,0,0
01:11:15:04:27:22,3727.56,3712.68,0,0.0400562,0,0,0,0.502462,0,6978.09,0,0,0,0,0,0,-510.034,0,0.502462,0.502462,0,0
#,01:11:15:04:27:23,WELLBORE,DEPTHS,1,[1|Rate|0.005495],,,,,,,,,,,,,,,,,
01:11:15:04:27:23,3727.56,3712.11,0,0.0400562,0,0,0,0.502462,0,6978.09,0,0,0,0,0,0,-510.034,0,0.502462,0.502462,0,0
01:11:15:04:27:24,3727.56,3712.39,0,0.0400562,0,0,0,0.502462,0,6978.09,0,0,0,0,0,0,-510.034,0,0.502462,0.502462,0,0
01:11:15:04:27:25,3726.98,3712.11,0,0.0400562,0,0,0,0.502462,0,6977.52,0,0,0,0,0,0,-510.606,0,0.502462,0.502462,0,0
01:11:15:04:27:26,3726.98,3712.11,0,0.0400562,0,0,0,0.502462,0,6977.52,0,0,0,0,0,0,-510.606,0,0.502462,0.502462,0,0
01:11:15:04:27:27,3727.27,3712.39,0,0.0400562,0,0,0,0.502462,0,6977.81,0,0,0,0,0,0,-510.32,0,0.502462,0.502462,0,0
01:11:15:04:27:28,3726.98,3711.82,0,0.0400562,0,0,0,0.502462,0,6977.52,0,0,0,0,0,0,-510.606,0,0.502462,0.502462,0,0
01:11:15:04:27:29,3726.98,3711.25,0,0.0400562,0,0,0,0.502462,0,6977.52,0,0,0,0,0,0,-510.606,0,0.502462,0.502462,0,0
01:11:15:04:27:30,3726.7,3711.82,0,0.0400562,0,0,0,0.502462,0,6977.24,0,0,0,0,0,0,-510.892,0,0.502462,0.502462,0,0
01:11:15:04:27:31,3726.41,3711.53,0,0.0400562,0,0,0,0.502462,0,6976.95,0,0,0,0,0,0,-511.178,0,0.502462,0.502462,0,0
01:11:15:04:27:32,3726.13,3710.68,0,0.0400562,0,0,0,0.502462,0,6976.66,0,0,0,0,0,0,-511.464,0,0.502462,0.502462,0,0
01:11:15:04:27:33,3726.41,3710.96,0,0.0400562,0,0,0,0.502462,0,6976.95,0,0,0,0,0,0,-511.178,0,0.502462,0.502462,0,0
01:11:15:04:27:34,3725.55,3710.68,0,0.0400562,0,0,0,0.502462,0,6976.09,0,0,0,0,0,0,-512.036,0,0.502462,0.502462,0,0
01:11:15:04:27:35,3726.41,3711.25,0,0.0400562,0,0,0,0.502462,0,6976.95,0,0,0,0,0,0,-511.178,0,0.502462,0.502462,0,0
01:11:15:04:27:36,3726.41,3711.25,0,0.0400562,0,0,0,0.502462,0,6976.95,0,0,0,0,0,0,-511.178,0,0.502462,0.502462,0,0
01:11:15:04:27:37,3727.27,3711.53,0,0.0400562,0,0,0,0.502462,0,6977.81,0,0,0,0,0,0,-510.32,0,0.502462,0.502462,0,0
#,01:11:15:04:27:38,WELLBORE,DEPTHS,1,[1|Rate|0.005495],,,,,,,,,,,,,,,,,
01:11:15:04:27:38,3726.41,3711.82,0,0.0400562,0,0,0,0.502462,0,6976.95,0,0,0,0,0,0,-511.178,0,0.502462,0.502462,0,0
01:11:15:04:27:39,3726.7,3711.25,0,0.0400562,0,0,0,0.502462,0,6977.24,0,0,0,0,0,0,-510.892,0,0.502462,0.502462,0,0
01:11:15:04:27:40,3726.13,3710.96,0,0.0400562,0,0,0,0.502462,0,6976.66,0,0,0,0,0,0,-511.464,0,0.502462,0.502462,0,0
01:11:15:04:27:41,3724.98,3710.68,0,0.0400562,0,0,0,0.502462,0,6975.52,0,0,0,0,0,0,-512.608,0,0.502462,0.502462,0,0
01:11:15:04:27:42,3724.69,3709.25,0,0.0400562,0,0,0,0.502462,0,6975.23,0,0,0,0,0,0,-512.895,0,0.502462,0.502462,0,0
01:11:15:04:27:43,3724.69,3709.25,0,0.0400562,0,0,0,0.502462,0,6975.23,0,0,0,0,0,0,-512.895,0,0.502462,0.502462,0,0
01:11:15:04:27:44,3724.69,3709.25,0,0.0400562,0,0,0,0.502462,0,6975.23,0,0,0,0,0,0,-512.895,0,0.502462,0.502462,0,0
01:11:15:04:27:45,3724.69,3709.53,0,0.0400562,0,0,0,0.502462,0,6975.23,0,0,0,0,0,0,-512.895,0,0.502462,0.502462,0,0
01:11:15:04:27:46,3724.12,3709.25,0,0.0400562,0,0,0,0.502462,0,6974.66,0,0,0,0,0,0,-513.467,0,0.502462,0.502462,0,0
01:11:15:04:27:47,3724.98,3708.96,0,0.0400562,0,0,0,0.502462,0,6975.52,0,0,0,0,0,0,-512.608,0,0.502462,0.502462,0,0
01:11:15:04:27:48,3721.55,3705.24,0,0.0400562,0,0,0,0.502462,0,6972.09,0,0,0,0,0,0,-516.042,0,0.502462,0.502462,0,0
01:11:15:04:27:49,3719.54,3704.38,0,0.0400562,0,0,0,0.502462,0,6970.08,0,0,0,0,0,0,-518.044,0,0.502462,0.502462,0,0
01:11:15:04:27:50,3719.54,3704.38,0,0.0400562,0,0,0,0.502462,0,6970.08,0,0,0,0,0,0,-518.044,0,0.502462,0.502462,0,0
01:11:15:04:27:51,3719.83,3704.38,0,0.0400562,0,0,0,0.502462,0,6970.37,0,0,0,0,0,0,-517.758,0,0.502462,0.502462,0,0
01:11:15:04:27:52,3720.4,3705.24,0,0.0400562,0,0,0,0.502462,0,6970.94,0,0,0,0,0,0,-517.186,0,0.502462,0.502462,0,0
#,01:11:15:04:27:53,WELLBORE,DEPTHS,1,[1|Rate|0.005495],,,,,,,,,,,,,,,,,
01:11:15:04:27:53,3722.98,3706.96,0,0.0400562,0,0,0,0.502462,0,6973.52,0,0,0,0,0,0,-514.611,0,0.502462,0.502462,0,0
01:11:15:04:27:54,3721.26,3706.38,0,0.0400562,0,0,0,0.502462,0,6971.8,0,0,0,0,0,0,-516.328,0,0.502462,0.502462,0,0
01:11:15:04:27:55,3719.54,3704.1,0,0.0400562,0,0,0,0.502462,0,6970.08,0,0,0,0,0,0,-518.044,0,0.502462,0.502462,0,0
01:11:15:04:27:56,3717.83,3703.24,0,0.0400562,0,0,0,0.502462,0,6968.37,0,0,0,0,0,0,-519.761,0,0.502462,0.502462,0,0
01:11:15:04:27:57,3716.4,3700.95,0,0.0400562,0,0,0,0.502462,0,6966.94,0,0,0,0,0,0,-521.192,0,0.502462,0.502462,0,0
01:11:15:04:27:58,3714.4,3699.52,0,0.0400562,0,0,0,0.502462,0,6964.93,0,0,0,0,0,0,-523.195,0,0.502462,0.502462,0,0
01:11:15:04:27:59,3713.82,3698.09,0,0.0400562,0,0,0,0.502462,0,6964.36,0,0,0,0,0,0,-523.767,0,0.502462,0.502462,0,0
01:11:15:04:28:00,3712.68,3698.09,0,0.0400562,0,0,0,0.502462,0,6963.22,0,0,0,0,0,0,-524.911,0,0.502462,0.502462,0,0
01:11:15:04:28:01,3712.11,3697.51,0,0.0400562,0,0,0,0.502462,0,6962.65,0,0,0,0,0,0,-525.483,0,0.502462,0.502462,0,0
01:11:15:04:28:02,3711.25,3696.37,0,0.0400562,0,0,0,0.502462,0,6961.79,0,0,0,0,0,0,-526.342,0,0.502462,0.502462,0,0
01:11:15:04:28:03,3710.68,3695.8,0,0.0400562,0,0,0,0.502462,0,6961.21,0,0,0,0,0,0,-526.914,0,0.502462,0.502462,0,0
01:11:15:04:28:04,3710.68,3696.08,0,0.0400562,0,0,0,0.502462,0,6961.21,0,0,0,0,0,0,-526.914,0,0.502462,0.502462,0,0
01:11:15:04:28:05,3710.1,3694.08,0,0.0400562,0,0,0,0.502462,0,6960.64,0,0,0,0,0,0,-527.486,0,0.502462,0.502462,0,0
01:11:15:04:28:06,3709.25,3694.94,0,0.0400562,0,0,0,0.502462,0,6959.78,0,0,0,0,0,0,-528.344,0,0.502462,0.502462,0,0
01:11:15:04:28:07,3707.81,3692.94,0,0.0400562,0,0,0,0.502462,0,6958.35,0,0,0,0,0,0,-529.775,0,0.502462,0.502462,0,0
#,01:11:15:04:28:08,WELLBORE,DEPTHS,1,[1|Rate|0.005495],,,,,,,,,,,,,,,,,
01:11:15:04:28:08,3706.67,3691.51,0,0.0400562,0,0,0,0.502462,0,6957.21,0,0,0,0,0,0,-530.919,0,0.502462,0.502462,0,0
01:11:15:04:28:09,3705.53,3690.65,0,0.0400562,0,0,0,0.502462,0,6956.06,0,0,0,0,0,0,-532.063,0,0.502462,0.502462,0,0
01:11:15:04:28:10,3704.38,3689.22,0,0.0400562,0,0,0,0.502462,0,6954.92,0,0,0,0,0,0,-533.208,0,0.502462,0.502462,0,0
01:11:15:04:28:11,3704.1,3688.65,0,0.0400562,0,0,0,0.502462,0,6954.63,0,0,0,0,0,0,-533.494,0,0.502462,0.502462,0,0
01:11:15:04:28:12,3702.95,3687.79,0,0.0400562,0,0,0,0.502462,0,6953.49,0,0,0,0,0,0,-534.639,0,0.502462,0.502462,0,0
01:11:15:04:28:13,3703.52,3688.65,0,0.0400562,0,0,0,0.502462,0,6954.06,0,0,0,0,0,0,-534.066,0,0.502462,0.502462,0,0
01:11:15:04:28:14,3704.38,3689.22,0,0.0400562,0,0,0,0.502462,0,6954.92,0,0,0,0,0,0,-533.208,0,0.502462,0.502462,0,0
01:11:15:04:28:15,3703.24,3687.79,0,0.0400562,0,0,0,0.502462,0,6953.78,0,0,0,0,0,0,-534.353,0,0.502462,0.502462,0,0
01:11:15:04:28:16,3703.52,3688.07,0,0.0400562,0,0,0,0.502462,0,6954.06,0,0,0,0,0,0,-534.066,0,0.502462,0.502462,0,0
01:11:15:04:28:17,3703.52,3687.5,0,0.0400562,0,0,0,0.502462,0,6954.06,0,0,0,0,0,0,-534.066,0,0.502462,0.502462,0,0
01:11:15:04:28:18,3702.95,3688.07,0,0.0400562,0,0,0,0.502462,0,6953.49,0,0,0,0,0,0,-534.639,0,0.502462,0.502462,0,0
01:11:15:04:28:19,3703.52,3687.79,0,0.0400562,0,0,0,0.502462,0,6954.06,0,0,0,0,0,0,-534.066,0,0.502462,0.502462,0,0
01:11:15:04:28:20,3704.1,3688.93,0,0.0400562,0,0,0,0.502462,0,6954.63,0,0,0,0,0,0,-533.494,0,0.502462,0.502462,0,0
01:11:15:04:28:21,3703.81,3688.65,0,0.0400562,0,0,0,0.502462,0,6954.35,0,0,0,0,0,0,-533.781,0,0.502462,0.502462,0,0
01:11:15:04:28:22,3703.81,3688.07,0,0.0400562,0,0,0,0.502462,0,6954.35,0,0,0,0,0,0,-533.781,0,0.502462,0.502462,0,0
#,01:11:15:04:28:23,WELLBORE,DEPTHS,1,[1|Rate|0.005495],,,,,,,,,,,,,,,,,
01:11:15:04:28:23,3703.81,3688.36,0,0.0400562,0,0,0,0.502462,0,6954.35,0,0,0,0,0,0,-533.781,0,0.502462,0.502462,0,0
01:11:15:04:28:24,3703.52,3688.07,0,0.0400562,0,0,0,0.502462,0,6954.06,0,0,0,0,0,0,-534.066,0,0.502462,0.502462,0,0
01:11:15:04:28:25,3703.24,3688.07,0,0.0400562,0,0,0,0.502462,0,6953.78,0,0,0,0,0,0,-534.353,0,0.502462,0.502462,0,0
01:11:15:04:28:26,3702.95,3686.93,0,0.0400562,0,0,0,0.502462,0,6953.49,0,0,0,0,0,0,-534.639,0,0.502462,0.502462,0,0
01:11:15:04:28:27,3700.95,3685.21,0,0.0400562,0,0,0,0.502462,0,6951.49,0,0,0,0,0,0,-536.641,0,0.502462,0.502462,0,0
01:11:15:04:28:28,3701.52,3686.07,0,0.0400562,0,0,0,0.502462,0,6952.06,0,0,0,0,0,0,-536.069,0,0.502462,0.502462,0,0
01:11:15:04:28:29,3700.09,3685.21,0,0.0400562,0,0,0,0.502462,0,6950.63,0,0,0,0,0,0,-537.499,0,0.502462,0.502462,0,0
01:11:15:04:28:30,3701.52,3686.07,0,0.0400562,0,0,0,0.502462,0,6952.06,0,0,0,0,0,0,-536.069,0,0.502462,0.502462,0,0
01:11:15:04:28:31,3702.09,3686.36,0,0.0400562,0,0,0,0.502462,0,6952.63,0,0,0,0,0,0,-535.497,0,0.502462,0.502462,0,0
01:11:15:04:28:32,3702.66,3687.5,0,0.0400562,0,0,0,0.502462,0,6953.2,0,0,0,0,0,0,-534.925,0,0.502462,0.502462,0,0
01:11:15:04:28:33,3702.38,3686.64,0,0.0400562,0,0,0,0.502462,0,6952.92,0,0,0,0,0,0,-535.211,0,0.502462,0.502462,0,0
01:11:15:04:28:34,3700.95,3685.5,0,0.0400562,0,0,0,0.502462,0,6951.49,0,0,0,0,0,0,-536.641,0,0.502462,0.502462,0,0
01:11:15:04:28:35,3699.23,3684.07,0,0.0400562,0,0,0,0.502462,0,6949.77,0,0,0,0,0,0,-538.358,0,0.502462,0.502462,0,0
01:11:15:04:28:36,3698.66,3683.21,0,0.0400562,0,0,0,0.502462,0,6949.2,0,0,0,0,0,0,-538.93,0,0.502462,0.502462,0,0
01:11:15:04:28:37,3698.37,3683.78,0,0.0400562,0,0,0,0.502462,0,6948.91,0,0,0,0,0,0,-539.216,0,0.502462,0.502462,0,0
#,01:11:15:04:28:38,WELLBORE,DEPTHS,1,[1|Rate|0.005495],,,,,,,,,,,,,,,,,
01:11:15:04:28:38,3698.95,3684.07,0,0.0400562,0,0,0,0.502462,0,6949.48,0,0,0,0,0,0,-538.644,0,0.502462,0.502462,0,0
01:11:15:04:28:39,3700.38,3684.93,0,0.0400562,0,0,0,0.502462,0,6950.91,0,0,0,0,0,0,-537.214,0,0.502462,0.502462,0,0
01:11:15:04:28:40,3700.66,3685.21,0,0.0400562,0,0,0,0.502462,0,6951.2,0,0,0,0,0,0,-536.927,0,0.502462,0.502462,0,0
01:11:15:04:28:41,3699.8,3684.64,0,0.0400562,0,0,0,0.502462,0,6950.34,0,0,0,0,0,0,-537.786,0,0.502462,0.502462,0,0
01:11:15:04:28:42,3697.23,3682.07,0,0.0400562,0,0,0,0.502462,0,6947.77,0,0,0,0,0,0,-540.361,0,0.502462,0.502462,0,0
01:11:15:04:28:43,3717.54,3697.51,0,0.0400562,0,0,0,0.502462,0,6968.08,0,0,0,0,0,0,-520.047,0,0.502462,0.502462,0,0
01:11:15:04:28:44,3775.33,3767.32,0,0.0400562,0,0,0,0.502462,0,7025.87,0,0,0,0,0,0,-462.255,0,0.502462,0.502462,0,0
01:11:15:04:28:45,3824.54,3812.53,0.0830218,0.0400562,0,0,0,0.502462,0,7075.08,0,0,0,0,0,0,-413.045,0,0.503154,0.502462,0,0
01:11:15:04:28:46,3830.84,3814.24,0.772326,0.0400562,0.0830218,0,0,0.503154,0,7081.34,0,0,0,0,0,0,-406.79,0,0.510282,0.503154,0,0
01:11:15:04:28:47,3832.55,3816.25,1.87223,0.0400562,0.772326,0,0,0.510282,0,7081.05,0,0,0,0,0,0,-407.079,0,0.53232,0.510282,0,0
01:11:15:04:28:48,3820.25,3807.09,2.65903,0.0400562,1.87223,0,0,0.53232,0,7060.88,0,0,0,0,0,0,-427.251,0,0.57008,0.53232,0,0
01:11:15:04:28:49,3803.09,3787.35,2.60038,0.0400562,2.65903,0,0,0.57008,0,7035.1,0,0,0,0,0,0,-453.029,0,0.613909,0.57008,0,0
01:11:15:04:28:50,3821.68,3805.66,2.52014,0.0400562,2.60038,0,0,0.613909,0,7054.44,0,0,0,0,0,0,-433.692,0,0.65658,0.613909,0,0
01:11:15:04:28:51,3857.16,3842.28,2.51969,0.0400562,2.52014,0,0,0.65658,0,7090.9,0,0,0,0,0,0,-397.233,0,0.698579,0.65658,0,0
01:11:15:04:28:52,3873.18,3857.73,2.52238,0.0400562,2.51969,0,0,0.698579,0,7106.94,0,0,0,0,0,0,-381.193,0,0.740596,0.698579,0,0
#,01:11:15:04:28:53,WELLBORE,DEPTHS,1,[1|Rate|0.008329],,,,,,,,,,,,,,,,,
01:11:15:04:28:53,3882.34,3866.31,2.51231,0.0400562,2.52238,0,0,0.740596,0,7116.07,0,0,0,0,0,0,-372.055,0,0.782551,0.740596,0,0
01:11:15:04:28:54,3892.06,3876.9,2.49103,0.0400562,2.51231,0,0,0.782551,0,7125.94,0,0,0,0,0,0,-362.192,0,0.824246,0.782551,0,0
01:11:15:04:28:55,3893.49,3878.04,2.47771,0.0400562,2.49103,0,0,0.824246,0,7127.63,0,0,0,0,0,0,-360.496,0,0.865652,0.824246,0,0
01:11:15:04:28:56,3895.5,3880.33,2.47407,0.0400562,2.47771,0,0,0.865652,0,7129.81,0,0,0,0,0,0,-358.322,0,0.906917,0.865652,0,0
01:11:15:04:28:57,3907.51,3892.92,2.47775,0.0400562,2.47407,0,0,0.906917,0,7141.88,0,0,0,0,0,0,-346.247,0,0.948182,0.906917,0,0
01:11:15:04:28:58,3917.53,3902.94,2.48369,0.0400562,2.47775,0,0,0.948182,0,7151.86,0,0,0,0,0,0,-336.264,0,0.989528,0.948182,0,0
01:11:15:04:28:59,3927.83,3913.24,2.48918,0.0400562,2.48369,0,0,0.989528,0,7162.11,0,0,0,0,0,0,-326.02,0,1.03097,0.989528,0,0
01:11:15:04:29:00,3935.84,3920.67,2.48803,0.0400562,2.48918,0,0,1.03097,0,7170.07,0,0,0,0,0,0,-318.06,0,1.07245,1.03097,0,0
01:11:15:04:29:01,3940.7,3927.83,2.48577,0.0400562,2.48803,0,0,1.07245,0,7174.96,0,0,0,0,0,0,-313.169,0,1.11389,1.07245,0,0
01:11:15:04:29:02,3944.99,3932.12,2.47568,0.0400562,2.48577,0,0,1.11389,0,7179.29,0,0,0,0,0,0,-308.837,0,1.15524,1.11389,0,0
01:11:15:04:29:03,3948.71,3935.84,2.46439,0.0400562,2.47568,0,0,1.15524,0,7183.14,0,0,0,0,0,0,-304.984,0,1.19641,1.15524,0,0
01:11:15:04:29:04,3953,3939.84,2.45867,0.0400562,2.46439,0,0,1.19641,0,7187.58,0,0,0,0,0,0,-300.547,0,1.23743,1.19641,0,0
01:11:15:04:29:05,3959.01,3946.42,2.45433,0.0400562,2.45867,0,0,1.23743,0,7193.67,0,0,0,0,0,0,-294.455,0,1.27837,1.23743,0,0
01:11:15:04:29:06,3965.31,3953,2.45216,0.0400562,2.45433,0,0,1.27837,0,7200.03,0,0,0,0,0,0,-288.099,0,1.31926,1.27837,0,0
01:11:15:04:29:07,3970.17,3958.15,2.44882,0.0400562,2.45216,0,0,1.31926,0,7204.93,0,0,0,0,0,0,-283.197,0,1.3601,1.31926,0,0
#,01:11:15:04:29:08,WELLBORE,DEPTHS,1,[1|Rate|0.015097],,,,,,,,,,,,,,,,,
01:11:15:04:29:08,3977.32,3963.59,2.45248,0.0400562,2.44882,0,0,1.3601,0,7212.14,0,0,0,0,0,0,-275.991,0,1.40095,1.3601,0,0
01:11:15:04:29:09,3982.19,3968.74,2.45534,0.0400562,2.45248,0,0,1.40095,0,7216.97,0,0,0,0,0,0,-271.154,0,1.44184,1.40095,0,0
01:11:15:04:29:10,3986.19,3971.6,2.46028,0.0400562,2.45534,0,0,1.44184,0,7220.96,0,0,0,0,0,0,-267.171,0,1.48281,1.44184,0,0
01:11:15:04:29:11,3989.34,3975.89,2.46028,0.0400562,2.46028,0,0,1.48281,0,7224.06,0,0,0,0,0,0,-264.066,0,1.52381,1.48281,0,0
01:11:15:04:29:12,3987.91,3972.74,2.46101,0.0400562,2.46028,0,0,1.52381,0,7222.65,0,0,0,0,0,0,-265.48,0,1.56482,1.52381,0,0
01:11:15:04:29:13,3989.05,3969.6,2.46224,0.0400562,2.46101,0,0,1.56482,0,7223.8,0,0,0,0,0,0,-264.333,0,1.60585,1.56482,0,0
01:11:15:04:29:14,4066.59,4048.85,2.46184,0.0400562,2.46224,0,0,1.60585,0,7301.33,0,0,0,0,0,0,-186.8,0,1.64689,1.60585,0,0
01:11:15:04:29:15,4102.06,4082.61,1.97988,0.0400562,2.46184,0,0,1.64689,0,7336.83,0,0,0,0,0,0,-151.303,0,1.6839,1.64689,0,0
01:11:15:04:29:16,4103.49,4085.18,2.64584,0.0400562,1.97988,0,0,1.6839,0,7343.47,0,0,0,0,0,0,-144.66,0,1.72245,1.6839,0,0
01:11:15:04:29:17,4102.63,4088.04,3.95356,0.0400562,2.64584,0,0,1.72245,0,7335.21,0,0,0,0,0,0,-152.923,0,1.77744,1.72245,0,0
01:11:15:04:29:18,4092.91,4084.04,4.3033,0.0400562,3.95356,0,0,1.77744,0,7306.27,0,0,0,0,0,0,-181.859,0,1.84625,1.77744,0,0
01:11:15:04:29:19,4097.77,4080.89,4.13672,0.0400562,4.3033,0,0,1.84625,0,7305.02,0,0,0,0,0,0,-183.111,0,1.91658,1.84625,0,0
01:11:15:04:29:20,4135.54,4114.36,4.08505,0.0400562,4.13672,0,0,1.91658,0,7345.78,0,0,0,0,0,0,-142.348,0,1.9851,1.91658,0,0
01:11:15:04:29:21,4166.43,4144.4,4.06164,0.0400562,4.08505,0,0,1.9851,0,7377.61,0,0,0,0,0,0,-110.519,0,2.05299,1.9851,0,0
01:11:15:04:29:22,4182.46,4159.28,4.066,0.0400562,4.06164,0,0,2.05299,0,7394.06,0,0,0,0,0,0,-94.072,0,2.12072,2.05299,0,0
#,01:11:15:04:29:23,WELLBORE,DEPTHS,1,[1|Rate|0.023563],,,,,,,,,,,,,,,,,
01:11:15:04:29:23,4189.61,4172.73,4.0359,0.0400562,4.066,0,0,2.12072,0,7401.16,0,0,0,0,0,0,-86.971,0,2.18823,2.12072,0,0
01:11:15:04:29:24,4201.05,4174.45,4.01925,0.0400562,4.0359,0,0,2.18823,0,7413.15,0,0,0,0,0,0,-74.9827,0,2.25536,2.18823,0,0
01:11:15:04:29:25,4211.64,4183.03,4.01012,0.0400562,4.01925,0,0,2.25536,0,7424.04,0,0,0,0,0,0,-64.0881,0,2.32227,2.25536,0,0
01:11:15:04:29:26,4225.66,4197.91,4.01316,0.0400562,4.01012,0,0,2.32227,0,7438.24,0,0,0,0,0,0,-49.8924,0,2.38913,2.32227,0,0
01:11:15:04:29:27,4241.11,4207.63,4.0123,0.0400562,4.01316,0,0,2.38913,0,7453.66,0,0,0,0,0,0,-34.4697,0,2.45601,2.38913,0,0
01:11:15:04:29:28,4252.55,4221.08,4.00493,0.0400562,4.0123,0,0,2.45601,0,7465.14,0,0,0,0,0,0,-22.9879,0,2.52282,2.45601,0,0
01:11:15:04:29:29,4263.14,4228.52,3.99439,0.0400562,4.00493,0,0,2.52282,0,7475.87,0,0,0,0,0,0,-12.2557,0,2.58948,2.52282,0,0
01:11:15:04:29:30,4273.72,4236.24,3.99333,0.0400562,3.99439,0,0,2.58948,0,7486.67,0,0,0,0,0,0,-1.46314,0,2.65605,2.58948,0,0
01:11:15:04:29:31,4283.16,4246.83,3.9875,0.0400562,3.99333,0,0,2.65605,0,7496.14,0,0,0,0,0,0,8.01652,0,2.72255,2.65605,0,0
01:11:15:04:29:32,4289.74,4251.41,3.97786,0.0400562,3.9875,0,0,2.72255,0,7502.85,0,0,0,0,0,0,14.7173,0,2.78893,2.72255,0,0
01:11:15:04:29:33,4297.47,4261.42,3.97785,0.0400562,3.97786,0,0,2.78893,0,7510.76,0,0,0,0,0,0,22.6299,0,2.85523,2.78893,0,0
01:11:15:04:29:34,4305.19,4266.86,3.96828,0.0400562,3.97785,0,0,2.85523,0,7518.51,0,0,0,0,0,0,30.3773,0,2.92145,2.85523,0,0
01:11:15:04:29:35,4313.78,4277.73,3.96599,0.0400562,3.96828,0,0,2.92145,0,7527.27,0,0,0,0,0,0,39.1445,0,2.98756,2.92145,0,0
01:11:15:04:29:36,4321.5,4283.16,3.96764,0.0400562,3.96599,0,0,2.98756,0,7535.06,0,0,0,0,0,0,46.9319,0,3.05368,2.98756,0,0
01:11:15:04:29:37,4327.22,4292.03,3.95811,0.0400562,3.96764,0,0,3.05368,0,7540.78,0,0,0,0,0,0,52.6487,0,3.11973,3.05368,0,0
#,01:11:15:04:29:38,WELLBORE,DEPTHS,1,[1|Rate|0.034478],,,,,,,,,,,,,,,,,
01:11:15:04:29:38,4335.52,4297.47,3.96678,0.0400562,3.95811,0,0,3.11973,0,7549.26,0,0,0,0,0,0,61.1299,0,3.18577,3.11973,0,0
01:11:15:04:29:39,4380.44,4340.96,3.96678,0.0400562,3.96678,0,0,3.18577,0,7594.05,0,0,0,0,0,0,105.923,0,3.25188,3.18577,0,0
01:11:15:04:29:40,4408.48,4373.57,3.94947,0.0400562,3.96678,0,0,3.25188,0,7622.11,0,0,0,0,0,0,133.982,0,3.31785,3.25188,0,0
01:11:15:04:29:41,4445.96,4417.35,4.91513,0.0400562,3.94947,0,0,3.31785,0,7659.91,0,0,0,0,0,0,171.778,0,3.39172,3.31785,0,0
01:11:15:04:29:42,4491.16,4453.97,4.91513,0.0400562,4.91513,0,0,3.39172,0,7687.23,0,0,0,0,0,0,199.101,0,3.47364,3.39172,0,0
01:11:15:04:29:43,4506.9,4469.99,5.28232,0.0400562,4.91513,0,0,3.47364,0,7703,0,0,0,0,0,0,214.869,0,3.55862,3.47364,0,0
01:11:15:04:29:44,4516.34,4481.15,5.28232,0.0400562,5.28232,0,0,3.55862,0,7704.87,0,0,0,0,0,0,216.738,0,3.64666,3.55862,0,0
01:11:15:04:29:45,4542.94,4508.61,6.50374,0.0400562,5.28232,0,0,3.64666,0,7731.5,0,0,0,0,0,0,243.374,0,3.74487,3.64666,0,0
01:11:15:04:29:46,4566.12,4524.35,6.50374,0.0400562,6.50374,0,0,3.74487,0,7726.41,0,0,0,0,0,0,238.284,0,3.85327,3.74487,0,0
01:11:15:04:29:47,4594.73,4554.1,6.51454,0.0400562,6.50374,0,0,3.85327,0,7755.06,0,0,0,0,0,0,266.93,0,3.96176,3.85327,0,0
01:11:15:04:29:48,4627.63,4585.86,6.48154,0.0400562,6.51454,0,0,3.96176,0,7787.72,0,0,0,0,0,0,299.593,0,4.07006,3.96176,0,0
01:11:15:04:29:49,4653.67,4608.18,6.48154,0.0400562,6.48154,0,0,4.07006,0,7814.62,0,0,0,0,0,0,326.493,0,4.17808,4.07006,0,0
01:11:15:04:29:50,4674.84,4631.64,6.45782,0.0400562,6.48154,0,0,4.17808,0,7835.83,0,0,0,0,0,0,347.701,0,4.28591,4.17808,0,0
01:11:15:04:29:51,4697.72,4649.37,6.44102,0.0400562,6.45782,0,0,4.28591,0,7859.35,0,0,0,0,0,0,371.217,0,4.3934,4.28591,0,0
01:11:15:04:29:52,4713.75,4668.54,6.42705,0.0400562,6.44102,0,0,4.3934,0,7875.82,0,0,0,0,0,0,387.692,0,4.50063,4.3934,0,0
#,01:11:15:04:29:53,WELLBORE,DEPTHS,1,[1|Rate|0.049805],,,,,,,,,,,,,,,,,
01:11:15:04:29:53,4736.06,4688.57,6.42148,0.0400562,6.42705,0,0,4.50063,0,7898.52,0,0,0,0,0,0,410.391,0,4.60771,4.50063,0,0
01:11:15:04:29:54,4754.66,4703.45,6.41536,0.0400562,6.42148,0,0,4.60771,0,7917.29,0,0,0,0,0,0,429.163,0,4.71468,4.60771,0,0
01:11:15:04:29:55,4775.54,4727.19,6.4226,0.0400562,6.41536,0,0,4.71468,0,7938.36,0,0,0,0,0,0,450.235,0,4.82166,4.71468,0,0
01:11:15:04:29:56,4799.86,4743.5,6.4354,0.0400562,6.4226,0,0,4.82166,0,7962.53,0,0,0,0,0,0,474.406,0,4.92881,4.82166,0,0
01:11:15:04:29:57,4815.31,4760.67,6.43262,0.0400562,6.4354,0,0,4.92881,0,7977.71,0,0,0,0,0,0,489.579,0,5.03605,4.92881,0,0
01:11:15:04:29:58,4834.77,4778.41,6.42538,0.0400562,6.43262,0,0,5.03605,0,7997.26,0,0,0,0,0,0,509.132,0,5.1432,5.03605,0,0
01:11:15:04:29:59,4853.36,4790.14,6.41757,0.0400562,6.42538,0,0,5.1432,0,8016.08,0,0,0,0,0,0,527.952,0,5.25022,5.1432,0,0
01:11:15:04:30:00,4885.98,4824.47,6.43149,0.0400562,6.41757,0,0,5.25022,0,8048.92,0,0,0,0,0,0,560.79,0,5.3573,5.25022,0,0
01:11:15:04:30:01,4954.93,4900.28,6.43316,0.0400562,6.43149,0,0,5.3573,0,8117.56,0,0,0,0,0,0,629.433,0,5.4645,5.3573,0,0
01:11:15:04:30:02,4982.4,4920.03,6.42593,0.0400562,6.43316,0,0,5.4645,0,8145.02,0,0,0,0,0,0,656.894,0,5.57166,5.4645,0,0
01:11:15:04:30:03,4991.84,4926.03,7.18669,0.0400562,6.42593,0,0,5.57166,0,8154.68,0,0,0,0,0,0,666.549,0,5.6851,5.57166,0,0
01:11:15:04:30:04,5023.31,4947.21,8.11459,0.0400562,7.18669,0,0,5.6851,0,8166.45,0,0,0,0,0,0,678.32,0,5.81261,5.6851,0,0
01:11:15:04:30:05,5037.9,4953.21,7.84752,0.0400562,8.11459,0,0,5.81261,0,8154.71,0,0,0,0,0,0,666.583,0,5.94563,5.81261,0,0
01:11:15:04:30:06,5052.2,4968.66,7.59735,0.0400562,7.84752,0,0,5.94563,0,8176.9,0,0,0,0,0,0,688.775,0,6.07433,5.94563,0,0
01:11:15:04:30:07,5102.56,5013.01,7.60416,0.0400562,7.59735,0,0,6.07433,0,8234.46,0,0,0,0,0,0,746.334,0,6.20101,6.07433,0,0
#,01:11:15:04:30:08,WELLBORE,DEPTHS,1,[1|Rate|0.068508],,,,,,,,,,,,,,,,,
01:11:15:04:30:08,5133.46,5041.05,7.65276,0.0400562,7.60416,0,0,6.20101,0,8265.21,0,0,0,0,0,0,777.086,0,6.32815,6.20101,0,0
01:11:15:04:30:09,5168.08,5073.09,7.65276,0.0400562,7.65276,0,0,6.32815,0,8298.49,0,0,0,0,0,0,810.365,0,6.4557,6.32815,0,0
01:11:15:04:30:10,5199.55,5103.13,7.66699,0.0400562,7.65276,0,0,6.4557,0,8330.01,0,0,0,0,0,0,841.882,0,6.58336,6.4557,0,0
01:11:15:04:30:11,5221.86,5126.02,7.7993,0.0400562,7.66699,0,0,6.58336,0,8351.96,0,0,0,0,0,0,863.836,0,6.71225,6.58336,0,0
01:11:15:04:30:12,5237.88,5136.03,7.7993,0.0400562,7.7993,0,0,6.71225,0,8364.23,0,0,0,0,0,0,876.103,0,6.84224,6.71225,0,0
01:11:15:04:30:13,5263.63,5156.92,7.98053,0.0400562,7.7993,0,0,6.84224,0,8390.02,0,0,0,0,0,0,901.895,0,6.97374,6.84224,0,0
01:11:15:04:30:14,5285.38,5178.09,7.95741,0.0400562,7.98053,0,0,6.97374,0,8406.53,0,0,0,0,0,0,918.404,0,7.10655,6.97374,0,0
01:11:15:04:30:15,5311.7,5198.97,7.95741,0.0400562,7.95741,0,0,7.10655,0,8433.58,0,0,0,0,0,0,945.451,0,7.23918,7.10655,0,0
01:11:15:04:30:16,5344.89,5230.45,7.94468,0.0400562,7.95741,0,0,7.23918,0,8466.81,0,0,0,0,0,0,978.682,0,7.37169,7.23918,0,0
01:11:15:04:30:17,5362.62,5246.18,7.94122,0.0400562,7.94468,0,0,7.37169,0,8484.96,0,0,0,0,0,0,996.833,0,7.50408,7.37169,0,0
01:11:15:04:30:18,5442.16,5321.71,7.93867,0.0400562,7.94122,0,0,7.50408,0,8564.65,0,0,0,0,0,0,1076.52,0,7.63641,7.50408,0,0
01:11:15:04:30:19,5496.23,5374.35,8.82776,0.0400562,7.93867,0,0,7.63641,0,8618.83,0,0,0,0,0,0,1130.7,0,7.77613,7.63641,0,0
01:11:15:04:30:20,5518.55,5403.54,8.52052,0.0400562,8.82776,0,0,7.77613,0,8614.05,0,0,0,0,0,0,1125.92,0,7.9207,7.77613,0,0
01:11:15:04:30:21,5542.3,5424.71,9.85019,0.0400562,8.52052,0,0,7.9207,0,8647.48,0,0,0,0,0,0,1159.35,0,8.07379,7.9207,0,0
01:11:15:04:30:22,5570.33,5452.75,9.8645,0.0400562,9.85019,0,0,8.07379,0,8631.95,0,0,0,0,0,0,1143.82,0,8.23807,8.07379,0,0
#,01:11:15:04:30:23,WELLBORE,DEPTHS,1,[1|Rate|0.090992],,,,,,,,,,,,,,,,,
01:11:15:04:30:23,5573.77,5448.17,9.80893,0.0400562,9.8645,0,0,8.23807,0,8634.94,0,0,0,0,0,0,1146.82,0,8.40202,8.23807,0,0
01:11:15:04:30:24,5598.37,5479.64,9.79178,0.0400562,9.80893,0,0,8.40202,0,8661.53,0,0,0,0,0,0,1173.4,0,8.56536,8.40202,0,0
01:11:15:04:30:25,5645.01,5516.83,9.80196,0.0400562,9.79178,0,0,8.56536,0,8708.8,0,0,0,0,0,0,1220.68,0,8.72864,8.56536,0,0
01:11:15:04:30:26,5682.77,5555.46,9.79006,0.0400562,9.80196,0,0,8.72864,0,8746.28,0,0,0,0,0,0,1258.15,0,8.89191,8.72864,0,0
01:11:15:04:30:27,5722.25,5594.37,9.7935,0.0400562,9.79006,0,0,8.89191,0,8786.21,0,0,0,0,0,0,1298.09,0,9.0551,8.89191,0,0
01:11:15:04:30:28,5752.01,5628.7,9.76692,0.0400562,9.7935,0,0,9.0551,0,8815.9,0,0,0,0,0,0,1327.78,0,9.21811,9.0551,0,0
01:11:15:04:30:29,5775.75,5653.59,9.81115,0.0400562,9.76692,0,0,9.21811,0,8840.63,0,0,0,0,0,0,1352.5,0,9.38126,9.21811,0,0
01:11:15:04:30:30,5772.03,5653.3,10.1103,0.0400562,9.81115,0,0,9.38126,0,8835.43,0,0,0,0,0,0,1347.3,0,9.54727,9.38126,0,0
01:11:15:04:30:31,5732.27,5611.53,10.1488,0.0400562,10.1103,0,0,9.54727,0,8785.26,0,0,0,0,0,0,1297.13,0,9.7161,9.54727,0,0
01:11:15:04:30:32,5866.45,5743.42,10.0959,0.0400562,10.1488,0,0,9.7161,0,8918.13,0,0,0,0,0,0,1430,0,9.8848,9.7161,0,0
01:11:15:04:30:33,5905.93,5784.34,9.86536,0.0400562,10.0959,0,0,9.8848,0,8959.54,0,0,0,0,0,0,1471.41,0,10.0511,9.8848,0,0
01:11:15:04:30:34,5932.54,5811.52,9.43239,0.0400562,9.86536,0,0,10.0511,0,8994.27,0,0,0,0,0,0,1506.14,0,10.212,10.0511,0,0
01:11:15:04:30:35,5969.16,5847.28,10.8858,0.0400562,9.43239,0,0,10.212,0,9045.71,0,0,0,0,0,0,1557.58,0,10.3813,10.212,0,0
01:11:15:04:30:36,6008.64,5890.19,11.1639,0.0400562,10.8858,0,0,10.3813,0,9033.66,0,0,0,0,0,0,1545.53,0,10.565,10.3813,0,0
01:11:15:04:30:37,5973.74,5855.86,11.1438,0.0400562,11.1639,0,0,10.565,0,8988.3,0,0,0,0,0,0,1500.17,0,10.7509,10.565,0,0
#,01:11:15:04:30:38,WELLBORE,DEPTHS,1,[1|Rate|0.118589],,,,,,,,,,,,,,,,,
01:11:15:04:30:38,5996.05,5877.03,11.1071,0.0400562,11.1438,0,0,10.7509,0,9011.43,0,0,0,0,0,0,1523.3,0,10.9363,10.7509,0,0
01:11:15:04:30:39,6024.09,5909.08,11.0801,0.0400562,11.1071,0,0,10.9363,0,9040.93,0,0,0,0,0,0,1552.8,0,11.1212,10.9363,0,0
01:11:15:04:30:40,6051.56,5937.69,11.0772,0.0400562,11.0801,0,0,11.1212,0,9069.48,0,0,0,0,0,0,1581.36,0,11.3059,11.1212,0,0
01:11:15:04:30:41,6095.04,5983.18,11.0627,0.0400562,11.0772,0,0,11.3059,0,9113.14,0,0,0,0,0,0,1625.01,0,11.4904,11.3059,0,0
01:11:15:04:30:42,6142.54,6037.54,11.0672,0.0400562,11.0627,0,0,11.4904,0,9161.25,0,0,0,0,0,0,1673.12,0,11.6748,11.4904,0,0
01:11:15:04:30:43,6164.57,6050.41,11.425,0.0400562,11.0672,0,0,11.6748,0,9183.16,0,0,0,0,0,0,1695.03,0,11.8622,11.6748,0,0
01:11:15:04:30:44,6177.73,6069.58,11.8315,0.0400562,11.425,0,0,11.8622,0,9182.63,0,0,0,0,0,0,1694.5,0,12.056,11.8622,0,0
01:11:15:04:30:45,6188.6,6079.88,11.9589,0.0400562,11.8315,0,0,12.056,0,9177.53,0,0,0,0,0,0,1689.4,0,12.2543,12.056,0,0
01:11:15:04:30:46,6193.18,6087.6,11.9197,0.0400562,11.9589,0,0,12.2543,0,9177.04,0,0,0,0,0,0,1688.92,0,12.4533,12.2543,0,0
01:11:15:04:30:47,6208.05,6103.34,11.8628,0.0400562,11.9197,0,0,12.4533,0,9193.57,0,0,0,0,0,0,1705.44,0,12.6515,12.4533,0,0
01:11:15:04:30:48,6230.08,6124.8,11.8603,0.0400562,11.8628,0,0,12.6515,0,9217.94,0,0,0,0,0,0,1729.81,0,12.8492,12.6515,0,0
01:11:15:04:30:49,6244.96,6146.54,11.8321,0.0400562,11.8603,0,0,12.8492,0,9232.99,0,0,0,0,0,0,1744.86,0,13.0466,12.8492,0,0
01:11:15:04:30:50,6261.84,6163.42,11.7939,0.0400562,11.8321,0,0,13.0466,0,9251.06,0,0,0,0,0,0,1762.93,0,13.2435,13.0466,0,0
01:11:15:04:30:51,6282.15,6186.31,11.7812,0.0400562,11.7939,0,0,13.2435,0,9272.96,0,0,0,0,0,0,1784.83,0,13.4399,13.2435,0,0
01:11:15:04:30:52,6291.88,6203.76,11.7854,0.0400562,11.7812,0,0,13.4399,0,9283.25,0,0,0,0,0,0,1795.12,0,13.6363,13.4399,0,0
#,01:11:15:04:30:53,WELLBORE,DEPTHS,1,[1|Rate|0.150203],,,,,,,,,,,,,,,,,
01:11:15:04:30:53,6304.76,6215.49,11.7655,0.0400562,11.7854,0,0,13.6363,0,9296.03,0,0,0,0,0,0,1807.9,0,13.8326,13.6363,0,0
01:11:15:04:30:54,6319.92,6230.37,11.758,0.0400562,11.7655,0,0,13.8326,0,9312.04,0,0,0,0,0,0,1823.91,0,14.0286,13.8326,0,0
01:11:15:04:30:55,6333.65,6246.96,11.7776,0.0400562,11.758,0,0,14.0286,0,9326.13,0,0,0,0,0,0,1838.01,0,14.2247,14.0286,0,0
01:11:15:04:30:56,6338.52,6256.98,11.7742,0.0400562,11.7776,0,0,14.2247,0,9330.28,0,0,0,0,0,0,1842.15,0,14.421,14.2247,0,0
01:11:15:04:30:57,6386.87,6307.9,11.7747,0.0400562,11.7742,0,0,14.421,0,9378.83,0,0,0,0,0,0,1890.7,0,14.6172,14.421,0,0
01:11:15:04:30:58,6500.73,6435.5,11.8437,0.0400562,11.7747,0,0,14.6172,0,9492.73,0,0,0,0,0,0,2004.6,0,14.8141,14.6172,0,0
01:11:15:04:30:59,6548.51,6490.72,11.8378,0.0400562,11.8437,0,0,14.8141,0,9537.82,0,0,0,0,0,0,2049.7,0,15.0114,14.8141,0,0
01:11:15:04:31:00,6588,6530.49,14.8751,0.0400562,11.8378,0,0,15.0114,0,9577.6,0,0,0,0,0,0,2089.47,0,15.234,15.0114,0,0
01:11:15:04:31:01,6597.44,6551.66,15.2183,0.0400562,14.8751,0,0,15.234,0,9453.6,0,0,0,0,0,0,1965.47,0,15.4848,15.234,0,0
01:11:15:04:31:02,6595.72,6551.09,15.3663,0.0400562,15.2183,0,0,15.4848,0,9435.41,0,0,0,0,0,0,1947.28,0,15.7397,15.4848,0,0
01:11:15:04:31:03,6570.26,6539.36,15.3689,0.0400562,15.3663,0,0,15.7397,0,9402.77,0,0,0,0,0,0,1914.64,0,15.9958,15.7397,0,0
01:11:15:04:31:04,6594.58,6570.26,14.866,0.0400562,15.3689,0,0,15.9958,0,9427.05,0,0,0,0,0,0,1938.92,0,16.2478,15.9958,0,0
01:11:15:04:31:05,6609.45,6585.13,14.9738,0.0400562,14.866,0,0,16.2478,0,9466.36,0,0,0,0,0,0,1978.23,0,16.4964,16.2478,0,0
01:11:15:04:31:06,6633.77,6611.74,15.0133,0.0400562,14.9738,0,0,16.4964,0,9485.6,0,0,0,0,0,0,1997.47,0,16.7463,16.4964,0,0
01:11:15:04:31:07,6657.52,6638.35,15.0818,0.0400562,15.0133,0,0,16.7463,0,9507.51,0,0,0,0,0,0,2019.39,0,16.9971,16.7463,0,0
#,01:11:15:04:31:08,WELLBORE,DEPTHS,1,[1|Rate|0.187257],,,,,,,,,,,,,,,,,
01:11:15:04:31:08,6684.41,6665.81,15.0325,0.0400562,15.0818,0,0,16.9971,0,9531.18,0,0,0,0,0,0,2043.05,0,17.2481,16.9971,0,0
01:11:15:04:31:09,6690.71,6676.4,14.9564,0.0400562,15.0325,0,0,17.2481,0,9539.93,0,0,0,0,0,0,2051.8,0,17.498,17.2481,0,0
01:11:15:04:31:10,6701.86,6682.98,15.0569,0.0400562,14.9564,0,0,17.498,0,9554.83,0,0,0,0,0,0,2066.7,0,17.7481,17.498,0,0
01:11:15:04:31:11,6703.58,6683.27,14.9707,0.0400562,15.0569,0,0,17.7481,0,9551.78,0,0,0,0,0,0,2063.66,0,17.9983,17.7481,0,0
01:11:15:04:31:12,6711.02,6693,14.9771,0.0400562,14.9707,0,0,17.9983,0,9563.44,0,0,0,0,0,0,2075.32,0,18.2479,17.9983,0,0
01:11:15:04:31:13,6716.74,6694.71,15.0201,0.0400562,14.9771,0,0,18.2479,0,9568.95,0,0,0,0,0,0,2080.82,0,18.4978,18.2479,0,0
01:11:15:04:31:14,6725.61,6701.58,15.0053,0.0400562,15.0201,0,0,18.4978,0,9575.81,0,0,0,0,0,0,2087.69,0,18.7481,18.4978,0,0
01:11:15:04:31:15,6765.66,6743.63,15.0116,0.0400562,15.0053,0,0,18.7481,0,9616.65,0,0,0,0,0,0,2128.53,0,18.9982,18.7481,0,0
01:11:15:04:31:16,6792.27,6770.24,15.1794,0.0400562,15.0116,0,0,18.9982,0,9643.04,0,0,0,0,0,0,2154.91,0,19.2498,18.9982,0,0
01:11:15:04:31:17,6792.56,6777.11,15.6551,0.0400562,15.1794,0,0,19.2498,0,9635.28,0,0,0,0,0,0,2147.15,0,19.5067,19.2498,0,0
01:11:15:04:31:18,6806.29,6793.13,16.0902,0.0400562,15.6551,0,0,19.5067,0,9625.69,0,0,0,0,0,0,2137.56,0,19.7713,19.5067,0,0
01:11:15:04:31:19,6825.75,6810.3,16.0902,0.0400562,16.0902,0,0,19.7713,0,9623.31,0,0,0,0,0,0,2135.19,0,20.0395,19.7713,0,0
01:11:15:04:31:20,6815.45,6800,15.9112,0.0400562,16.0902,0,0,20.0395,0,9613.11,0,0,0,0,0,0,2124.98,0,20.3061,20.0395,0,0
01:11:15:04:31:21,6811.15,6798.57,16.1289,0.0400562,15.9112,0,0,20.3061,0,9617.95,0,0,0,0,0,0,2129.82,0,20.5731,20.3061,0,0
01:11:15:04:31:22,6816.3,6803.72,16.2701,0.0400562,16.1289,0,0,20.5731,0,9612.15,0,0,0,0,0,0,2124.02,0,20.8431,20.5731,0,0
#,01:11:15:04:31:23,WELLBORE,DEPTHS,1,[1|Rate|0.229426],,,,,,,,,,,,,,,,,
01:11:15:04:31:23,6821.17,6811.44,16.2288,0.0400562,16.2701,0,0,20.8431,0,9609.87,0,0,0,0,0,0,2121.74,0,21.114,20.8431,0,0
01:11:15:04:31:24,6817.73,6805.43,16.1851,0.0400562,16.2288,0,0,21.114,0,9608.64,0,0,0,0,0,0,2120.51,0,21.3841,21.114,0,0
01:11:15:04:31:25,6827.75,6820.02,16.2267,0.0400562,16.1851,0,0,21.3841,0,9620.96,0,0,0,0,0,0,2132.84,0,21.6542,21.3841,0,0
01:11:15:04:31:26,6837.48,6832.33,16.1604,0.0400562,16.2267,0,0,21.6542,0,9628.65,0,0,0,0,0,0,2140.53,0,21.9241,21.6542,0,0
01:11:15:04:31:27,6841.48,6835.19,16.322,0.0400562,16.1604,0,0,21.9241,0,9636.12,0,0,0,0,0,0,2147.99,0,22.1947,21.9241,0,0
01:11:15:04:31:28,6842.05,6842.63,16.3005,0.0400562,16.322,0,0,22.1947,0,9628.5,0,0,0,0,0,0,2140.37,0,22.4666,22.1947,0,0
01:11:15:04:31:29,6848.06,6846.63,16.1904,0.0400562,16.3005,0,0,22.4666,0,9635.69,0,0,0,0,0,0,2147.56,0,22.7374,22.4666,0,0
01:11:15:04:31:30,6851.78,6852.93,16.2107,0.0400562,16.1904,0,0,22.7374,0,9645.12,0,0,0,0,0,0,2156.99,0,23.0074,22.7374,0,0
01:11:15:04:31:31,6853.21,6858.08,16.3271,0.0400562,16.2107,0,0,23.0074,0,9645.6,0,0,0,0,0,0,2157.47,0,23.2785,23.0074,0,0
01:11:15:04:31:32,6856.93,6862.94,16.2431,0.0400562,16.3271,0,0,23.2785,0,9643.43,0,0,0,0,0,0,2155.3,0,23.5499,23.2785,0,0
01:11:15:04:31:33,6857.5,6863.8,16.2426,0.0400562,16.2431,0,0,23.5499,0,9648.39,0,0,0,0,0,0,2160.26,0,23.8206,23.5499,0,0
01:11:15:04:31:34,6860.94,6870.38,16.2695,0.0400562,16.2426,0,0,23.8206,0,9651.92,0,0,0,0,0,0,2163.79,0,24.0916,23.8206,0,0
01:11:15:04:31:35,6867.52,6876.1,16.3287,0.0400562,16.2695,0,0,24.0916,0,9657.22,0,0,0,0,0,0,2169.09,0,24.3632,24.0916,0,0
01:11:15:04:31:36,6869.23,6878.1,16.2262,0.0400562,16.3287,0,0,24.3632,0,9655.96,0,0,0,0,0,0,2167.83,0,24.6345,24.3632,0,0
01:11:15:04:31:37,6868.09,6880.1,16.2546,0.0400562,16.2262,0,0,24.6345,0,9660.16,0,0,0,0,0,0,2172.03,0,24.9052,24.6345,0,0
#,01:11:15:04:31:38,WELLBORE,DEPTHS,1,[1|Rate|0.273848],,,,,,,,,,,,,,,,,
01:11:15:04:31:38,6874.38,6888.12,16.2079,0.0400562,16.2546,0,0,24.9052,0,9665.07,0,0,0,0,0,0,2176.95,0,25.1757,24.9052,0,0
01:11:15:04:31:39,6870.66,6881.82,16.1745,0.0400562,16.2079,0,0,25.1757,0,9663.83,0,0,0,0,0,0,2175.7,0,25.4456,25.1757,0,0
01:11:15:04:31:40,6860.94,6874.1,16.2799,0.0400562,16.1745,0,0,25.4456,0,9655.88,0,0,0,0,0,0,2167.75,0,25.716,25.4456,0,0
01:11:15:04:31:41,6859.22,6872.95,16.268,0.0400562,16.2799,0,0,25.716,0,9648.84,0,0,0,0,0,0,2160.71,0,25.9873,25.716,0,0
01:11:15:04:31:42,6862.65,6876.1,16.2495,0.0400562,16.268,0,0,25.9873,0,9652.97,0,0,0,0,0,0,2164.84,0,26.2582,25.9873,0,0
01:11:15:04:31:43,6857.79,6870.95,16.2404,0.0400562,16.2495,0,0,26.2582,0,9649.13,0,0,0,0,0,0,2161,0,26.529,26.2582,0,0
01:11:15:04:31:44,6859.51,6874.38,16.2521,0.0400562,16.2404,0,0,26.529,0,9651.39,0,0,0,0,0,0,2163.26,0,26.7998,26.529,0,0
01:11:15:04:31:45,6862.37,6876.96,16.2128,0.0400562,16.2521,0,0,26.7998,0,9653.73,0,0,0,0,0,0,2165.6,0,27.0703,26.7998,0,0
01:11:15:04:31:46,6858.65,6877.24,16.226,0.0400562,16.2128,0,0,27.0703,0,9652.1,0,0,0,0,0,0,2163.97,0,27.3406,27.0703,0,0
01:11:15:04:31:47,6852.35,6872.67,16.2743,0.0400562,16.226,0,0,27.3406,0,9645.21,0,0,0,0,0,0,2157.08,0,27.6115,27.3406,0,0
01:11:15:04:31:48,6857.5,6872.38,16.1736,0.0400562,16.2743,0,0,27.6115,0,9647.95,0,0,0,0,0,0,2159.82,0,27.8819,27.6115,0,0
01:11:15:04:31:49,6857.5,6870.38,16.2471,0.0400562,16.1736,0,0,27.8819,0,9653.19,0,0,0,0,0,0,2165.06,0,28.152,27.8819,0,0
01:11:15:04:31:50,6857.79,6874.67,16.2608,0.0400562,16.2471,0,0,28.152,0,9649.79,0,0,0,0,0,0,2161.66,0,28.4229,28.152,0,0
01:11:15:04:31:51,6854.64,6867.23,16.2508,0.0400562,16.2608,0,0,28.4229,0,9646.02,0,0,0,0,0,0,2157.89,0,28.6939,28.4229,0,0
01:11:15:04:31:52,6851.78,6866.37,16.3039,0.0400562,16.2508,0,0,28.6939,0,9643.74,0,0,0,0,0,0,2155.61,0,28.9651,28.6939,0,0
#,01:11:15:04:31:53,WELLBORE,DEPTHS,1,[1|Rate|0.318253],,,,,,,,,,,,,,,,,
01:11:15:04:31:53,6849.49,6868.09,16.2726,0.0400562,16.3039,0,0,28.9651,0,9638.8,0,0,0,0,0,0,2150.67,0,29.2366,28.9651,0,0
01:11:15:04:31:54,6846.35,6862.37,16.1913,0.0400562,16.2726,0,0,29.2366,0,9637.34,0,0,0,0,0,0,2149.21,0,29.5071,29.2366,0,0
01:11:15:04:31:55,6840.62,6857.5,16.2314,0.0400562,16.1913,0,0,29.5071,0,9635.86,0,0,0,0,0,0,2147.73,0,29.7773,29.5071,0,0
01:11:15:04:31:56,6843.2,6858.36,16.1482,0.0400562,16.2314,0,0,29.7773,0,9636.46,0,0,0,0,0,0,2148.33,0,30.0472,29.7773,0,0
01:11:15:04:31:57,6846.35,6862.65,16.293,0.0400562,16.1482,0,0,30.0472,0,9643.93,0,0,0,0,0,0,2155.8,0,30.3175,30.0472,0,0
01:11:15:04:31:58,6848.06,6865.23,16.1989,0.0400562,16.293,0,0,30.3175,0,9638.63,0,0,0,0,0,0,2150.5,0,30.5883,30.3175,0,0
01:11:15:04:31:59,6847.2,6864.94,16.1686,0.0400562,16.1989,0,0,30.5883,0,9643.13,0,0,0,0,0,0,2155,0,30.858,30.5883,0,0
01:11:15:04:32:00,6846.63,6862.37,16.1966,0.0400562,16.1686,0,0,30.858,0,9644.63,0,0,0,0,0,0,2156.5,0,31.1277,30.858,0,0
01:11:15:04:32:01,6840.34,6858.36,16.2022,0.0400562,16.1966,0,0,31.1277,0,9637.44,0,0,0,0,0,0,2149.31,0,31.3977,31.1277,0,0
01:11:15:04:32:02,6839.19,6854.36,16.3134,0.0400562,16.2022,0,0,31.3977,0,9636.55,0,0,0,0,0,0,2148.42,0,31.6687,31.3977,0,0
01:11:15:04:32:03,6836.04,6852.07,16.1969,0.0400562,16.3134,0,0,31.6687,0,9628.27,0,0,0,0,0,0,2140.14,0,31.9396,31.6687,0,0
01:11:15:04:32:04,6834.9,6850.06,16.2367,0.0400562,16.1969,0,0,31.9396,0,9633.61,0,0,0,0,0,0,2145.48,0,32.2099,31.9396,0,0
01:11:15:04:32:05,6834.9,6848.35,16.2748,0.0400562,16.2367,0,0,32.2099,0,9632.12,0,0,0,0,0,0,2143.99,0,32.4808,32.2099,0,0
01:11:15:04:32:06,6830.9,6847.2,16.2719,0.0400562,16.2748,0,0,32.4808,0,9626.72,0,0,0,0,0,0,2138.59,0,32.752,32.4808,0,0
01:11:15:04:32:07,6828.03,6843.48,16.2544,0.0400562,16.2719,0,0,32.752,0,9624.55,0,0,0,0,0,0,2136.42,0,33.0231,32.752,0,0
#,01:11:15:04:32:08,WELLBORE,DEPTHS,1,[1|Rate|142.751846],,,,,,,,,,,,,,,,,
01:11:15:04:32:08,6823.17,6839.76,16.2193,0.0400562,16.2544,0,0,33.0231,0,9621.11,0,0,0,0,0,0,2132.99,0,33.2937,33.0231,0,0
01:11:15:04:32:09,6818.59,6837.76,16.2193,0.0400562,16.2193,0,0,33.2937,0,9618.86,0,0,0,0,0,0,2130.73,0,33.564,33.2937,0,0
01:11:15:04:32:10,6819.17,6834.33,16.2281,0.0400562,16.2193,0,0,33.564,0,9619.97,0,0,0,0,0,0,2131.84,0,33.8344,33.564,0,0
01:11:15:04:32:11,6817.45,6830.32,16.2837,0.0400562,16.2281,0,0,33.8344,0,9618.34,0,0,0,0,0,0,2130.22,0,34.1053,33.8344,0,0
01:11:15:04:32:12,6810.3,6825.75,16.3045,0.0400562,16.2837,0,0,34.1053,0,9608.92,0,0,0,0,0,0,2120.8,0,34.3769,34.1053,0,0
01:11:15:04:32:13,6811.73,6826.89,16.3009,0.0400562,16.3045,0,0,34.3769,0,9609.86,0,0,0,0,0,0,2121.73,0,34.6486,34.3769,0,0
01:11:15:04:32:14,6808.01,6822.6,16.3002,0.0400562,16.3009,0,0,34.6486,0,9606.86,0,0,0,0,0,0,2118.73,0,34.9203,34.6486,0,0
01:11:15:04:32:15,6804.57,6820.6,16.3215,0.0400562,16.3002,0,0,34.9203,0,9604.01,0,0,0,0,0,0,2115.88,0,35.1921,34.9203,0,0
01:11:15:04:32:16,6801.14,6817.16,16.1827,0.0400562,16.3215,0,0,35.1921,0,9600.05,0,0,0,0,0,0,2111.92,0,35.463,35.1921,0,0
01:11:15:04:32:17,6799.71,6814.02,16.168,0.0400562,16.1827,0,0,35.463,0,9606.15,0,0,0,0,0,0,2118.02,0,35.7326,35.463,0,0
01:11:15:04:32:18,6796.28,6811.73,16.2263,0.0400562,16.168,0,0,35.7326,0,9603.98,0,0,0,0,0,0,2115.85,0,36.0025,35.7326,0,0
01:11:15:04:32:19,6797.42,6814.02,16.2118,0.0400562,16.2263,0,0,36.0025,0,9602.74,0,0,0,0,0,0,2114.62,0,36.2729,36.0025,0,0
01:11:15:04:32:20,6798.57,6813.73,16.306,0.0400562,16.2118,0,0,36.2729,0,9605.16,0,0,0,0,0,0,2117.03,0,36.5438,36.2729,0,0
01:11:15:04:32:21,6800.85,6815.16,16.1709,0.0400562,16.306,0,0,36.5438,0,9603.28,0,0,0,0,0,0,2115.15,0,36.8145,36.5438,0,0
01:11:15:04:32:22,6797.71,6816.02,16.1433,0.0400562,16.1709,0,0,36.8145,0,9607.42,0,0,0,0,0,0,2119.29,0,37.0838,36.8145,0,0
#,01:11:15:04:32:23,WELLBORE,DEPTHS,1,[1|Rate|325.814484],,,,,,,,,,,,,,,,,
01:11:15:04:32:23,6797.99,6816.02,16.234,0.0400562,16.1433,0,0,37.0838,0,9609.62,0,0,0,0,0,0,2121.49,0,37.3536,37.0838,0,0
01:11:15:04:32:24,6802,6816.59,16.1824,0.0400562,16.234,0,0,37.3536,0,9609.65,0,0,0,0,0,0,2121.52,0,37.6237,37.3536,0,0
01:11:15:04:32:25,6795.42,6811.73,16.2333,0.0400562,16.1824,0,0,37.6237,0,9606.17,0,0,0,0,0,0,2118.05,0,37.8939,37.6237,0,0
01:11:15:04:32:26,6795.99,6810.87,16.1506,0.0400562,16.2333,0,0,37.8939,0,9604.75,0,0,0,0,0,0,2116.63,0,38.1637,37.8939,0,0
01:11:15:04:32:27,6796.85,6809.15,16.2877,0.0400562,16.1506,0,0,38.1637,0,9610.26,0,0,0,0,0,0,2122.13,0,38.434,38.1637,0,0
01:11:15:04:32:28,6795.42,6809.72,16.2199,0.0400562,16.2877,0,0,38.434,0,9602.57,0,0,0,0,0,0,2114.44,0,38.7049,38.434,0,0
01:11:15:04:32:29,6796.85,6812.3,16.2183,0.0400562,16.2199,0,0,38.7049,0,9607.91,0,0,0,0,0,0,2119.78,0,38.9753,38.7049,0,0
01:11:15:04:32:30,6797.71,6812.3,16.2417,0.0400562,16.2183,0,0,38.9753,0,9609.39,0,0,0,0,0,0,2121.26,0,39.2458,38.9753,0,0
01:11:15:04:32:31,6795.71,6812.58,16.1757,0.0400562,16.2417,0,0,39.2458,0,9606.78,0,0,0,0,0,0,2118.65,0,39.5159,39.2458,0,0
01:11:15:04:32:32,6796.28,6811.73,16.252,0.0400562,16.1757,0,0,39.5159,0,9611.14,0,0,0,0,0,0,2123.02,0,39.7861,39.5159,0,0
01:11:15:04:32:33,6797.99,6810.58,16.2157,0.0400562,16.252,0,0,39.7861,0,9609.64,0,0,0,0,0,0,2121.51,0,40.0567,39.7861,0,0
01:11:15:04:32:34,6794.85,6809.72,16.2487,0.0400562,16.2157,0,0,40.0567,0,9608.83,0,0,0,0,0,0,2120.7,0,40.3272,40.0567,0,0
01:11:15:04:32:35,6797.99,6812.01,16.2135,0.0400562,16.2487,0,0,40.3272,0,9610.9,0,0,0,0,0,0,2122.77,0,40.5977,40.3272,0,0
01:11:15:04:32:36,6795.42,6810.01,16.1488,0.0400562,16.2135,0,0,40.5977,0,9610.6,0,0,0,0,0,0,2122.48,0,40.8674,40.5977,0,0
01:11:15:04:32:37,6797.42,6812.58,16.2895,0.0400562,16.1488,0,0,40.8674,0,9616.32,0,0,0,0,0,0,2128.19,0,41.1378,40.8674,0,0
#,01:11:15:04:32:38,WELLBORE,DEPTHS,1,[1|Rate|508.670898],,,,,,,,,,,,,,,,,
01:11:15:04:32:38,6798.28,6814.87,16.3328,0.0400562,16.2895,0,0,41.1378,0,9610.81,0,0,0,0,0,0,2122.68,0,41.4096,41.1378,0,0
01:11:15:04:32:39,6809.15,6822.03,16.2807,0.0400562,16.3328,0,0,41.4096,0,9620.09,0,0,0,0,0,0,2131.97,0,41.6814,41.4096,0,0
01:11:15:04:32:40,6808.01,6819.17,16.2575,0.0400562,16.2807,0,0,41.6814,0,9622.07,0,0,0,0,0,0,2133.94,0,41.9525,41.6814,0,0
01:11:15:04:32:41,6810.01,6822.31,16.2242,0.0400562,16.2575,0,0,41.9525,0,9625.76,0,0,0,0,0,0,2137.63,0,42.2232,41.9525,0,0
01:11:15:04:32:42,6812.58,6823.46,16.2806,0.0400562,16.2242,0,0,42.2232,0,9630.51,0,0,0,0,0,0,2142.39,0,42.4941,42.2232,0,0
01:11:15:04:32:43,6814.02,6825.75,16.3233,0.0400562,16.2806,0,0,42.4941,0,9629.74,0,0,0,0,0,0,2141.61,0,42.7658,42.4941,0,0
01:11:15:04:32:44,6812.01,6826.6,16.1295,0.0400562,16.3233,0,0,42.7658,0,9626.19,0,0,0,0,0,0,2138.06,0,43.0362,42.7658,0,0
01:11:15:04:32:45,6819.74,6834.04,16.2544,0.0400562,16.1295,0,0,43.0362,0,9643.91,0,0,0,0,0,0,2155.78,0,43.3061,43.0362,0,0
01:11:15:04:32:46,6821.74,6835.76,16.1848,0.0400562,16.2544,0,0,43.3061,0,9640.38,0,0,0,0,0,0,2152.25,0,43.5764,43.3061,0,0
01:11:15:04:32:47,6822.03,6836.04,16.1522,0.0400562,16.1848,0,0,43.5764,0,9644.6,0,0,0,0,0,0,2156.47,0,43.8459,43.5764,0,0
01:11:15:04:32:48,6824.31,6836.9,16.143,0.0400562,16.1522,0,0,43.8459,0,9649.01,0,0,0,0,0,0,2160.88,0,44.115,43.8459,0,0
01:11:15:04:32:49,6826.03,6835.76,16.143,0.0400562,16.143,0,0,44.115,0,9651.71,0,0,0,0,0,0,2163.58,0,44.3841,44.115,0,0
01:11:15:04:32:50,6826.32,6838.05,16.2474,0.0400562,16.143,0,0,44.3841,0,9652.53,0,0,0,0,0,0,2164.41,0,44.654,44.3841,0,0
01:11:15:04:32:51,6827.75,6836.62,16.2052,0.0400562,16.2474,0,0,44.654,0,9649.44,0,0,0,0,0,0,2161.32,0,44.9244,44.654,0,0
01:11:15:04:32:52,6826.32,6836.9,16.1932,0.0400562,16.2052,0,0,44.9244,0,9650.59,0,0,0,0,0,0,2162.46,0,45.1944,44.9244,0,0
#,01:11:15:04:32:53,WELLBORE,DEPTHS,1,[1|Rate|691.557617],,,,,,,,,,,,,,,,,
01:11:15:04:32:53,6827.46,6839.48,16.1593,0.0400562,16.1932,0,0,45.1944,0,9652.84,0,0,0,0,0,0,2164.72,0,45.464,45.1944,0,0
01:11:15:04:32:54,6830.04,6840.05,16.1705,0.0400562,16.1593,0,0,45.464,0,9657.58,0,0,0,0,0,0,2169.45,0,45.7334,45.464,0,0
01:11:15:04:32:55,6828.03,6838.62,16.3107,0.0400562,16.1705,0,0,45.7334,0,9655.58,0,0,0,0,0,0,2167.45,0,46.0041,45.7334,0,0
01:11:15:04:32:56,6829.46,6840.05,16.2665,0.0400562,16.3107,0,0,46.0041,0,9650.77,0,0,0,0,0,0,2162.64,0,46.2756,46.0041,0,0
01:11:15:04:32:57,6831.75,6842.63,16.2786,0.0400562,16.2665,0,0,46.2756,0,9655.74,0,0,0,0,0,0,2167.61,0,46.5468,46.2756,0,0
01:11:15:04:32:58,6828.89,6838.91,16.3309,0.0400562,16.2786,0,0,46.5468,0,9652.83,0,0,0,0,0,0,2164.71,0,46.8186,46.5468,0,0
01:11:15:04:32:59,6831.47,6842.34,16.3518,0.0400562,16.3309,0,0,46.8186,0,9653.42,0,0,0,0,0,0,2165.3,0,47.0909,46.8186,0,0
01:11:15:04:33:00,6832.61,6846.92,16.2633,0.0400562,16.3518,0,0,47.0909,0,9654.1,0,0,0,0,0,0,2165.98,0,47.3627,47.0909,0,0
01:11:15:04:33:01,6835.76,6846.63,16.2298,0.0400562,16.2633,0,0,47.3627,0,9662.05,0,0,0,0,0,0,2173.92,0,47.6335,47.3627,0,0
01:11:15:04:33:02,6836.33,6846.06,16.1822,0.0400562,16.2298,0,0,47.6335,0,9664.77,0,0,0,0,0,0,2176.64,0,47.9036,47.6335,0,0
01:11:15:04:33:03,6837.76,6850.35,16.3058,0.0400562,16.1822,0,0,47.9036,0,9669.01,0,0,0,0,0,0,2180.88,0,48.1743,47.9036,0,0
01:11:15:04:33:04,6840.62,6850.06,16.25,0.0400562,16.3058,0,0,48.1743,0,9666.5,0,0,0,0,0,0,2178.37,0,48.4456,48.1743,0,0
01:11:15:04:33:05,6840.05,6848.92,16.2193,0.0400562,16.25,0,0,48.4456,0,9669.12,0,0,0,0,0,0,2180.99,0,48.7162,48.4456,0,0
01:11:15:04:33:06,6841.77,6853.5,16.2059,0.0400562,16.2193,0,0,48.7162,0,9672.84,0,0,0,0,0,0,2184.72,0,48.9864,48.7162,0,0
01:11:15:04:33:07,6845.77,6856.07,16.1386,0.0400562,16.2059,0,0,48.9864,0,9678.03,0,0,0,0,0,0,2189.9,0,49.2559,48.9864,0,0
#,01:11:15:04:33:08,WELLBORE,DEPTHS,1,[1|Rate|874.678040],,,,,,,,,,,,,,,,,
01:11:15:04:33:08,6849.49,6860.36,16.2006,0.0400562,16.1386,0,0,49.2559,0,9685.46,0,0,0,0,0,0,2197.33,0,49.5254,49.2559,0,0
01:11:15:04:33:09,6849.78,6862.65,16.2787,0.0400562,16.2006,0,0,49.5254,0,9683.34,0,0,0,0,0,0,2195.22,0,49.7961,49.5254,0,0
01:11:15:04:33:10,6853.78,6863.8,16.2223,0.0400562,16.2787,0,0,49.7961,0,9684.18,0,0,0,0,0,0,2196.05,0,50.0669,49.7961,0,0
01:11:15:04:33:11,6854.36,6862.65,16.2458,0.0400562,16.2223,0,0,50.0669,0,9687.96,0,0,0,0,0,0,2199.83,0,50.3375,50.0669,0,0
01:11:15:04:33:12,6852.93,6863.51,16.2765,0.0400562,16.2458,0,0,50.3375,0,9685.96,0,0,0,0,0,0,2197.83,0,50.6085,50.3375,0,0
01:11:15:04:33:13,6856.07,6866.37,16.1609,0.0400562,16.2765,0,0,50.6085,0,9688.19,0,0,0,0,0,0,2200.06,0,50.8788,50.6085,0,0
01:11:15:04:33:14,6854.93,6864.94,16.1147,0.0400562,16.1609,0,0,50.8788,0,9693.05,0,0,0,0,0,0,2204.92,0,51.1478,50.8788,0,0
01:11:15:04:33:15,6854.36,6865.51,16.1807,0.0400562,16.1147,0,0,51.1478,0,9695.18,0,0,0,0,0,0,2207.05,0,51.4169,51.1478,0,0
01:11:15:04:33:16,6856.36,6866.09,16.1261,0.0400562,16.1807,0,0,51.4169,0,9694.6,0,0,0,0,0,0,2206.47,0,51.6861,51.4169,0,0
01:11:15:04:33:17,6856.64,6864.37,16.356,0.0400562,16.1261,0,0,51.6861,0,9697.98,0,0,0,0,0,0,2209.85,0,51.9568,51.6861,0,0
01:11:15:04:33:18,6854.36,6861.22,16.3264,0.0400562,16.356,0,0,51.9568,0,9685.39,0,0,0,0,0,0,2197.26,0,52.2292,51.9568,0,0
01:11:15:04:33:19,6851.49,6861.51,16.2405,0.0400562,16.3264,0,0,52.2292,0,9684.47,0,0,0,0,0,0,2196.34,0,52.5006,52.2292,0,0
01:11:15:04:33:20,6853.5,6860.08,16.1654,0.0400562,16.2405,0,0,52.5006,0,9691.05,0,0,0,0,0,0,2202.92,0,52.7706,52.5006,0,0
01:11:15:04:33:21,6855.21,6863.8,16.2087,0.0400562,16.1654,0,0,52.7706,0,9696.81,0,0,0,0,0,0,2208.69,0,53.0404,52.7706,0,0
01:11:15:04:33:22,6852.35,6864.66,16.2205,0.0400562,16.2087,0,0,53.0404,0,9692.45,0,0,0,0,0,0,2204.32,0,53.3106,53.0404,0,0
#,01:11:15:04:33:23,WELLBORE,DEPTHS,1,[1|Rate|1057.543579],,,,,,,,,,,,,,,,,
01:11:15:04:33:23,6854.64,6864.08,16.2366,0.0400562,16.2205,0,0,53.3106,0,9694.72,0,0,0,0,0,0,2206.59,0,53.5811,53.3106,0,0
01:11:15:04:33:24,6852.93,6863.8,16.124,0.0400562,16.2366,0,0,53.5811,0,9692.78,0,0,0,0,0,0,2204.65,0,53.8508,53.5811,0,0
01:11:15:04:33:25,6850.92,6862.37,16.303,0.0400562,16.124,0,0,53.8508,0,9696.55,0,0,0,0,0,0,2208.42,0,54.121,53.8508,0,0
01:11:15:04:33:26,6850.92,6857.22,16.2771,0.0400562,16.303,0,0,54.121,0,9688.73,0,0,0,0,0,0,2200.6,0,54.3925,54.121,0,0
01:11:15:04:33:27,6851.21,6858.65,16.2494,0.0400562,16.2771,0,0,54.3925,0,9690.76,0,0,0,0,0,0,2202.63,0,54.6636,54.3925,0,0
01:11:15:04:33:28,6851.78,6862.37,16.2246,0.0400562,16.2494,0,0,54.6636,0,9693.16,0,0,0,0,0,0,2205.03,0,54.9342,54.6636,0,0
01:11:15:04:33:29,6854.36,6861.51,16.2001,0.0400562,16.2246,0,0,54.9342,0,9697.42,0,0,0,0,0,0,2209.29,0,55.2044,54.9342,0,0
01:11:15:04:33:30,6853.78,6863.51,16.2515,0.0400562,16.2001,0,0,55.2044,0,9698.51,0,0,0,0,0,0,2210.38,0,55.4748,55.2044,0,0
01:11:15:04:33:31,6853.78,6866.37,16.2596,0.0400562,16.2515,0,0,55.4748,0,9696.66,0,0,0,0,0,0,2208.53,0,55.7458,55.4748,0,0
01:11:15:04:33:32,6856.07,6863.23,16.2056,0.0400562,16.2596,0,0,55.7458,0,9699.1,0,0,0,0,0,0,2210.98,0,56.0163,55.7458,0,0
01:11:15:04:33:33,6854.93,6863.51,16.2639,0.0400562,16.2056,0,0,56.0163,0,9700.99,0,0,0,0,0,0,2212.86,0,56.2869,56.0163,0,0
01:11:15:04:33:34,6853.21,6861.22,16.1499,0.0400562,16.2639,0,0,56.2869,0,9697.11,0,0,0,0,0,0,2208.98,0,56.557,56.2869,0,0
01:11:15:04:33:35,6854.93,6862.65,16.1895,0.0400562,16.1499,0,0,56.557,0,9704.62,0,0,0,0,0,0,2216.49,0,56.8265,56.557,0,0
01:11:15:04:33:36,6851.21,6860.94,16.1552,0.0400562,16.1895,0,0,56.8265,0,9699.6,0,0,0,0,0,0,2211.47,0,57.096,56.8265,0,0
01:11:15:04:33:37,6851.21,6860.94,16.3122,0.0400562,16.1552,0,0,57.096,0,9701.7,0,0,0,0,0,0,2213.57,0,57.3666,57.096,0,0
#,01:11:15:04:33:38,WELLBORE,DEPTHS,1,[1|Rate|1240.468018],,,,,,,,,,,,,,,,,
01:11:15:04:33:38,6847.49,6858.36,16.2297,0.0400562,16.3122,0,0,57.3666,0,9691.29,0,0,0,0,0,0,2203.16,0,57.6378,57.3666,0,0
01:11:15:04:33:39,6853.21,6859.22,16.2501,0.0400562,16.2297,0,0,57.6378,0,9701.34,0,0,0,0,0,0,2213.22,0,57.9084,57.6378,0,0
01:11:15:04:33:40,6853.21,6859.79,16.3234,0.0400562,16.2501,0,0,57.9084,0,9700.94,0,0,0,0,0,0,2212.81,0,58.1799,57.9084,0,0
01:11:15:04:33:41,6855.79,6865.23,16.3206,0.0400562,16.3234,0,0,58.1799,0,9700.69,0,0,0,0,0,0,2212.56,0,58.4519,58.1799,0,0
01:11:15:04:33:42,6857.22,6862.37,16.141,0.0400562,16.3206,0,0,58.4519,0,9702.78,0,0,0,0,0,0,2214.65,0,58.7224,58.4519,0,0
01:11:15:04:33:43,6854.07,6861.51,16.179,0.0400562,16.141,0,0,58.7224,0,9708.38,0,0,0,0,0,0,2220.25,0,58.9918,58.7224,0,0
01:11:15:04:33:44,6852.93,6863.8,16.1646,0.0400562,16.179,0,0,58.9918,0,9706.03,0,0,0,0,0,0,2217.9,0,59.2613,58.9918,0,0
01:11:15:04:33:45,6853.5,6860.08,16.1334,0.0400562,16.1646,0,0,59.2613,0,9707.77,0,0,0,0,0,0,2219.64,0,59.5304,59.2613,0,0
01:11:15:04:33:46,6851.78,6862.37,16.1684,0.0400562,16.1334,0,0,59.5304,0,9708,0,0,0,0,0,0,2219.87,0,59.7996,59.5304,0,0
01:11:15:04:33:47,6853.21,6864.08,16.0965,0.0400562,16.1684,0,0,59.7996,0,9708.35,0,0,0,0,0,0,2220.22,0,60.0685,59.7996,0,0
01:11:15:04:33:48,6855.79,6861.79,16.2697,0.0400562,16.0965,0,0,60.0685,0,9714.7,0,0,0,0,0,0,2226.58,0,60.3382,60.0685,0,0
01:11:15:04:33:49,6855.79,6862.94,16.3969,0.0400562,16.2697,0,0,60.3382,0,9707.36,0,0,0,0,0,0,2219.24,0,60.6104,60.3382,0,0
01:11:15:04:33:50,6854.64,6864.66,16.189,0.0400562,16.3969,0,0,60.6104,0,9700.95,0,0,0,0,0,0,2212.82,0,60.882,60.6104,0,0
01:11:15:04:33:51,6856.36,6864.08,16.2923,0.0400562,16.189,0,0,60.882,0,9712.66,0,0,0,0,0,0,2224.53,0,61.1527,60.882,0,0
01:11:15:04:33:52,6855.79,6863.23,16.2635,0.0400562,16.2923,0,0,61.1527,0,9707.93,0,0,0,0,0,0,2219.8,0,61.424,61.1527,0,0
#,01:11:15:04:33:53,WELLBORE,DEPTHS,1,[1|Rate|1423.404175],,,,,,,,,,,,,,,,,
01:11:15:04:33:53,6857.22,6864.94,16.2441,0.0400562,16.2635,0,0,61.424,0,9711.19,0,0,0,0,0,0,2223.07,0,61.6948,61.424,0,0
01:11:15:04:33:54,6861.22,6868.09,16.2251,0.0400562,16.2441,0,0,61.6948,0,9716.6,0,0,0,0,0,0,2228.47,0,61.9654,61.6948,0,0
01:11:15:04:33:55,6863.8,6871.81,16.2572,0.0400562,16.2251,0,0,61.9654,0,9720.56,0,0,0,0,0,0,2232.43,0,62.2361,61.9654,0,0
01:11:15:04:33:56,6866.09,6871.24,16.1327,0.0400562,16.2572,0,0,62.2361,0,9721.93,0,0,0,0,0,0,2233.8,0,62.506,62.2361,0,0
01:11:15:04:33:57,6864.66,6874.67,16.2025,0.0400562,16.1327,0,0,62.506,0,9726.62,0,0,0,0,0,0,2238.49,0,62.7755,62.506,0,0
01:11:15:04:33:58,6867.23,6872.38,16.3103,0.0400562,16.2025,0,0,62.7755,0,9726.58,0,0,0,0,0,0,2238.45,0,63.0464,62.7755,0,0
01:11:15:04:33:59,6865.23,6873.24,16.2853,0.0400562,16.3103,0,0,63.0464,0,9720.26,0,0,0,0,0,0,2232.14,0,63.3181,63.0464,0,0
01:11:15:04:34:00,6864.08,6874.96,16.1375,0.0400562,16.2853,0,0,63.3181,0,9720.78,0,0,0,0,0,0,2232.65,0,63.5882,63.3181,0,0
01:11:15:04:34:01,6868.95,6874.38,16.2468,0.0400562,16.1375,0,0,63.5882,0,9732.79,0,0,0,0,0,0,2244.66,0,63.8581,63.5882,0,0
01:11:15:04:34:02,6865.23,6872.38,16.2348,0.0400562,16.2468,0,0,63.8581,0,9724.71,0,0,0,0,0,0,2236.58,0,64.1288,63.8581,0,0
01:11:15:04:34:03,6868.09,6876.67,16.1425,0.0400562,16.2348,0,0,64.1288,0,9728.63,0,0,0,0,0,0,2240.5,0,64.3986,64.1288,0,0
01:11:15:04:34:04,6872.38,6876.96,16.2635,0.0400562,16.1425,0,0,64.3986,0,9737.56,0,0,0,0,0,0,2249.43,0,64.6686,64.3986,0,0
01:11:15:04:34:05,6873.52,6880.39,16.2358,0.0400562,16.2635,0,0,64.6686,0,9733.84,0,0,0,0,0,0,2245.71,0,64.9395,64.6686,0,0
01:11:15:04:34:06,6872.38,6882.68,16.1164,0.0400562,16.2358,0,0,64.9395,0,9734.45,0,0,0,0,0,0,2246.32,0,65.2091,64.9395,0,0
01:11:15:04:34:07,6877.24,6883.25,16.2445,0.0400562,16.1164,0,0,65.2091,0,9745.14,0,0,0,0,0,0,2257.02,0,65.4788,65.2091,0,0
#,01:11:15:04:34:08,WELLBORE,DEPTHS,1,[1|Rate|1606.235718],,,,,,,,,,,,,,,,,
01:11:15:04:34:08,6874.96,6884.11,16.1853,0.0400562,16.2445,0,0,65.4788,0,9737.69,0,0,0,0,0,0,2249.57,0,65.749,65.4788,0,0
01:11:15:04:34:09,6876.67,6886.69,16.2143,0.0400562,16.1853,0,0,65.749,0,9742.57,0,0,0,0,0,0,2254.44,0,66.019,65.749,0,0
01:11:15:04:34:10,6881.54,6888.69,16.239,0.0400562,16.2143,0,0,66.019,0,9746.66,0,0,0,0,0,0,2258.53,0,66.2894,66.019,0,0
01:11:15:04:34:11,6882.39,6890.12,16.2202,0.0400562,16.239,0,0,66.2894,0,9746.95,0,0,0,0,0,0,2258.82,0,66.5599,66.2894,0,0
01:11:15:04:34:12,6883.82,6891.84,16.2766,0.0400562,16.2202,0,0,66.5599,0,9749.72,0,0,0,0,0,0,2261.6,0,66.8307,66.5599,0,0
01:11:15:04:34:13,6886.4,6893.84,16.1589,0.0400562,16.2766,0,0,66.8307,0,9750.33,0,0,0,0,0,0,2262.2,0,67.101,66.8307,0,0
01:11:15:04:34:14,6885.25,6893.27,16.2136,0.0400562,16.1589,0,0,67.101,0,9754.9,0,0,0,0,0,0,2266.77,0,67.3708,67.101,0,0
01:11:15:04:34:15,6886.11,6893.84,16.1741,0.0400562,16.2136,0,0,67.3708,0,9753.86,0,0,0,0,0,0,2265.73,0,67.6407,67.3708,0,0
01:11:15:04:34:16,6884.97,6894.12,16.1778,0.0400562,16.1741,0,0,67.6407,0,9754.98,0,0,0,0,0,0,2266.85,0,67.9103,67.6407,0,0
01:11:15:04:34:17,6886.11,6890.12,16.2878,0.0400562,16.1778,0,0,67.9103,0,9756.47,0,0,0,0,0,0,2268.34,0,68.1808,67.9103,0,0
01:11:15:04:34:18,6886.69,6892.69,16.1719,0.0400562,16.2878,0,0,68.1808,0,9752.73,0,0,0,0,0,0,2264.6,0,68.4513,68.1808,0,0
01:11:15:04:34:19,6888.4,6896.41,16.301,0.0400562,16.1719,0,0,68.4513,0,9760.05,0,0,0,0,0,0,2271.93,0,68.722,68.4513,0,0
01:11:15:04:34:20,6889.26,6893.27,16.1772,0.0400562,16.301,0,0,68.722,0,9755.77,0,0,0,0,0,0,2267.64,0,68.9926,68.722,0,0
01:11:15:04:34:21,6886.4,6894.7,16.2431,0.0400562,16.1772,0,0,68.9926,0,9758.85,0,0,0,0,0,0,2270.72,0,69.2628,68.9926,0,0
01:11:15:04:34:22,6887.54,6898.13,16.2431,0.0400562,16.2431,0,0,69.2628,0,9757.64,0,0,0,0,0,0,2269.51,0,69.5335,69.2628,0,0
#,01:11:15:04:34:23,WELLBORE,DEPTHS,1,[1|Rate|1789.071045],,,,,,,,,,,,,,,,,
01:11:15:04:34:23,6890.12,6896.41,16.2219,0.0400562,16.2431,0,0,69.5335,0,9760.73,0,0,0,0,0,0,2272.61,0,69.804,69.5335,0,0
01:11:15:04:34:24,6884.97,6891.84,16.2246,0.0400562,16.2219,0,0,69.804,0,9757.03,0,0,0,0,0,0,2268.9,0,70.0744,69.804,0,0
01:11:15:04:34:25,6887.54,6893.27,16.2328,0.0400562,16.2246,0,0,70.0744,0,9760.01,0,0,0,0,0,0,2271.88,0,70.3449,70.0744,0,0
01:11:15:04:34:26,6889.26,6892.69,16.2416,0.0400562,16.2328,0,0,70.3449,0,9761.89,0,0,0,0,0,0,2273.76,0,70.6155,70.3449,0,0
01:11:15:04:34:27,6891.55,6898.13,16.1875,0.0400562,16.2416,0,0,70.6155,0,9764.32,0,0,0,0,0,0,2276.19,0,70.8858,70.6155,0,0
01:11:15:04:34:28,6891.84,6898.7,16.3744,0.0400562,16.1875,0,0,70.8858,0,9767.47,0,0,0,0,0,0,2279.35,0,71.1571,70.8858,0,0
01:11:15:04:34:29,6894.7,6901.28,16.2511,0.0400562,16.3744,0,0,71.1571,0,9762.73,0,0,0,0,0,0,2274.6,0,71.429,71.1571,0,0
01:11:15:04:34:30,6894.98,6902.13,16.2719,0.0400562,16.2511,0,0,71.429,0,9768.92,0,0,0,0,0,0,2280.79,0,71.7,71.429,0,0
01:11:15:04:34:31,6893.84,6901.85,16.1442,0.0400562,16.2719,0,0,71.7,0,9767.39,0,0,0,0,0,0,2279.27,0,71.9701,71.7,0,0
01:11:15:04:34:32,6897.84,6904.42,16.2891,0.0400562,16.1442,0,0,71.9701,0,9777.43,0,0,0,0,0,0,2289.3,0,72.2404,71.9701,0,0
01:11:15:04:34:33,6898.7,6905.57,16.21,0.0400562,16.2891,0,0,72.2404,0,9772.56,0,0,0,0,0,0,2284.43,0,72.5113,72.2404,0,0
01:11:15:04:34:34,6899.56,6907.57,16.2374,0.0400562,16.21,0,0,72.5113,0,9777.36,0,0,0,0,0,0,2289.23,0,72.7816,72.5113,0,0
01:11:15:04:34:35,6903.28,6910.15,16.2494,0.0400562,16.2374,0,0,72.7816,0,9780.42,0,0,0,0,0,0,2292.3,0,73.0524,72.7816,0,0
01:11:15:04:34:36,6901.85,6907.86,16.2647,0.0400562,16.2494,0,0,73.0524,0,9778.99,0,0,0,0,0,0,2290.86,0,73.3233,73.0524,0,0
01:11:15:04:34:37,6899.56,6908.71,16.109,0.0400562,16.2647,0,0,73.3233,0,9776.56,0,0,0,0,0,0,2288.43,0,73.5931,73.3233,0,0
#,01:11:15:04:34:38,WELLBORE,DEPTHS,1,[1|Rate|1972.075928],,,,,,,,,,,,,,,,,
01:11:15:04:34:38,6899.85,6906.43,16.1043,0.0400562,16.109,0,0,73.5931,0,9784.03,0,0,0,0,0,0,2295.9,0,73.8615,73.5931,0,0
01:11:15:04:34:39,6900.99,6905,16.2474,0.0400562,16.1043,0,0,73.8615,0,9785.87,0,0,0,0,0,0,2297.74,0,74.1311,73.8615,0,0
01:11:15:04:34:40,6896.41,6904.14,16.2173,0.0400562,16.2474,0,0,74.1311,0,9775.7,0,0,0,0,0,0,2287.57,0,74.4017,74.1311,0,0
01:11:15:04:34:41,6898.42,6905.85,16.298,0.0400562,16.2173,0,0,74.4017,0,9779.5,0,0,0,0,0,0,2291.37,0,74.6726,74.4017,0,0
01:11:15:04:34:42,6899.56,6903.57,16.2478,0.0400562,16.298,0,0,74.6726,0,9777.72,0,0,0,0,0,0,2289.59,0,74.9439,74.6726,0,0
01:11:15:04:34:43,6896.7,6904.71,16.2575,0.0400562,16.2478,0,0,74.9439,0,9777.52,0,0,0,0,0,0,2289.39,0,75.2147,74.9439,0,0
01:11:15:04:34:44,6898.99,6907,16.1924,0.0400562,16.2575,0,0,75.2147,0,9779.91,0,0,0,0,0,0,2291.78,0,75.4851,75.2147,0,0
01:11:15:04:34:45,6901.85,6907.86,16.2047,0.0400562,16.1924,0,0,75.4851,0,9786.06,0,0,0,0,0,0,2297.93,0,75.7551,75.4851,0,0
01:11:15:04:34:46,6900.42,6908.71,16.2037,0.0400562,16.2047,0,0,75.7551,0,9784.61,0,0,0,0,0,0,2296.49,0,76.0252,75.7551,0,0
01:11:15:04:34:47,6900.7,6907.57,16.2141,0.0400562,16.2037,0,0,76.0252,0,9785.46,0,0,0,0,0,0,2297.33,0,76.2953,76.0252,0,0
01:11:15:04:34:48,6899.85,6907,16.2881,0.0400562,16.2141,0,0,76.2953,0,9784.67,0,0,0,0,0,0,2296.55,0,76.5662,76.2953,0,0
01:11:15:04:34:49,6899.56,6906.14,16.2769,0.0400562,16.2881,0,0,76.5662,0,9781.77,0,0,0,0,0,0,2293.64,0,76.8376,76.5662,0,0
01:11:15:04:34:50,6900.42,6906.43,16.211,0.0400562,16.2769,0,0,76.8376,0,9783.63,0,0,0,0,0,0,2295.5,0,77.1083,76.8376,0,0
01:11:15:04:34:51,6900.99,6908.71,16.3406,0.0400562,16.211,0,0,77.1083,0,9787.51,0,0,0,0,0,0,2299.38,0,77.3796,77.1083,0,0
01:11:15:04:34:52,6898.99,6905.57,16.2783,0.0400562,16.3406,0,0,77.3796,0,9780.54,0,0,0,0,0,0,2292.41,0,77.6514,77.3796,0,0
#,01:11:15:04:34:53,WELLBORE,DEPTHS,1,[1|Rate|2155.135498],,,,,,,,,,,,,,,,,
01:11:15:04:34:53,6898.42,6905,16.1037,0.0400562,16.2783,0,0,77.6514,0,9783.13,0,0,0,0,0,0,2295,0,77.9212,77.6514,0,0
01:11:15:04:34:54,6900.13,6907.28,16.133,0.0400562,16.1037,0,0,77.9212,0,9792.69,0,0,0,0,0,0,2304.56,0,78.1899,77.9212,0,0
01:11:15:04:34:55,6901.85,6904.71,16.2165,0.0400562,16.133,0,0,78.1899,0,9793.7,0,0,0,0,0,0,2305.57,0,78.4595,78.1899,0,0
01:11:15:04:34:56,6899.27,6905.28,16.296,0.0400562,16.2165,0,0,78.4595,0,9788.14,0,0,0,0,0,0,2300.01,0,78.7304,78.4595,0,0
01:11:15:04:34:57,6900.99,6907.28,16.1924,0.0400562,16.296,0,0,78.7304,0,9787.03,0,0,0,0,0,0,2298.91,0,79.0011,78.7304,0,0
01:11:15:04:34:58,6903.85,6908.71,16.3153,0.0400562,16.1924,0,0,79.0011,0,9794.75,0,0,0,0,0,0,2306.62,0,79.272,79.0011,0,0
01:11:15:04:34:59,6900.99,6910.43,16.205,0.0400562,16.3153,0,0,79.272,0,9787.27,0,0,0,0,0,0,2299.14,0,79.543,79.272,0,0
01:11:15:04:35:00,6900.99,6909,16.1584,0.0400562,16.205,0,0,79.543,0,9792.41,0,0,0,0,0,0,2304.28,0,79.8127,79.543,0,0
01:11:15:04:35:01,6902.13,6906.14,16.4149,0.0400562,16.1584,0,0,79.8127,0,9796,0,0,0,0,0,0,2307.87,0,80.0842,79.8127,0,0
01:11:15:04:35:02,6898.99,6905.85,16.2095,0.0400562,16.4149,0,0,80.0842,0,9782.66,0,0,0,0,0,0,2294.53,0,80.356,80.0842,0,0
01:11:15:04:35:03,6900.7,6906.71,16.2243,0.0400562,16.2095,0,0,80.356,0,9793.48,0,0,0,0,0,0,2305.35,0,80.6263,80.356,0,0
01:11:15:04:35:04,6904.14,6906.71,16.1052,0.0400562,16.2243,0,0,80.6263,0,9796.8,0,0,0,0,0,0,2308.68,0,80.8958,80.6263,0,0
01:11:15:04:35:05,6902.13,6909.29,16.1461,0.0400562,16.1052,0,0,80.8958,0,9800.23,0,0,0,0,0,0,2312.1,0,81.1645,80.8958,0,0
01:11:15:04:35:06,6902.99,6909.86,16.147,0.0400562,16.1461,0,0,81.1645,0,9799.9,0,0,0,0,0,0,2311.78,0,81.4336,81.1645,0,0
01:11:15:04:35:07,6903.85,6909.29,16.214,0.0400562,16.147,0,0,81.4336,0,9801.23,0,0,0,0,0,0,2313.1,0,81.7033,81.4336,0,0
#,01:11:15:04:35:08,WELLBORE,DEPTHS,1,[1|Rate|2337.818604],,,,,,,,,,,,,,,,,
01:11:15:04:35:08,6901.56,6907.28,16.2121,0.0400562,16.214,0,0,81.7033,0,9796.69,0,0,0,0,0,0,2308.56,0,81.9735,81.7033,0,0
01:11:15:04:35:09,6905.28,6909.86,16.2385,0.0400562,16.2121,0,0,81.9735,0,9800.99,0,0,0,0,0,0,2312.86,0,82.2439,81.9735,0,0
01:11:15:04:35:10,6902.42,6908.14,16.2196,0.0400562,16.2385,0,0,82.2439,0,9797.55,0,0,0,0,0,0,2309.42,0,82.5144,82.2439,0,0
01:11:15:04:35:11,6901.56,6908.43,16.2524,0.0400562,16.2196,0,0,82.5144,0,9797.98,0,0,0,0,0,0,2309.85,0,82.785,82.5144,0,0
01:11:15:04:35:12,6899.85,6908.43,16.1736,0.0400562,16.2524,0,0,82.785,0,9795.43,0,0,0,0,0,0,2307.3,0,83.0552,82.785,0,0
01:11:15:04:35:13,6900.99,6908.43,16.266,0.0400562,16.1736,0,0,83.0552,0,9800.32,0,0,0,0,0,0,2312.19,0,83.3256,83.0552,0,0
01:11:15:04:35:14,6902.71,6907.57,16.1816,0.0400562,16.266,0,0,83.3256,0,9798.76,0,0,0,0,0,0,2310.63,0,83.596,83.3256,0,0
01:11:15:04:35:15,6900.7,6906.43,16.2021,0.0400562,16.1816,0,0,83.596,0,9800.73,0,0,0,0,0,0,2312.6,0,83.8658,83.596,0,0
01:11:15:04:35:16,6899.85,6904.42,16.2612,0.0400562,16.2021,0,0,83.8658,0,9799.54,0,0,0,0,0,0,2311.41,0,84.1364,83.8658,0,0
01:11:15:04:35:17,6900.42,6904.42,16.2038,0.0400562,16.2612,0,0,84.1364,0,9798.2,0,0,0,0,0,0,2310.07,0,84.4069,84.1364,0,0
01:11:15:04:35:18,6898.99,6903.85,16.0651,0.0400562,16.2038,0,0,84.4069,0,9799.63,0,0,0,0,0,0,2311.51,0,84.6758,84.4069,0,0
01:11:15:04:35:19,6897.56,6903.28,16.2285,0.0400562,16.0651,0,0,84.6758,0,9804.33,0,0,0,0,0,0,2316.21,0,84.9449,84.6758,0,0
01:11:15:04:35:20,6898.42,6902.99,16.2702,0.0400562,16.2285,0,0,84.9449,0,9799.07,0,0,0,0,0,0,2310.94,0,85.2157,84.9449,0,0
01:11:15:04:35:21,6895.84,6904.71,16.228,0.0400562,16.2702,0,0,85.2157,0,9795.31,0,0,0,0,0,0,2307.18,0,85.4866,85.2157,0,0
01:11:15:04:35:22,6896.13,6903.85,16.2198,0.0400562,16.228,0,0,85.4866,0,9797.83,0,0,0,0,0,0,2309.7,0,85.757,85.4866,0,0
#,01:11:15:04:35:23,WELLBORE,DEPTHS,1,[1|Rate|2520.607666],,,,,,,,,,,,,,,,,
01:11:15:04:35:23,6899.56,6902.71,16.2751,0.0400562,16.2198,0,0,85.757,0,9802.11,0,0,0,0,0,0,2313.98,0,86.0277,85.757,0,0
01:11:15:04:35:24,6898.42,6904.14,16.2546,0.0400562,16.2751,0,0,86.0277,0,9799.24,0,0,0,0,0,0,2311.11,0,86.2988,86.0277,0,0
01:11:15:04:35:25,6899.56,6903.57,16.1254,0.0400562,16.2546,0,0,86.2988,0,9801.73,0,0,0,0,0,0,2313.6,0,86.5687,86.2988,0,0
01:11:15:04:35:26,6900.99,6902.99,16.2237,0.0400562,16.1254,0,0,86.5687,0,9808.88,0,0,0,0,0,0,2320.75,0,86.8382,86.5687,0,0
01:11:15:04:35:27,6899.27,6905,16.2712,0.0400562,16.2237,0,0,86.8382,0,9803.72,0,0,0,0,0,0,2315.59,0,87.109,86.8382,0,0
01:11:15:04:35:28,6899.85,6905.85,16.2649,0.0400562,16.2712,0,0,87.109,0,9802.89,0,0,0,0,0,0,2314.76,0,87.3802,87.109,0,0
01:11:15:04:35:29,6898.99,6903.85,16.1787,0.0400562,16.2649,0,0,87.3802,0,9802.79,0,0,0,0,0,0,2314.67,0,87.6505,87.3802,0,0
01:11:15:04:35:30,6893.55,6898.7,16.2144,0.0400562,16.1787,0,0,87.6505,0,9801.33,0,0,0,0,0,0,2313.2,0,87.9205,87.6505,0,0
01:11:15:04:35:31,6893.84,6898.42,16.2869,0.0400562,16.2144,0,0,87.9205,0,9800.69,0,0,0,0,0,0,2312.56,0,88.1913,87.9205,0,0
01:11:15:04:35:32,6895.84,6899.85,16.2478,0.0400562,16.2869,0,0,88.1913,0,9800.28,0,0,0,0,0,0,2312.15,0,88.4624,88.1913,0,0
01:11:15:04:35:33,6897.27,6899.85,16.2299,0.0400562,16.2478,0,0,88.4624,0,9803.79,0,0,0,0,0,0,2315.67,0,88.7331,88.4624,0,0
01:11:15:04:35:34,6893.84,6900.42,16.24,0.0400562,16.2299,0,0,88.7331,0,9801.58,0,0,0,0,0,0,2313.45,0,89.0037,88.7331,0,0
01:11:15:04:35:35,6895.84,6901.85,16.2664,0.0400562,16.24,0,0,89.0037,0,9803.69,0,0,0,0,0,0,2315.56,0,89.2746,89.0037,0,0
01:11:15:04:35:36,6895.55,6900.42,16.2704,0.0400562,16.2664,0,0,89.2746,0,9802.85,0,0,0,0,0,0,2314.73,0,89.5457,89.2746,0,0
01:11:15:04:35:37,6892.12,6899.56,16.2482,0.0400562,16.2704,0,0,89.5457,0,9799.77,0,0,0,0,0,0,2311.64,0,89.8167,89.5457,0,0
#,01:11:15:04:35:38,WELLBORE,DEPTHS,1,[1|Rate|2703.678711],,,,,,,,,,,,,,,,,
01:11:15:04:35:38,6892.41,6897.27,16.273,0.0400562,16.2482,0,0,89.8167,0,9801.46,0,0,0,0,0,0,2313.33,0,90.0877,89.8167,0,0
01:11:15:04:35:39,6890.98,6893.84,16.2276,0.0400562,16.273,0,0,90.0877,0,9799.55,0,0,0,0,0,0,2311.42,0,90.3585,90.0877,0,0
01:11:15:04:35:40,6889.83,6894.98,16.2401,0.0400562,16.2276,0,0,90.3585,0,9800.71,0,0,0,0,0,0,2312.59,0,90.6291,90.3585,0,0
01:11:15:04:35:41,6889.26,6893.27,16.2704,0.0400562,16.2401,0,0,90.6291,0,9800.16,0,0,0,0,0,0,2312.03,0,90.9,90.6291,0,0
01:11:15:04:35:42,6888.12,6892.41,16.2887,0.0400562,16.2704,0,0,90.9,0,9798.32,0,0,0,0,0,0,2310.19,0,91.1713,90.9,0,0
01:11:15:04:35:43,6885.54,6891.55,16.2364,0.0400562,16.2887,0,0,91.1713,0,9795.53,0,0,0,0,0,0,2307.4,0,91.4424,91.1713,0,0
01:11:15:04:35:44,6884.68,6890.98,16.1676,0.0400562,16.2364,0,0,91.4424,0,9797.25,0,0,0,0,0,0,2309.12,0,91.7124,91.4424,0,0
01:11:15:04:35:45,6886.69,6890.12,16.2288,0.0400562,16.1676,0,0,91.7124,0,9802.47,0,0,0,0,0,0,2314.35,0,91.9824,91.7124,0,0
01:11:15:04:35:46,6883.82,6888.12,16.2436,0.0400562,16.2288,0,0,91.9824,0,9797.71,0,0,0,0,0,0,2309.58,0,92.253,91.9824,0,0
01:11:15:04:35:47,6883.82,6888.97,16.1309,0.0400562,16.2436,0,0,92.253,0,9797.64,0,0,0,0,0,0,2309.51,0,92.5228,92.253,0,0
01:11:15:04:35:48,6886.97,6890.69,16.2358,0.0400562,16.1309,0,0,92.5228,0,9805.71,0,0,0,0,0,0,2317.58,0,92.7925,92.5228,0,0
01:11:15:04:35:49,6885.83,6890.69,16.2544,0.0400562,16.2358,0,0,92.7925,0,9800.96,0,0,0,0,0,0,2312.83,0,93.0632,92.7925,0,0
01:11:15:04:35:50,6888.4,6893.55,16.2517,0.0400562,16.2544,0,0,93.0632,0,9803.32,0,0,0,0,0,0,2315.19,0,93.3341,93.0632,0,0
01:11:15:04:35:51,6891.26,6898.42,16.2295,0.0400562,16.2517,0,0,93.3341,0,9806.8,0,0,0,0,0,0,2318.67,0,93.6048,93.3341,0,0
01:11:15:04:35:52,6890.98,6892.98,16.1838,0.0400562,16.2295,0,0,93.6048,0,9807.89,0,0,0,0,0,0,2319.77,0,93.8749,93.6048,0,0
#,01:11:15:04:35:53,WELLBORE,DEPTHS,1,[1|Rate|2886.648193],,,,,,,,,,,,,,,,,
01:11:15:04:35:53,6886.69,6892.12,16.1944,0.0400562,16.1838,0,0,93.8749,0,9805.89,0,0,0,0,0,0,2317.76,0,94.1447,93.8749,0,0
01:11:15:04:35:54,6890.4,6893.55,16.2145,0.0400562,16.1944,0,0,94.1447,0,9809.7,0,0,0,0,0,0,2321.57,0,94.4148,94.1447,0,0
01:11:15:04:35:55,6890.69,6891.84,16.2415,0.0400562,16.2145,0,0,94.4148,0,9809.71,0,0,0,0,0,0,2321.59,0,94.6853,94.4148,0,0
01:11:15:04:35:56,6887.26,6893.84,16.2019,0.0400562,16.2415,0,0,94.6853,0,9805.73,0,0,0,0,0,0,2317.6,0,94.9556,94.6853,0,0
01:11:15:04:35:57,6887.83,6894.98,16.252,0.0400562,16.2019,0,0,94.9556,0,9808.34,0,0,0,0,0,0,2320.21,0,95.2261,94.9556,0,0
01:11:15:04:35:58,6892.41,6895.55,16.1097,0.0400562,16.252,0,0,95.2261,0,9811.47,0,0,0,0,0,0,2323.34,0,95.4958,95.2261,0,0
01:11:15:04:35:59,6891.26,6897.56,16.1327,0.0400562,16.1097,0,0,95.4958,0,9816.32,0,0,0,0,0,0,2328.19,0,95.7645,95.4958,0,0
01:11:15:04:36:00,6891.26,6897.56,16.2448,0.0400562,16.1327,0,0,95.7645,0,9815.93,0,0,0,0,0,0,2327.81,0,96.0343,95.7645,0,0
01:11:15:04:36:01,6891.26,6892.12,16.3663,0.0400562,16.2448,0,0,96.0343,0,9812.11,0,0,0,0,0,0,2323.98,0,96.306,96.0343,0,0
01:11:15:04:36:02,6889.55,6893.84,16.123,0.0400562,16.3663,0,0,96.306,0,9806.2,0,0,0,0,0,0,2318.07,0,96.5768,96.306,0,0
01:11:15:04:36:03,6888.69,6891.84,16.1396,0.0400562,16.123,0,0,96.5768,0,9815.22,0,0,0,0,0,0,2327.09,0,96.8456,96.5768,0,0
01:11:15:04:36:04,6886.4,6888.69,16.2131,0.0400562,16.1396,0,0,96.8456,0,9812.79,0,0,0,0,0,0,2324.66,0,97.1152,96.8456,0,0
01:11:15:04:36:05,6890.69,6894.7,16.2143,0.0400562,16.2131,0,0,97.1152,0,9814.77,0,0,0,0,0,0,2326.64,0,97.3855,97.1152,0,0
01:11:15:04:36:06,6892.69,6896.13,16.2802,0.0400562,16.2143,0,0,97.3855,0,9817.22,0,0,0,0,0,0,2329.1,0,97.6563,97.3855,0,0
01:11:15:04:36:07,6894.7,6897.84,16.3417,0.0400562,16.2802,0,0,97.6563,0,9817.21,0,0,0,0,0,0,2329.08,0,97.9281,97.6563,0,0
#,01:11:15:04:36:08,WELLBORE,DEPTHS,1,[1|Rate|3069.472900],,,,,,,,,,,,,,,,,
01:11:15:04:36:08,6892.98,6896.98,16.2429,0.0400562,16.3417,0,0,97.9281,0,9813.64,0,0,0,0,0,0,2325.51,0,98.1996,97.9281,0,0
01:11:15:04:36:09,6892.98,6896.7,16.3685,0.0400562,16.2429,0,0,98.1996,0,9817.93,0,0,0,0,0,0,2329.8,0,98.4714,98.1996,0,0
01:11:15:04:36:10,6890.12,6894.7,16.278,0.0400562,16.3685,0,0,98.4714,0,9810.77,0,0,0,0,0,0,2322.65,0,98.7435,98.4714,0,0
01:11:15:04:36:11,6890.12,6893.27,16.1779,0.0400562,16.278,0,0,98.7435,0,9814.75,0,0,0,0,0,0,2326.62,0,99.0139,98.7435,0,0
01:11:15:04:36:12,6885.25,6891.84,16.1527,0.0400562,16.1779,0,0,99.0139,0,9814.19,0,0,0,0,0,0,2326.07,0,99.2833,99.0139,0,0
01:11:15:04:36:13,6886.4,6891.55,16.3239,0.0400562,16.1527,0,0,99.2833,0,9816.79,0,0,0,0,0,0,2328.66,0,99.554,99.2833,0,0
01:11:15:04:36:14,6888.69,6891.26,16.2687,0.0400562,16.3239,0,0,99.554,0,9813.09,0,0,0,0,0,0,2324.96,0,99.8256,99.554,0,0
01:11:15:04:36:15,6888.69,6893.84,16.1406,0.0400562,16.2687,0,0,99.8256,0,9815.7,0,0,0,0,0,0,2327.57,0,100.096,99.8256,0,0
01:11:15:04:36:16,6891.26,6893.84,16.239,0.0400562,16.1406,0,0,100.096,0,9823.61,0,0,0,0,0,0,2335.49,0,100.365,100.096,0,0
01:11:15:04:36:17,6890.12,6892.12,16.2258,0.0400562,16.239,0,0,100.365,0,9819.27,0,0,0,0,0,0,2331.14,0,100.636,100.365,0,0
01:11:15:04:36:18,6888.4,6893.27,16.2079,0.0400562,16.2258,0,0,100.636,0,9818.55,0,0,0,0,0,0,2330.43,0,100.906,100.636,0,0
01:11:15:04:36:19,6891.26,6894.98,16.2324,0.0400562,16.2079,0,0,100.906,0,9822.6,0,0,0,0,0,0,2334.47,0,101.177,100.906,0,0
01:11:15:04:36:20,6893.84,6897.56,16.2631,0.0400562,16.2324,0,0,101.177,0,9824.76,0,0,0,0,0,0,2336.63,0,101.447,101.177,0,0
01:11:15:04:36:21,6891.55,6898.13,16.3379,0.0400562,16.2631,0,0,101.447,0,9821.81,0,0,0,0,0,0,2333.68,0,101.719,101.447,0,0
01:11:15:04:36:22,6892.12,6896.41,16.2286,0.0400562,16.3379,0,0,101.719,0,9820.07,0,0,0,0,0,0,2331.94,0,101.991,101.719,0,0
#,01:11:15:04:36:23,WELLBORE,DEPTHS,1,[1|Rate|3252.611816],,,,,,,,,,,,,,,,,
01:11:15:04:36:23,6893.27,6896.13,16.3298,0.0400562,16.2286,0,0,101.991,0,9825.83,0,0,0,0,0,0,2337.7,0,102.262,101.991,0,0
01:11:15:04:36:24,6890.69,6895.55,16.3007,0.0400562,16.3298,0,0,102.262,0,9819.95,0,0,0,0,0,0,2331.83,0,102.534,102.262,0,0
01:11:15:04:36:25,6891.84,6896.13,16.2076,0.0400562,16.3007,0,0,102.534,0,9822.7,0,0,0,0,0,0,2334.57,0,102.805,102.534,0,0
01:11:15:04:36:26,6890.69,6895.55,16.201,0.0400562,16.2076,0,0,102.805,0,9825.53,0,0,0,0,0,0,2337.4,0,103.075,102.805,0,0
01:11:15:04:36:27,6889.55,6894.41,16.201,0.0400562,16.201,0,0,103.075,0,9825.13,0,0,0,0,0,0,2337,0,103.345,103.075,0,0
01:11:15:04:36:28,6893.84,6898.13,16.2172,0.0400562,16.201,0,0,103.345,0,9829.91,0,0,0,0,0,0,2341.78,0,103.615,103.345,0,0
01:11:15:04:36:29,6893.84,6897.84,16.2113,0.0400562,16.2172,0,0,103.615,0,9829.81,0,0,0,0,0,0,2341.68,0,103.885,103.615,0,0
01:11:15:04:36:30,6895.84,6896.7,16.1397,0.0400562,16.2113,0,0,103.885,0,9832.53,0,0,0,0,0,0,2344.4,0,104.155,103.885,0,0
01:11:15:04:36:31,6892.98,6896.98,16.2,0.0400562,16.1397,0,0,104.155,0,9832.81,0,0,0,0,0,0,2344.68,0,104.424,104.155,0,0
01:11:15:04:36:32,6894.7,6897.84,16.2222,0.0400562,16.2,0,0,104.424,0,9832.79,0,0,0,0,0,0,2344.66,0,104.694,104.424,0,0
01:11:15:04:36:33,6894.98,6896.7,16.239,0.0400562,16.2222,0,0,104.694,0,9832.76,0,0,0,0,0,0,2344.63,0,104.965,104.694,0,0
01:11:15:04:36:34,6889.26,6896.13,16.1906,0.0400562,16.239,0,0,104.965,0,9826.92,0,0,0,0,0,0,2338.79,0,105.235,104.965,0,0
01:11:15:04:36:35,6885.25,6890.98,16.2615,0.0400562,16.1906,0,0,105.235,0,9825.19,0,0,0,0,0,0,2337.06,0,105.506,105.235,0,0
01:11:15:04:36:36,6885.83,6888.97,16.2679,0.0400562,16.2615,0,0,105.506,0,9823.66,0,0,0,0,0,0,2335.53,0,105.777,105.506,0,0
01:11:15:04:36:37,6884.4,6890.12,16.2723,0.0400562,16.2679,0,0,105.777,0,9822.49,0,0,0,0,0,0,2334.36,0,106.048,105.777,0,0
#,01:11:15:04:36:38,WELLBORE,DEPTHS,1,[1|Rate|3435.580811],,,,,,,,,,,,,,,,,
01:11:15:04:36:38,6886.69,6888.69,16.2051,0.0400562,16.2723,0,0,106.048,0,9825.13,0,0,0,0,0,0,2337,0,106.318,106.048,0,0
01:11:15:04:36:39,6888.4,6889.55,16.1857,0.0400562,16.2051,0,0,106.318,0,9829.8,0,0,0,0,0,0,2341.67,0,106.588,106.318,0,0
01:11:15:04:36:40,6888.97,6893.84,16.3194,0.0400562,16.1857,0,0,106.588,0,9831.58,0,0,0,0,0,0,2343.45,0,106.859,106.588,0,0
01:11:15:04:36:41,6888.69,6892.41,16.283,0.0400562,16.3194,0,0,106.859,0,9826.91,0,0,0,0,0,0,2338.78,0,107.131,106.859,0,0
01:11:15:04:36:42,6889.26,6892.69,16.2653,0.0400562,16.283,0,0,107.131,0,9829.32,0,0,0,0,0,0,2341.19,0,107.402,107.131,0,0
01:11:15:04:36:43,6888.69,6895.55,16.2767,0.0400562,16.2653,0,0,107.402,0,9829.9,0,0,0,0,0,0,2341.78,0,107.673,107.402,0,0
01:11:15:04:36:44,6888.4,6891.84,16.2572,0.0400562,16.2767,0,0,107.673,0,9829.7,0,0,0,0,0,0,2341.57,0,107.945,107.673,0,0
01:11:15:04:36:45,6889.55,6892.12,16.2169,0.0400562,16.2572,0,0,107.945,0,9832.06,0,0,0,0,0,0,2343.93,0,108.215,107.945,0,0
01:11:15:04:36:46,6886.97,6890.69,16.2502,0.0400562,16.2169,0,0,108.215,0,9831.46,0,0,0,0,0,0,2343.33,0,108.486,108.215,0,0
01:11:15:04:36:47,6887.26,6892.41,16.3041,0.0400562,16.2502,0,0,108.486,0,9831.04,0,0,0,0,0,0,2342.91,0,108.757,108.486,0,0
01:11:15:04:36:48,6885.83,6889.55,16.1944,0.0400562,16.3041,0,0,108.757,0,9828.15,0,0,0,0,0,0,2340.02,0,109.028,108.757,0,0
01:11:15:04:36:49,6887.54,6891.26,16.2795,0.0400562,16.1944,0,0,109.028,0,9834.33,0,0,0,0,0,0,2346.2,0,109.298,109.028,0,0
01:11:15:04:36:50,6885.83,6892.41,16.2434,0.0400562,16.2795,0,0,109.298,0,9830.03,0,0,0,0,0,0,2341.91,0,109.569,109.298,0,0
01:11:15:04:36:51,6889.83,6892.69,16.2503,0.0400562,16.2434,0,0,109.569,0,9835.84,0,0,0,0,0,0,2347.71,0,109.84,109.569,0,0
01:11:15:04:36:52,6891.26,6891.55,16.3047,0.0400562,16.2503,0,0,109.84,0,9837.51,0,0,0,0,0,0,2349.38,0,110.111,109.84,0,0
#,01:11:15:04:36:53,WELLBORE,DEPTHS,1,[1|Rate|3618.830811],,,,,,,,,,,,,,,,,
01:11:15:04:36:53,6892.12,6895.55,16.2278,0.0400562,16.3047,0,0,110.111,0,9836.91,0,0,0,0,0,0,2348.78,0,110.383,110.111,0,0
01:11:15:04:36:54,6892.98,6895.27,16.1999,0.0400562,16.2278,0,0,110.383,0,9841.03,0,0,0,0,0,0,2352.9,0,110.653,110.383,0,0
01:11:15:04:36:55,6891.84,6893.27,16.1076,0.0400562,16.1999,0,0,110.653,0,9841.38,0,0,0,0,0,0,2353.25,0,110.922,110.653,0,0
01:11:15:04:36:56,6890.12,6895.55,16.272,0.0400562,16.1076,0,0,110.922,0,9843.44,0,0,0,0,0,0,2355.31,0,111.192,110.922,0,0
01:11:15:04:36:57,6890.69,6895.55,16.3155,0.0400562,16.272,0,0,111.192,0,9838.65,0,0,0,0,0,0,2350.52,0,111.463,111.192,0,0
01:11:15:04:36:58,6889.83,6893.27,16.1784,0.0400562,16.3155,0,0,111.463,0,9836.73,0,0,0,0,0,0,2348.6,0,111.734,111.463,0,0
01:11:15:04:36:59,6886.97,6892.41,16.2304,0.0400562,16.1784,0,0,111.734,0,9839.25,0,0,0,0,0,0,2351.13,0,112.004,111.734,0,0
01:11:15:04:37:00,6888.97,6891.26,16.253,0.0400562,16.2304,0,0,112.004,0,9839.89,0,0,0,0,0,0,2351.76,0,112.275,112.004,0,0
01:11:15:04:37:01,6888.97,6889.83,16.2485,0.0400562,16.253,0,0,112.275,0,9839.6,0,0,0,0,0,0,2351.47,0,112.546,112.275,0,0
01:11:15:04:37:02,6888.69,6892.41,16.2483,0.0400562,16.2485,0,0,112.546,0,9839.97,0,0,0,0,0,0,2351.84,0,112.817,112.546,0,0
01:11:15:04:37:03,6891.26,6896.13,16.2371,0.0400562,16.2483,0,0,112.817,0,9843.05,0,0,0,0,0,0,2354.92,0,113.087,112.817,0,0
01:11:15:04:37:04,6891.26,6894.98,16.2193,0.0400562,16.2371,0,0,113.087,0,9843.94,0,0,0,0,0,0,2355.81,0,113.358,113.087,0,0
01:11:15:04:37:05,6889.55,6893.27,16.1977,0.0400562,16.2193,0,0,113.358,0,9843.35,0,0,0,0,0,0,2355.22,0,113.628,113.358,0,0
01:11:15:04:37:06,6887.54,6890.69,16.1653,0.0400562,16.1977,0,0,113.628,0,9842.6,0,0,0,0,0,0,2354.47,0,113.898,113.628,0,0
01:11:15:04:37:07,6884.68,6887.54,16.2456,0.0400562,16.1653,0,0,113.898,0,9841.37,0,0,0,0,0,0,2353.24,0,114.168,113.898,0,0
#,01:11:15:04:37:08,WELLBORE,DEPTHS,1,[1|Rate|3801.713379],,,,,,,,,,,,,,,,,
01:11:15:04:37:08,6884.97,6886.11,16.197,0.0400562,16.2456,0,0,114.168,0,9839.33,0,0,0,0,0,0,2351.21,0,114.438,114.168,0,0
01:11:15:04:37:09,6881.54,6886.11,16.2289,0.0400562,16.197,0,0,114.438,0,9838.1,0,0,0,0,0,0,2349.97,0,114.708,114.438,0,0
01:11:15:04:37:10,6882.11,6885.54,16.196,0.0400562,16.2289,0,0,114.708,0,9838.06,0,0,0,0,0,0,2349.93,0,114.979,114.708,0,0
01:11:15:04:37:11,6882.11,6886.4,16.3397,0.0400562,16.196,0,0,114.979,0,9839.7,0,0,0,0,0,0,2351.57,0,115.25,114.979,0,0
01:11:15:04:37:12,6880.68,6886.97,16.2239,0.0400562,16.3397,0,0,115.25,0,9833.75,0,0,0,0,0,0,2345.62,0,115.521,115.25,0,0
01:11:15:04:37:13,6882.39,6884.97,16.323,0.0400562,16.2239,0,0,115.521,0,9840.01,0,0,0,0,0,0,2351.88,0,115.792,115.521,0,0
01:11:15:04:37:14,6883.82,6885.83,16.2663,0.0400562,16.323,0,0,115.792,0,9838.48,0,0,0,0,0,0,2350.35,0,116.064,115.792,0,0
01:11:15:04:37:15,6884.4,6888.69,16.1901,0.0400562,16.2663,0,0,116.064,0,9841.53,0,0,0,0,0,0,2353.4,0,116.334,116.064,0,0
01:11:15:04:37:16,6887.83,6889.83,16.2284,0.0400562,16.1901,0,0,116.334,0,9848.09,0,0,0,0,0,0,2359.96,0,116.604,116.334,0,0
01:11:15:04:37:17,6888.97,6889.55,16.2388,0.0400562,16.2284,0,0,116.604,0,9848.4,0,0,0,0,0,0,2360.27,0,116.875,116.604,0,0
01:11:15:04:37:18,6887.26,6892.41,16.3456,0.0400562,16.2388,0,0,116.875,0,9846.81,0,0,0,0,0,0,2358.69,0,117.147,116.875,0,0
01:11:15:04:37:19,6887.83,6890.69,16.2154,0.0400562,16.3456,0,0,117.147,0,9844.19,0,0,0,0,0,0,2356.06,0,117.418,117.147,0,0
01:11:15:04:37:20,6888.4,6892.69,16.1096,0.0400562,16.2154,0,0,117.418,0,9849.75,0,0,0,0,0,0,2361.62,0,117.687,117.418,0,0
01:11:15:04:37:21,6887.26,6895.27,16.2742,0.0400562,16.1096,0,0,117.687,0,9852.73,0,0,0,0,0,0,2364.6,0,117.957,117.687,0,0
01:11:15:04:37:22,6889.55,6891.26,16.2705,0.0400562,16.2742,0,0,117.957,0,9849.85,0,0,0,0,0,0,2361.72,0,118.228,117.957,0,0
#,01:11:15:04:37:23,WELLBORE,DEPTHS,1,[1|Rate|3984.822021],,,,,,,,,,,,,,,,,
01:11:15:04:37:23,6888.4,6890.4,16.1764,0.0400562,16.2705,0,0,118.228,0,9849.33,0,0,0,0,0,0,2361.2,0,118.499,118.228,0,0
01:11:15:04:37:24,6887.54,6891.55,16.1764,0.0400562,16.1764,0,0,118.499,0,9852.19,0,0,0,0,0,0,2364.06,0,118.768,118.499,0,0
01:11:15:04:37:25,6889.26,6894.12,16.2159,0.0400562,16.1764,0,0,118.768,0,9854.4,0,0,0,0,0,0,2366.27,0,119.038,118.768,0,0
01:11:15:04:37:26,6890.4,6894.7,16.3088,0.0400562,16.2159,0,0,119.038,0,9854.68,0,0,0,0,0,0,2366.55,0,119.309,119.038,0,0
01:11:15:04:37:27,6890.12,6893.27,16.214,0.0400562,16.3088,0,0,119.309,0,9851.71,0,0,0,0,0,0,2363.58,0,119.58,119.309,0,0
01:11:15:04:37:28,6888.69,6893.55,16.2233,0.0400562,16.214,0,0,119.58,0,9854.01,0,0,0,0,0,0,2365.89,0,119.851,119.58,0,0
01:11:15:04:37:29,6893.27,6894.98,16.3255,0.0400562,16.2233,0,0,119.851,0,9858.76,0,0,0,0,0,0,2370.64,0,120.122,119.851,0,0
01:11:15:04:37:30,6894.41,6894.98,16.2453,0.0400562,16.3255,0,0,120.122,0,9856.93,0,0,0,0,0,0,2368.8,0,120.393,120.122,0,0
01:11:15:04:37:31,6891.84,6895.27,16.225,0.0400562,16.2453,0,0,120.393,0,9857.58,0,0,0,0,0,0,2369.45,0,120.664,120.393,0,0
01:11:15:04:37:32,6892.41,6894.41,16.2591,0.0400562,16.225,0,0,120.664,0,9859.33,0,0,0,0,0,0,2371.2,0,120.935,120.664,0,0
01:11:15:04:37:33,6891.55,6893.84,16.2489,0.0400562,16.2591,0,0,120.935,0,9857.81,0,0,0,0,0,0,2369.69,0,121.205,120.935,0,0
01:11:15:04:37:34,6888.97,6895.27,16.1992,0.0400562,16.2489,0,0,121.205,0,9856.08,0,0,0,0,0,0,2367.95,0,121.476,121.205,0,0
01:11:15:04:37:35,6890.98,6894.98,16.1921,0.0400562,16.1992,0,0,121.476,0,9860.25,0,0,0,0,0,0,2372.13,0,121.746,121.476,0,0
01:11:15:04:37:36,6893.84,6896.7,16.2619,0.0400562,16.1921,0,0,121.746,0,9863.85,0,0,0,0,0,0,2375.72,0,122.016,121.746,0,0
01:11:15:04:37:37,6891.84,6896.98,16.1968,0.0400562,16.2619,0,0,122.016,0,9859.99,0,0,0,0,0,0,2371.86,0,122.287,122.016,0,0
#,01:11:15:04:37:38,WELLBORE,DEPTHS,1,[1|Rate|4167.795898],,,,,,,,,,,,,,,,,
01:11:15:04:37:38,6894.41,6894.41,16.2632,0.0400562,16.1968,0,0,122.287,0,9865.24,0,0,0,0,0,0,2377.11,0,122.557,122.287,0,0
01:11:15:04:37:39,6896.41,6897.84,16.227,0.0400562,16.2632,0,0,122.557,0,9865.52,0,0,0,0,0,0,2377.39,0,122.828,122.557,0,0
01:11:15:04:37:40,6896.7,6900.13,16.209,0.0400562,16.227,0,0,122.828,0,9867.51,0,0,0,0,0,0,2379.38,0,123.098,122.828,0,0
01:11:15:04:37:41,6898.7,6902.13,16.3363,0.0400562,16.209,0,0,123.098,0,9870.6,0,0,0,0,0,0,2382.47,0,123.37,123.098,0,0
01:11:15:04:37:42,6898.99,6902.13,16.1373,0.0400562,16.3363,0,0,123.37,0,9867.12,0,0,0,0,0,0,2378.99,0,123.64,123.37,0,0
01:11:15:04:37:43,6896.98,6899.85,16.1656,0.0400562,16.1373,0,0,123.64,0,9872.23,0,0,0,0,0,0,2384.11,0,123.909,123.64,0,0
01:11:15:04:37:44,6900.13,6902.42,16.2736,0.0400562,16.1656,0,0,123.909,0,9874.93,0,0,0,0,0,0,2386.8,0,124.18,123.909,0,0
01:11:15:04:37:45,6897.84,6900.7,16.2622,0.0400562,16.2736,0,0,124.18,0,9869.54,0,0,0,0,0,0,2381.41,0,124.451,124.18,0,0
01:11:15:04:37:46,6892.41,6893.84,16.2571,0.0400562,16.2622,0,0,124.451,0,9864.97,0,0,0,0,0,0,2376.84,0,124.722,124.451,0,0
01:11:15:04:37:47,6892.41,6898.42,16.3184,0.0400562,16.2571,0,0,124.722,0,9865.63,0,0,0,0,0,0,2377.5,0,124.993,124.722,0,0
01:11:15:04:37:48,6897.56,6900.13,16.2683,0.0400562,16.3184,0,0,124.993,0,9869.24,0,0,0,0,0,0,2381.11,0,125.265,124.993,0,0
01:11:15:04:37:49,6894.98,6898.99,16.284,0.0400562,16.2683,0,0,125.265,0,9868.82,0,0,0,0,0,0,2380.69,0,125.536,125.265,0,0
01:11:15:04:37:50,6895.84,6901.28,16.2278,0.0400562,16.284,0,0,125.536,0,9869.65,0,0,0,0,0,0,2381.52,0,125.807,125.536,0,0
01:11:15:04:37:51,6900.42,6901.56,16.2152,0.0400562,16.2278,0,0,125.807,0,9876.57,0,0,0,0,0,0,2388.44,0,126.077,125.807,0,0
01:11:15:04:37:52,6895.84,6897.27,16.2142,0.0400562,16.2152,0,0,126.077,0,9872.89,0,0,0,0,0,0,2384.77,0,126.348,126.077,0,0
#,01:11:15:04:37:53,WELLBORE,DEPTHS,1,[1|Rate|4350.913574],,,,,,,,,,,,,,,,,
01:11:15:04:37:53,6895.27,6899.56,16.3056,0.0400562,16.2142,0,0,126.348,0,9872.84,0,0,0,0,0,0,2384.71,0,126.619,126.348,0,0
01:11:15:04:37:54,6895.55,6896.13,16.1092,0.0400562,16.3056,0,0,126.619,0,9870.62,0,0,0,0,0,0,2382.49,0,126.889,126.619,0,0
01:11:15:04:37:55,6896.13,6899.27,16.1615,0.0400562,16.1092,0,0,126.889,0,9878.1,0,0,0,0,0,0,2389.97,0,127.158,126.889,0,0
01:11:15:04:37:56,6896.98,6902.42,16.3402,0.0400562,16.1615,0,0,127.158,0,9877.73,0,0,0,0,0,0,2389.61,0,127.429,127.158,0,0
01:11:15:04:37:57,6898.13,6900.13,16.1505,0.0400562,16.3402,0,0,127.429,0,9873.55,0,0,0,0,0,0,2385.42,0,127.699,127.429,0,0
01:11:15:04:37:58,6892.41,6896.7,16.1363,0.0400562,16.1505,0,0,127.699,0,9874.49,0,0,0,0,0,0,2386.37,0,127.968,127.699,0,0
01:11:15:04:37:59,6891.26,6896.41,16.1363,0.0400562,16.1363,0,0,127.968,0,9874.29,0,0,0,0,0,0,2386.16,0,128.237,127.968,0,0
01:11:15:04:38:00,6893.84,6893.84,16.2417,0.0400562,16.1363,0,0,128.237,0,9877.35,0,0,0,0,0,0,2389.22,0,128.507,128.237,0,0
01:11:15:04:38:01,6892.12,6894.98,16.2791,0.0400562,16.2417,0,0,128.507,0,9872.72,0,0,0,0,0,0,2384.59,0,128.778,128.507,0,0
01:11:15:04:38:02,6891.26,6894.7,16.2611,0.0400562,16.2791,0,0,128.778,0,9871.14,0,0,0,0,0,0,2383.01,0,129.049,128.778,0,0
01:11:15:04:38:03,6892.98,6894.7,16.2088,0.0400562,16.2611,0,0,129.049,0,9873.93,0,0,0,0,0,0,2385.81,0,129.32,129.049,0,0
01:11:15:04:38:04,6885.83,6888.97,16.2902,0.0400562,16.2088,0,0,129.32,0,9868.96,0,0,0,0,0,0,2380.83,0,129.591,129.32,0,0
01:11:15:04:38:05,6878.67,6880.68,16.2235,0.0400562,16.2902,0,0,129.591,0,9859.68,0,0,0,0,0,0,2371.55,0,129.862,129.591,0,0
01:11:15:04:38:06,6877.24,6879.25,16.2274,0.0400562,16.2235,0,0,129.862,0,9860.89,0,0,0,0,0,0,2372.76,0,130.132,129.862,0,0
01:11:15:04:38:07,6880.1,6880.68,16.3584,0.0400562,16.2274,0,0,130.132,0,9864.1,0,0,0,0,0,0,2375.98,0,130.404,130.132,0,0
#,01:11:15:04:38:08,WELLBORE,DEPTHS,1,[1|Rate|4533.858398],,,,,,,,,,,,,,,,,
01:11:15:04:38:08,6878.67,6880.1,16.1963,0.0400562,16.3584,0,0,130.404,0,9858.96,0,0,0,0,0,0,2370.83,0,130.675,130.404,0,0
01:11:15:04:38:09,6879.53,6884.68,16.2657,0.0400562,16.1963,0,0,130.675,0,9865.49,0,0,0,0,0,0,2377.37,0,130.945,130.675,0,0
01:11:15:04:38:10,6882.39,6884.11,16.2172,0.0400562,16.2657,0,0,130.945,0,9866.63,0,0,0,0,0,0,2378.5,0,131.216,130.945,0,0
01:11:15:04:38:11,6883.25,6887.54,16.2708,0.0400562,16.2172,0,0,131.216,0,9869.52,0,0,0,0,0,0,2381.39,0,131.487,131.216,0,0
01:11:15:04:38:12,6882.97,6889.83,16.2223,0.0400562,16.2708,0,0,131.487,0,9868.01,0,0,0,0,0,0,2379.88,0,131.758,131.487,0,0
01:11:15:04:38:13,6887.26,6887.83,16.2324,0.0400562,16.2223,0,0,131.758,0,9874.33,0,0,0,0,0,0,2386.2,0,132.028,131.758,0,0
01:11:15:04:38:14,6884.4,6886.4,16.1197,0.0400562,16.2324,0,0,132.028,0,9871.63,0,0,0,0,0,0,2383.5,0,132.298,132.028,0,0
01:11:15:04:38:15,6883.82,6889.26,16.1335,0.0400562,16.1197,0,0,132.298,0,9875.09,0,0,0,0,0,0,2386.97,0,132.566,132.298,0,0
01:11:15:04:38:16,6887.54,6886.97,16.3031,0.0400562,16.1335,0,0,132.566,0,9878.86,0,0,0,0,0,0,2390.73,0,132.837,132.566,0,0
01:11:15:04:38:17,6885.25,6886.97,16.2579,0.0400562,16.3031,0,0,132.837,0,9871.71,0,0,0,0,0,0,2383.59,0,133.108,132.837,0,0
01:11:15:04:38:18,6883.82,6888.97,16.1718,0.0400562,16.2579,0,0,133.108,0,9872.2,0,0,0,0,0,0,2384.07,0,133.378,133.108,0,0
01:11:15:04:38:19,6886.11,6888.12,16.3115,0.0400562,16.1718,0,0,133.378,0,9877.68,0,0,0,0,0,0,2389.55,0,133.649,133.378,0,0
01:11:15:04:38:20,6884.4,6886.69,16.1623,0.0400562,16.3115,0,0,133.649,0,9872.06,0,0,0,0,0,0,2383.93,0,133.92,133.649,0,0
01:11:15:04:38:21,6884.11,6886.97,16.2617,0.0400562,16.1623,0,0,133.92,0,9876.94,0,0,0,0,0,0,2388.81,0,134.19,133.92,0,0
01:11:15:04:38:22,6885.54,6886.97,16.2516,0.0400562,16.2617,0,0,134.19,0,9875.75,0,0,0,0,0,0,2387.62,0,134.461,134.19,0,0
#,01:11:15:04:38:23,WELLBORE,DEPTHS,1,[1|Rate|4716.764648],,,,,,,,,,,,,,,,,
01:11:15:04:38:23,6883.54,6886.11,16.2371,0.0400562,16.2516,0,0,134.461,0,9874.55,0,0,0,0,0,0,2386.42,0,134.732,134.461,0,0
01:11:15:04:38:24,6884.4,6887.54,16.3288,0.0400562,16.2371,0,0,134.732,0,9876.35,0,0,0,0,0,0,2388.22,0,135.003,134.732,0,0
01:11:15:04:38:25,6882.39,6887.54,16.1745,0.0400562,16.3288,0,0,135.003,0,9871.97,0,0,0,0,0,0,2383.85,0,135.274,135.003,0,0
01:11:15:04:38:26,6882.39,6883.54,16.2858,0.0400562,16.1745,0,0,135.274,0,9877.27,0,0,0,0,0,0,2389.14,0,135.544,135.274,0,0
01:11:15:04:38:27,6880.68,6883.25,16.1992,0.0400562,16.2858,0,0,135.544,0,9872.58,0,0,0,0,0,0,2384.46,0,135.815,135.544,0,0
01:11:15:04:38:28,6882.11,6884.97,16.1744,0.0400562,16.1992,0,0,135.815,0,9877.19,0,0,0,0,0,0,2389.06,0,136.085,135.815,0,0
01:11:15:04:38:29,6884.97,6884.68,16.2049,0.0400562,16.1744,0,0,136.085,0,9881.3,0,0,0,0,0,0,2393.18,0,136.355,136.085,0,0
01:11:15:04:38:30,6885.83,6885.83,16.1757,0.0400562,16.2049,0,0,136.355,0,9881.71,0,0,0,0,0,0,2393.58,0,136.624,136.355,0,0
01:11:15:04:38:31,6883.82,6887.26,16.2133,0.0400562,16.1757,0,0,136.624,0,9881.09,0,0,0,0,0,0,2392.96,0,136.894,136.624,0,0
01:11:15:04:38:32,6884.11,6884.97,16.3168,0.0400562,16.2133,0,0,136.894,0,9880.71,0,0,0,0,0,0,2392.58,0,137.165,136.894,0,0
01:11:15:04:38:33,6878.1,6882.11,16.2725,0.0400562,16.3168,0,0,137.165,0,9872,0,0,0,0,0,0,2383.87,0,137.437,137.165,0,0
01:11:15:04:38:34,6874.67,6880.1,16.2947,0.0400562,16.2725,0,0,137.437,0,9870.42,0,0,0,0,0,0,2382.29,0,137.708,137.437,0,0
01:11:15:04:38:35,6875.81,6876.67,16.3143,0.0400562,16.2947,0,0,137.708,0,9871.36,0,0,0,0,0,0,2383.24,0,137.98,137.708,0,0
01:11:15:04:38:36,6876.67,6876.96,16.3506,0.0400562,16.3143,0,0,137.98,0,9872.11,0,0,0,0,0,0,2383.98,0,138.252,137.98,0,0
01:11:15:04:38:37,6876.67,6879.53,16.2607,0.0400562,16.3506,0,0,138.252,0,9871.49,0,0,0,0,0,0,2383.36,0,138.524,138.252,0,0
#,01:11:15:04:38:38,WELLBORE,DEPTHS,1,[1|Rate|4899.990234],,,,,,,,,,,,,,,,,
01:11:15:04:38:38,6882.97,6882.97,16.2745,0.0400562,16.2607,0,0,138.524,0,9881.01,0,0,0,0,0,0,2392.89,0,138.795,138.524,0,0
01:11:15:04:38:39,6882.68,6885.25,16.3334,0.0400562,16.2745,0,0,138.795,0,9880.79,0,0,0,0,0,0,2392.66,0,139.067,138.795,0,0
01:11:15:04:38:40,6881.82,6884.11,16.294,0.0400562,16.3334,0,0,139.067,0,9878.63,0,0,0,0,0,0,2390.5,0,139.339,139.067,0,0
01:11:15:04:38:41,6884.11,6885.25,16.2653,0.0400562,16.294,0,0,139.339,0,9882.61,0,0,0,0,0,0,2394.48,0,139.61,139.339,0,0
01:11:15:04:38:42,6881.25,6883.82,16.1908,0.0400562,16.2653,0,0,139.61,0,9881.1,0,0,0,0,0,0,2392.97,0,139.881,139.61,0,0
01:11:15:04:38:43,6877.53,6878.96,16.2302,0.0400562,16.1908,0,0,139.881,0,9880.12,0,0,0,0,0,0,2391.99,0,140.151,139.881,0,0
01:11:15:04:38:44,6876.39,6879.82,16.1685,0.0400562,16.2302,0,0,140.151,0,9878.27,0,0,0,0,0,0,2390.14,0,140.421,140.151,0,0
01:11:15:04:38:45,6878.96,6878.1,16.1869,0.0400562,16.1685,0,0,140.421,0,9883.18,0,0,0,0,0,0,2395.05,0,140.69,140.421,0,0
01:11:15:04:38:46,6876.39,6879.25,16.0867,0.0400562,16.1869,0,0,140.69,0,9880.53,0,0,0,0,0,0,2392.4,0,140.959,140.69,0,0
01:11:15:04:38:47,6876.96,6882.97,16.2683,0.0400562,16.0867,0,0,140.959,0,9884.57,0,0,0,0,0,0,2396.44,0,141.229,140.959,0,0
01:11:15:04:38:48,6878.39,6880.96,16.1708,0.0400562,16.2683,0,0,141.229,0,9881.06,0,0,0,0,0,0,2392.93,0,141.499,141.229,0,0
01:11:15:04:38:49,6877.24,6880.68,16.159,0.0400562,16.1708,0,0,141.499,0,9883.31,0,0,0,0,0,0,2395.19,0,141.769,141.499,0,0
01:11:15:04:38:50,6876.96,6881.54,16.3024,0.0400562,16.159,0,0,141.769,0,9883.86,0,0,0,0,0,0,2395.73,0,142.039,141.769,0,0
01:11:15:04:38:51,6876.67,6875.24,16.228,0.0400562,16.3024,0,0,142.039,0,9879.79,0,0,0,0,0,0,2391.66,0,142.31,142.039,0,0
01:11:15:04:38:52,6873.24,6874.1,16.2307,0.0400562,16.228,0,0,142.31,0,9879.06,0,0,0,0,0,0,2390.93,0,142.581,142.31,0,0
#,01:11:15:04:38:53,WELLBORE,DEPTHS,1,[1|Rate|5082.905273],,,,,,,,,,,,,,,,,
01:11:15:04:38:53,6873.52,6876.39,16.2666,0.0400562,16.2307,0,0,142.581,0,9879.75,0,0,0,0,0,0,2391.62,0,142.852,142.581,0,0
01:11:15:04:38:54,6876.1,6876.39,16.1784,0.0400562,16.2666,0,0,142.852,0,9881.75,0,0,0,0,0,0,2393.62,0,143.122,142.852,0,0
01:11:15:04:38:55,6876.39,6879.25,16.2025,0.0400562,16.1784,0,0,143.122,0,9885.12,0,0,0,0,0,0,2397,0,143.392,143.122,0,0
01:11:15:04:38:56,6876.67,6882.39,16.2646,0.0400562,16.2025,0,0,143.392,0,9885.19,0,0,0,0,0,0,2397.06,0,143.662,143.392,0,0
01:11:15:04:38:57,6879.25,6881.25,16.2227,0.0400562,16.2646,0,0,143.662,0,9886.42,0,0,0,0,0,0,2398.29,0,143.933,143.662,0,0
01:11:15:04:38:58,6879.82,6880.1,16.1461,0.0400562,16.2227,0,0,143.933,0,9888.71,0,0,0,0,0,0,2400.58,0,144.203,143.933,0,0
01:11:15:04:38:59,6880.1,6881.82,16.1785,0.0400562,16.1461,0,0,144.203,0,9891.72,0,0,0,0,0,0,2403.59,0,144.472,144.203,0,0
01:11:15:04:39:00,6881.54,6883.82,16.2582,0.0400562,16.1785,0,0,144.472,0,9892.68,0,0,0,0,0,0,2404.55,0,144.743,144.472,0,0
01:11:15:04:39:01,6880.96,6883.54,16.3049,0.0400562,16.2582,0,0,144.743,0,9890.25,0,0,0,0,0,0,2402.12,0,145.014,144.743,0,0
01:11:15:04:39:02,6880.68,6884.11,16.3405,0.0400562,16.3049,0,0,145.014,0,9889.08,0,0,0,0,0,0,2400.95,0,145.286,145.014,0,0
01:11:15:04:39:03,6879.82,6885.25,16.307,0.0400562,16.3405,0,0,145.286,0,9887.67,0,0,0,0,0,0,2399.54,0,145.558,145.286,0,0
01:11:15:04:39:04,6884.97,6883.82,16.307,0.0400562,16.307,0,0,145.558,0,9894.29,0,0,0,0,0,0,2406.16,0,145.83,145.558,0,0
01:11:15:04:39:05,6879.82,6880.68,16.1728,0.0400562,16.307,0,0,145.83,0,9889.62,0,0,0,0,0,0,2401.5,0,146.1,145.83,0,0
01:11:15:04:39:06,6870.09,6872.67,16.1728,0.0400562,16.1728,0,0,146.1,0,9884.27,0,0,0,0,0,0,2396.14,0,146.37,146.1,0,0
01:11:15:04:39:07,6872.95,6872.09,16.2263,0.0400562,16.1728,0,0,146.37,0,9887.6,0,0,0,0,0,0,2399.47,0,146.64,146.37,0,0
#,01:11:15:04:39:08,WELLBORE,DEPTHS,1,[1|Rate|5265.940430],,,,,,,,,,,,,,,,,
01:11:15:04:39:08,6870.09,6871.24,16.2776,0.0400562,16.2263,0,0,146.64,0,9883.68,0,0,0,0,0,0,2395.55,0,146.911,146.64,0,0
01:11:15:04:39:09,6869.81,6874.1,16.2201,0.0400562,16.2776,0,0,146.911,0,9882.39,0,0,0,0,0,0,2394.27,0,147.182,146.911,0,0
01:11:15:04:39:10,6872.38,6874.1,16.1678,0.0400562,16.2201,0,0,147.182,0,9887.11,0,0,0,0,0,0,2398.98,0,147.452,147.182,0,0
01:11:15:04:39:11,6870.09,6872.95,16.2493,0.0400562,16.1678,0,0,147.452,0,9886.8,0,0,0,0,0,0,2398.67,0,147.722,147.452,0,0
01:11:15:04:39:12,6868.95,6873.52,16.2094,0.0400562,16.2493,0,0,147.722,0,9883.8,0,0,0,0,0,0,2395.67,0,147.992,147.722,0,0
01:11:15:04:39:13,6873.24,6872.67,16.2663,0.0400562,16.2094,0,0,147.992,0,9889.71,0,0,0,0,0,0,2401.59,0,148.263,147.992,0,0
01:11:15:04:39:14,6871.24,6871.81,16.2311,0.0400562,16.2663,0,0,148.263,0,9886.57,0,0,0,0,0,0,2398.44,0,148.534,148.263,0,0
01:11:15:04:39:15,6872.67,6875.53,16.2272,0.0400562,16.2311,0,0,148.534,0,9889.49,0,0,0,0,0,0,2401.36,0,148.804,148.534,0,0
01:11:15:04:39:16,6872.95,6872.95,16.4057,0.0400562,16.2272,0,0,148.804,0,9890.37,0,0,0,0,0,0,2402.24,0,149.076,148.804,0,0
01:11:15:04:39:17,6871.52,6873.24,16.1261,0.0400562,16.4057,0,0,149.076,0,9884.34,0,0,0,0,0,0,2396.21,0,149.347,149.076,0,0
01:11:15:04:39:18,6870.95,6872.38,16.243,0.0400562,16.1261,0,0,149.347,0,9892.2,0,0,0,0,0,0,2404.07,0,149.617,149.347,0,0
01:11:15:04:39:19,6873.24,6874.38,16.2239,0.0400562,16.243,0,0,149.617,0,9891.66,0,0,0,0,0,0,2403.54,0,149.887,149.617,0,0
01:11:15:04:39:20,6870.38,6871.81,16.2728,0.0400562,16.2239,0,0,149.887,0,9889.83,0,0,0,0,0,0,2401.7,0,150.158,149.887,0,0
01:11:15:04:39:21,6867.8,6870.09,16.2983,0.0400562,16.2728,0,0,150.158,0,9886.36,0,0,0,0,0,0,2398.23,0,150.43,150.158,0,0
01:11:15:04:39:22,6868.09,6871.24,16.314,0.0400562,16.2983,0,0,150.43,0,9886.41,0,0,0,0,0,0,2398.28,0,150.701,150.43,0,0
#,01:11:15:04:39:23,WELLBORE,DEPTHS,1,[1|Rate|5449.112793],,,,,,,,,,,,,,,,,
01:11:15:04:39:23,6868.37,6868.09,16.1376,0.0400562,16.314,0,0,150.701,0,9886.75,0,0,0,0,0,0,2398.62,0,150.972,150.701,0,0
01:11:15:04:39:24,6866.94,6870.09,16.2938,0.0400562,16.1376,0,0,150.972,0,9890.75,0,0,0,0,0,0,2402.62,0,151.242,150.972,0,0
01:11:15:04:39:25,6866.37,6871.52,16.2278,0.0400562,16.2938,0,0,151.242,0,9886.29,0,0,0,0,0,0,2398.16,0,151.513,151.242,0,0
01:11:15:04:39:26,6870.38,6869.81,16.2185,0.0400562,16.2278,0,0,151.513,0,9892.62,0,0,0,0,0,0,2404.49,0,151.784,151.513,0,0
01:11:15:04:39:27,6870.09,6870.09,16.2179,0.0400562,16.2185,0,0,151.784,0,9893.07,0,0,0,0,0,0,2404.94,0,152.054,151.784,0,0
01:11:15:04:39:28,6872.67,6874.1,16.2252,0.0400562,16.2179,0,0,152.054,0,9896.13,0,0,0,0,0,0,2408.01,0,152.324,152.054,0,0
01:11:15:04:39:29,6876.96,6875.24,16.2915,0.0400562,16.2252,0,0,152.324,0,9900.7,0,0,0,0,0,0,2412.57,0,152.595,152.324,0,0
01:11:15:04:39:30,6872.09,6871.24,16.2754,0.0400562,16.2915,0,0,152.595,0,9894.47,0,0,0,0,0,0,2406.35,0,152.867,152.595,0,0
01:11:15:04:39:31,6872.09,6874.67,16.2967,0.0400562,16.2754,0,0,152.867,0,9895.4,0,0,0,0,0,0,2407.27,0,153.138,152.867,0,0
01:11:15:04:39:32,6870.95,6871.81,16.0835,0.0400562,16.2967,0,0,153.138,0,9894.15,0,0,0,0,0,0,2406.02,0,153.408,153.138,0,0
01:11:15:04:39:33,6868.66,6871.24,16.2415,0.0400562,16.0835,0,0,153.408,0,9898.21,0,0,0,0,0,0,2410.08,0,153.677,153.408,0,0
01:11:15:04:39:34,6867.52,6872.95,16.2206,0.0400562,16.2415,0,0,153.677,0,9893.2,0,0,0,0,0,0,2405.07,0,153.948,153.677,0,0
01:11:15:04:39:35,6872.09,6871.24,16.1862,0.0400562,16.2206,0,0,153.948,0,9898.83,0,0,0,0,0,0,2410.7,0,154.218,153.948,0,0
01:11:15:04:39:36,6869.81,6870.66,16.1958,0.0400562,16.1862,0,0,154.218,0,9897.96,0,0,0,0,0,0,2409.83,0,154.488,154.218,0,0
01:11:15:04:39:37,6869.81,6872.95,16.1659,0.0400562,16.1958,0,0,154.488,0,9898.18,0,0,0,0,0,0,2410.05,0,154.757,154.488,0,0
#,01:11:15:04:39:38,WELLBORE,DEPTHS,1,[1|Rate|5631.943848],,,,,,,,,,,,,,,,,
01:11:15:04:39:38,6875.53,6876.96,16.2404,0.0400562,16.1659,0,0,154.757,0,9905.19,0,0,0,0,0,0,2417.06,0,155.027,154.757,0,0
01:11:15:04:39:39,6873.24,6874.96,16.1898,0.0400562,16.2404,0,0,155.027,0,9901.35,0,0,0,0,0,0,2413.22,0,155.298,155.027,0,0
01:11:15:04:39:40,6872.09,6873.52,16.2666,0.0400562,16.1898,0,0,155.298,0,9902.06,0,0,0,0,0,0,2413.93,0,155.568,155.298,0,0
01:11:15:04:39:41,6870.66,6873.81,16.2581,0.0400562,16.2666,0,0,155.568,0,9899.02,0,0,0,0,0,0,2410.9,0,155.839,155.568,0,0
01:11:15:04:39:42,6873.24,6870.95,16.1923,0.0400562,16.2581,0,0,155.839,0,9902.31,0,0,0,0,0,0,2414.18,0,156.11,155.839,0,0
01:11:15:04:39:43,6873.24,6873.52,16.2121,0.0400562,16.1923,0,0,156.11,0,9904.58,0,0,0,0,0,0,2416.45,0,156.38,156.11,0,0
01:11:15:04:39:44,6873.52,6875.81,16.2689,0.0400562,16.2121,0,0,156.38,0,9904.81,0,0,0,0,0,0,2416.68,0,156.65,156.38,0,0
01:11:15:04:39:45,6875.24,6874.67,16.2784,0.0400562,16.2689,0,0,156.65,0,9905.48,0,0,0,0,0,0,2417.35,0,156.922,156.65,0,0
01:11:15:04:39:46,6874.96,6878.1,16.1758,0.0400562,16.2784,0,0,156.922,0,9905.42,0,0,0,0,0,0,2417.29,0,157.192,156.922,0,0
01:11:15:04:39:47,6872.38,6877.24,16.2983,0.0400562,16.1758,0,0,157.192,0,9906.08,0,0,0,0,0,0,2417.95,0,157.463,157.192,0,0
01:11:15:04:39:48,6874.67,6874.38,16.2338,0.0400562,16.2983,0,0,157.463,0,9905.57,0,0,0,0,0,0,2417.44,0,157.734,157.463,0,0
01:11:15:04:39:49,6870.95,6872.67,16.1722,0.0400562,16.2338,0,0,157.734,0,9904.07,0,0,0,0,0,0,2415.94,0,158.004,157.734,0,0
01:11:15:04:39:50,6870.66,6874.38,16.2827,0.0400562,16.1722,0,0,158.004,0,9905.9,0,0,0,0,0,0,2417.77,0,158.274,158.004,0,0
01:11:15:04:39:51,6876.67,6874.38,16.2419,0.0400562,16.2827,0,0,158.274,0,9909.45,0,0,0,0,0,0,2421.32,0,158.545,158.274,0,0
01:11:15:04:39:52,6876.1,6876.67,16.2158,0.0400562,16.2419,0,0,158.545,0,9910.44,0,0,0,0,0,0,2422.31,0,158.816,158.545,0,0
#,01:11:15:04:39:53,WELLBORE,DEPTHS,1,[1|Rate|5814.961914],,,,,,,,,,,,,,,,,
01:11:15:04:39:53,6875.53,6877.53,16.1999,0.0400562,16.2158,0,0,158.816,0,9911.04,0,0,0,0,0,0,2422.91,0,159.086,158.816,0,0
01:11:15:04:39:54,6877.53,6875.24,16.3247,0.0400562,16.1999,0,0,159.086,0,9913.93,0,0,0,0,0,0,2425.81,0,159.357,159.086,0,0
01:11:15:04:39:55,6875.53,6878.67,16.2011,0.0400562,16.3247,0,0,159.357,0,9909.1,0,0,0,0,0,0,2420.97,0,159.628,159.357,0,0
01:11:15:04:39:56,6874.67,6874.96,16.2496,0.0400562,16.2011,0,0,159.628,0,9911.99,0,0,0,0,0,0,2423.86,0,159.898,159.628,0,0
01:11:15:04:39:57,6877.53,6877.53,16.2945,0.0400562,16.2496,0,0,159.898,0,9914.05,0,0,0,0,0,0,2425.92,0,160.17,159.898,0,0
01:11:15:04:39:58,6875.24,6876.1,16.2527,0.0400562,16.2945,0,0,160.17,0,9911.06,0,0,0,0,0,0,2422.93,0,160.441,160.17,0,0
01:11:15:04:39:59,6875.53,6877.53,16.3318,0.0400562,16.2527,0,0,160.441,0,9912.93,0,0,0,0,0,0,2424.8,0,160.712,160.441,0,0
01:11:15:04:40:00,6876.1,6878.1,16.2132,0.0400562,16.3318,0,0,160.712,0,9911.9,0,0,0,0,0,0,2423.77,0,160.984,160.712,0,0
01:11:15:04:40:01,6877.24,6877.53,16.2113,0.0400562,16.2132,0,0,160.984,0,9916.63,0,0,0,0,0,0,2428.5,0,161.254,160.984,0,0
01:11:15:04:40:02,6874.96,6878.67,16.2319,0.0400562,16.2113,0,0,161.254,0,9914.87,0,0,0,0,0,0,2426.74,0,161.524,161.254,0,0
01:11:15:04:40:03,6874.38,6878.1,16.2805,0.0400562,16.2319,0,0,161.524,0,9914.24,0,0,0,0,0,0,2426.11,0,161.795,161.524,0,0
01:11:15:04:40:04,6876.96,6874.67,16.3495,0.0400562,16.2805,0,0,161.795,0,9916.03,0,0,0,0,0,0,2427.9,0,162.067,161.795,0,0
01:11:15:04:40:05,6874.96,6874.96,16.3495,0.0400562,16.3495,0,0,162.067,0,9912.72,0,0,0,0,0,0,2424.59,0,162.339,162.067,0,0
01:11:15:04:40:06,6874.38,6876.39,16.2937,0.0400562,16.3495,0,0,162.339,0,9912.64,0,0,0,0,0,0,2424.51,0,162.611,162.339,0,0
01:11:15:04:40:07,6876.39,6874.1,16.2401,0.0400562,16.2937,0,0,162.611,0,9916.57,0,0,0,0,0,0,2428.45,0,162.883,162.611,0,0
#,01:11:15:04:40:08,WELLBORE,DEPTHS,1,[1|Rate|5998.353516],,,,,,,,,,,,,,,,,
01:11:15:04:40:08,6875.24,6876.67,16.2373,0.0400562,16.2401,0,0,162.883,0,9917.29,0,0,0,0,0,0,2429.17,0,163.153,162.883,0,0
01:11:15:04:40:09,6874.67,6878.67,16.2373,0.0400562,16.2373,0,0,163.153,0,9917.27,0,0,0,0,0,0,2429.14,0,163.424,163.153,0,0
01:11:15:04:40:10,6877.24,6878.67,16.3284,0.0400562,16.2373,0,0,163.424,0,9920.33,0,0,0,0,0,0,2432.2,0,163.695,163.424,0,0
01:11:15:04:40:11,6874.67,6877.82,16.1745,0.0400562,16.3284,0,0,163.695,0,9915.9,0,0,0,0,0,0,2427.77,0,163.966,163.695,0,0
01:11:15:04:40:12,6874.96,6878.39,16.1745,0.0400562,16.1745,0,0,163.966,0,9920.61,0,0,0,0,0,0,2432.48,0,164.236,163.966,0,0
01:11:15:04:40:13,6876.96,6874.96,16.2836,0.0400562,16.1745,0,0,164.236,0,9923.08,0,0,0,0,0,0,2434.96,0,164.506,164.236,0,0
01:11:15:04:40:14,6874.38,6874.1,16.1268,0.0400562,16.2836,0,0,164.506,0,9918.21,0,0,0,0,0,0,2430.09,0,164.776,164.506,0,0
01:11:15:04:40:15,6874.67,6876.1,16.2563,0.0400562,16.1268,0,0,164.776,0,9922.96,0,0,0,0,0,0,2434.83,0,165.046,164.776,0,0
01:11:15:04:40:16,6876.1,6877.53,16.2087,0.0400562,16.2563,0,0,165.046,0,9921.59,0,0,0,0,0,0,2433.46,0,165.317,165.046,0,0
01:11:15:04:40:17,6875.24,6876.96,16.2526,0.0400562,16.2087,0,0,165.317,0,9922.42,0,0,0,0,0,0,2434.29,0,165.587,165.317,0,0
01:11:15:04:40:18,6877.82,6879.25,16.3169,0.0400562,16.2526,0,0,165.587,0,9924.36,0,0,0,0,0,0,2436.23,0,165.859,165.587,0,0
01:11:15:04:40:19,6878.39,6878.67,16.2417,0.0400562,16.3169,0,0,165.859,0,9923.79,0,0,0,0,0,0,2435.66,0,166.13,165.859,0,0
01:11:15:04:40:20,6878.67,6875.81,16.26,0.0400562,16.2417,0,0,166.13,0,9926.45,0,0,0,0,0,0,2438.32,0,166.401,166.13,0,0
01:11:15:04:40:21,6875.81,6876.1,16.167,0.0400562,16.26,0,0,166.401,0,9923.6,0,0,0,0,0,0,2435.48,0,166.671,166.401,0,0
01:11:15:04:40:22,6873.81,6876.96,16.2346,0.0400562,16.167,0,0,166.671,0,9924.4,0,0,0,0,0,0,2436.27,0,166.941,166.671,0,0
#,01:11:15:04:40:23,WELLBORE,DEPTHS,1,[1|Rate|6181.351563],,,,,,,,,,,,,,,,,
01:11:15:04:40:23,6876.39,6874.67,16.1946,0.0400562,16.2346,0,0,166.941,0,9925.76,0,0,0,0,0,0,2437.63,0,167.211,166.941,0,0
01:11:15:04:40:24,6873.52,6876.39,16.2693,0.0400562,16.1946,0,0,167.211,0,9924.37,0,0,0,0,0,0,2436.24,0,167.482,167.211,0,0
01:11:15:04:40:25,6871.24,6875.24,16.1784,0.0400562,16.2693,0,0,167.482,0,9920.7,0,0,0,0,0,0,2432.57,0,167.752,167.482,0,0
01:11:15:04:40:26,6873.24,6872.67,16.309,0.0400562,16.1784,0,0,167.752,0,9925.43,0,0,0,0,0,0,2437.3,0,168.023,167.752,0,0
01:11:15:04:40:27,6871.81,6872.38,16.1314,0.0400562,16.309,0,0,168.023,0,9921.24,0,0,0,0,0,0,2433.11,0,168.293,168.023,0,0
01:11:15:04:40:28,6870.66,6871.24,16.2275,0.0400562,16.1314,0,0,168.293,0,9924.96,0,0,0,0,0,0,2436.84,0,168.563,168.293,0,0
01:11:15:04:40:29,6871.52,6868.95,16.2288,0.0400562,16.2275,0,0,168.563,0,9923.93,0,0,0,0,0,0,2435.8,0,168.833,168.563,0,0
01:11:15:04:40:30,6869.52,6871.52,16.1685,0.0400562,16.2288,0,0,168.833,0,9922.37,0,0,0,0,0,0,2434.24,0,169.103,168.833,0,0
01:11:15:04:40:31,6869.81,6872.95,16.2597,0.0400562,16.1685,0,0,169.103,0,9924.61,0,0,0,0,0,0,2436.48,0,169.374,169.103,0,0
01:11:15:04:40:32,6872.38,6872.95,16.2488,0.0400562,16.2597,0,0,169.374,0,9925.43,0,0,0,0,0,0,2437.3,0,169.644,169.374,0,0
01:11:15:04:40:33,6870.66,6874.67,16.2365,0.0400562,16.2488,0,0,169.644,0,9924.46,0,0,0,0,0,0,2436.33,0,169.915,169.644,0,0
01:11:15:04:40:34,6875.81,6876.1,16.229,0.0400562,16.2365,0,0,169.915,0,9930.39,0,0,0,0,0,0,2442.26,0,170.186,169.915,0,0
01:11:15:04:40:35,6873.81,6874.1,16.2167,0.0400562,16.229,0,0,170.186,0,9929.04,0,0,0,0,0,0,2440.92,0,170.456,170.186,0,0
01:11:15:04:40:36,6873.52,6875.81,16.1972,0.0400562,16.2167,0,0,170.456,0,9929.54,0,0,0,0,0,0,2441.41,0,170.726,170.456,0,0
01:11:15:04:40:37,6877.82,6878.96,16.1388,0.0400562,16.1972,0,0,170.726,0,9934.78,0,0,0,0,0,0,2446.65,0,170.996,170.726,0,0
#,01:11:15:04:40:38,WELLBORE,DEPTHS,1,[1|Rate|6364.149902],,,,,,,,,,,,,,,,,
01:11:15:04:40:38,6878.39,6878.67,16.2496,0.0400562,16.1388,0,0,170.996,0,9937.23,0,0,0,0,0,0,2449.1,0,171.266,170.996,0,0
01:11:15:04:40:39,6875.53,6876.1,16.2459,0.0400562,16.2496,0,0,171.266,0,9932.18,0,0,0,0,0,0,2444.05,0,171.536,171.266,0,0
01:11:15:04:40:40,6874.67,6876.39,16.181,0.0400562,16.2459,0,0,171.536,0,9931.89,0,0,0,0,0,0,2443.76,0,171.807,171.536,0,0
01:11:15:04:40:41,6874.38,6875.53,16.2452,0.0400562,16.181,0,0,171.807,0,9933.64,0,0,0,0,0,0,2445.51,0,172.077,171.807,0,0
01:11:15:04:40:42,6875.81,6873.24,16.3122,0.0400562,16.2452,0,0,172.077,0,9934.01,0,0,0,0,0,0,2445.88,0,172.348,172.077,0,0
01:11:15:04:40:43,6875.24,6875.24,16.1672,0.0400562,16.3122,0,0,172.348,0,9932.32,0,0,0,0,0,0,2444.19,0,172.619,172.348,0,0
01:11:15:04:40:44,6875.24,6877.24,16.2527,0.0400562,16.1672,0,0,172.619,0,9936.26,0,0,0,0,0,0,2448.13,0,172.889,172.619,0,0
01:11:15:04:40:45,6877.82,6876.1,16.2777,0.0400562,16.2527,0,0,172.889,0,9937.27,0,0,0,0,0,0,2449.14,0,173.16,172.889,0,0
01:11:15:04:40:46,6875.81,6878.1,16.2211,0.0400562,16.2777,0,0,173.16,0,9935.15,0,0,0,0,0,0,2447.02,0,173.431,173.16,0,0
01:11:15:04:40:47,6876.39,6880.1,16.2861,0.0400562,16.2211,0,0,173.431,0,9937.54,0,0,0,0,0,0,2449.41,0,173.702,173.431,0,0
01:11:15:04:40:48,6877.53,6876.1,16.3173,0.0400562,16.2861,0,0,173.702,0,9937.62,0,0,0,0,0,0,2449.5,0,173.973,173.702,0,0
01:11:15:04:40:49,6874.67,6876.67,16.2515,0.0400562,16.3173,0,0,173.973,0,9934.5,0,0,0,0,0,0,2446.37,0,174.245,173.973,0,0
01:11:15:04:40:50,6875.81,6875.53,16.219,0.0400562,16.2515,0,0,174.245,0,9937.67,0,0,0,0,0,0,2449.55,0,174.515,174.245,0,0
01:11:15:04:40:51,6880.1,6876.96,16.269,0.0400562,16.219,0,0,174.515,0,9943.21,0,0,0,0,0,0,2455.08,0,174.786,174.515,0,0
01:11:15:04:40:52,6878.1,6877.82,16.1762,0.0400562,16.269,0,0,174.786,0,9940.51,0,0,0,0,0,0,2452.38,0,175.057,174.786,0,0
#,01:11:15:04:40:53,WELLBORE,DEPTHS,1,[1|Rate|6547.276855],,,,,,,,,,,,,,,,,
01:11:15:04:40:53,6878.1,6878.67,16.1703,0.0400562,16.1762,0,0,175.057,0,9943.15,0,0,0,0,0,0,2455.03,0,175.326,175.057,0,0
01:11:15:04:40:54,6881.25,6878.96,16.2999,0.0400562,16.1703,0,0,175.326,0,9946.91,0,0,0,0,0,0,2458.78,0,175.597,175.326,0,0
01:11:15:04:40:55,6878.39,6876.39,16.2675,0.0400562,16.2999,0,0,175.597,0,9941.5,0,0,0,0,0,0,2453.38,0,175.868,175.597,0,0
01:11:15:04:40:56,6877.82,6876.1,16.2239,0.0400562,16.2675,0,0,175.868,0,9942.16,0,0,0,0,0,0,2454.03,0,176.139,175.868,0,0
01:11:15:04:40:57,6880.68,6878.39,16.1731,0.0400562,16.2239,0,0,176.139,0,9946.52,0,0,0,0,0,0,2458.39,0,176.409,176.139,0,0
01:11:15:04:40:58,6881.25,6876.96,16.1914,0.0400562,16.1731,0,0,176.409,0,9948.74,0,0,0,0,0,0,2460.61,0,176.679,176.409,0,0
01:11:15:04:40:59,6880.96,6879.82,16.1263,0.0400562,16.1914,0,0,176.679,0,9948.5,0,0,0,0,0,0,2460.37,0,176.948,176.679,0,0
01:11:15:04:41:00,6880.96,6880.1,16.2357,0.0400562,16.1263,0,0,176.948,0,9950.47,0,0,0,0,0,0,2462.34,0,177.218,176.948,0,0
01:11:15:04:41:01,6882.11,6878.96,16.136,0.0400562,16.2357,0,0,177.218,0,9949.58,0,0,0,0,0,0,2461.45,0,177.487,177.218,0,0
01:11:15:04:41:02,6878.96,6878.39,16.1786,0.0400562,16.136,0,0,177.487,0,9949.19,0,0,0,0,0,0,2461.06,0,177.757,177.487,0,0
01:11:15:04:41:03,6880.96,6878.1,16.2059,0.0400562,16.1786,0,0,177.757,0,9950.69,0,0,0,0,0,0,2462.56,0,178.026,177.757,0,0
01:11:15:04:41:04,6880.96,6875.53,16.268,0.0400562,16.2059,0,0,178.026,0,9950.54,0,0,0,0,0,0,2462.42,0,178.297,178.026,0,0
01:11:15:04:41:05,6879.82,6876.1,16.238,0.0400562,16.268,0,0,178.297,0,9948.46,0,0,0,0,0,0,2460.33,0,178.568,178.297,0,0
01:11:15:04:41:06,6881.54,6878.1,16.3106,0.0400562,16.238,0,0,178.568,0,9951.34,0,0,0,0,0,0,2463.22,0,178.839,178.568,0,0
01:11:15:04:41:07,6883.25,6877.24,16.2049,0.0400562,16.3106,0,0,178.839,0,9951.89,0,0,0,0,0,0,2463.76,0,179.11,178.839,0,0
#,01:11:15:04:41:08,WELLBORE,DEPTHS,1,[1|Rate|6730.071289],,,,,,,,,,,,,,,,,
01:11:15:04:41:08,6880.96,6879.25,16.2656,0.0400562,16.2049,0,0,179.11,0,9952.48,0,0,0,0,0,0,2464.35,0,179.381,179.11,0,0
01:11:15:04:41:09,6880.96,6880.1,16.2817,0.0400562,16.2656,0,0,179.381,0,9951.59,0,0,0,0,0,0,2463.46,0,179.652,179.381,0,0
01:11:15:04:41:10,6882.39,6878.67,16.2669,0.0400562,16.2817,0,0,179.652,0,9953.14,0,0,0,0,0,0,2465.01,0,179.923,179.652,0,0
01:11:15:04:41:11,6880.1,6878.96,16.2557,0.0400562,16.2669,0,0,179.923,0,9951.66,0,0,0,0,0,0,2463.53,0,180.194,179.923,0,0
01:11:15:04:41:12,6880.96,6878.96,16.2389,0.0400562,16.2557,0,0,180.194,0,9953.24,0,0,0,0,0,0,2465.12,0,180.465,180.194,0,0
01:11:15:04:41:13,6883.82,6879.53,16.3167,0.0400562,16.2389,0,0,180.465,0,9956.95,0,0,0,0,0,0,2468.83,0,180.736,180.465,0,0
01:11:15:04:41:14,6883.25,6880.96,16.2926,0.0400562,16.3167,0,0,180.736,0,9955.12,0,0,0,0,0,0,2466.99,0,181.008,180.736,0,0
01:11:15:04:41:15,6881.82,6879.82,16.1734,0.0400562,16.2926,0,0,181.008,0,9954.71,0,0,0,0,0,0,2466.58,0,181.279,181.008,0,0
01:11:15:04:41:16,6882.39,6879.53,16.1974,0.0400562,16.1734,0,0,181.279,0,9958.4,0,0,0,0,0,0,2470.28,0,181.548,181.279,0,0
01:11:15:04:41:17,6882.39,6877.24,16.2785,0.0400562,16.1974,0,0,181.548,0,9958.34,0,0,0,0,0,0,2470.22,0,181.819,181.548,0,0
01:11:15:04:41:18,6878.96,6875.81,16.2002,0.0400562,16.2785,0,0,181.819,0,9953.59,0,0,0,0,0,0,2465.46,0,182.09,181.819,0,0
01:11:15:04:41:19,6876.67,6874.96,16.2038,0.0400562,16.2002,0,0,182.09,0,9953.51,0,0,0,0,0,0,2465.38,0,182.36,182.09,0,0
01:11:15:04:41:20,6878.39,6872.67,16.193,0.0400562,16.2038,0,0,182.36,0,9955.62,0,0,0,0,0,0,2467.49,0,182.63,182.36,0,0
01:11:15:04:41:21,6877.24,6875.53,16.1598,0.0400562,16.193,0,0,182.63,0,9955.18,0,0,0,0,0,0,2467.05,0,182.899,182.63,0,0
01:11:15:04:41:22,6878.67,6877.53,16.1911,0.0400562,16.1598,0,0,182.899,0,9957.81,0,0,0,0,0,0,2469.68,0,183.169,182.899,0,0
#,01:11:15:04:41:23,WELLBORE,DEPTHS,1,[1|Rate|6913.080566],,,,,,,,,,,,,,,,,
01:11:15:04:41:23,6882.97,6880.39,16.2886,0.0400562,16.1911,0,0,183.169,0,9961.89,0,0,0,0,0,0,2473.76,0,183.44,183.169,0,0
01:11:15:04:41:24,6884.4,6885.25,16.1444,0.0400562,16.2886,0,0,183.44,0,9961.67,0,0,0,0,0,0,2473.54,0,183.71,183.44,0,0
01:11:15:04:41:25,6882.11,6882.68,16.1444,0.0400562,16.1444,0,0,183.71,0,9962.99,0,0,0,0,0,0,2474.86,0,183.979,183.71,0,0
01:11:15:04:41:26,6884.4,6879.25,16.1588,0.0400562,16.1444,0,0,183.979,0,9965.75,0,0,0,0,0,0,2477.62,0,184.248,183.979,0,0
01:11:15:04:41:27,6881.54,6880.39,16.327,0.0400562,16.1588,0,0,184.248,0,9963.05,0,0,0,0,0,0,2474.92,0,184.519,184.248,0,0
01:11:15:04:41:28,6882.39,6880.68,16.2576,0.0400562,16.327,0,0,184.519,0,9960.74,0,0,0,0,0,0,2472.62,0,184.79,184.519,0,0
01:11:15:04:41:29,6883.25,6878.67,16.2576,0.0400562,16.2576,0,0,184.79,0,9963.58,0,0,0,0,0,0,2475.45,0,185.061,184.79,0,0
01:11:15:04:41:30,6881.25,6880.68,16.2245,0.0400562,16.2576,0,0,185.061,0,9962.06,0,0,0,0,0,0,2473.93,0,185.332,185.061,0,0
01:11:15:04:41:31,6881.82,6882.39,16.2586,0.0400562,16.2245,0,0,185.332,0,9963.82,0,0,0,0,0,0,2475.69,0,185.603,185.332,0,0
01:11:15:04:41:32,6883.82,6882.39,16.2213,0.0400562,16.2586,0,0,185.603,0,9965.57,0,0,0,0,0,0,2477.44,0,185.873,185.603,0,0
01:11:15:04:41:33,6882.39,6880.96,16.243,0.0400562,16.2213,0,0,185.873,0,9965.42,0,0,0,0,0,0,2477.29,0,186.144,185.873,0,0
01:11:15:04:41:34,6882.39,6881.82,16.2318,0.0400562,16.243,0,0,186.144,0,9965.43,0,0,0,0,0,0,2477.3,0,186.414,186.144,0,0
01:11:15:04:41:35,6880.96,6879.82,16.1647,0.0400562,16.2318,0,0,186.414,0,9964.72,0,0,0,0,0,0,2476.59,0,186.684,186.414,0,0
01:11:15:04:41:36,6879.25,6878.67,16.2616,0.0400562,16.1647,0,0,186.684,0,9964.89,0,0,0,0,0,0,2476.77,0,186.955,186.684,0,0
01:11:15:04:41:37,6879.53,6881.25,16.2193,0.0400562,16.2616,0,0,186.955,0,9963.61,0,0,0,0,0,0,2475.48,0,187.225,186.955,0,0
#,01:11:15:04:41:38,WELLBORE,DEPTHS,1,[1|Rate|7096.005859],,,,,,,,,,,,,,,,,
01:11:15:04:41:38,6880.1,6882.39,16.1553,0.0400562,16.2193,0,0,187.225,0,9965.55,0,0,0,0,0,0,2477.42,0,187.495,187.225,0,0
01:11:15:04:41:39,6882.11,6880.96,16.197,0.0400562,16.1553,0,0,187.495,0,9969.37,0,0,0,0,0,0,2481.24,0,187.765,187.495,0,0
01:11:15:04:41:40,6881.25,6880.96,16.2706,0.0400562,16.197,0,0,187.765,0,9968.1,0,0,0,0,0,0,2479.98,0,188.035,187.765,0,0
01:11:15:04:41:41,6881.25,6880.68,16.3118,0.0400562,16.2706,0,0,188.035,0,9967.04,0,0,0,0,0,0,2478.91,0,188.307,188.035,0,0
01:11:15:04:41:42,6883.54,6879.53,16.1545,0.0400562,16.3118,0,0,188.307,0,9968.94,0,0,0,0,0,0,2480.81,0,188.577,188.307,0,0
01:11:15:04:41:43,6881.82,6881.54,16.1239,0.0400562,16.1545,0,0,188.577,0,9970.98,0,0,0,0,0,0,2482.85,0,188.846,188.577,0,0
01:11:15:04:41:44,6881.82,6882.11,16.2776,0.0400562,16.1239,0,0,188.846,0,9972.08,0,0,0,0,0,0,2483.95,0,189.116,188.846,0,0
01:11:15:04:41:45,6882.97,6881.25,16.2729,0.0400562,16.2776,0,0,189.116,0,9970.51,0,0,0,0,0,0,2482.38,0,189.388,189.116,0,0
01:11:15:04:41:46,6879.25,6881.54,16.2644,0.0400562,16.2729,0,0,189.388,0,9967.37,0,0,0,0,0,0,2479.24,0,189.659,189.388,0,0
01:11:15:04:41:47,6880.1,6882.68,16.2199,0.0400562,16.2644,0,0,189.659,0,9968.88,0,0,0,0,0,0,2480.75,0,189.929,189.659,0,0
01:11:15:04:41:48,6882.11,6880.96,16.2174,0.0400562,16.2199,0,0,189.929,0,9972.28,0,0,0,0,0,0,2484.15,0,190.2,189.929,0,0
01:11:15:04:41:49,6880.96,6881.25,16.2292,0.0400562,16.2174,0,0,190.2,0,9971.66,0,0,0,0,0,0,2483.53,0,190.47,190.2,0,0
01:11:15:04:41:50,6881.54,6880.68,16.2057,0.0400562,16.2292,0,0,190.47,0,9972.46,0,0,0,0,0,0,2484.33,0,190.74,190.47,0,0
01:11:15:04:41:51,6883.25,6883.54,16.2692,0.0400562,16.2057,0,0,190.74,0,9975.13,0,0,0,0,0,0,2487,0,191.011,190.74,0,0
01:11:15:04:41:52,6882.39,6882.68,16.2997,0.0400562,16.2692,0,0,191.011,0,9973.46,0,0,0,0,0,0,2485.33,0,191.283,191.011,0,0
#,01:11:15:04:41:53,WELLBORE,DEPTHS,1,[1|Rate|7278.980469],,,,,,,,,,,,,,,,,
01:11:15:04:41:53,6882.97,6883.25,16.2001,0.0400562,16.2997,0,0,191.283,0,9973.88,0,0,0,0,0,0,2485.76,0,191.553,191.283,0,0
01:11:15:04:41:54,6884.68,6884.68,16.2123,0.0400562,16.2001,0,0,191.553,0,9978.1,0,0,0,0,0,0,2489.97,0,191.823,191.553,0,0
01:11:15:04:41:55,6882.11,6882.11,16.2566,0.0400562,16.2123,0,0,191.823,0,9975.75,0,0,0,0,0,0,2487.62,0,192.094,191.823,0,0
01:11:15:04:41:56,6880.96,6880.39,16.2499,0.0400562,16.2566,0,0,192.094,0,9974.19,0,0,0,0,0,0,2486.06,0,192.365,192.094,0,0
01:11:15:04:41:57,6883.54,6883.25,16.2221,0.0400562,16.2499,0,0,192.365,0,9977.37,0,0,0,0,0,0,2489.25,0,192.635,192.365,0,0
01:11:15:04:41:58,6884.4,6881.82,16.249,0.0400562,16.2221,0,0,192.635,0,9979.27,0,0,0,0,0,0,2491.14,0,192.906,192.635,0,0
01:11:15:04:41:59,6882.11,6883.82,16.2462,0.0400562,16.249,0,0,192.906,0,9976.92,0,0,0,0,0,0,2488.79,0,193.177,192.906,0,0
01:11:15:04:42:00,6883.54,6885.54,16.1776,0.0400562,16.2462,0,0,193.177,0,9978.88,0,0,0,0,0,0,2490.75,0,193.447,193.177,0,0
01:11:15:04:42:01,6885.25,6884.4,16.2884,0.0400562,16.1776,0,0,193.447,0,9982.43,0,0,0,0,0,0,2494.31,0,193.718,193.447,0,0
01:11:15:04:42:02,6883.25,6884.4,16.269,0.0400562,16.2884,0,0,193.718,0,9978.71,0,0,0,0,0,0,2490.58,0,193.989,193.718,0,0
01:11:15:04:42:03,6884.68,6884.4,16.2302,0.0400562,16.269,0,0,193.989,0,9981,0,0,0,0,0,0,2492.87,0,194.26,193.989,0,0
01:11:15:04:42:04,6883.25,6881.25,16.2634,0.0400562,16.2302,0,0,194.26,0,9980.81,0,0,0,0,0,0,2492.69,0,194.531,194.26,0,0
01:11:15:04:42:05,6884.11,6884.11,16.221,0.0400562,16.2634,0,0,194.531,0,9981.49,0,0,0,0,0,0,2493.37,0,194.801,194.531,0,0
01:11:15:04:42:06,6885.25,6885.25,16.2253,0.0400562,16.221,0,0,194.801,0,9983.95,0,0,0,0,0,0,2495.82,0,195.072,194.801,0,0
01:11:15:04:42:07,6886.4,6883.82,16.2379,0.0400562,16.2253,0,0,195.072,0,9985.48,0,0,0,0,0,0,2497.35,0,195.342,195.072,0,0
#,01:11:15:04:42:08,WELLBORE,DEPTHS,1,[1|Rate|7462.014648],,,,,,,,,,,,,,,,,
01:11:15:04:42:08,6882.97,6885.25,16.2087,0.0400562,16.2379,0,0,195.342,0,9982.28,0,0,0,0,0,0,2494.15,0,195.613,195.342,0,0
01:11:15:04:42:09,6883.82,6885.54,16.2023,0.0400562,16.2087,0,0,195.613,0,9984.17,0,0,0,0,0,0,2496.05,0,195.883,195.613,0,0
01:11:15:04:42:10,6884.11,6883.25,16.2707,0.0400562,16.2023,0,0,195.883,0,9985.06,0,0,0,0,0,0,2496.93,0,196.153,195.883,0,0
01:11:15:04:42:11,6881.82,6880.96,16.1439,0.0400562,16.2707,0,0,196.153,0,9981.91,0,0,0,0,0,0,2493.79,0,196.423,196.153,0,0
01:11:15:04:42:12,6884.11,6883.82,16.149,0.0400562,16.1439,0,0,196.423,0,9987.13,0,0,0,0,0,0,2499,0,196.692,196.423,0,0
01:11:15:04:42:13,6889.55,6890.69,16.3081,0.0400562,16.149,0,0,196.692,0,9992.93,0,0,0,0,0,0,2504.8,0,196.963,196.692,0,0
01:11:15:04:42:14,6886.97,6888.12,16.2833,0.0400562,16.3081,0,0,196.963,0,9987.77,0,0,0,0,0,0,2499.65,0,197.235,196.963,0,0
01:11:15:04:42:15,6885.25,6888.12,16.1567,0.0400562,16.2833,0,0,197.235,0,9987.02,0,0,0,0,0,0,2498.89,0,197.505,197.235,0,0
01:11:15:04:42:16,6885.54,6887.83,16.2237,0.0400562,16.1567,0,0,197.505,0,9990.19,0,0,0,0,0,0,2502.06,0,197.775,197.505,0,0
01:11:15:04:42:17,6887.54,6886.11,16.2473,0.0400562,16.2237,0,0,197.775,0,9991.39,0,0,0,0,0,0,2503.26,0,198.045,197.775,0,0
01:11:15:04:42:18,6882.11,6883.25,16.2016,0.0400562,16.2473,0,0,198.045,0,9985.98,0,0,0,0,0,0,2497.85,0,198.316,198.045,0,0
01:11:15:04:42:19,6884.68,6884.68,16.2494,0.0400562,16.2016,0,0,198.316,0,9989.9,0,0,0,0,0,0,2501.77,0,198.586,198.316,0,0
01:11:15:04:42:20,6887.54,6884.97,16.2004,0.0400562,16.2494,0,0,198.586,0,9992.33,0,0,0,0,0,0,2504.2,0,198.857,198.586,0,0
01:11:15:04:42:21,6886.97,6886.97,16.2146,0.0400562,16.2004,0,0,198.857,0,9993.15,0,0,0,0,0,0,2505.02,0,199.127,198.857,0,0
01:11:15:04:42:22,6887.83,6889.83,16.2553,0.0400562,16.2146,0,0,199.127,0,9994.22,0,0,0,0,0,0,2506.09,0,199.397,199.127,0,0
#,01:11:15:04:42:23,WELLBORE,DEPTHS,1,[1|Rate|7644.873535],,,,,,,,,,,,,,,,,
01:11:15:04:42:23,6887.83,6886.97,16.2522,0.0400562,16.2553,0,0,199.397,0,9993.93,0,0,0,0,0,0,2505.8,0,199.668,199.397,0,0
01:11:15:04:42:24,6884.4,6887.83,16.2127,0.0400562,16.2522,0,0,199.668,0,9991.03,0,0,0,0,0,0,2502.9,0,199.939,199.668,0,0
01:11:15:04:42:25,6886.11,6886.97,16.2164,0.0400562,16.2127,0,0,199.939,0,9993.96,0,0,0,0,0,0,2505.83,0,200.209,199.939,0,0
01:11:15:04:42:26,6885.25,6882.11,16.3855,0.0400562,16.2164,0,0,200.209,0,9993.5,0,0,0,0,0,0,2505.37,0,200.481,200.209,0,0
01:11:15:04:42:27,6883.82,6883.54,16.1892,0.0400562,16.3855,0,0,200.481,0,9989.41,0,0,0,0,0,0,2501.28,0,200.752,200.481,0,0
01:11:15:04:42:28,6887.26,6887.26,16.1717,0.0400562,16.1892,0,0,200.752,0,9996.96,0,0,0,0,0,0,2508.83,0,201.022,200.752,0,0
01:11:15:04:42:29,6887.83,6888.69,16.2196,0.0400562,16.1717,0,0,201.022,0,9998.32,0,0,0,0,0,0,2510.2,0,201.292,201.022,0,0
01:11:15:04:42:30,6885.54,6884.68,16.2807,0.0400562,16.2196,0,0,201.292,0,9995.63,0,0,0,0,0,0,2507.5,0,201.563,201.292,0,0
01:11:15:04:42:31,6886.11,6887.54,16.2807,0.0400562,16.2807,0,0,201.563,0,9995.55,0,0,0,0,0,0,2507.42,0,201.834,201.563,0,0
01:11:15:04:42:32,6885.25,6884.97,16.2775,0.0400562,16.2807,0,0,201.834,0,9995.17,0,0,0,0,0,0,2507.04,0,202.105,201.834,0,0
01:11:15:04:42:33,6884.68,6884.4,16.1932,0.0400562,16.2775,0,0,202.105,0,9995.14,0,0,0,0,0,0,2507.01,0,202.376,202.105,0,0
01:11:15:04:42:34,6885.54,6885.83,16.3729,0.0400562,16.1932,0,0,202.376,0,9998,0,0,0,0,0,0,2509.87,0,202.647,202.376,0,0
01:11:15:04:42:35,6885.83,6886.4,16.1446,0.0400562,16.3729,0,0,202.647,0,9995.5,0,0,0,0,0,0,2507.37,0,202.918,202.647,0,0
01:11:15:04:42:36,6887.54,6886.97,16.2003,0.0400562,16.1446,0,0,202.918,0,10001.8,0,0,0,0,0,0,2513.7,0,203.188,202.918,0,0
01:11:15:04:42:37,6886.4,6888.69,16.2281,0.0400562,16.2003,0,0,203.188,0,10000.1,0,0,0,0,0,0,2512.02,0,203.458,203.188,0,0
#,01:11:15:04:42:38,WELLBORE,DEPTHS,1,[1|Rate|7827.965332],,,,,,,,,,,,,,,,,
01:11:15:04:42:38,6886.69,6888.69,16.1969,0.0400562,16.2281,0,0,203.458,0,10000.4,0,0,0,0,0,0,2512.28,0,203.728,203.458,0,0
01:11:15:04:42:39,6888.4,6887.26,16.234,0.0400562,16.1969,0,0,203.728,0,10003.2,0,0,0,0,0,0,2515.03,0,203.998,203.728,0,0
01:11:15:04:42:40,6886.11,6887.26,16.2219,0.0400562,16.234,0,0,203.998,0,10000.7,0,0,0,0,0,0,2512.55,0,204.269,203.998,0,0
01:11:15:04:42:41,6886.11,6886.11,16.2345,0.0400562,16.2219,0,0,204.269,0,10001.4,0,0,0,0,0,0,2513.24,0,204.539,204.269,0,0
01:11:15:04:42:42,6887.26,6884.4,16.2852,0.0400562,16.2345,0,0,204.539,0,10002.8,0,0,0,0,0,0,2514.63,0,204.81,204.539,0,0
01:11:15:04:42:43,6885.25,6886.11,16.2089,0.0400562,16.2852,0,0,204.81,0,10000.3,0,0,0,0,0,0,2512.21,0,205.081,204.81,0,0
01:11:15:04:42:44,6886.69,6888.69,16.2789,0.0400562,16.2089,0,0,205.081,0,10003.6,0,0,0,0,0,0,2515.46,0,205.352,205.081,0,0
01:11:15:04:42:45,6889.26,6888.97,16.2616,0.0400562,16.2789,0,0,205.352,0,10005.4,0,0,0,0,0,0,2517.28,0,205.623,205.352,0,0
01:11:15:04:42:46,6891.26,6893.84,16.205,0.0400562,16.2616,0,0,205.623,0,10008.2,0,0,0,0,0,0,2520.06,0,205.894,205.623,0,0
01:11:15:04:42:47,6889.83,6890.98,16.2727,0.0400562,16.205,0,0,205.894,0,10008.2,0,0,0,0,0,0,2520.1,0,206.164,205.894,0,0
01:11:15:04:42:48,6891.26,6891.26,16.19,0.0400562,16.2727,0,0,206.164,0,10008.9,0,0,0,0,0,0,2520.82,0,206.435,206.164,0,0
01:11:15:04:42:49,6888.4,6888.97,16.1752,0.0400562,16.19,0,0,206.435,0,10008,0,0,0,0,0,0,2519.87,0,206.704,206.435,0,0
01:11:15:04:42:50,6888.69,6890.12,16.2219,0.0400562,16.1752,0,0,206.704,0,10009,0,0,0,0,0,0,2520.88,0,206.974,206.704,0,0
01:11:15:04:42:51,6889.83,6890.69,16.2487,0.0400562,16.2219,0,0,206.974,0,10009.8,0,0,0,0,0,0,2521.7,0,207.245,206.974,0,0
01:11:15:04:42:52,6888.4,6889.55,16.2353,0.0400562,16.2487,0,0,207.245,0,10008.4,0,0,0,0,0,0,2520.28,0,207.516,207.245,0,0
#,01:11:15:04:42:53,WELLBORE,DEPTHS,1,[1|Rate|8010.940918],,,,,,,,,,,,,,,,,
01:11:15:04:42:53,6886.97,6889.26,16.1925,0.0400562,16.2353,0,0,207.516,0,10007.7,0,0,0,0,0,0,2519.55,0,207.786,207.516,0,0
01:11:15:04:42:54,6890.12,6890.12,16.2557,0.0400562,16.1925,0,0,207.786,0,10012,0,0,0,0,0,0,2523.9,0,208.056,207.786,0,0
01:11:15:04:42:55,6889.83,6887.83,16.2904,0.0400562,16.2557,0,0,208.056,0,10011.1,0,0,0,0,0,0,2523.01,0,208.328,208.056,0,0
01:11:15:04:42:56,6888.4,6888.97,16.2404,0.0400562,16.2904,0,0,208.328,0,10009.6,0,0,0,0,0,0,2521.47,0,208.599,208.328,0,0
01:11:15:04:42:57,6888.4,6888.69,16.1766,0.0400562,16.2404,0,0,208.599,0,10010.9,0,0,0,0,0,0,2522.79,0,208.869,208.599,0,0
01:11:15:04:42:58,6889.55,6888.12,16.1766,0.0400562,16.1766,0,0,208.869,0,10013.6,0,0,0,0,0,0,2525.49,0,209.138,208.869,0,0
01:11:15:04:42:59,6886.97,6889.26,16.2578,0.0400562,16.1766,0,0,209.138,0,10011.5,0,0,0,0,0,0,2523.38,0,209.409,209.138,0,0
01:11:15:04:43:00,6887.83,6890.4,16.1806,0.0400562,16.2578,0,0,209.409,0,10011.5,0,0,0,0,0,0,2523.35,0,209.679,209.409,0,0
01:11:15:04:43:01,6890.12,6888.97,16.1428,0.0400562,16.1806,0,0,209.679,0,10015.5,0,0,0,0,0,0,2527.4,0,209.948,209.679,0,0
01:11:15:04:43:02,6888.97,6890.4,16.1963,0.0400562,16.1428,0,0,209.948,0,10015.5,0,0,0,0,0,0,2527.36,0,210.218,209.948,0,0
01:11:15:04:43:03,6892.98,6893.27,16.2161,0.0400562,16.1963,0,0,210.218,0,10019.1,0,0,0,0,0,0,2530.94,0,210.488,210.218,0,0
01:11:15:04:43:04,6891.55,6889.55,16.1774,0.0400562,16.2161,0,0,210.488,0,10017.8,0,0,0,0,0,0,2529.65,0,210.758,210.488,0,0
01:11:15:04:43:05,6890.12,6890.69,16.2012,0.0400562,16.1774,0,0,210.758,0,10017.5,0,0,0,0,0,0,2529.33,0,211.028,210.758,0,0
01:11:15:04:43:06,6890.98,6891.84,16.2874,0.0400562,16.2012,0,0,211.028,0,10018.4,0,0,0,0,0,0,2530.27,0,211.299,211.028,0,0
01:11:15:04:43:07,6889.83,6890.69,16.2874,0.0400562,16.2874,0,0,211.299,0,10016.3,0,0,0,0,0,0,2528.18,0,211.57,211.299,0,0
#,01:11:15:04:43:08,WELLBORE,DEPTHS,1,[1|Rate|8193.772461],,,,,,,,,,,,,,,,,
01:11:15:04:43:08,6889.55,6888.69,16.1958,0.0400562,16.2874,0,0,211.57,0,10016.5,0,0,0,0,0,0,2528.37,0,211.841,211.57,0,0
01:11:15:04:43:09,6891.26,6890.69,16.2552,0.0400562,16.1958,0,0,211.841,0,10020.2,0,0,0,0,0,0,2532.06,0,212.111,211.841,0,0
01:11:15:04:43:10,6890.98,6891.26,16.2592,0.0400562,16.2552,0,0,212.111,0,10019.4,0,0,0,0,0,0,2531.28,0,212.382,212.111,0,0
01:11:15:04:43:11,6890.12,6890.69,16.2152,0.0400562,16.2592,0,0,212.382,0,10019,0,0,0,0,0,0,2530.83,0,212.653,212.382,0,0
01:11:15:04:43:12,6890.69,6891.55,16.2254,0.0400562,16.2152,0,0,212.653,0,10020.7,0,0,0,0,0,0,2532.59,0,212.923,212.653,0,0
01:11:15:04:43:13,6892.41,6893.55,16.2588,0.0400562,16.2254,0,0,212.923,0,10022.7,0,0,0,0,0,0,2534.62,0,213.194,212.923,0,0
01:11:15:04:43:14,6890.12,6891.55,16.2588,0.0400562,16.2588,0,0,213.194,0,10020.4,0,0,0,0,0,0,2532.27,0,213.465,213.194,0,0
01:11:15:04:43:15,6888.69,6891.26,16.3435,0.0400562,16.2588,0,0,213.465,0,10019.4,0,0,0,0,0,0,2531.31,0,213.736,213.465,0,0
01:11:15:04:43:16,6890.4,6891.26,16.1517,0.0400562,16.3435,0,0,213.736,0,10020.3,0,0,0,0,0,0,2532.15,0,214.007,213.736,0,0
01:11:15:04:43:17,6890.98,6888.97,16.1546,0.0400562,16.1517,0,0,214.007,0,10024.4,0,0,0,0,0,0,2536.26,0,214.276,214.007,0,0
01:11:15:04:43:18,6890.12,6890.12,16.2424,0.0400562,16.1546,0,0,214.276,0,10024,0,0,0,0,0,0,2535.82,0,214.546,214.276,0,0
01:11:15:04:43:19,6894.7,6894.12,16.2622,0.0400562,16.2424,0,0,214.546,0,10027.6,0,0,0,0,0,0,2539.48,0,214.817,214.546,0,0
01:11:15:04:43:20,6894.12,6891.84,16.1558,0.0400562,16.2622,0,0,214.817,0,10027.2,0,0,0,0,0,0,2539.07,0,215.087,214.817,0,0
01:11:15:04:43:21,6892.12,6893.55,16.2608,0.0400562,16.1558,0,0,215.087,0,10027.3,0,0,0,0,0,0,2539.21,0,215.358,215.087,0,0
01:11:15:04:43:22,6892.98,6894.12,16.2798,0.0400562,16.2608,0,0,215.358,0,10027,0,0,0,0,0,0,2538.9,0,215.629,215.358,0,0
#,01:11:15:04:43:23,WELLBORE,DEPTHS,1,[1|Rate|8376.785156],,,,,,,,,,,,,,,,,
01:11:15:04:43:23,6891.55,6893.27,16.3269,0.0400562,16.2798,0,0,215.629,0,10025.8,0,0,0,0,0,0,2537.65,0,215.9,215.629,0,0
01:11:15:04:43:24,6890.4,6891.84,16.2452,0.0400562,16.3269,0,0,215.9,0,10024.4,0,0,0,0,0,0,2536.24,0,216.172,215.9,0,0
01:11:15:04:43:25,6892.41,6891.26,16.2954,0.0400562,16.2452,0,0,216.172,0,10028.1,0,0,0,0,0,0,2540,0,216.443,216.172,0,0
01:11:15:04:43:26,6891.84,6889.55,16.1942,0.0400562,16.2954,0,0,216.443,0,10027.3,0,0,0,0,0,0,2539.12,0,216.714,216.443,0,0
01:11:15:04:43:27,6890.98,6892.98,16.3066,0.0400562,16.1942,0,0,216.714,0,10028.4,0,0,0,0,0,0,2540.3,0,216.985,216.714,0,0
01:11:15:04:43:28,6892.69,6893.84,16.1361,0.0400562,16.3066,0,0,216.985,0,10028.9,0,0,0,0,0,0,2540.76,0,217.255,216.985,0,0
01:11:15:04:43:29,6891.84,6891.84,16.2337,0.0400562,16.1361,0,0,217.255,0,10031.1,0,0,0,0,0,0,2542.99,0,217.525,217.255,0,0
01:11:15:04:43:30,6891.84,6891.84,16.228,0.0400562,16.2337,0,0,217.525,0,10030.1,0,0,0,0,0,0,2541.97,0,217.795,217.525,0,0
01:11:15:04:43:31,6891.26,6891.26,16.1782,0.0400562,16.228,0,0,217.795,0,10030.1,0,0,0,0,0,0,2541.96,0,218.065,217.795,0,0
01:11:15:04:43:32,6891.55,6890.4,16.1929,0.0400562,16.1782,0,0,218.065,0,10031.6,0,0,0,0,0,0,2543.47,0,218.335,218.065,0,0
01:11:15:04:43:33,6892.98,6890.12,16.1247,0.0400562,16.1929,0,0,218.335,0,10033.3,0,0,0,0,0,0,2545.15,0,218.604,218.335,0,0
01:11:15:04:43:34,6892.69,6893.55,16.1599,0.0400562,16.1247,0,0,218.604,0,10034.5,0,0,0,0,0,0,2546.36,0,218.873,218.604,0,0
01:11:15:04:43:35,6894.12,6893.84,16.2293,0.0400562,16.1599,0,0,218.873,0,10035.9,0,0,0,0,0,0,2547.73,0,219.143,218.873,0,0
01:11:15:04:43:36,6896.7,6896.41,16.2023,0.0400562,16.2293,0,0,219.143,0,10037.9,0,0,0,0,0,0,2549.73,0,219.414,219.143,0,0
01:11:15:04:43:37,6893.84,6896.41,16.2599,0.0400562,16.2023,0,0,219.414,0,10035.9,0,0,0,0,0,0,2547.75,0,219.684,219.414,0,0
#,01:11:15:04:43:38,WELLBORE,DEPTHS,1,[1|Rate|8559.642578],,,,,,,,,,,,,,,,,
01:11:15:04:43:38,6896.13,6896.13,16.1194,0.0400562,16.2599,0,0,219.684,0,10037.8,0,0,0,0,0,0,2549.66,0,219.954,219.684,0,0
01:11:15:04:43:39,6895.27,6892.41,16.2023,0.0400562,16.1194,0,0,219.954,0,10039.5,0,0,0,0,0,0,2551.34,0,220.223,219.954,0,0
01:11:15:04:43:40,6892.12,6891.26,16.2268,0.0400562,16.2023,0,0,220.223,0,10035.6,0,0,0,0,0,0,2547.45,0,220.494,220.223,0,0
01:11:15:04:43:41,6892.98,6890.69,16.2268,0.0400562,16.2268,0,0,220.494,0,10036.5,0,0,0,0,0,0,2548.42,0,220.764,220.494,0,0
01:11:15:04:43:42,6894.98,6891.26,16.2497,0.0400562,16.2268,0,0,220.764,0,10039,0,0,0,0,0,0,2550.89,0,221.035,220.764,0,0
01:11:15:04:43:43,6894.41,6894.98,16.2368,0.0400562,16.2497,0,0,221.035,0,10038.6,0,0,0,0,0,0,2550.46,0,221.305,221.035,0,0
01:11:15:04:43:44,6895.27,6894.41,16.2178,0.0400562,16.2368,0,0,221.305,0,10040.1,0,0,0,0,0,0,2551.98,0,221.576,221.305,0,0
01:11:15:04:43:45,6894.7,6894.41,16.2761,0.0400562,16.2178,0,0,221.576,0,10040.3,0,0,0,0,0,0,2552.15,0,221.847,221.576,0,0
01:11:15:04:43:46,6892.12,6890.4,16.2167,0.0400562,16.2761,0,0,221.847,0,10037.3,0,0,0,0,0,0,2549.22,0,222.117,221.847,0,0
01:11:15:04:43:47,6894.12,6892.69,16.1908,0.0400562,16.2167,0,0,222.117,0,10040.7,0,0,0,0,0,0,2552.54,0,222.387,222.117,0,0
01:11:15:04:43:48,6894.12,6892.12,16.3105,0.0400562,16.1908,0,0,222.387,0,10041.5,0,0,0,0,0,0,2553.39,0,222.658,222.387,0,0
01:11:15:04:43:49,6892.41,6892.12,16.1906,0.0400562,16.3105,0,0,222.658,0,10038.6,0,0,0,0,0,0,2550.43,0,222.929,222.658,0,0
01:11:15:04:43:50,6895.27,6894.12,16.2027,0.0400562,16.1906,0,0,222.929,0,10043.6,0,0,0,0,0,0,2555.48,0,223.199,222.929,0,0
01:11:15:04:43:51,6893.84,6893.55,16.2186,0.0400562,16.2027,0,0,223.199,0,10042.5,0,0,0,0,0,0,2554.35,0,223.469,223.199,0,0
01:11:15:04:43:52,6892.12,6890.69,16.224,0.0400562,16.2186,0,0,223.469,0,10041,0,0,0,0,0,0,2552.88,0,223.74,223.469,0,0
#,01:11:15:04:43:53,WELLBORE,DEPTHS,1,[1|Rate|8742.497070],,,,,,,,,,,,,,,,,
01:11:15:04:43:53,6890.12,6889.55,16.2749,0.0400562,16.224,0,0,223.74,0,10039.4,0,0,0,0,0,0,2551.27,0,224.01,223.74,0,0
01:11:15:04:43:54,6890.4,6888.69,16.1921,0.0400562,16.2749,0,0,224.01,0,10039.4,0,0,0,0,0,0,2551.32,0,224.281,224.01,0,0
01:11:15:04:43:55,6892.98,6889.83,16.316,0.0400562,16.1921,0,0,224.281,0,10043.7,0,0,0,0,0,0,2555.52,0,224.552,224.281,0,0
01:11:15:04:43:56,6896.41,6895.27,16.1751,0.0400562,16.316,0,0,224.552,0,10045.8,0,0,0,0,0,0,2557.71,0,224.823,224.552,0,0
01:11:15:04:43:57,6897.84,6895.55,16.2306,0.0400562,16.1751,0,0,224.823,0,10049.7,0,0,0,0,0,0,2561.57,0,225.093,224.823,0,0
01:11:15:04:43:58,6899.27,6896.7,16.2397,0.0400562,16.2306,0,0,225.093,0,10050.8,0,0,0,0,0,0,2562.7,0,225.363,225.093,0,0
01:11:15:04:43:59,6896.7,6898.13,16.1824,0.0400562,16.2397,0,0,225.363,0,10048.6,0,0,0,0,0,0,2560.48,0,225.633,225.363,0,0
01:11:15:04:44:00,6897.84,6898.7,16.2636,0.0400562,16.1824,0,0,225.633,0,10051,0,0,0,0,0,0,2562.88,0,225.904,225.633,0,0
01:11:15:04:44:01,6900.13,6898.13,16.2541,0.0400562,16.2636,0,0,225.904,0,10052.7,0,0,0,0,0,0,2564.53,0,226.175,225.904,0,0
01:11:15:04:44:02,6902.42,6902.42,16.298,0.0400562,16.2541,0,0,226.175,0,10055.6,0,0,0,0,0,0,2567.42,0,226.446,226.175,0,0
01:11:15:04:44:03,6900.99,6898.99,16.2688,0.0400562,16.298,0,0,226.446,0,10054,0,0,0,0,0,0,2565.87,0,226.717,226.446,0,0
01:11:15:04:44:04,6900.7,6897.84,16.2623,0.0400562,16.2688,0,0,226.717,0,10054.6,0,0,0,0,0,0,2566.46,0,226.989,226.717,0,0
01:11:15:04:44:05,6903.57,6902.13,16.2675,0.0400562,16.2623,0,0,226.989,0,10058,0,0,0,0,0,0,2569.88,0,227.26,226.989,0,0
01:11:15:04:44:06,6897.56,6895.84,16.2234,0.0400562,16.2675,0,0,227.26,0,10052.4,0,0,0,0,0,0,2564.28,0,227.53,227.26,0,0
01:11:15:04:44:07,6895.55,6893.84,16.1553,0.0400562,16.2234,0,0,227.53,0,10051.5,0,0,0,0,0,0,2563.35,0,227.8,227.53,0,0
#,01:11:15:04:44:08,WELLBORE,DEPTHS,1,[1|Rate|8925.573242],,,,,,,,,,,,,,,,,
01:11:15:04:44:08,6893.84,6892.69,16.2677,0.0400562,16.1553,0,0,227.8,0,10051.1,0,0,0,0,0,0,2563,0,228.07,227.8,0,0
01:11:15:04:44:09,6895.27,6893.27,16.1734,0.0400562,16.2677,0,0,228.07,0,10051.5,0,0,0,0,0,0,2563.41,0,228.341,228.07,0,0
01:11:15:04:44:10,6896.7,6892.98,16.1734,0.0400562,16.1734,0,0,228.341,0,10054.7,0,0,0,0,0,0,2566.56,0,228.61,228.341,0,0
01:11:15:04:44:11,6897.56,6895.55,16.1695,0.0400562,16.1734,0,0,228.61,0,10056,0,0,0,0,0,0,2567.89,0,228.88,228.61,0,0
01:11:15:04:44:12,6896.41,6897.27,16.1842,0.0400562,16.1695,0,0,228.88,0,10055.4,0,0,0,0,0,0,2567.26,0,229.149,228.88,0,0
01:11:15:04:44:13,6896.98,6896.98,16.2813,0.0400562,16.1842,0,0,229.149,0,10056.2,0,0,0,0,0,0,2568.11,0,229.42,229.149,0,0
01:11:15:04:44:14,6895.84,6896.41,16.2021,0.0400562,16.2813,0,0,229.42,0,10054.3,0,0,0,0,0,0,2566.18,0,229.691,229.42,0,0
01:11:15:04:44:15,6894.7,6895.27,16.1863,0.0400562,16.2021,0,0,229.691,0,10054.7,0,0,0,0,0,0,2566.54,0,229.961,229.691,0,0
01:11:15:04:44:16,6896.7,6895.55,16.373,0.0400562,16.1863,0,0,229.961,0,10057.3,0,0,0,0,0,0,2569.21,0,230.232,229.961,0,0
01:11:15:04:44:17,6896.7,6893.27,16.2608,0.0400562,16.373,0,0,230.232,0,10055.4,0,0,0,0,0,0,2567.29,0,230.504,230.232,0,0
01:11:15:04:44:18,6898.13,6897.56,16.1591,0.0400562,16.2608,0,0,230.504,0,10058.8,0,0,0,0,0,0,2570.64,0,230.774,230.504,0,0
01:11:15:04:44:19,6899.27,6896.7,16.2506,0.0400562,16.1591,0,0,230.774,0,10061.7,0,0,0,0,0,0,2573.55,0,231.044,230.774,0,0
01:11:15:04:44:20,6901.56,6899.85,16.2087,0.0400562,16.2506,0,0,231.044,0,10063.3,0,0,0,0,0,0,2575.15,0,231.315,231.044,0,0
01:11:15:04:44:21,6902.42,6904.14,16.279,0.0400562,16.2087,0,0,231.315,0,10065.1,0,0,0,0,0,0,2577.01,0,231.585,231.315,0,0
01:11:15:04:44:22,6901.56,6902.13,16.1318,0.0400562,16.279,0,0,231.585,0,10063.9,0,0,0,0,0,0,2575.74,0,231.855,231.585,0,0
#,01:11:15:04:44:23,WELLBORE,DEPTHS,1,[1|Rate|9108.420898],,,,,,,,,,,,,,,,,
01:11:15:04:44:23,6900.42,6899.85,16.2673,0.0400562,16.1318,0,0,231.855,0,10065,0,0,0,0,0,0,2576.91,0,232.125,231.855,0,0
01:11:15:04:44:24,6900.42,6900.13,16.3192,0.0400562,16.2673,0,0,232.125,0,10063.8,0,0,0,0,0,0,2575.69,0,232.397,232.125,0,0
01:11:15:04:44:25,6753.93,6702.72,16.2731,0.0400562,16.3192,0,0,232.397,0,9917.17,0,0,0,0,0,0,2429.04,0,232.669,232.397,0,0
01:11:15:04:44:26,6104.2,6095.04,16.1602,0.0400562,16.2731,0,0,232.669,0,9268.48,0,0,0,0,0,0,1780.36,0,232.939,232.669,0,0
01:11:15:04:44:27,6027.24,6020.94,13.8838,0.0400562,16.1602,0,0,232.939,0,9193.38,0,0,0,0,0,0,1705.26,0,233.189,232.939,0,0
01:11:15:04:44:28,5955.14,5946.56,2.24666,0.0400562,13.8838,0,0,233.189,0,9147.93,0,0,0,0,0,0,1659.81,0,233.324,233.189,0,0
01:11:15:04:44:29,5867.88,5867.88,0.405747,0.0400562,2.24666,0,0,233.324,0,9141.63,0,0,0,0,0,0,1653.5,0,233.346,233.324,0,0
01:11:15:04:44:30,5907.36,5895.06,0,0.0400562,0.405747,0,0,233.346,0,9184.22,0,0,0,0,0,0,1696.1,0,233.349,233.346,0,0
01:11:15:04:44:31,6310.48,6310.48,0,0.0400562,0,0,0,233.349,0,9587.5,0,0,0,0,0,0,2099.37,0,233.349,233.349,0,0
01:11:15:04:44:32,6211.49,6212.34,0,0.0400562,0,0,0,233.349,0,9488.5,0,0,0,0,0,0,2000.38,0,233.349,233.349,0,0
01:11:15:04:44:33,6137.67,6138.53,0,0.0400562,0,0,0,233.349,0,9414.69,0,0,0,0,0,0,1926.56,0,233.349,233.349,0,0
01:11:15:04:44:34,6099.91,6099.33,0,0.0400562,0,0,0,233.349,0,9376.92,0,0,0,0,0,0,1888.8,0,233.349,233.349,0,0
01:11:15:04:44:35,6053.56,6056.42,0,0.0400562,0,0,0,233.349,0,9330.58,0,0,0,0,0,0,1842.45,0,233.349,233.349,0,0
01:11:15:04:44:36,5825.82,5826.11,0.436864,0.0400562,0,0,0,233.349,0,9102.84,0,0,0,0,0,0,1614.71,0,233.353,233.349,0,0
01:11:15:04:44:37,5849.28,5846.99,0.436864,0.0400562,0.436864,0,0,233.353,0,9126.12,0,0,0,0,0,0,1638,0,233.36,233.353,0,0
#,01:11:15:04:44:38,WELLBORE,DEPTHS,1,[1|Rate|9170.370117],,,,,,,,,,,,,,,,,
01:11:15:04:44:38,5873.31,5871.88,0,0.0400562,0.436864,0,0,233.36,0,9150.16,0,0,0,0,0,0,1662.03,0,233.364,233.36,0,0
01:11:15:04:44:39,5873.6,5872.17,0,0.0400562,0,0,0,233.364,0,9150.62,0,0,0,0,0,0,1662.49,0,233.364,233.364,0,0
01:11:15:04:44:40,5867.31,5866.73,0,0.0400562,0,0,0,233.364,0,9144.32,0,0,0,0,0,0,1656.2,0,233.364,233.364,0,0
01:11:15:04:44:41,5972.88,5970.02,0,0.0400562,0,0,0,233.364,0,9249.9,0,0,0,0,0,0,1761.77,0,233.364,233.364,0,0
01:11:15:04:44:42,5921.09,5922.52,0,0.0400562,0,0,0,233.364,0,9198.11,0,0,0,0,0,0,1709.98,0,233.364,233.364,0,0
01:11:15:04:44:43,5832.12,5832.4,0,0.0400562,0,0,0,233.364,0,9109.13,0,0,0,0,0,0,1621.01,0,233.364,233.364,0,0
01:11:15:04:44:44,5792.35,5788.63,0,0.0400562,0,0,0,233.364,0,9069.37,0,0,0,0,0,0,1581.24,0,233.364,233.364,0,0
01:11:15:04:44:45,5766.03,5764.02,0,0.0400562,0,0,0,233.364,0,9043.04,0,0,0,0,0,0,1554.92,0,233.364,233.364,0,0
01:11:15:04:44:46,5705.95,5699.36,0,0.0400562,0,0,0,233.364,0,8982.96,0,0,0,0,0,0,1494.84,0,233.364,233.364,0,0
01:11:15:04:44:47,5716.25,5717.96,0,0.0400562,0,0,0,233.364,0,8993.26,0,0,0,0,0,0,1505.14,0,233.364,233.364,0,0
01:11:15:04:44:48,5746.57,5744.28,0,0.0400562,0,0,0,233.364,0,9023.59,0,0,0,0,0,0,1535.46,0,233.364,233.364,0,0
01:11:15:04:44:49,5737.42,5735.99,0,0.0400562,0,0,0,233.364,0,9014.43,0,0,0,0,0,0,1526.31,0,233.364,233.364,0,0
01:11:15:04:44:50,5721.68,5719.68,0,0.0400562,0,0,0,233.364,0,8998.7,0,0,0,0,0,0,1510.57,0,233.364,233.364,0,0
01:11:15:04:44:51,5724.83,5721.11,0,0.0400562,0,0,0,233.364,0,9001.85,0,0,0,0,0,0,1513.72,0,233.364,233.364,0,0
01:11:15:04:44:52,5695.93,5694.79,0,0.0400562,0,0,0,233.364,0,8972.95,0,0,0,0,0,0,1484.82,0,233.364,233.364,0,0
#,01:11:15:04:44:53,WELLBORE,DEPTHS,1,[1|Rate|9170.370117],,,,,,,,,,,,,,,,,
01:11:15:04:44:53,5667.89,5665.03,0,0.0400562,0,0,0,233.364,0,8944.91,0,0,0,0,0,0,1456.78,0,233.364,233.364,0,0
01:11:15:04:44:54,5659.88,5656.74,0,0.0400562,0,0,0,233.364,0,8936.9,0,0,0,0,0,0,1448.77,0,233.364,233.364,0,0
01:11:15:04:44:55,5653.88,5650.73,0,0.0400562,0,0,0,233.364,0,8930.89,0,0,0,0,0,0,1442.77,0,233.364,233.364,0,0
01:11:15:04:44:56,5642.43,5639.86,0,0.0400562,0,0,0,233.364,0,8919.45,0,0,0,0,0,0,1431.32,0,233.364,233.364,0,0
01:11:15:04:44:57,5634.99,5631.56,0,0.0400562,0,0,0,233.364,0,8912.01,0,0,0,0,0,0,1423.88,0,233.364,233.364,0,0
01:11:15:04:44:58,5639.86,5637,0,0.0400562,0,0,0,233.364,0,8916.87,0,0,0,0,0,0,1428.75,0,233.364,233.364,0,0
01:11:15:04:44:59,5624.98,5621.83,0,0.0400562,0,0,0,233.364,0,8902,0,0,0,0,0,0,1413.87,0,233.364,233.364,0,0
01:11:15:04:45:00,5611.53,5608.1,0,0.0400562,0,0,0,233.364,0,8888.55,0,0,0,0,0,0,1400.42,0,233.364,233.364,0,0
01:11:15:04:45:01,5599.23,5594.94,0,0.0400562,0,0,0,233.364,0,8876.25,0,0,0,0,0,0,1388.12,0,233.364,233.364,0,0
01:11:15:04:45:02,5593.79,5591.5,0,0.0400562,0,0,0,233.364,0,8870.81,0,0,0,0,0,0,1382.68,0,233.364,233.364,0,0
01:11:15:04:45:03,5572.91,5568.9,0,0.0400562,0,0,0,233.364,0,8849.93,0,0,0,0,0,0,1361.8,0,233.364,233.364,0,0
01:11:15:04:45:04,5570.62,5566.61,0,0.0400562,0,0,0,233.364,0,8847.64,0,0,0,0,0,0,1359.51,0,233.364,233.364,0,0
01:11:15:04:45:05,5566.04,5562.04,0,0.0400562,0,0,0,233.364,0,8843.06,0,0,0,0,0,0,1354.93,0,233.364,233.364,0,0
01:11:15:04:45:06,5561.46,5556.89,0,0.0400562,0,0,0,233.364,0,8838.48,0,0,0,0,0,0,1350.35,0,233.364,233.364,0,0
01:11:15:04:45:07,5549.73,5545.44,0,0.0400562,0,0,0,233.364,0,8826.75,0,0,0,0,0,0,1338.62,0,233.364,233.364,0,0
#,01:11:15:04:45:08,WELLBORE,DEPTHS,1,[1|Rate|9170.370117],,,,,,,,,,,,,,,,,
01:11:15:04:45:08,5549.16,5545.16,0,0.0400562,0,0,0,233.364,0,8826.18,0,0,0,0,0,0,1338.05,0,233.364,233.364,0,0
01:11:15:04:45:09,5535.43,5532.85,0,0.0400562,0,0,0,233.364,0,8812.45,0,0,0,0,0,0,1324.32,0,233.364,233.364,0,0
01:11:15:04:45:10,5527.42,5524.27,0,0.0400562,0,0,0,233.364,0,8804.44,0,0,0,0,0,0,1316.31,0,233.364,233.364,0,0
01:11:15:04:45:11,5521.41,5518.26,0,0.0400562,0,0,0,233.364,0,8798.43,0,0,0,0,0,0,1310.3,0,233.364,233.364,0,0
01:11:15:04:45:12,5517.98,5513.97,0,0.0400562,0,0,0,233.364,0,8794.99,0,0,0,0,0,0,1306.87,0,233.364,233.364,0,0
01:11:15:04:45:13,5506.82,5503.96,0,0.0400562,0,0,0,233.364,0,8783.84,0,0,0,0,0,0,1295.71,0,233.364,233.364,0,0
01:11:15:04:45:14,5504.53,5501.67,0,0.0400562,0,0,0,233.364,0,8781.55,0,0,0,0,0,0,1293.42,0,233.364,233.364,0,0
01:11:15:04:45:15,5498.24,5495.09,0,0.0400562,0,0,0,233.364,0,8775.25,0,0,0,0,0,0,1287.13,0,233.364,233.364,0,0
01:11:15:04:45:16,5492.8,5489.65,0,0.0400562,0,0,0,233.364,0,8769.82,0,0,0,0,0,0,1281.69,0,233.364,233.364,0,0
01:11:15:04:45:17,5487.08,5483.65,0,0.0400562,0,0,0,233.364,0,8764.1,0,0,0,0,0,0,1275.97,0,233.364,233.364,0,0
01:11:15:04:45:18,5484.22,5480.78,0,0.0400562,0,0,0,233.364,0,8761.24,0,0,0,0,0,0,1273.11,0,233.364,233.364,0,0
01:11:15:04:45:19,5476.21,5472.77,0,0.0400562,0,0,0,233.364,0,8753.22,0,0,0,0,0,0,1265.1,0,233.364,233.364,0,0
01:11:15:04:45:20,5469.34,5466.19,0,0.0400562,0,0,0,233.364,0,8746.36,0,0,0,0,0,0,1258.23,0,233.364,233.364,0,0
01:11:15:04:45:21,5461.9,5458.18,0,0.0400562,0,0,0,233.364,0,8738.92,0,0,0,0,0,0,1250.79,0,233.364,233.364,0,0
01:11:15:04:45:22,5455.32,5451.6,0,0.0400562,0,0,0,233.364,0,8732.34,0,0,0,0,0,0,1244.21,0,233.364,233.364,0,0
#,01:11:15:04:45:23,WELLBORE,DEPTHS,1,[1|Rate|9170.370117],,,,,,,,,,,,,,,,,
01:11:15:04:45:23,5448.74,5445.31,0,0.0400562,0,0,0,233.364,0,8725.76,0,0,0,0,0,0,1237.63,0,233.364,233.364,0,0
01:11:15:04:45:24,5444.73,5441.59,0,0.0400562,0,0,0,233.364,0,8721.75,0,0,0,0,0,0,1233.62,0,233.364,233.364,0,0
01:11:15:04:45:25,5441.3,5437.3,0,0.0400562,0,0,0,233.364,0,8718.32,0,0,0,0,0,0,1230.19,0,233.364,233.364,0,0
01:11:15:04:45:26,5436.44,5432.15,0,0.0400562,0,0,0,233.364,0,8713.46,0,0,0,0,0,0,1225.33,0,233.364,233.364,0,0
01:11:15:04:45:27,5429.86,5425.57,0,0.0400562,0,0,0,233.364,0,8706.88,0,0,0,0,0,0,1218.75,0,233.364,233.364,0,0
01:11:15:04:45:28,5424.14,5421.27,0,0.0400562,0,0,0,233.364,0,8701.15,0,0,0,0,0,0,1213.03,0,233.364,233.364,0,0
01:11:15:04:45:29,5418.7,5414.41,0,0.0400562,0,0,0,233.364,0,8695.72,0,0,0,0,0,0,1207.59,0,233.364,233.364,0,0
01:11:15:04:45:30,5412.98,5408.69,0,0.0400562,0,0,0,233.364,0,8690,0,0,0,0,0,0,1201.87,0,233.364,233.364,0,0
01:11:15:04:45:31,5407.83,5404.4,0,0.0400562,0,0,0,233.364,0,8684.85,0,0,0,0,0,0,1196.72,0,233.364,233.364,0,0
01:11:15:04:45:32,5403.82,5400.1,0,0.0400562,0,0,0,233.364,0,8680.84,0,0,0,0,0,0,1192.71,0,233.364,233.364,0,0
01:11:15:04:45:33,5399.24,5394.95,0,0.0400562,0,0,0,233.364,0,8676.26,0,0,0,0,0,0,1188.13,0,233.364,233.364,0,0
01:11:15:04:45:34,5395.24,5390.38,0,0.0400562,0,0,0,233.364,0,8672.26,0,0,0,0,0,0,1184.13,0,233.364,233.364,0,0
01:11:15:04:45:35,5390.38,5386.37,0,0.0400562,0,0,0,233.364,0,8667.39,0,0,0,0,0,0,1179.27,0,233.364,233.364,0,0
01:11:15:04:45:36,5384.65,5381.22,0,0.0400562,0,0,0,233.364,0,8661.67,0,0,0,0,0,0,1173.54,0,233.364,233.364,0,0
01:11:15:04:45:37,5380.36,5376.93,0,0.0400562,0,0,0,233.364,0,8657.38,0,0,0,0,0,0,1169.25,0,233.364,233.364,0,0
#,01:11:15:04:45:38,WELLBORE,DEPTHS,1,[1|Rate|9170.370117],,,,,,,,,,,,,,,,,
01:11:15:04:45:38,5376.64,5371.78,0,0.0400562,0,0,0,233.364,0,8653.66,0,0,0,0,0,0,1165.53,0,233.364,233.364,0,0
01:11:15:04:45:39,5370.35,5366.92,0,0.0400562,0,0,0,233.364,0,8647.37,0,0,0,0,0,0,1159.24,0,233.364,233.364,0,0
01:11:15:04:45:40,5366.34,5362.05,0,0.0400562,0,0,0,233.364,0,8643.36,0,0,0,0,0,0,1155.23,0,233.364,233.364,0,0
01:11:15:04:45:41,5362.62,5357.47,0,0.0400562,0,0,0,233.364,0,8639.64,0,0,0,0,0,0,1151.51,0,233.364,233.364,0,0
01:11:15:04:45:42,5358.05,5353.18,0,0.0400562,0,0,0,233.364,0,8635.06,0,0,0,0,0,0,1146.94,0,233.364,233.364,0,0
01:11:15:04:45:43,5354.04,5348.89,0,0.0400562,0,0,0,233.364,0,8631.06,0,0,0,0,0,0,1142.93,0,233.364,233.364,0,0
01:11:15:04:45:44,5349.46,5344.31,0,0.0400562,0,0,0,233.364,0,8626.48,0,0,0,0,0,0,1138.35,0,233.364,233.364,0,0
01:11:15:04:45:45,5344.89,5340.31,0,0.0400562,0,0,0,233.364,0,8621.9,0,0,0,0,0,0,1133.78,0,233.364,233.364,0,0
01:11:15:04:45:46,5340.31,5336.02,0,0.0400562,0,0,0,233.364,0,8617.33,0,0,0,0,0,0,1129.2,0,233.364,233.364,0,0
01:11:15:04:45:47,5335.44,5331.73,0,0.0400562,0,0,0,233.364,0,8612.46,0,0,0,0,0,0,1124.33,0,233.364,233.364,0,0
01:11:15:04:45:48,5332.3,5326.86,0,0.0400562,0,0,0,233.364,0,8609.31,0,0,0,0,0,0,1121.19,0,233.364,233.364,0,0
01:11:15:04:45:49,5327.15,5322.57,0,0.0400562,0,0,0,233.364,0,8604.17,0,0,0,0,0,0,1116.04,0,233.364,233.364,0,0
01:11:15:04:45:50,5322.86,5318.28,0,0.0400562,0,0,0,233.364,0,8599.87,0,0,0,0,0,0,1111.75,0,233.364,233.364,0,0
01:11:15:04:45:51,5318.85,5314.27,0,0.0400562,0,0,0,233.364,0,8595.87,0,0,0,0,0,0,1107.74,0,233.364,233.364,0,0
01:11:15:04:45:52,5315.13,5310.27,0,0.0400562,0,0,0,233.364,0,8592.15,0,0,0,0,0,0,1104.02,0,233.364,233.364,0,0
#,01:11:15:04:45:53,WELLBORE,DEPTHS,1,[1|Rate|9170.370117],,,,,,,,,,,,,,,,,
01:11:15:04:45:53,5310.55,5306.55,0,0.0400562,0,0,0,233.364,0,8587.57,0,0,0,0,0,0,1099.44,0,233.364,233.364,0,0
01:11:15:04:45:54,5307.41,5302.26,0,0.0400562,0,0,0,233.364,0,8584.42,0,0,0,0,0,0,1096.3,0,233.364,233.364,0,0
01:11:15:04:45:55,5303.4,5297.96,0,0.0400562,0,0,0,233.364,0,8580.42,0,0,0,0,0,0,1092.29,0,233.364,233.364,0,0
01:11:15:04:45:56,5299.4,5294.53,0,0.0400562,0,0,0,233.364,0,8576.41,0,0,0,0,0,0,1088.29,0,233.364,233.364,0,0
01:11:15:04:45:57,5294.53,5290.53,0,0.0400562,0,0,0,233.364,0,8571.55,0,0,0,0,0,0,1083.42,0,233.364,233.364,0,0
01:11:15:04:45:58,5291.96,5287.38,0,0.0400562,0,0,0,233.364,0,8568.97,0,0,0,0,0,0,1080.85,0,233.364,233.364,0,0
01:11:15:04:45:59,5287.67,5283.09,0,0.0400562,0,0,0,233.364,0,8564.68,0,0,0,0,0,0,1076.56,0,233.364,233.364,0,0
01:11:15:04:46:00,5283.66,5278.8,0,0.0400562,0,0,0,233.364,0,8560.68,0,0,0,0,0,0,1072.55,0,233.364,233.364,0,0
01:11:15:04:46:01,5280.23,5275.08,0,0.0400562,0,0,0,233.364,0,8557.25,0,0,0,0,0,0,1069.12,0,233.364,233.364,0,0
01:11:15:04:46:02,5276.22,5271.36,0,0.0400562,0,0,0,233.364,0,8553.24,0,0,0,0,0,0,1065.11,0,233.364,233.364,0,0
01:11:15:04:46:03,5272.5,5267.64,0,0.0400562,0,0,0,233.364,0,8549.52,0,0,0,0,0,0,1061.39,0,233.364,233.364,0,0
01:11:15:04:46:04,5269.07,5263.92,0,0.0400562,0,0,0,233.364,0,8546.09,0,0,0,0,0,0,1057.96,0,233.364,233.364,0,0
01:11:15:04:46:05,5265.35,5261.63,0,0.0400562,0,0,0,233.364,0,8542.37,0,0,0,0,0,0,1054.24,0,233.364,233.364,0,0
01:11:15:04:46:06,5261.92,5257.34,0,0.0400562,0,0,0,233.364,0,8538.93,0,0,0,0,0,0,1050.81,0,233.364,233.364,0,0
01:11:15:04:46:07,5258.77,5254.48,0,0.0400562,0,0,0,233.364,0,8535.79,0,0,0,0,0,0,1047.66,0,233.364,233.364,0,0
#,01:11:15:04:46:08,WELLBORE,DEPTHS,1,[1|Rate|9170.370117],,,,,,,,,,,,,,,,,
01:11:15:04:46:08,5255.62,5250.76,0,0.0400562,0,0,0,233.364,0,8532.64,0,0,0,0,0,0,1044.51,0,233.364,233.364,0,0
01:11:15:04:46:09,5252.48,5247.04,0,0.0400562,0,0,0,233.364,0,8529.49,0,0,0,0,0,0,1041.36,0,233.364,233.364,0,0
01:11:15:04:46:10,5248.76,5244.18,0,0.0400562,0,0,0,233.364,0,8525.77,0,0,0,0,0,0,1037.65,0,233.364,233.364,0,0
01:11:15:04:46:11,5245.04,5241.03,0,0.0400562,0,0,0,233.364,0,8522.05,0,0,0,0,0,0,1033.93,0,233.364,233.364,0,0
01:11:15:04:46:12,5241.89,5237.31,0,0.0400562,0,0,0,233.364,0,8518.91,0,0,0,0,0,0,1030.78,0,233.364,233.364,0,0
01:11:15:04:46:13,5239.03,5234.45,0,0.0400562,0,0,0,233.364,0,8516.05,0,0,0,0,0,0,1027.92,0,233.364,233.364,0,0
01:11:15:04:46:14,5240.46,5235.6,0,0.0400562,0,0,0,233.364,0,8517.48,0,0,0,0,0,0,1029.35,0,233.364,233.364,0,0
01:11:15:04:46:15,5237.03,5232.16,0,0.0400562,0,0,0,233.364,0,8514.04,0,0,0,0,0,0,1025.92,0,233.364,233.364,0,0
01:11:15:04:46:16,5235.02,5229.87,0,0.0400562,0,0,0,233.364,0,8512.04,0,0,0,0,0,0,1023.91,0,233.364,233.364,0,0
01:11:15:04:46:17,5233.02,5228.73,0,0.0400562,0,0,0,233.364,0,8510.04,0,0,0,0,0,0,1021.91,0,233.364,233.364,0,0
01:11:15:04:46:18,5221.58,5217,0,0.0400562,0,0,0,233.364,0,8498.59,0,0,0,0,0,0,1010.47,0,233.364,233.364,0,0
01:11:15:04:46:19,5217.86,5213.28,0,0.0400562,0,0,0,233.364,0,8494.87,0,0,0,0,0,0,1006.75,0,233.364,233.364,0,0
01:11:15:04:46:20,5216.43,5211.28,0,0.0400562,0,0,0,233.364,0,8493.45,0,0,0,0,0,0,1005.32,0,233.364,233.364,0,0
01:11:15:04:46:21,5212.99,5208.42,0,0.0400562,0,0,0,233.364,0,8490.01,0,0,0,0,0,0,1001.88,0,233.364,233.364,0,0
01:11:15:04:46:22,5210.13,5205.27,0,0.0400562,0,0,0,233.364,0,8487.15,0,0,0,0,0,0,999.022,0,233.364,233.364,0,0
#,01:11:15:04:46:23,WELLBORE,DEPTHS,1,[1|Rate|9170.370117],,,,,,,,,,,,,,,,,
01:11:15:04:46:23,5214.14,5212.13,0,0.0400562,0,0,0,233.364,0,8491.16,0,0,0,0,0,0,1003.03,0,233.364,233.364,0,0
01:11:15:04:46:24,5211.56,5206.7,0,0.0400562,0,0,0,233.364,0,8488.58,0,0,0,0,0,0,1000.45,0,233.364,233.364,0,0
01:11:15:04:46:25,5206.41,5201.26,0,0.0400562,0,0,0,233.364,0,8483.43,0,0,0,0,0,0,995.302,0,233.364,233.364,0,0
01:11:15:04:46:26,5202.41,5198.4,0,0.0400562,0,0,0,233.364,0,8479.42,0,0,0,0,0,0,991.297,0,233.364,233.364,0,0
01:11:15:04:46:27,5200.69,5196.4,0,0.0400562,0,0,0,233.364,0,8477.71,0,0,0,0,0,0,989.581,0,233.364,233.364,0,0
01:11:15:04:46:28,5198.4,5194.97,0,0.0400562,0,0,0,233.364,0,8475.42,0,0,0,0,0,0,987.291,0,233.364,233.364,0,0
01:11:15:04:46:29,5190.96,5186.96,0,0.0400562,0,0,0,233.364,0,8467.98,0,0,0,0,0,0,979.853,0,233.364,233.364,0,0
01:11:15:04:46:30,5191.54,5186.67,0,0.0400562,0,0,0,233.364,0,8468.55,0,0,0,0,0,0,980.426,0,233.364,233.364,0,0
01:11:15:04:46:31,5188.67,5183.81,0,0.0400562,0,0,0,233.364,0,8465.69,0,0,0,0,0,0,977.565,0,233.364,233.364,0,0
01:11:15:04:46:32,5186.67,5181.81,0,0.0400562,0,0,0,233.364,0,8463.69,0,0,0,0,0,0,975.562,0,233.364,233.364,0,0
01:11:15:04:46:33,5177.52,5172.94,0,0.0400562,0,0,0,233.364,0,8454.53,0,0,0,0,0,0,966.406,0,233.364,233.364,0,0
01:11:15:04:46:34,5184.1,5179.23,0,0.0400562,0,0,0,233.364,0,8461.12,0,0,0,0,0,0,972.987,0,233.364,233.364,0,0
01:11:15:04:46:35,5178.66,5174.37,0,0.0400562,0,0,0,233.364,0,8455.68,0,0,0,0,0,0,967.551,0,233.364,233.364,0,0
01:11:15:04:46:36,5177.52,5172.08,0,0.0400562,0,0,0,233.364,0,8454.53,0,0,0,0,0,0,966.406,0,233.364,233.364,0,0
01:11:15:04:46:37,5174.66,5169.79,0,0.0400562,0,0,0,233.364,0,8451.67,0,0,0,0,0,0,963.546,0,233.364,233.364,0,0
#,01:11:15:04:46:38,WELLBORE,DEPTHS,1,[1|Rate|9170.370117],,,,,,,,,,,,,,,,,
01:11:15:04:46:38,5173.23,5167.5,0,0.0400562,0,0,0,233.364,0,8450.24,0,0,0,0,0,0,962.115,0,233.364,233.364,0,0
01:11:15:04:46:39,5168.08,5163.21,0,0.0400562,0,0,0,233.364,0,8445.09,0,0,0,0,0,0,956.965,0,233.364,233.364,0,0
01:11:15:04:46:40,5168.36,5162.35,0,0.0400562,0,0,0,233.364,0,8445.38,0,0,0,0,0,0,957.251,0,233.364,233.364,0,0
01:11:15:04:46:41,5165.21,5159.49,0,0.0400562,0,0,0,233.364,0,8442.23,0,0,0,0,0,0,954.104,0,233.364,233.364,0,0
01:11:15:04:46:42,5162.07,5156.34,0,0.0400562,0,0,0,233.364,0,8439.08,0,0,0,0,0,0,950.956,0,233.364,233.364,0,0
01:11:15:04:46:43,5161.5,5155.49,0,0.0400562,0,0,0,233.364,0,8438.51,0,0,0,0,0,0,950.384,0,233.364,233.364,0,0
01:11:15:04:46:44,5160.35,5154.34,0,0.0400562,0,0,0,233.364,0,8437.37,0,0,0,0,0,0,949.24,0,233.364,233.364,0,0
01:11:15:04:46:45,5155.2,5149.76,0,0.0400562,0,0,0,233.364,0,8432.22,0,0,0,0,0,0,944.091,0,233.364,233.364,0,0
01:11:15:04:46:46,5154.06,5147.76,0,0.0400562,0,0,0,233.364,0,8431.07,0,0,0,0,0,0,942.946,0,233.364,233.364,0,0
01:11:15:04:46:47,5152.34,5146.33,0,0.0400562,0,0,0,233.364,0,8429.36,0,0,0,0,0,0,941.23,0,233.364,233.364,0,0
01:11:15:04:46:48,5150.05,5143.76,0,0.0400562,0,0,0,233.364,0,8427.07,0,0,0,0,0,0,938.94,0,233.364,233.364,0,0
01:11:15:04:46:49,5146.33,5140.61,0,0.0400562,0,0,0,233.364,0,8423.35,0,0,0,0,0,0,935.222,0,233.364,233.364,0,0
01:11:15:04:46:50,5145.76,5139.75,0,0.0400562,0,0,0,233.364,0,8422.78,0,0,0,0,0,0,934.65,0,233.364,233.364,0,0
01:11:15:04:46:51,5143.76,5137.46,0,0.0400562,0,0,0,233.364,0,8420.78,0,0,0,0,0,0,932.647,0,233.364,233.364,0,0
01:11:15:04:46:52,5141.18,5135.46,0,0.0400562,0,0,0,233.364,0,8418.2,0,0,0,0,0,0,930.071,0,233.364,233.364,0,0
#,01:11:15:04:46:53,WELLBORE,DEPTHS,1,[1|Rate|9170.370117],,,,,,,,,,,,,,,,,
01:11:15:04:46:53,5082.24,5065.65,0,0.0400562,0,0,0,233.364,0,8359.26,0,0,0,0,0,0,871.135,0,233.364,233.364,0,0
01:11:15:04:46:54,5130.31,5124.59,0,0.0400562,0,0,0,233.364,0,8407.33,0,0,0,0,0,0,919.2,0,233.364,233.364,0,0
01:11:15:04:46:55,5131.17,5124.3,0,0.0400562,0,0,0,233.364,0,8408.19,0,0,0,0,0,0,920.058,0,233.364,233.364,0,0
01:11:15:04:46:56,5130.02,5124.59,0,0.0400562,0,0,0,233.364,0,8407.04,0,0,0,0,0,0,918.914,0,233.364,233.364,0,0
01:11:15:04:46:57,5128.88,5123.44,0,0.0400562,0,0,0,233.364,0,8405.9,0,0,0,0,0,0,917.77,0,233.364,233.364,0,0
01:11:15:04:46:58,5149.48,5150.91,0,0.0400562,0,0,0,233.364,0,8426.5,0,0,0,0,0,0,938.368,0,233.364,233.364,0,0
01:11:15:04:46:59,5123.44,5118.01,0,0.0400562,0,0,0,233.364,0,8400.46,0,0,0,0,0,0,912.334,0,233.364,233.364,0,0
01:11:15:04:47:00,5123.44,5118.01,0,0.0400562,0,0,0,233.364,0,8400.46,0,0,0,0,0,0,912.334,0,233.364,233.364,0,0
01:11:15:04:47:01,5121.73,5116.86,0,0.0400562,0,0,0,233.364,0,8398.74,0,0,0,0,0,0,910.616,0,233.364,233.364,0,0
01:11:15:04:47:02,5120.87,5115.15,0,0.0400562,0,0,0,233.364,0,8397.89,0,0,0,0,0,0,909.759,0,233.364,233.364,0,0
01:11:15:04:47:03,5120.01,5115.72,0,0.0400562,0,0,0,233.364,0,8397.03,0,0,0,0,0,0,908.9,0,233.364,233.364,0,0
01:11:15:04:47:04,5122.87,5118.01,0,0.0400562,0,0,0,233.364,0,8399.89,0,0,0,0,0,0,911.762,0,233.364,233.364,0,0
01:11:15:04:47:05,5118.29,5112.86,0,0.0400562,0,0,0,233.364,0,8395.31,0,0,0,0,0,0,907.183,0,233.364,233.364,0,0
01:11:15:04:47:06,5116.29,5112,0,0.0400562,0,0,0,233.364,0,8393.31,0,0,0,0,0,0,905.18,0,233.364,233.364,0,0
01:11:15:04:47:07,5116.58,5111.14,0,0.0400562,0,0,0,233.364,0,8393.59,0,0,0,0,0,0,905.467,0,233.364,233.364,0,0
#,01:11:15:04:47:08,WELLBORE,DEPTHS,1,[1|Rate|9170.370117],,,,,,,,,,,,,,,,,
01:11:15:04:47:08,5113.72,5110,0,0.0400562,0,0,0,233.364,0,8390.73,0,0,0,0,0,0,902.606,0,233.364,233.364,0,0
01:11:15:04:47:09,5110.28,5105.71,0,0.0400562,0,0,0,233.364,0,8387.3,0,0,0,0,0,0,899.172,0,233.364,233.364,0,0
01:11:15:04:47:10,5111.43,5106.56,0,0.0400562,0,0,0,233.364,0,8388.45,0,0,0,0,0,0,900.317,0,233.364,233.364,0,0
01:11:15:04:47:11,5110.57,5105.13,0,0.0400562,0,0,0,233.364,0,8387.59,0,0,0,0,0,0,899.459,0,233.364,233.364,0,0
01:11:15:04:47:12,5109.14,5103.99,0,0.0400562,0,0,0,233.364,0,8386.16,0,0,0,0,0,0,898.028,0,233.364,233.364,0,0
01:11:15:04:47:13,5107.71,5102.84,0,0.0400562,0,0,0,233.364,0,8384.73,0,0,0,0,0,0,896.598,0,233.364,233.364,0,0
01:11:15:04:47:14,5107.71,5102.27,0,0.0400562,0,0,0,233.364,0,8384.73,0,0,0,0,0,0,896.598,0,233.364,233.364,0,0
01:11:15:04:47:15,5106.56,5101.41,0,0.0400562,0,0,0,233.364,0,8383.58,0,0,0,0,0,0,895.453,0,233.364,233.364,0,0
01:11:15:04:47:16,5104.27,5099.41,0,0.0400562,0,0,0,233.364,0,8381.29,0,0,0,0,0,0,893.164,0,233.364,233.364,0,0
01:11:15:04:47:17,5102.56,5097.69,0,0.0400562,0,0,0,233.364,0,8379.58,0,0,0,0,0,0,891.448,0,233.364,233.364,0,0
01:11:15:04:47:18,5100.56,5095.41,0,0.0400562,0,0,0,233.364,0,8377.57,0,0,0,0,0,0,889.445,0,233.364,233.364,0,0
01:11:15:04:47:19,5101.41,5095.12,0,0.0400562,0,0,0,233.364,0,8378.43,0,0,0,0,0,0,890.303,0,233.364,233.364,0,0
01:11:15:04:47:20,5097.12,5091.4,0,0.0400562,0,0,0,233.364,0,8374.14,0,0,0,0,0,0,886.012,0,233.364,233.364,0,0
01:11:15:04:47:21,5096.26,5091.69,0,0.0400562,0,0,0,233.364,0,8373.28,0,0,0,0,0,0,885.154,0,233.364,233.364,0,0
01:11:15:04:47:22,5095.12,5089.97,0,0.0400562,0,0,0,233.364,0,8372.14,0,0,0,0,0,0,884.009,0,233.364,233.364,0,0
#,01:11:15:04:47:23,WELLBORE,DEPTHS,1,[1|Rate|9170.370117],,,,,,,,,,,,,,,,,
01:11:15:04:47:23,5093.4,5087.68,0,0.0400562,0,0,0,233.364,0,8370.42,0,0,0,0,0,0,882.292,0,233.364,233.364,0,0
01:11:15:04:47:24,5090.54,5085.11,0,0.0400562,0,0,0,233.364,0,8367.56,0,0,0,0,0,0,879.432,0,233.364,233.364,0,0
01:11:15:04:47:25,5089.68,5085.39,0,0.0400562,0,0,0,233.364,0,8366.7,0,0,0,0,0,0,878.573,0,233.364,233.364,0,0
01:11:15:04:47:26,5086.82,5081.67,0,0.0400562,0,0,0,233.364,0,8363.84,0,0,0,0,0,0,875.712,0,233.364,233.364,0,0
01:11:15:04:47:27,5086.25,5081.67,0,0.0400562,0,0,0,233.364,0,8363.27,0,0,0,0,0,0,875.14,0,233.364,233.364,0,0
01:11:15:04:47:28,5085.68,5080.53,0,0.0400562,0,0,0,233.364,0,8362.7,0,0,0,0,0,0,874.568,0,233.364,233.364,0,0
01:11:15:04:47:29,5083.1,5077.95,0,0.0400562,0,0,0,233.364,0,8360.12,0,0,0,0,0,0,871.993,0,233.364,233.364,0,0
01:11:15:04:47:30,5082.24,5076.81,0,0.0400562,0,0,0,233.364,0,8359.26,0,0,0,0,0,0,871.135,0,233.364,233.364,0,0
01:11:15:04:47:31,5082.24,5076.81,0,0.0400562,0,0,0,233.364,0,8359.26,0,0,0,0,0,0,871.135,0,233.364,233.364,0,0
01:11:15:04:47:32,5079.1,5074.23,0,0.0400562,0,0,0,233.364,0,8356.12,0,0,0,0,0,0,867.988,0,233.364,233.364,0,0
01:11:15:04:47:33,5077.95,5072.23,0,0.0400562,0,0,0,233.364,0,8354.97,0,0,0,0,0,0,866.843,0,233.364,233.364,0,0
01:11:15:04:47:34,5076.52,5071.95,0,0.0400562,0,0,0,233.364,0,8353.54,0,0,0,0,0,0,865.412,0,233.364,233.364,0,0
01:11:15:04:47:35,5075.66,5070.8,0,0.0400562,0,0,0,233.364,0,8352.68,0,0,0,0,0,0,864.555,0,233.364,233.364,0,0
01:11:15:04:47:36,5072.8,5067.37,0,0.0400562,0,0,0,233.364,0,8349.82,0,0,0,0,0,0,861.693,0,233.364,233.364,0,0
01:11:15:04:47:37,5071.66,5067.37,0,0.0400562,0,0,0,233.364,0,8348.68,0,0,0,0,0,0,860.549,0,233.364,233.364,0,0
#,01:11:15:04:47:38,WELLBORE,DEPTHS,1,[1|Rate|9170.370117],,,,,,,,,,,,,,,,,
01:11:15:04:47:38,5071.09,5065.94,0,0.0400562,0,0,0,233.364,0,8348.11,0,0,0,0,0,0,859.977,0,233.364,233.364,0,0
01:11:15:04:47:39,5069.94,5064.79,0,0.0400562,0,0,0,233.364,0,8346.96,0,0,0,0,0,0,858.832,0,233.364,233.364,0,0
01:11:15:04:47:40,5068.8,5063.65,0,0.0400562,0,0,0,233.364,0,8345.82,0,0,0,0,0,0,857.688,0,233.364,233.364,0,0
01:11:15:04:47:41,5067.37,5062.5,0,0.0400562,0,0,0,233.364,0,8344.39,0,0,0,0,0,0,856.257,0,233.364,233.364,0,0
01:11:15:04:47:42,5044.77,5037.9,0,0.0400562,0,0,0,233.364,0,8321.78,0,0,0,0,0,0,833.656,0,233.364,233.364,0,0
01:11:15:04:47:43,5050.49,5045.62,0,0.0400562,0,0,0,233.364,0,8327.51,0,0,0,0,0,0,839.377,0,233.364,233.364,0,0
01:11:15:04:47:44,5051.92,5045.91,0,0.0400562,0,0,0,233.364,0,8328.94,0,0,0,0,0,0,840.808,0,233.364,233.364,0,0
01:11:15:04:47:45,5052.2,5047.34,0,0.0400562,0,0,0,233.364,0,8329.22,0,0,0,0,0,0,841.094,0,233.364,233.364,0,0
01:11:15:04:47:46,5051.92,5047.34,0,0.0400562,0,0,0,233.364,0,8328.94,0,0,0,0,0,0,840.808,0,233.364,233.364,0,0
01:11:15:04:47:47,5054.49,5051.63,0,0.0400562,0,0,0,233.364,0,8331.51,0,0,0,0,0,0,843.383,0,233.364,233.364,0,0
01:11:15:04:47:48,5049.92,5044.48,0,0.0400562,0,0,0,233.364,0,8326.93,0,0,0,0,0,0,838.805,0,233.364,233.364,0,0
01:11:15:04:47:49,5048.48,5043.33,0,0.0400562,0,0,0,233.364,0,8325.5,0,0,0,0,0,0,837.375,0,233.364,233.364,0,0
01:11:15:04:47:50,5048.2,5042.48,0,0.0400562,0,0,0,233.364,0,8325.22,0,0,0,0,0,0,837.089,0,233.364,233.364,0,0
01:11:15:04:47:51,5046.77,5041.62,0,0.0400562,0,0,0,233.364,0,8323.79,0,0,0,0,0,0,835.659,0,233.364,233.364,0,0
01:11:15:04:47:52,5046.2,5039.9,0,0.0400562,0,0,0,233.364,0,8323.21,0,0,0,0,0,0,835.086,0,233.364,233.364,0,0
#,01:11:15:04:47:53,WELLBORE,DEPTHS,1,[1|Rate|9170.370117],,,,,,,,,,,,,,,,,
01:11:15:04:47:53,5048.77,5043.91,0,0.0400562,0,0,0,233.364,0,8325.79,0,0,0,0,0,0,837.661,0,233.364,233.364,0,0
01:11:15:04:47:54,5047.34,5041.9,0,0.0400562,0,0,0,233.364,0,8324.36,0,0,0,0,0,0,836.231,0,233.364,233.364,0,0
01:11:15:04:47:55,5044.19,5039.04,0,0.0400562,0,0,0,233.364,0,8321.21,0,0,0,0,0,0,833.084,0,233.364,233.364,0,0
01:11:15:04:47:56,5045.05,5040.47,0,0.0400562,0,0,0,233.364,0,8322.07,0,0,0,0,0,0,833.941,0,233.364,233.364,0,0
01:11:15:04:47:57,5049.63,5042.76,0,0.0400562,0,0,0,233.364,0,8326.65,0,0,0,0,0,0,838.519,0,233.364,233.364,0,0
01:11:15:04:47:58,5042.19,5036.75,0,0.0400562,0,0,0,233.364,0,8319.21,0,0,0,0,0,0,831.08,0,233.364,233.364,0,0
01:11:15:04:47:59,5041.05,5035.61,0,0.0400562,0,0,0,233.364,0,8318.06,0,0,0,0,0,0,829.936,0,233.364,233.364,0,0
01:11:15:04:48:00,5040.19,5034.47,0,0.0400562,0,0,0,233.364,0,8317.21,0,0,0,0,0,0,829.077,0,233.364,233.364,0,0
01:11:15:04:48:01,5038.76,5032.75,0,0.0400562,0,0,0,233.364,0,8315.78,0,0,0,0,0,0,827.648,0,233.364,233.364,0,0
01:11:15:04:48:02,5035.32,5029.03,0,0.0400562,0,0,0,233.364,0,8312.34,0,0,0,0,0,0,824.214,0,233.364,233.364,0,0
01:11:15:04:48:03,5036.75,5030.75,0,0.0400562,0,0,0,233.364,0,8313.77,0,0,0,0,0,0,825.645,0,233.364,233.364,0,0
01:11:15:04:48:04,5037.04,5029.89,0,0.0400562,0,0,0,233.364,0,8314.06,0,0,0,0,0,0,825.931,0,233.364,233.364,0,0
01:11:15:04:48:05,5035.61,5029.03,0,0.0400562,0,0,0,233.364,0,8312.63,0,0,0,0,0,0,824.5,0,233.364,233.364,0,0
01:11:15:04:48:06,5033.61,5027.31,0,0.0400562,0,0,0,233.364,0,8310.63,0,0,0,0,0,0,822.497,0,233.364,233.364,0,0
01:11:15:04:48:07,5031.32,5024.45,0,0.0400562,0,0,0,233.364,0,8308.34,0,0,0,0,0,0,820.209,0,233.364,233.364,0,0
#,01:11:15:04:48:08,WELLBORE,DEPTHS,1,[1|Rate|9170.370117],,,,,,,,,,,,,,,,,
01:11:15:04:48:08,5029.89,5021.88,0,0.0400562,0,0,0,233.364,0,8306.91,0,0,0,0,0,0,818.778,0,233.364,233.364,0,0
01:11:15:04:48:09,5028.74,5021.88,0,0.0400562,0,0,0,233.364,0,8305.76,0,0,0,0,0,0,817.633,0,233.364,233.364,0,0
01:11:15:04:48:10,5028.46,5020.73,0,0.0400562,0,0,0,233.364,0,8305.48,0,0,0,0,0,0,817.348,0,233.364,233.364,0,0
01:11:15:04:48:11,5027.03,5020.16,0,0.0400562,0,0,0,233.364,0,8304.04,0,0,0,0,0,0,815.917,0,233.364,233.364,0,0
01:11:15:04:48:12,5026.17,5019.02,0,0.0400562,0,0,0,233.364,0,8303.19,0,0,0,0,0,0,815.058,0,233.364,233.364,0,0
01:11:15:04:48:13,5025.88,5018.44,0,0.0400562,0,0,0,233.364,0,8302.9,0,0,0,0,0,0,814.773,0,233.364,233.364,0,0
01:11:15:04:48:14,5023.31,5016.44,0,0.0400562,0,0,0,233.364,0,8300.33,0,0,0,0,0,0,812.198,0,233.364,233.364,0,0
01:11:15:04:48:15,5021.88,5014.73,0,0.0400562,0,0,0,233.364,0,8298.9,0,0,0,0,0,0,810.768,0,233.364,233.364,0,0
01:11:15:04:48:16,5020.16,5013.29,0,0.0400562,0,0,0,233.364,0,8297.18,0,0,0,0,0,0,809.05,0,233.364,233.364,0,0
01:11:15:04:48:17,5019.3,5011.58,0,0.0400562,0,0,0,233.364,0,8296.32,0,0,0,0,0,0,808.192,0,233.364,233.364,0,0
01:11:15:04:48:18,5017.59,5010.43,0,0.0400562,0,0,0,233.364,0,8294.6,0,0,0,0,0,0,806.476,0,233.364,233.364,0,0
01:11:15:04:48:19,5017.3,5009.86,0,0.0400562,0,0,0,233.364,0,8294.32,0,0,0,0,0,0,806.189,0,233.364,233.364,0,0
01:11:15:04:48:20,5015.3,5007.86,0,0.0400562,0,0,0,233.364,0,8292.31,0,0,0,0,0,0,804.186,0,233.364,233.364,0,0
01:11:15:04:48:21,5013.29,5006.43,0,0.0400562,0,0,0,233.364,0,8290.31,0,0,0,0,0,0,802.184,0,233.364,233.364,0,0
01:11:15:04:48:22,5012.15,5005.28,0,0.0400562,0,0,0,233.364,0,8289.17,0,0,0,0,0,0,801.04,0,233.364,233.364,0,0
#,01:11:15:04:48:23,WELLBORE,DEPTHS,1,[1|Rate|9170.370117],,,,,,,,,,,,,,,,,
01:11:15:04:48:23,5011.58,5004.71,0,0.0400562,0,0,0,233.364,0,8288.6,0,0,0,0,0,0,800.468,0,233.364,233.364,0,0
01:11:15:04:48:24,5009.86,5002.99,0,0.0400562,0,0,0,233.364,0,8286.88,0,0,0,0,0,0,798.752,0,233.364,233.364,0,0
01:11:15:04:48:25,5008.43,5002.14,0,0.0400562,0,0,0,233.364,0,8285.45,0,0,0,0,0,0,797.321,0,233.364,233.364,0,0
01:11:15:04:48:26,5007.57,5000.99,0,0.0400562,0,0,0,233.364,0,8284.59,0,0,0,0,0,0,796.462,0,233.364,233.364,0,0
01:11:15:04:48:27,5005.57,4999.28,0,0.0400562,0,0,0,233.364,0,8282.59,0,0,0,0,0,0,794.46,0,233.364,233.364,0,0
01:11:15:04:48:28,5004.71,4998.7,0,0.0400562,0,0,0,233.364,0,8281.73,0,0,0,0,0,0,793.601,0,233.364,233.364,0,0
01:11:15:04:48:29,5004.71,4998.7,0,0.0400562,0,0,0,233.364,0,8281.73,0,0,0,0,0,0,793.601,0,233.364,233.364,0,0
01:11:15:04:48:30,5004.71,4998.7,0,0.0400562,0,0,0,233.364,0,8281.73,0,0,0,0,0,0,793.601,0,233.364,233.364,0,0
01:11:15:04:48:31,5000.71,4994.7,0,0.0400562,0,0,0,233.364,0,8277.72,0,0,0,0,0,0,789.596,0,233.364,233.364,0,0
01:11:15:04:48:32,4951.78,4942.63,0,0.0400562,0,0,0,233.364,0,8228.8,0,0,0,0,0,0,740.673,0,233.364,233.364,0,0
01:11:15:04:48:33,4974.96,4969.23,0,0.0400562,0,0,0,233.364,0,8251.97,0,0,0,0,0,0,763.846,0,233.364,233.364,0,0
01:11:15:04:48:34,4974.96,4969.52,0,0.0400562,0,0,0,233.364,0,8251.97,0,0,0,0,0,0,763.846,0,233.364,233.364,0,0
01:11:15:04:48:35,4975.53,4969.23,0,0.0400562,0,0,0,233.364,0,8252.55,0,0,0,0,0,0,764.419,0,233.364,233.364,0,0
01:11:15:04:48:36,4976.67,4970.38,0,0.0400562,0,0,0,233.364,0,8253.69,0,0,0,0,0,0,765.564,0,233.364,233.364,0,0
01:11:15:04:48:37,5009,4997.27,0,0.0400562,0,0,0,233.364,0,8286.02,0,0,0,0,0,0,797.893,0,233.364,233.364,0,0
#,01:11:15:04:48:38,WELLBORE,DEPTHS,1,[1|Rate|9170.370117],,,,,,,,,,,,,,,,,
01:11:15:04:48:38,4975.82,4970.67,0,0.0400562,0,0,0,233.364,0,8252.83,0,0,0,0,0,0,764.705,0,233.364,233.364,0,0
01:11:15:04:48:39,4975.24,4969.23,0,0.0400562,0,0,0,233.364,0,8252.26,0,0,0,0,0,0,764.133,0,233.364,233.364,0,0
01:11:15:04:48:40,4974.38,4967.23,0,0.0400562,0,0,0,233.364,0,8251.4,0,0,0,0,0,0,763.274,0,233.364,233.364,0,0
01:11:15:04:48:41,4972.38,4966.09,0,0.0400562,0,0,0,233.364,0,8249.4,0,0,0,0,0,0,761.272,0,233.364,233.364,0,0
01:11:15:04:48:42,4966.09,4961.22,0,0.0400562,0,0,0,233.364,0,8243.11,0,0,0,0,0,0,754.978,0,233.364,233.364,0,0
01:11:15:04:48:43,4978.96,4970.38,0,0.0400562,0,0,0,233.364,0,8255.98,0,0,0,0,0,0,767.852,0,233.364,233.364,0,0
01:11:15:04:48:44,4974.67,4966.66,0,0.0400562,0,0,0,233.364,0,8251.69,0,0,0,0,0,0,763.561,0,233.364,233.364,0,0
01:11:15:04:48:45,4972.67,4965.23,0,0.0400562,0,0,0,233.364,0,8249.69,0,0,0,0,0,0,761.558,0,233.364,233.364,0,0
01:11:15:04:48:46,4970.67,4963.51,0,0.0400562,0,0,0,233.364,0,8247.68,0,0,0,0,0,0,759.555,0,233.364,233.364,0,0
01:11:15:04:48:47,4966.95,4959.79,0,0.0400562,0,0,0,233.364,0,8243.96,0,0,0,0,0,0,755.836,0,233.364,233.364,0,0
01:11:15:04:48:48,4966.66,4958.36,0,0.0400562,0,0,0,233.364,0,8243.68,0,0,0,0,0,0,755.55,0,233.364,233.364,0,0
01:11:15:04:48:49,4968.66,4961.22,0,0.0400562,0,0,0,233.364,0,8245.68,0,0,0,0,0,0,757.553,0,233.364,233.364,0,0
01:11:15:04:48:50,4968.38,4959.22,0,0.0400562,0,0,0,233.364,0,8245.39,0,0,0,0,0,0,757.266,0,233.364,233.364,0,0
01:11:15:04:48:51,4965.8,4957.79,0,0.0400562,0,0,0,233.364,0,8242.82,0,0,0,0,0,0,754.691,0,233.364,233.364,0,0
01:11:15:04:48:52,4964.94,4956.93,0,0.0400562,0,0,0,233.364,0,8241.96,0,0,0,0,0,0,753.833,0,233.364,233.364,0,0
#,01:11:15:04:48:53,WELLBORE,DEPTHS,1,[1|Rate|9170.370117],,,,,,,,,,,,,,,,,
01:11:15:04:48:53,4966.37,4957.22,0,0.0400562,0,0,0,233.364,0,8243.39,0,0,0,0,0,0,755.263,0,233.364,233.364,0,0
01:11:15:04:48:54,4961.8,4953.79,0,0.0400562,0,0,0,233.364,0,8238.81,0,0,0,0,0,0,750.686,0,233.364,233.364,0,0
01:11:15:04:48:55,4960.08,4952.07,0,0.0400562,0,0,0,233.364,0,8237.1,0,0,0,0,0,0,748.969,0,233.364,233.364,0,0
01:11:15:04:48:56,4958.36,4951.5,0,0.0400562,0,0,0,233.364,0,8235.38,0,0,0,0,0,0,747.253,0,233.364,233.364,0,0
01:11:15:04:48:57,4958.36,4950.07,0,0.0400562,0,0,0,233.364,0,8235.38,0,0,0,0,0,0,747.253,0,233.364,233.364,0,0
01:11:15:04:48:58,4955.22,4947.78,0,0.0400562,0,0,0,233.364,0,8232.23,0,0,0,0,0,0,744.106,0,233.364,233.364,0,0
01:11:15:04:48:59,4955.79,4948.92,0,0.0400562,0,0,0,233.364,0,8232.81,0,0,0,0,0,0,744.678,0,233.364,233.364,0,0
01:11:15:04:49:00,4955.5,4947.49,0,0.0400562,0,0,0,233.364,0,8232.52,0,0,0,0,0,0,744.391,0,233.364,233.364,0,0
01:11:15:04:49:01,4953.5,4945.77,0,0.0400562,0,0,0,233.364,0,8230.52,0,0,0,0,0,0,742.389,0,233.364,233.364,0,0
01:11:15:04:49:02,4951.78,4944.34,0,0.0400562,0,0,0,233.364,0,8228.8,0,0,0,0,0,0,740.673,0,233.364,233.364,0,0
01:11:15:04:49:03,4950.64,4943.77,0,0.0400562,0,0,0,233.364,0,8227.66,0,0,0,0,0,0,739.529,0,233.364,233.364,0,0
01:11:15:04:49:04,4949.49,4942.91,0,0.0400562,0,0,0,233.364,0,8226.51,0,0,0,0,0,0,738.383,0,233.364,233.364,0,0
01:11:15:04:49:05,4948.35,4941.48,0,0.0400562,0,0,0,233.364,0,8225.37,0,0,0,0,0,0,737.239,0,233.364,233.364,0,0
01:11:15:04:49:06,4946.92,4940.05,0,0.0400562,0,0,0,233.364,0,8223.94,0,0,0,0,0,0,735.809,0,233.364,233.364,0,0
01:11:15:04:49:07,4946.06,4939.77,0,0.0400562,0,0,0,233.364,0,8223.08,0,0,0,0,0,0,734.95,0,233.364,233.364,0,0
#,01:11:15:04:49:08,WELLBORE,DEPTHS,1,[1|Rate|9170.370117],,,,,,,,,,,,,,,,,
01:11:15:04:49:08,4945.49,4938.34,0,0.0400562,0,0,0,233.364,0,8222.51,0,0,0,0,0,0,734.378,0,233.364,233.364,0,0
01:11:15:04:49:09,4943.77,4937.76,0,0.0400562,0,0,0,233.364,0,8220.79,0,0,0,0,0,0,732.662,0,233.364,233.364,0,0
01:11:15:04:49:10,4942.63,4936.33,0,0.0400562,0,0,0,233.364,0,8219.64,0,0,0,0,0,0,731.517,0,233.364,233.364,0,0
01:11:15:04:49:11,4854.79,4863.95,0,0.0400562,0,0,0,233.364,0,8131.81,0,0,0,0,0,0,643.684,0,233.364,233.364,0,0
01:11:15:04:49:12,4920.6,4914.88,0,0.0400562,0,0,0,233.364,0,8197.62,0,0,0,0,0,0,709.487,0,233.364,233.364,0,0
01:11:15:04:49:13,4922.89,4916.88,0,0.0400562,0,0,0,233.364,0,8199.9,0,0,0,0,0,0,711.777,0,233.364,233.364,0,0
01:11:15:04:49:14,4922.31,4916.31,0,0.0400562,0,0,0,233.364,0,8199.33,0,0,0,0,0,0,711.205,0,233.364,233.364,0,0
01:11:15:04:49:15,4922.89,4916.88,0,0.0400562,0,0,0,233.364,0,8199.9,0,0,0,0,0,0,711.777,0,233.364,233.364,0,0
01:11:15:04:49:16,4918.88,4913.73,0,0.0400562,0,0,0,233.364,0,8195.9,0,0,0,0,0,0,707.771,0,233.364,233.364,0,0
01:11:15:04:49:17,4925.18,4919.17,0,0.0400562,0,0,0,233.364,0,8202.19,0,0,0,0,0,0,714.065,0,233.364,233.364,0,0
01:11:15:04:49:18,4924.03,4918.6,0,0.0400562,0,0,0,233.364,0,8201.05,0,0,0,0,0,0,712.921,0,233.364,233.364,0,0
01:11:15:04:49:19,4922.6,4916.88,0,0.0400562,0,0,0,233.364,0,8199.62,0,0,0,0,0,0,711.49,0,233.364,233.364,0,0
01:11:15:04:49:20,4921.17,4915.73,0,0.0400562,0,0,0,233.364,0,8198.19,0,0,0,0,0,0,710.059,0,233.364,233.364,0,0
01:11:15:04:49:21,4921.17,4915.45,0,0.0400562,0,0,0,233.364,0,8198.19,0,0,0,0,0,0,710.059,0,233.364,233.364,0,0
01:11:15:04:49:22,4924.03,4917.45,0,0.0400562,0,0,0,233.364,0,8201.05,0,0,0,0,0,0,712.921,0,233.364,233.364,0,0
#,01:11:15:04:49:23,WELLBORE,DEPTHS,1,[1|Rate|9170.370117],,,,,,,,,,,,,,,,,
01:11:15:04:49:23,4923.74,4917.45,0,0.0400562,0,0,0,233.364,0,8200.76,0,0,0,0,0,0,712.634,0,233.364,233.364,0,0
01:11:15:04:49:24,4922.03,4916.02,0,0.0400562,0,0,0,233.364,0,8199.05,0,0,0,0,0,0,710.918,0,233.364,233.364,0,0
01:11:15:04:49:25,4922.03,4915.73,0,0.0400562,0,0,0,233.364,0,8199.05,0,0,0,0,0,0,710.918,0,233.364,233.364,0,0
01:11:15:04:49:26,4920.31,4913.16,0,0.0400562,0,0,0,233.364,0,8197.33,0,0,0,0,0,0,709.202,0,233.364,233.364,0,0
01:11:15:04:49:27,4917.16,4910.87,0,0.0400562,0,0,0,233.364,0,8194.18,0,0,0,0,0,0,706.054,0,233.364,233.364,0,0
01:11:15:04:49:28,4919.17,4912.3,0,0.0400562,0,0,0,233.364,0,8196.18,0,0,0,0,0,0,708.057,0,233.364,233.364,0,0
01:11:15:04:49:29,4919.17,4911.73,0,0.0400562,0,0,0,233.364,0,8196.18,0,0,0,0,0,0,708.057,0,233.364,233.364,0,0
01:11:15:04:49:30,4918.02,4910.87,0,0.0400562,0,0,0,233.364,0,8195.04,0,0,0,0,0,0,706.913,0,233.364,233.364,0,0
01:11:15:04:49:31,4917.16,4909.15,0,0.0400562,0,0,0,233.364,0,8194.18,0,0,0,0,0,0,706.054,0,233.364,233.364,0,0
01:11:15:04:49:32,4914.3,4908.29,0,0.0400562,0,0,0,233.364,0,8191.32,0,0,0,0,0,0,703.194,0,233.364,233.364,0,0
01:11:15:04:49:33,4915.45,4907.72,0,0.0400562,0,0,0,233.364,0,8192.47,0,0,0,0,0,0,704.338,0,233.364,233.364,0,0
01:11:15:04:49:34,4914.59,4906.58,0,0.0400562,0,0,0,233.364,0,8191.61,0,0,0,0,0,0,703.479,0,233.364,233.364,0,0
01:11:15:04:49:35,4912.3,4904.29,0,0.0400562,0,0,0,233.364,0,8189.32,0,0,0,0,0,0,701.19,0,233.364,233.364,0,0
01:11:15:04:49:36,4910.87,4903.43,0,0.0400562,0,0,0,233.364,0,8187.89,0,0,0,0,0,0,699.76,0,233.364,233.364,0,0
01:11:15:04:49:37,4910.87,4903.43,0,0.0400562,0,0,0,233.364,0,8187.89,0,0,0,0,0,0,699.76,0,233.364,233.364,0,0
#,01:11:15:04:49:38,WELLBORE,DEPTHS,1,[1|Rate|9170.370117],,,,,,,,,,,,,,,,,
01:11:15:04:49:38,4909.15,4901.43,0,0.0400562,0,0,0,233.364,0,8186.17,0,0,0,0,0,0,698.043,0,233.364,233.364,0,0
01:11:15:04:49:39,4908.29,4901.14,0,0.0400562,0,0,0,233.364,0,8185.31,0,0,0,0,0,0,697.185,0,233.364,233.364,0,0
01:11:15:04:49:40,4908.01,4901.43,0,0.0400562,0,0,0,233.364,0,8185.03,0,0,0,0,0,0,696.899,0,233.364,233.364,0,0
01:11:15:04:49:41,4907.15,4900.28,0,0.0400562,0,0,0,233.364,0,8184.17,0,0,0,0,0,0,696.041,0,233.364,233.364,0,0
01:11:15:04:49:42,4905.43,4899.14,0,0.0400562,0,0,0,233.364,0,8182.45,0,0,0,0,0,0,694.324,0,233.364,233.364,0,0
01:11:15:04:49:43,4904.58,4897.42,0,0.0400562,0,0,0,233.364,0,8181.59,0,0,0,0,0,0,693.466,0,233.364,233.364,0,0
01:11:15:04:49:44,4903.43,4897.14,0,0.0400562,0,0,0,233.364,0,8180.45,0,0,0,0,0,0,692.322,0,233.364,233.364,0,0
01:11:15:04:49:45,4902.29,4896.28,0,0.0400562,0,0,0,233.364,0,8179.3,0,0,0,0,0,0,691.177,0,233.364,233.364,0,0
01:11:15:04:49:46,4900.57,4893.99,0,0.0400562,0,0,0,233.364,0,8177.59,0,0,0,0,0,0,689.461,0,233.364,233.364,0,0
01:11:15:04:49:47,4900,4893.42,0,0.0400562,0,0,0,233.364,0,8177.02,0,0,0,0,0,0,688.888,0,233.364,233.364,0,0
01:11:15:04:49:48,4898.85,4892.56,0,0.0400562,0,0,0,233.364,0,8175.87,0,0,0,0,0,0,687.743,0,233.364,233.364,0,0
01:11:15:04:49:49,4897.71,4891.99,0,0.0400562,0,0,0,233.364,0,8174.73,0,0,0,0,0,0,686.599,0,233.364,233.364,0,0
01:11:15:04:49:50,4895.99,4890.27,0,0.0400562,0,0,0,233.364,0,8173.01,0,0,0,0,0,0,684.883,0,233.364,233.364,0,0
01:11:15:04:49:51,4895.99,4889.7,0,0.0400562,0,0,0,233.364,0,8173.01,0,0,0,0,0,0,684.883,0,233.364,233.364,0,0
01:11:15:04:49:52,4893.99,4888.27,0,0.0400562,0,0,0,233.364,0,8171.01,0,0,0,0,0,0,682.88,0,233.364,233.364,0,0
#,01:11:15:04:49:53,WELLBORE,DEPTHS,1,[1|Rate|9170.370117],,,,,,,,,,,,,,,,,
01:11:15:04:49:53,4892.85,4886.84,0,0.0400562,0,0,0,233.364,0,8169.86,0,0,0,0,0,0,681.735,0,233.364,233.364,0,0
01:11:15:04:49:54,4892.56,4885.98,0,0.0400562,0,0,0,233.364,0,8169.58,0,0,0,0,0,0,681.45,0,233.364,233.364,0,0
01:11:15:04:49:55,4891.7,4885.69,0,0.0400562,0,0,0,233.364,0,8168.72,0,0,0,0,0,0,680.591,0,233.364,233.364,0,0
01:11:15:04:49:56,4889.98,4883.98,0,0.0400562,0,0,0,233.364,0,8167,0,0,0,0,0,0,678.875,0,233.364,233.364,0,0
01:11:15:04:49:57,4889.41,4883.4,0,0.0400562,0,0,0,233.364,0,8166.43,0,0,0,0,0,0,678.302,0,233.364,233.364,0,0
01:11:15:04:49:58,4870.24,4864.81,0,0.0400562,0,0,0,233.364,0,8147.26,0,0,0,0,0,0,659.134,0,233.364,233.364,0,0
01:11:15:04:49:59,4876.82,4870.82,0,0.0400562,0,0,0,233.364,0,8153.84,0,0,0,0,0,0,665.714,0,233.364,233.364,0,0
01:11:15:04:50:00,4877.97,4872.25,0,0.0400562,0,0,0,233.364,0,8154.99,0,0,0,0,0,0,666.859,0,233.364,233.364,0,0
01:11:15:04:50:01,4878.54,4872.53,0,0.0400562,0,0,0,233.364,0,8155.56,0,0,0,0,0,0,667.431,0,233.364,233.364,0,0
01:11:15:04:50:02,4878.54,4872.82,0,0.0400562,0,0,0,233.364,0,8155.56,0,0,0,0,0,0,667.431,0,233.364,233.364,0,0
01:11:15:04:50:03,4881.69,4876.25,0,0.0400562,0,0,0,233.364,0,8158.71,0,0,0,0,0,0,670.578,0,233.364,233.364,0,0
01:11:15:04:50:04,4875.97,4870.24,0,0.0400562,0,0,0,233.364,0,8152.98,0,0,0,0,0,0,664.855,0,233.364,233.364,0,0
01:11:15:04:50:05,4875.39,4869.39,0,0.0400562,0,0,0,233.364,0,8152.41,0,0,0,0,0,0,664.283,0,233.364,233.364,0,0
01:11:15:04:50:06,4874.54,4868.24,0,0.0400562,0,0,0,233.364,0,8151.55,0,0,0,0,0,0,663.426,0,233.364,233.364,0,0
01:11:15:04:50:07,4874.54,4867.96,0,0.0400562,0,0,0,233.364,0,8151.55,0,0,0,0,0,0,663.426,0,233.364,233.364,0,0
#,01:11:15:04:50:08,WELLBORE,DEPTHS,1,[1|Rate|9170.370117],,,,,,,,,,,,,,,,,
01:11:15:04:50:08,4874.54,4867.38,0,0.0400562,0,0,0,233.364,0,8151.55,0,0,0,0,0,0,663.426,0,233.364,233.364,0,0
01:11:15:04:50:09,4876.54,4869.39,0,0.0400562,0,0,0,233.364,0,8153.56,0,0,0,0,0,0,665.428,0,233.364,233.364,0,0
01:11:15:04:50:10,4875.39,4868.24,0,0.0400562,0,0,0,233.364,0,8152.41,0,0,0,0,0,0,664.283,0,233.364,233.364,0,0
01:11:15:04:50:11,4873.39,4865.67,0,0.0400562,0,0,0,233.364,0,8150.41,0,0,0,0,0,0,662.28,0,233.364,233.364,0,0
01:11:15:04:50:12,4873.1,4863.95,0,0.0400562,0,0,0,233.364,0,8150.12,0,0,0,0,0,0,661.995,0,233.364,233.364,0,0
01:11:15:04:50:13,4875.39,4865.09,0,0.0400562,0,0,0,233.364,0,8152.41,0,0,0,0,0,0,664.283,0,233.364,233.364,0,0
01:11:15:04:50:14,4869.67,4862.23,0,0.0400562,0,0,0,233.364,0,8146.69,0,0,0,0,0,0,658.562,0,233.364,233.364,0,0
01:11:15:04:50:15,4870.82,4861.66,0,0.0400562,0,0,0,233.364,0,8147.83,0,0,0,0,0,0,659.706,0,233.364,233.364,0,0
01:11:15:04:50:16,4870.24,4861.95,0,0.0400562,0,0,0,233.364,0,8147.26,0,0,0,0,0,0,659.134,0,233.364,233.364,0,0
01:11:15:04:50:17,4868.53,4859.94,0,0.0400562,0,0,0,233.364,0,8145.55,0,0,0,0,0,0,657.418,0,233.364,233.364,0,0
01:11:15:04:50:18,4864.81,4856.22,0,0.0400562,0,0,0,233.364,0,8141.83,0,0,0,0,0,0,653.698,0,233.364,233.364,0,0
01:11:15:04:50:19,4867.38,4858.23,0,0.0400562,0,0,0,233.364,0,8144.4,0,0,0,0,0,0,656.272,0,233.364,233.364,0,0
01:11:15:04:50:20,4865.95,4856.51,0,0.0400562,0,0,0,233.364,0,8142.97,0,0,0,0,0,0,654.842,0,233.364,233.364,0,0
01:11:15:04:50:21,4864.24,4856.22,0,0.0400562,0,0,0,233.364,0,8141.25,0,0,0,0,0,0,653.126,0,233.364,233.364,0,0
01:11:15:04:50:22,4863.38,4854.51,0,0.0400562,0,0,0,233.364,0,8140.4,0,0,0,0,0,0,652.267,0,233.364,233.364,0,0
#,01:11:15:04:50:23,WELLBORE,DEPTHS,1,[1|Rate|9170.370117],,,,,,,,,,,,,,,,,
01:11:15:04:50:23,4862.81,4853.94,0,0.0400562,0,0,0,233.364,0,8139.82,0,0,0,0,0,0,651.695,0,233.364,233.364,0,0
01:11:15:04:50:24,4860.8,4852.79,0,0.0400562,0,0,0,233.364,0,8137.82,0,0,0,0,0,0,649.692,0,233.364,233.364,0,0
01:11:15:04:50:25,4861.38,4853.65,0,0.0400562,0,0,0,233.364,0,8138.39,0,0,0,0,0,0,650.264,0,233.364,233.364,0,0
01:11:15:04:50:26,4860.52,4851.93,0,0.0400562,0,0,0,233.364,0,8137.53,0,0,0,0,0,0,649.406,0,233.364,233.364,0,0
01:11:15:04:50:27,4859.37,4851.36,0,0.0400562,0,0,0,233.364,0,8136.39,0,0,0,0,0,0,648.262,0,233.364,233.364,0,0
01:11:15:04:50:28,4859.09,4851.08,0,0.0400562,0,0,0,233.364,0,8136.1,0,0,0,0,0,0,647.976,0,233.364,233.364,0,0
01:11:15:04:50:29,4857.94,4849.64,0,0.0400562,0,0,0,233.364,0,8134.96,0,0,0,0,0,0,646.831,0,233.364,233.364,0,0
01:11:15:04:50:30,4856.8,4848.79,0,0.0400562,0,0,0,233.364,0,8133.81,0,0,0,0,0,0,645.687,0,233.364,233.364,0,0
01:11:15:04:50:31,4857.08,4849.07,0,0.0400562,0,0,0,233.364,0,8134.1,0,0,0,0,0,0,645.973,0,233.364,233.364,0,0
01:11:15:04:50:32,4856.8,4848.21,0,0.0400562,0,0,0,233.364,0,8133.81,0,0,0,0,0,0,645.687,0,233.364,233.364,0,0
01:11:15:04:50:33,4855.94,4847.93,0,0.0400562,0,0,0,233.364,0,8132.96,0,0,0,0,0,0,644.828,0,233.364,233.364,0,0
01:11:15:04:50:34,4854.51,4847.36,0,0.0400562,0,0,0,233.364,0,8131.53,0,0,0,0,0,0,643.398,0,233.364,233.364,0,0
01:11:15:04:50:35,4854.79,4847.64,0,0.0400562,0,0,0,233.364,0,8131.81,0,0,0,0,0,0,643.684,0,233.364,233.364,0,0
01:11:15:04:50:36,4853.94,4846.21,0,0.0400562,0,0,0,233.364,0,8130.95,0,0,0,0,0,0,642.826,0,233.364,233.364,0,0
01:11:15:04:50:37,4853.94,4845.93,0,0.0400562,0,0,0,233.364,0,8130.95,0,0,0,0,0,0,642.826,0,233.364,233.364,0,0
#,01:11:15:04:50:38,WELLBORE,DEPTHS,1,[1|Rate|9170.370117],,,,,,,,,,,,,,,,,
01:11:15:04:50:38,4853.36,4845.93,0,0.0400562,0,0,0,233.364,0,8130.38,0,0,0,0,0,0,642.254,0,233.364,233.364,0,0
01:11:15:04:50:39,4854.51,4845.93,0,0.0400562,0,0,0,233.364,0,8131.53,0,0,0,0,0,0,643.398,0,233.364,233.364,0,0
01:11:15:04:50:40,4855.08,4846.5,0,0.0400562,0,0,0,233.364,0,8132.1,0,0,0,0,0,0,643.97,0,233.364,233.364,0,0
01:11:15:04:50:41,4853.94,4845.64,0,0.0400562,0,0,0,233.364,0,8130.95,0,0,0,0,0,0,642.826,0,233.364,233.364,0,0
01:11:15:04:50:42,4853.65,4845.93,0,0.0400562,0,0,0,233.364,0,8130.67,0,0,0,0,0,0,642.54,0,233.364,233.364,0,0
01:11:15:04:50:43,4853.94,4846.21,0,0.0400562,0,0,0,233.364,0,8130.95,0,0,0,0,0,0,642.826,0,233.364,233.364,0,0
01:11:15:04:50:44,4853.65,4845.93,0,0.0400562,0,0,0,233.364,0,8130.67,0,0,0,0,0,0,642.54,0,233.364,233.364,0,0
01:11:15:04:50:45,4852.22,4844.78,0,0.0400562,0,0,0,233.364,0,8129.24,0,0,0,0,0,0,641.11,0,233.364,233.364,0,0
01:11:15:04:50:46,4852.79,4845.07,0,0.0400562,0,0,0,233.364,0,8129.81,0,0,0,0,0,0,641.682,0,233.364,233.364,0,0
01:11:15:04:50:47,4851.93,4844.78,0,0.0400562,0,0,0,233.364,0,8128.95,0,0,0,0,0,0,640.823,0,233.364,233.364,0,0
01:11:15:04:50:48,4852.51,4845.07,0,0.0400562,0,0,0,233.364,0,8129.52,0,0,0,0,0,0,641.395,0,233.364,233.364,0,0
01:11:15:04:50:49,4853.08,4846.21,0,0.0400562,0,0,0,233.364,0,8130.1,0,0,0,0,0,0,641.968,0,233.364,233.364,0,0
01:11:15:04:50:50,4850.79,4844.21,0,0.0400562,0,0,0,233.364,0,8127.81,0,0,0,0,0,0,639.679,0,233.364,233.364,0,0
01:11:15:04:50:51,4848.79,4841.63,0,0.0400562,0,0,0,233.364,0,8125.8,0,0,0,0,0,0,637.676,0,233.364,233.364,0,0
01:11:15:04:50:52,4847.36,4839.63,0,0.0400562,0,0,0,233.364,0,8124.37,0,0,0,0,0,0,636.246,0,233.364,233.364,0,0
#,01:11:15:04:50:53,WELLBORE,DEPTHS,1,[1|Rate|9170.370117],,,,,,,,,,,,,,,,,
01:11:15:04:50:53,4846.21,4839.06,0,0.0400562,0,0,0,233.364,0,8123.23,0,0,0,0,0,0,635.102,0,233.364,233.364,0,0
01:11:15:04:50:54,4846.78,4840.2,0,0.0400562,0,0,0,233.364,0,8123.8,0,0,0,0,0,0,635.674,0,233.364,233.364,0,0
01:11:15:04:50:55,4845.35,4838.49,0,0.0400562,0,0,0,233.364,0,8122.37,0,0,0,0,0,0,634.243,0,233.364,233.364,0,0
01:11:15:04:50:56,4843.06,4836.2,0,0.0400562,0,0,0,233.364,0,8120.08,0,0,0,0,0,0,631.954,0,233.364,233.364,0,0
01:11:15:04:50:57,4844.49,4837.63,0,0.0400562,0,0,0,233.364,0,8121.51,0,0,0,0,0,0,633.384,0,233.364,233.364,0,0
01:11:15:04:50:58,4841.35,4834.77,0,0.0400562,0,0,0,233.364,0,8118.37,0,0,0,0,0,0,630.238,0,233.364,233.364,0,0
01:11:15:04:50:59,4840.78,4834.77,0,0.0400562,0,0,0,233.364,0,8117.79,0,0,0,0,0,0,629.666,0,233.364,233.364,0,0
01:11:15:04:51:00,4839.92,4833.62,0,0.0400562,0,0,0,233.364,0,8116.94,0,0,0,0,0,0,628.807,0,233.364,233.364,0,0
01:11:15:04:51:01,4839.63,4833.05,0,0.0400562,0,0,0,233.364,0,8116.65,0,0,0,0,0,0,628.521,0,233.364,233.364,0,0
01:11:15:04:51:02,4838.77,4831.91,0,0.0400562,0,0,0,233.364,0,8115.79,0,0,0,0,0,0,627.663,0,233.364,233.364,0,0
01:11:15:04:51:03,4839.06,4833.05,0,0.0400562,0,0,0,233.364,0,8116.08,0,0,0,0,0,0,627.948,0,233.364,233.364,0,0
01:11:15:04:51:04,4836.77,4830.48,0,0.0400562,0,0,0,233.364,0,8113.79,0,0,0,0,0,0,625.66,0,233.364,233.364,0,0
01:11:15:04:51:05,4836.77,4830.76,0,0.0400562,0,0,0,233.364,0,8113.79,0,0,0,0,0,0,625.66,0,233.364,233.364,0,0
01:11:15:04:51:06,4835.91,4829.62,0,0.0400562,0,0,0,233.364,0,8112.93,0,0,0,0,0,0,624.802,0,233.364,233.364,0,0
01:11:15:04:51:07,4834.48,4828.76,0,0.0400562,0,0,0,233.364,0,8111.5,0,0,0,0,0,0,623.371,0,233.364,233.364,0,0
#,01:11:15:04:51:08,WELLBORE,DEPTHS,1,[1|Rate|9170.370117],,,,,,,,,,,,,,,,,
01:11:15:04:51:08,4832.76,4826.18,0,0.0400562,0,0,0,233.364,0,8109.78,0,0,0,0,0,0,621.655,0,233.364,233.364,0,0
01:11:15:04:51:09,4833.62,4827.33,0,0.0400562,0,0,0,233.364,0,8110.64,0,0,0,0,0,0,622.513,0,233.364,233.364,0,0
01:11:15:04:51:10,4829.62,4822.75,0,0.0400562,0,0,0,233.364,0,8106.64,0,0,0,0,0,0,618.507,0,233.364,233.364,0,0
01:11:15:04:51:11,4830.76,4824.75,0,0.0400562,0,0,0,233.364,0,8107.78,0,0,0,0,0,0,619.652,0,233.364,233.364,0,0
01:11:15:04:51:12,4828.76,4822.75,0,0.0400562,0,0,0,233.364,0,8105.78,0,0,0,0,0,0,617.649,0,233.364,233.364,0,0
01:11:15:04:51:13,4827.33,4821.32,0,0.0400562,0,0,0,233.364,0,8104.35,0,0,0,0,0,0,616.219,0,233.364,233.364,0,0
01:11:15:04:51:14,4825.9,4820.18,0,0.0400562,0,0,0,233.364,0,8102.92,0,0,0,0,0,0,614.788,0,233.364,233.364,0,0
01:11:15:04:51:15,4825.33,4819.6,0,0.0400562,0,0,0,233.364,0,8102.34,0,0,0,0,0,0,614.216,0,233.364,233.364,0,0
01:11:15:04:51:16,4823.32,4816.74,0,0.0400562,0,0,0,233.364,0,8100.34,0,0,0,0,0,0,612.213,0,233.364,233.364,0,0
01:11:15:04:51:17,4822.46,4816.74,0,0.0400562,0,0,0,233.364,0,8099.48,0,0,0,0,0,0,611.355,0,233.364,233.364,0,0
01:11:15:04:51:18,4821.03,4815.88,0,0.0400562,0,0,0,233.364,0,8098.05,0,0,0,0,0,0,609.924,0,233.364,233.364,0,0
01:11:15:04:51:19,4820.46,4813.6,0,0.0400562,0,0,0,233.364,0,8097.48,0,0,0,0,0,0,609.352,0,233.364,233.364,0,0
01:11:15:04:51:20,4817.32,4811.02,0,0.0400562,0,0,0,233.364,0,8094.33,0,0,0,0,0,0,606.205,0,233.364,233.364,0,0
01:11:15:04:51:21,4818.75,4812.45,0,0.0400562,0,0,0,233.364,0,8095.76,0,0,0,0,0,0,607.635,0,233.364,233.364,0,0
01:11:15:04:51:22,4816.46,4809.88,0,0.0400562,0,0,0,233.364,0,8093.48,0,0,0,0,0,0,605.347,0,233.364,233.364,0,0
#,01:11:15:04:51:23,WELLBORE,DEPTHS,1,[1|Rate|9170.370117],,,,,,,,,,,,,,,,,
01:11:15:04:51:23,4816.17,4809.88,0,0.0400562,0,0,0,233.364,0,8093.19,0,0,0,0,0,0,605.06,0,233.364,233.364,0,0
01:11:15:04:51:24,4815.03,4808.73,0,0.0400562,0,0,0,233.364,0,8092.04,0,0,0,0,0,0,603.916,0,233.364,233.364,0,0
01:11:15:04:51:25,4815.03,4808.16,0,0.0400562,0,0,0,233.364,0,8092.04,0,0,0,0,0,0,603.916,0,233.364,233.364,0,0
01:11:15:04:51:26,4813.02,4806.16,0,0.0400562,0,0,0,233.364,0,8090.04,0,0,0,0,0,0,601.913,0,233.364,233.364,0,0
01:11:15:04:51:27,4812.74,4805.87,0,0.0400562,0,0,0,233.364,0,8089.76,0,0,0,0,0,0,601.627,0,233.364,233.364,0,0
01:11:15:04:51:28,4811.02,4804.15,0,0.0400562,0,0,0,233.364,0,8088.04,0,0,0,0,0,0,599.911,0,233.364,233.364,0,0
01:11:15:04:51:29,4809.3,4803.01,0,0.0400562,0,0,0,233.364,0,8086.32,0,0,0,0,0,0,598.194,0,233.364,233.364,0,0
01:11:15:04:51:30,4807.59,4801.58,0,0.0400562,0,0,0,233.364,0,8084.61,0,0,0,0,0,0,596.477,0,233.364,233.364,0,0
01:11:15:04:51:31,4807.02,4799.86,0,0.0400562,0,0,0,233.364,0,8084.03,0,0,0,0,0,0,595.905,0,233.364,233.364,0,0
01:11:15:04:51:32,4804.44,4798.43,0,0.0400562,0,0,0,233.364,0,8081.46,0,0,0,0,0,0,593.331,0,233.364,233.364,0,0
01:11:15:04:51:33,4805.01,4798.72,0,0.0400562,0,0,0,233.364,0,8082.03,0,0,0,0,0,0,593.903,0,233.364,233.364,0,0
01:11:15:04:51:34,4803.58,4797.57,0,0.0400562,0,0,0,233.364,0,8080.6,0,0,0,0,0,0,592.472,0,233.364,233.364,0,0
01:11:15:04:51:35,4804.44,4797.86,0,0.0400562,0,0,0,233.364,0,8081.46,0,0,0,0,0,0,593.331,0,233.364,233.364,0,0
01:11:15:04:51:36,4802.44,4796.43,0,0.0400562,0,0,0,233.364,0,8079.46,0,0,0,0,0,0,591.328,0,233.364,233.364,0,0
01:11:15:04:51:37,4801.87,4795.57,0,0.0400562,0,0,0,233.364,0,8078.88,0,0,0,0,0,0,590.755,0,233.364,233.364,0,0
#,01:11:15:04:51:38,WELLBORE,DEPTHS,1,[1|Rate|9170.370117],,,,,,,,,,,,,,,,,
01:11:15:04:51:38,4802.15,4794.71,0,0.0400562,0,0,0,233.364,0,8079.17,0,0,0,0,0,0,591.041,0,233.364,233.364,0,0
01:11:15:04:51:39,4799.29,4792.42,0,0.0400562,0,0,0,233.364,0,8076.31,0,0,0,0,0,0,588.181,0,233.364,233.364,0,0
01:11:15:04:51:40,4798.72,4793,0,0.0400562,0,0,0,233.364,0,8075.74,0,0,0,0,0,0,587.608,0,233.364,233.364,0,0
01:11:15:04:51:41,4799,4792.71,0,0.0400562,0,0,0,233.364,0,8076.02,0,0,0,0,0,0,587.895,0,233.364,233.364,0,0
01:11:15:04:51:42,4798.43,4792.14,0,0.0400562,0,0,0,233.364,0,8075.45,0,0,0,0,0,0,587.323,0,233.364,233.364,0,0
01:11:15:04:51:43,4795,4789.28,0,0.0400562,0,0,0,233.364,0,8072.02,0,0,0,0,0,0,583.889,0,233.364,233.364,0,0
01:11:15:04:51:44,4797.57,4791.28,0,0.0400562,0,0,0,233.364,0,8074.59,0,0,0,0,0,0,586.464,0,233.364,233.364,0,0
01:11:15:04:51:45,4793,4786.99,0,0.0400562,0,0,0,233.364,0,8070.01,0,0,0,0,0,0,581.887,0,233.364,233.364,0,0
01:11:15:04:51:46,4792.71,4786.42,0,0.0400562,0,0,0,233.364,0,8069.73,0,0,0,0,0,0,581.6,0,233.364,233.364,0,0
01:11:15:04:51:47,4791.85,4784.99,0,0.0400562,0,0,0,233.364,0,8068.87,0,0,0,0,0,0,580.742,0,233.364,233.364,0,0
01:11:15:04:51:48,4791.85,4785.27,0,0.0400562,0,0,0,233.364,0,8068.87,0,0,0,0,0,0,580.742,0,233.364,233.364,0,0
01:11:15:04:51:49,4789.28,4783.27,0,0.0400562,0,0,0,233.364,0,8066.29,0,0,0,0,0,0,578.167,0,233.364,233.364,0,0
01:11:15:04:51:50,4788.13,4781.27,0,0.0400562,0,0,0,233.364,0,8065.15,0,0,0,0,0,0,577.023,0,233.364,233.364,0,0
01:11:15:04:51:51,4786.7,4779.84,0,0.0400562,0,0,0,233.364,0,8063.72,0,0,0,0,0,0,575.592,0,233.364,233.364,0,0
01:11:15:04:51:52,4785.56,4779.84,0,0.0400562,0,0,0,233.364,0,8062.58,0,0,0,0,0,0,574.448,0,233.364,233.364,0,0
#,01:11:15:04:51:53,WELLBORE,DEPTHS,1,[1|Rate|9170.370117],,,,,,,,,,,,,,,,,
01:11:15:04:51:53,4785.27,4779.84,0,0.0400562,0,0,0,233.364,0,8062.29,0,0,0,0,0,0,574.161,0,233.364,233.364,0,0
01:11:15:04:51:54,4785.56,4778.69,0,0.0400562,0,0,0,233.364,0,8062.58,0,0,0,0,0,0,574.448,0,233.364,233.364,0,0
01:11:15:04:51:55,4784.13,4777.55,0,0.0400562,0,0,0,233.364,0,8061.15,0,0,0,0,0,0,573.017,0,233.364,233.364,0,0
01:11:15:04:51:56,4783.27,4776.69,0,0.0400562,0,0,0,233.364,0,8060.29,0,0,0,0,0,0,572.159,0,233.364,233.364,0,0
01:11:15:04:51:57,4780.12,4773.83,0,0.0400562,0,0,0,233.364,0,8057.14,0,0,0,0,0,0,569.012,0,233.364,233.364,0,0
01:11:15:04:51:58,4778.41,4772.4,0,0.0400562,0,0,0,233.364,0,8055.42,0,0,0,0,0,0,567.295,0,233.364,233.364,0,0
01:11:15:04:51:59,4776.97,4771.25,0,0.0400562,0,0,0,233.364,0,8053.99,0,0,0,0,0,0,565.865,0,233.364,233.364,0,0
01:11:15:04:52:00,4776.4,4770.39,0,0.0400562,0,0,0,233.364,0,8053.42,0,0,0,0,0,0,565.293,0,233.364,233.364,0,0
01:11:15:04:52:01,4774.11,4768.39,0,0.0400562,0,0,0,233.364,0,8051.13,0,0,0,0,0,0,563.004,0,233.364,233.364,0,0
01:11:15:04:52:02,4774.4,4767.82,0,0.0400562,0,0,0,233.364,0,8051.42,0,0,0,0,0,0,563.29,0,233.364,233.364,0,0
01:11:15:04:52:03,4771.83,4765.82,0,0.0400562,0,0,0,233.364,0,8048.84,0,0,0,0,0,0,560.715,0,233.364,233.364,0,0
01:11:15:04:52:04,4770.97,4764.67,0,0.0400562,0,0,0,233.364,0,8047.98,0,0,0,0,0,0,559.857,0,233.364,233.364,0,0
01:11:15:04:52:05,4770.97,4764.39,0,0.0400562,0,0,0,233.364,0,8047.98,0,0,0,0,0,0,559.857,0,233.364,233.364,0,0
01:11:15:04:52:06,4769.82,4763.53,0,0.0400562,0,0,0,233.364,0,8046.84,0,0,0,0,0,0,558.712,0,233.364,233.364,0,0
01:11:15:04:52:07,4769.54,4763.81,0,0.0400562,0,0,0,233.364,0,8046.55,0,0,0,0,0,0,558.426,0,233.364,233.364,0,0
#,01:11:15:04:52:08,WELLBORE,DEPTHS,1,[1|Rate|9170.370117],,,,,,,,,,,,,,,,,
01:11:15:04:52:08,4771.54,4764.39,0,0.0400562,0,0,0,233.364,0,8048.56,0,0,0,0,0,0,560.429,0,233.364,233.364,0,0
01:11:15:04:52:09,4770.68,4764.1,0,0.0400562,0,0,0,233.364,0,8047.7,0,0,0,0,0,0,559.571,0,233.364,233.364,0,0
01:11:15:04:52:10,4767.82,4761.53,0,0.0400562,0,0,0,233.364,0,8044.84,0,0,0,0,0,0,556.709,0,233.364,233.364,0,0
01:11:15:04:52:11,4764.1,4758.09,0,0.0400562,0,0,0,233.364,0,8041.12,0,0,0,0,0,0,552.99,0,233.364,233.364,0,0
01:11:15:04:52:12,4762.38,4755.8,0,0.0400562,0,0,0,233.364,0,8039.4,0,0,0,0,0,0,551.273,0,233.364,233.364,0,0
01:11:15:04:52:13,4761.24,4754.37,0,0.0400562,0,0,0,233.364,0,8038.26,0,0,0,0,0,0,550.129,0,233.364,233.364,0,0
01:11:15:04:52:14,4760.95,4754.09,0,0.0400562,0,0,0,233.364,0,8037.97,0,0,0,0,0,0,549.843,0,233.364,233.364,0,0
01:11:15:04:52:15,4759.81,4752.94,0,0.0400562,0,0,0,233.364,0,8036.83,0,0,0,0,0,0,548.698,0,233.364,233.364,0,0
01:11:15:04:52:16,4761.53,4754.66,0,0.0400562,0,0,0,233.364,0,8038.54,0,0,0,0,0,0,550.415,0,233.364,233.364,0,0
01:11:15:04:52:17,4757.23,4751.23,0,0.0400562,0,0,0,233.364,0,8034.25,0,0,0,0,0,0,546.124,0,233.364,233.364,0,0
01:11:15:04:52:18,4755.52,4749.51,0,0.0400562,0,0,0,233.364,0,8032.54,0,0,0,0,0,0,544.407,0,233.364,233.364,0,0
01:11:15:04:52:19,4754.66,4748.65,0,0.0400562,0,0,0,233.364,0,8031.68,0,0,0,0,0,0,543.549,0,233.364,233.364,0,0
01:11:15:04:52:20,4755.23,4748.65,0,0.0400562,0,0,0,233.364,0,8032.25,0,0,0,0,0,0,544.121,0,233.364,233.364,0,0
01:11:15:04:52:21,4753.51,4747.51,0,0.0400562,0,0,0,233.364,0,8030.53,0,0,0,0,0,0,542.404,0,233.364,233.364,0,0
01:11:15:04:52:22,4753.8,4747.79,0,0.0400562,0,0,0,233.364,0,8030.82,0,0,0,0,0,0,542.69,0,233.364,233.364,0,0
#,01:11:15:04:52:23,WELLBORE,DEPTHS,1,[1|Rate|9170.370117],,,,,,,,,,,,,,,,,
01:11:15:04:52:23,4752.66,4746.08,0,0.0400562,0,0,0,233.364,0,8029.67,0,0,0,0,0,0,541.546,0,233.364,233.364,0,0
01:11:15:04:52:24,4751.51,4744.36,0,0.0400562,0,0,0,233.364,0,8028.53,0,0,0,0,0,0,540.402,0,233.364,233.364,0,0
01:11:15:04:52:25,4749.51,4743.21,0,0.0400562,0,0,0,233.364,0,8026.53,0,0,0,0,0,0,538.399,0,233.364,233.364,0,0
01:11:15:04:52:26,4748.94,4742.36,0,0.0400562,0,0,0,233.364,0,8025.95,0,0,0,0,0,0,537.826,0,233.364,233.364,0,0
01:11:15:04:52:27,4747.22,4740.35,0,0.0400562,0,0,0,233.364,0,8024.24,0,0,0,0,0,0,536.11,0,233.364,233.364,0,0
01:11:15:04:52:28,4746.93,4739.78,0,0.0400562,0,0,0,233.364,0,8023.95,0,0,0,0,0,0,535.824,0,233.364,233.364,0,0
01:11:15:04:52:29,4747.22,4739.5,0,0.0400562,0,0,0,233.364,0,8024.24,0,0,0,0,0,0,536.11,0,233.364,233.364,0,0
01:11:15:04:52:30,4744.65,4738.07,0,0.0400562,0,0,0,233.364,0,8021.66,0,0,0,0,0,0,533.535,0,233.364,233.364,0,0
01:11:15:04:52:31,4742.07,4734.92,0,0.0400562,0,0,0,233.364,0,8019.09,0,0,0,0,0,0,530.96,0,233.364,233.364,0,0
01:11:15:04:52:32,4742.07,4735.2,0,0.0400562,0,0,0,233.364,0,8019.09,0,0,0,0,0,0,530.96,0,233.364,233.364,0,0
01:11:15:04:52:33,4740.93,4734.06,0,0.0400562,0,0,0,233.364,0,8017.94,0,0,0,0,0,0,529.816,0,233.364,233.364,0,0
01:11:15:04:52:34,4740.07,4733.2,0,0.0400562,0,0,0,233.364,0,8017.09,0,0,0,0,0,0,528.958,0,233.364,233.364,0,0
01:11:15:04:52:35,4740.64,4733.77,0,0.0400562,0,0,0,233.364,0,8017.66,0,0,0,0,0,0,529.53,0,233.364,233.364,0,0
01:11:15:04:52:36,4738.92,4732.63,0,0.0400562,0,0,0,233.364,0,8015.94,0,0,0,0,0,0,527.813,0,233.364,233.364,0,0
01:11:15:04:52:37,4736.06,4729.77,0,0.0400562,0,0,0,233.364,0,8013.08,0,0,0,0,0,0,524.952,0,233.364,233.364,0,0
#,01:11:15:04:52:38,WELLBORE,DEPTHS,1,[1|Rate|9170.370117],,,,,,,,,,,,,,,,,
01:11:15:04:52:38,4734.06,4727.19,0,0.0400562,0,0,0,233.364,0,8011.08,0,0,0,0,0,0,522.949,0,233.364,233.364,0,0
01:11:15:04:52:39,4733.49,4727.19,0,0.0400562,0,0,0,233.364,0,8010.51,0,0,0,0,0,0,522.377,0,233.364,233.364,0,0
01:11:15:04:52:40,4732.92,4726.62,0,0.0400562,0,0,0,233.364,0,8009.93,0,0,0,0,0,0,521.805,0,233.364,233.364,0,0
01:11:15:04:52:41,4730.63,4724.05,0,0.0400562,0,0,0,233.364,0,8007.64,0,0,0,0,0,0,519.516,0,233.364,233.364,0,0
01:11:15:04:52:42,4730.63,4723.76,0,0.0400562,0,0,0,233.364,0,8007.64,0,0,0,0,0,0,519.516,0,233.364,233.364,0,0
01:11:15:04:52:43,4731.77,4725.48,0,0.0400562,0,0,0,233.364,0,8008.79,0,0,0,0,0,0,520.661,0,233.364,233.364,0,0
01:11:15:04:52:44,4730.34,4723.19,0,0.0400562,0,0,0,233.364,0,8007.36,0,0,0,0,0,0,519.23,0,233.364,233.364,0,0
01:11:15:04:52:45,4728.34,4721.47,0,0.0400562,0,0,0,233.364,0,8005.36,0,0,0,0,0,0,517.228,0,233.364,233.364,0,0
01:11:15:04:52:46,4725.76,4719.18,0,0.0400562,0,0,0,233.364,0,8002.78,0,0,0,0,0,0,514.653,0,233.364,233.364,0,0
01:11:15:04:52:47,4724.33,4717.75,0,0.0400562,0,0,0,233.364,0,8001.35,0,0,0,0,0,0,513.222,0,233.364,233.364,0,0
01:11:15:04:52:48,4722.33,4715.75,0,0.0400562,0,0,0,233.364,0,7999.35,0,0,0,0,0,0,511.22,0,233.364,233.364,0,0
01:11:15:04:52:49,4724.9,4718.32,0,0.0400562,0,0,0,233.364,0,8001.92,0,0,0,0,0,0,513.794,0,233.364,233.364,0,0
01:11:15:04:52:50,4723.47,4717.18,0,0.0400562,0,0,0,233.364,0,8000.49,0,0,0,0,0,0,512.364,0,233.364,233.364,0,0
01:11:15:04:52:51,4722.9,4716.04,0,0.0400562,0,0,0,233.364,0,7999.92,0,0,0,0,0,0,511.792,0,233.364,233.364,0,0
01:11:15:04:52:52,4720.9,4714.89,0,0.0400562,0,0,0,233.364,0,7997.92,0,0,0,0,0,0,509.789,0,233.364,233.364,0,0
#,01:11:15:04:52:53,WELLBORE,DEPTHS,1,[1|Rate|9170.370117],,,,,,,,,,,,,,,,,
01:11:15:04:52:53,4719.18,4712.03,0,0.0400562,0,0,0,233.364,0,7996.2,0,0,0,0,0,0,508.072,0,233.364,233.364,0,0
01:11:15:04:52:54,4716.61,4709.46,0,0.0400562,0,0,0,233.364,0,7993.63,0,0,0,0,0,0,505.497,0,233.364,233.364,0,0
01:11:15:04:52:55,4715.75,4708.88,0,0.0400562,0,0,0,233.364,0,7992.77,0,0,0,0,0,0,504.639,0,233.364,233.364,0,0
01:11:15:04:52:56,4715.18,4708.88,0,0.0400562,0,0,0,233.364,0,7992.2,0,0,0,0,0,0,504.067,0,233.364,233.364,0,0
01:11:15:04:52:57,4715.46,4709.46,0,0.0400562,0,0,0,233.364,0,7992.48,0,0,0,0,0,0,504.353,0,233.364,233.364,0,0
01:11:15:04:52:58,4714.32,4708.31,0,0.0400562,0,0,0,233.364,0,7991.34,0,0,0,0,0,0,503.209,0,233.364,233.364,0,0
01:11:15:04:52:59,4715.46,4708.88,0,0.0400562,0,0,0,233.364,0,7992.48,0,0,0,0,0,0,504.353,0,233.364,233.364,0,0
01:11:15:04:53:00,4711.17,4704.02,0,0.0400562,0,0,0,233.364,0,7988.19,0,0,0,0,0,0,500.061,0,233.364,233.364,0,0
01:11:15:04:53:01,4711.17,4704.88,0,0.0400562,0,0,0,233.364,0,7988.19,0,0,0,0,0,0,500.061,0,233.364,233.364,0,0
01:11:15:04:53:02,4710.6,4704.31,0,0.0400562,0,0,0,233.364,0,7987.62,0,0,0,0,0,0,499.489,0,233.364,233.364,0,0
01:11:15:04:53:03,4708.02,4702.02,0,0.0400562,0,0,0,233.364,0,7985.04,0,0,0,0,0,0,496.914,0,233.364,233.364,0,0
01:11:15:04:53:04,4706.59,4699.73,0,0.0400562,0,0,0,233.364,0,7983.61,0,0,0,0,0,0,495.484,0,233.364,233.364,0,0
01:11:15:04:53:05,4706.02,4700.3,0,0.0400562,0,0,0,233.364,0,7983.04,0,0,0,0,0,0,494.912,0,233.364,233.364,0,0
01:11:15:04:53:06,4704.31,4698.3,0,0.0400562,0,0,0,233.364,0,7981.32,0,0,0,0,0,0,493.195,0,233.364,233.364,0,0
01:11:15:04:53:07,4703.45,4696.87,0,0.0400562,0,0,0,233.364,0,7980.46,0,0,0,0,0,0,492.337,0,233.364,233.364,0,0
#,01:11:15:04:53:08,WELLBORE,DEPTHS,1,[1|Rate|9170.370117],,,,,,,,,,,,,,,,,
01:11:15:04:53:08,4702.02,4695.44,0,0.0400562,0,0,0,233.364,0,7979.03,0,0,0,0,0,0,490.906,0,233.364,233.364,0,0
01:11:15:04:53:09,4702.3,4695.72,0,0.0400562,0,0,0,233.364,0,7979.32,0,0,0,0,0,0,491.192,0,233.364,233.364,0,0
01:11:15:04:53:10,4700.59,4694.58,0,0.0400562,0,0,0,233.364,0,7977.6,0,0,0,0,0,0,489.476,0,233.364,233.364,0,0
01:11:15:04:53:11,4700.3,4693.72,0,0.0400562,0,0,0,233.364,0,7977.32,0,0,0,0,0,0,489.19,0,233.364,233.364,0,0
01:11:15:04:53:12,4697.72,4692.58,0,0.0400562,0,0,0,233.364,0,7974.74,0,0,0,0,0,0,486.614,0,233.364,233.364,0,0
01:11:15:04:53:13,4695.72,4690.57,0,0.0400562,0,0,0,233.364,0,7972.74,0,0,0,0,0,0,484.612,0,233.364,233.364,0,0
01:11:15:04:53:14,4695.44,4688.86,0,0.0400562,0,0,0,233.364,0,7972.45,0,0,0,0,0,0,484.326,0,233.364,233.364,0,0
01:11:15:04:53:15,4696.29,4689.14,0,0.0400562,0,0,0,233.364,0,7973.31,0,0,0,0,0,0,485.184,0,233.364,233.364,0,0
01:11:15:04:53:16,4694.58,4687.71,0,0.0400562,0,0,0,233.364,0,7971.6,0,0,0,0,0,0,483.467,0,233.364,233.364,0,0
01:11:15:04:53:17,4695.44,4688.57,0,0.0400562,0,0,0,233.364,0,7972.45,0,0,0,0,0,0,484.326,0,233.364,233.364,0,0
01:11:15:04:53:18,4693.72,4687.43,0,0.0400562,0,0,0,233.364,0,7970.74,0,0,0,0,0,0,482.609,0,233.364,233.364,0,0
01:11:15:04:53:19,4690.57,4683.71,0,0.0400562,0,0,0,233.364,0,7967.59,0,0,0,0,0,0,479.462,0,233.364,233.364,0,0
01:11:15:04:53:20,4688.86,4682.85,0,0.0400562,0,0,0,233.364,0,7965.87,0,0,0,0,0,0,477.745,0,233.364,233.364,0,0
01:11:15:04:53:21,4688,4680.84,0,0.0400562,0,0,0,233.364,0,7965.02,0,0,0,0,0,0,476.887,0,233.364,233.364,0,0
01:11:15:04:53:22,4687.71,4681.99,0,0.0400562,0,0,0,233.364,0,7964.73,0,0,0,0,0,0,476.601,0,233.364,233.364,0,0
#,01:11:15:04:53:23,WELLBORE,DEPTHS,1,[1|Rate|9170.370117],,,,,,,,,,,,,,,,,
01:11:15:04:53:23,4687.43,4680.56,0,0.0400562,0,0,0,233.364,0,7964.44,0,0,0,0,0,0,476.315,0,233.364,233.364,0,0
01:11:15:04:53:24,4687.14,4680.56,0,0.0400562,0,0,0,233.364,0,7964.16,0,0,0,0,0,0,476.029,0,233.364,233.364,0,0
01:11:15:04:53:25,4685.14,4678.56,0,0.0400562,0,0,0,233.364,0,7962.15,0,0,0,0,0,0,474.026,0,233.364,233.364,0,0
01:11:15:04:53:26,4684.28,4677.7,0,0.0400562,0,0,0,233.364,0,7961.3,0,0,0,0,0,0,473.168,0,233.364,233.364,0,0
01:11:15:04:53:27,4683.71,4677.13,0,0.0400562,0,0,0,233.364,0,7960.72,0,0,0,0,0,0,472.595,0,233.364,233.364,0,0
01:11:15:04:53:28,4684.28,4677.13,0,0.0400562,0,0,0,233.364,0,7961.3,0,0,0,0,0,0,473.168,0,233.364,233.364,0,0
01:11:15:04:53:29,4681.7,4675.69,0,0.0400562,0,0,0,233.364,0,7958.72,0,0,0,0,0,0,470.593,0,233.364,233.364,0,0
01:11:15:04:53:30,4680.27,4674.55,0,0.0400562,0,0,0,233.364,0,7957.29,0,0,0,0,0,0,469.162,0,233.364,233.364,0,0
01:11:15:04:53:31,4679.7,4673.41,0,0.0400562,0,0,0,233.364,0,7956.72,0,0,0,0,0,0,468.59,0,233.364,233.364,0,0
01:11:15:04:53:32,4675.41,4669.11,0,0.0400562,0,0,0,233.364,0,7952.43,0,0,0,0,0,0,464.299,0,233.364,233.364,0,0
01:11:15:04:53:33,4676.27,4669.4,0,0.0400562,0,0,0,233.364,0,7953.29,0,0,0,0,0,0,465.157,0,233.364,233.364,0,0
01:11:15:04:53:34,4675.69,4669.97,0,0.0400562,0,0,0,233.364,0,7952.71,0,0,0,0,0,0,464.585,0,233.364,233.364,0,0
01:11:15:04:53:35,4676.27,4670.26,0,0.0400562,0,0,0,233.364,0,7953.29,0,0,0,0,0,0,465.157,0,233.364,233.364,0,0
01:11:15:04:53:36,4673.98,4667.97,0,0.0400562,0,0,0,233.364,0,7951,0,0,0,0,0,0,462.868,0,233.364,233.364,0,0
01:11:15:04:53:37,4672.83,4666.54,0,0.0400562,0,0,0,233.364,0,7949.85,0,0,0,0,0,0,461.723,0,233.364,233.364,0,0
#,01:11:15:04:53:38,WELLBORE,DEPTHS,1,[1|Rate|9170.370117],,,,,,,,,,,,,,,,,
01:11:15:04:53:38,4671.12,4664.54,0,0.0400562,0,0,0,233.364,0,7948.14,0,0,0,0,0,0,460.007,0,233.364,233.364,0,0
01:11:15:04:53:39,4670.55,4664.25,0,0.0400562,0,0,0,233.364,0,7947.56,0,0,0,0,0,0,459.435,0,233.364,233.364,0,0
01:11:15:04:53:40,4669.4,4663.39,0,0.0400562,0,0,0,233.364,0,7946.42,0,0,0,0,0,0,458.291,0,233.364,233.364,0,0
01:11:15:04:53:41,4669.69,4662.82,0,0.0400562,0,0,0,233.364,0,7946.71,0,0,0,0,0,0,458.577,0,233.364,233.364,0,0
01:11:15:04:53:42,4669.4,4663.11,0,0.0400562,0,0,0,233.364,0,7946.42,0,0,0,0,0,0,458.291,0,233.364,233.364,0,0
01:11:15:04:53:43,4669.97,4663.39,0,0.0400562,0,0,0,233.364,0,7946.99,0,0,0,0,0,0,458.863,0,233.364,233.364,0,0
01:11:15:04:53:44,4666.83,4660.82,0,0.0400562,0,0,0,233.364,0,7943.84,0,0,0,0,0,0,455.715,0,233.364,233.364,0,0
01:11:15:04:53:45,4664.54,4658.24,0,0.0400562,0,0,0,233.364,0,7941.56,0,0,0,0,0,0,453.427,0,233.364,233.364,0,0
01:11:15:04:53:46,4663.96,4657.67,0,0.0400562,0,0,0,233.364,0,7940.98,0,0,0,0,0,0,452.855,0,233.364,233.364,0,0
01:11:15:04:53:47,4662.82,4656.53,0,0.0400562,0,0,0,233.364,0,7939.84,0,0,0,0,0,0,451.71,0,233.364,233.364,0,0
01:11:15:04:53:48,4662.25,4656.24,0,0.0400562,0,0,0,233.364,0,7939.27,0,0,0,0,0,0,451.138,0,233.364,233.364,0,0
01:11:15:04:53:49,4663.11,4657.1,0,0.0400562,0,0,0,233.364,0,7940.13,0,0,0,0,0,0,451.997,0,233.364,233.364,0,0
01:11:15:04:53:50,4662.25,4655.38,0,0.0400562,0,0,0,233.364,0,7939.27,0,0,0,0,0,0,451.138,0,233.364,233.364,0,0
01:11:15:04:53:51,4661.1,4654.24,0,0.0400562,0,0,0,233.364,0,7938.12,0,0,0,0,0,0,449.994,0,233.364,233.364,0,0
01:11:15:04:53:52,4658.53,4651.38,0,0.0400562,0,0,0,233.364,0,7935.55,0,0,0,0,0,0,447.419,0,233.364,233.364,0,0
#,01:11:15:04:53:53,WELLBORE,DEPTHS,1,[1|Rate|9170.370117],,,,,,,,,,,,,,,,,
01:11:15:04:53:53,4657.1,4650.23,0,0.0400562,0,0,0,233.364,0,7934.12,0,0,0,0,0,0,445.989,0,233.364,233.364,0,0
01:11:15:04:53:54,4655.67,4649.66,0,0.0400562,0,0,0,233.364,0,7932.69,0,0,0,0,0,0,444.558,0,233.364,233.364,0,0
01:11:15:04:53:55,4655.95,4649.37,0,0.0400562,0,0,0,233.364,0,7932.97,0,0,0,0,0,0,444.844,0,233.364,233.364,0,0
01:11:15:04:53:56,4656.24,4649.95,0,0.0400562,0,0,0,233.364,0,7933.26,0,0,0,0,0,0,445.13,0,233.364,233.364,0,0
01:11:15:04:53:57,4655.1,4648.8,0,0.0400562,0,0,0,233.364,0,7932.11,0,0,0,0,0,0,443.986,0,233.364,233.364,0,0
01:11:15:04:53:58,4653.95,4646.8,0,0.0400562,0,0,0,233.364,0,7930.97,0,0,0,0,0,0,442.841,0,233.364,233.364,0,0
01:11:15:04:53:59,4652.81,4646.23,0,0.0400562,0,0,0,233.364,0,7929.82,0,0,0,0,0,0,441.697,0,233.364,233.364,0,0
01:11:15:04:54:00,4651.66,4645.37,0,0.0400562,0,0,0,233.364,0,7928.68,0,0,0,0,0,0,440.553,0,233.364,233.364,0,0
01:11:15:04:54:01,4649.95,4642.79,0,0.0400562,0,0,0,233.364,0,7926.96,0,0,0,0,0,0,438.835,0,233.364,233.364,0,0
01:11:15:04:54:02,4648.8,4642.22,0,0.0400562,0,0,0,233.364,0,7925.82,0,0,0,0,0,0,437.691,0,233.364,233.364,0,0
01:11:15:04:54:03,4649.09,4642.22,0,0.0400562,0,0,0,233.364,0,7926.11,0,0,0,0,0,0,437.977,0,233.364,233.364,0,0
01:11:15:04:54:04,4648.52,4641.65,0,0.0400562,0,0,0,233.364,0,7925.53,0,0,0,0,0,0,437.405,0,233.364,233.364,0,0
01:11:15:04:54:05,4647.66,4641.94,0,0.0400562,0,0,0,233.364,0,7924.68,0,0,0,0,0,0,436.547,0,233.364,233.364,0,0
01:11:15:04:54:06,4645.37,4638.79,0,0.0400562,0,0,0,233.364,0,7922.39,0,0,0,0,0,0,434.258,0,233.364,233.364,0,0
01:11:15:04:54:07,4645.08,4638.79,0,0.0400562,0,0,0,233.364,0,7922.1,0,0,0,0,0,0,433.972,0,233.364,233.364,0,0
#,01:11:15:04:54:08,WELLBORE,DEPTHS,1,[1|Rate|9170.370117],,,,,,,,,,,,,,,,,
01:11:15:04:54:08,4643.65,4637.07,0,0.0400562,0,0,0,233.364,0,7920.67,0,0,0,0,0,0,432.542,0,233.364,233.364,0,0
01:11:15:04:54:09,4643.37,4636.79,0,0.0400562,0,0,0,233.364,0,7920.38,0,0,0,0,0,0,432.255,0,233.364,233.364,0,0
01:11:15:04:54:10,4641.65,4635.35,0,0.0400562,0,0,0,233.364,0,7918.67,0,0,0,0,0,0,430.539,0,233.364,233.364,0,0
01:11:15:04:54:11,4639.93,4633.35,0,0.0400562,0,0,0,233.364,0,7916.95,0,0,0,0,0,0,428.822,0,233.364,233.364,0,0
01:11:15:04:54:12,4639.36,4632.78,0,0.0400562,0,0,0,233.364,0,7916.38,0,0,0,0,0,0,428.25,0,233.364,233.364,0,0
01:11:15:04:54:13,4638.79,4631.92,0,0.0400562,0,0,0,233.364,0,7915.81,0,0,0,0,0,0,427.678,0,233.364,233.364,0,0
01:11:15:04:54:14,4637.36,4630.78,0,0.0400562,0,0,0,233.364,0,7914.38,0,0,0,0,0,0,426.247,0,233.364,233.364,0,0
01:11:15:04:54:15,4638.22,4631.35,0,0.0400562,0,0,0,233.364,0,7915.23,0,0,0,0,0,0,427.106,0,233.364,233.364,0,0
01:11:15:04:54:16,4637.36,4631.06,0,0.0400562,0,0,0,233.364,0,7914.38,0,0,0,0,0,0,426.247,0,233.364,233.364,0,0
01:11:15:04:54:17,4634.78,4628.2,0,0.0400562,0,0,0,233.364,0,7911.8,0,0,0,0,0,0,423.673,0,233.364,233.364,0,0
01:11:15:04:54:18,4633.35,4626.77,0,0.0400562,0,0,0,233.364,0,7910.37,0,0,0,0,0,0,422.242,0,233.364,233.364,0,0
01:11:15:04:54:19,4633.07,4626.77,0,0.0400562,0,0,0,233.364,0,7910.08,0,0,0,0,0,0,421.956,0,233.364,233.364,0,0
01:11:15:04:54:20,4631.64,4624.77,0,0.0400562,0,0,0,233.364,0,7908.65,0,0,0,0,0,0,420.525,0,233.364,233.364,0,0
01:11:15:04:54:21,4630.49,4623.62,0,0.0400562,0,0,0,233.364,0,7907.51,0,0,0,0,0,0,419.381,0,233.364,233.364,0,0
01:11:15:04:54:22,4629.92,4623.34,0,0.0400562,0,0,0,233.364,0,7906.94,0,0,0,0,0,0,418.809,0,233.364,233.364,0,0
#,01:11:15:04:54:23,WELLBORE,DEPTHS,1,[1|Rate|9170.370117],,,,,,,,,,,,,,,,,
01:11:15:04:54:23,4629.63,4622.77,0,0.0400562,0,0,0,233.364,0,7906.65,0,0,0,0,0,0,418.523,0,233.364,233.364,0,0
01:11:15:04:54:24,4629.35,4622.77,0,0.0400562,0,0,0,233.364,0,7906.36,0,0,0,0,0,0,418.237,0,233.364,233.364,0,0
01:11:15:04:54:25,4629.63,4622.48,0,0.0400562,0,0,0,233.364,0,7906.65,0,0,0,0,0,0,418.523,0,233.364,233.364,0,0
01:11:15:04:54:26,4627.63,4621.34,0,0.0400562,0,0,0,233.364,0,7904.65,0,0,0,0,0,0,416.52,0,233.364,233.364,0,0
01:11:15:04:54:27,4625.34,4618.47,0,0.0400562,0,0,0,233.364,0,7902.36,0,0,0,0,0,0,414.231,0,233.364,233.364,0,0
01:11:15:04:54:28,4624.2,4617.33,0,0.0400562,0,0,0,233.364,0,7901.21,0,0,0,0,0,0,413.087,0,233.364,233.364,0,0
01:11:15:04:54:29,4623.91,4617.04,0,0.0400562,0,0,0,233.364,0,7900.93,0,0,0,0,0,0,412.801,0,233.364,233.364,0,0
01:11:15:04:54:30,4623.91,4616.76,0,0.0400562,0,0,0,233.364,0,7900.93,0,0,0,0,0,0,412.801,0,233.364,233.364,0,0
01:11:15:04:54:31,4622.19,4615.33,0,0.0400562,0,0,0,233.364,0,7899.21,0,0,0,0,0,0,411.084,0,233.364,233.364,0,0
01:11:15:04:54:32,4620.19,4613.32,0,0.0400562,0,0,0,233.364,0,7897.21,0,0,0,0,0,0,409.081,0,233.364,233.364,0,0
01:11:15:04:54:33,4620.48,4614.18,0,0.0400562,0,0,0,233.364,0,7897.5,0,0,0,0,0,0,409.367,0,233.364,233.364,0,0
01:11:15:04:54:34,4618.47,4611.89,0,0.0400562,0,0,0,233.364,0,7895.49,0,0,0,0,0,0,407.365,0,233.364,233.364,0,0
01:11:15:04:54:35,4617.9,4611.04,0,0.0400562,0,0,0,233.364,0,7894.92,0,0,0,0,0,0,406.792,0,233.364,233.364,0,0
01:11:15:04:54:36,4616.47,4609.89,0,0.0400562,0,0,0,233.364,0,7893.49,0,0,0,0,0,0,405.362,0,233.364,233.364,0,0
01:11:15:04:54:37,4615.9,4608.75,0,0.0400562,0,0,0,233.364,0,7892.92,0,0,0,0,0,0,404.79,0,233.364,233.364,0,0
#,01:11:15:04:54:38,WELLBORE,DEPTHS,1,[1|Rate|9170.370117],,,,,,,,,,,,,,,,,
01:11:15:04:54:38,4614.47,4608.18,0,0.0400562,0,0,0,233.364,0,7891.49,0,0,0,0,0,0,403.359,0,233.364,233.364,0,0
01:11:15:04:54:39,4613.32,4606.74,0,0.0400562,0,0,0,233.364,0,7890.34,0,0,0,0,0,0,402.215,0,233.364,233.364,0,0
01:11:15:04:54:40,4612.47,4605.31,0,0.0400562,0,0,0,233.364,0,7889.48,0,0,0,0,0,0,401.356,0,233.364,233.364,0,0
01:11:15:04:54:41,4612.18,4604.46,0,0.0400562,0,0,0,233.364,0,7889.2,0,0,0,0,0,0,401.07,0,233.364,233.364,0,0
01:11:15:04:54:42,4609.89,4603.03,0,0.0400562,0,0,0,233.364,0,7886.91,0,0,0,0,0,0,398.782,0,233.364,233.364,0,0
01:11:15:04:54:43,4609.61,4601.59,0,0.0400562,0,0,0,233.364,0,7886.62,0,0,0,0,0,0,398.495,0,233.364,233.364,0,0
01:11:15:04:54:44,4609.32,4601.59,0,0.0400562,0,0,0,233.364,0,7886.34,0,0,0,0,0,0,398.21,0,233.364,233.364,0,0
01:11:15:04:54:45,4609.03,4602.74,0,0.0400562,0,0,0,233.364,0,7886.05,0,0,0,0,0,0,397.923,0,233.364,233.364,0,0
01:11:15:04:54:46,4608.75,4601.88,0,0.0400562,0,0,0,233.364,0,7885.77,0,0,0,0,0,0,397.637,0,233.364,233.364,0,0
01:11:15:04:54:47,4606.74,4599.59,0,0.0400562,0,0,0,233.364,0,7883.76,0,0,0,0,0,0,395.634,0,233.364,233.364,0,0
01:11:15:04:54:48,4603.88,4597.3,0,0.0400562,0,0,0,233.364,0,7880.9,0,0,0,0,0,0,392.774,0,233.364,233.364,0,0
01:11:15:04:54:49,4600.74,4594.16,0,0.0400562,0,0,0,233.364,0,7877.75,0,0,0,0,0,0,389.626,0,233.364,233.364,0,0
01:11:15:04:54:50,4600.74,4593.58,0,0.0400562,0,0,0,233.364,0,7877.75,0,0,0,0,0,0,389.626,0,233.364,233.364,0,0
01:11:15:04:54:51,4601.59,4594.16,0,0.0400562,0,0,0,233.364,0,7878.61,0,0,0,0,0,0,390.484,0,233.364,233.364,0,0
01:11:15:04:54:52,4601.59,4594.16,0,0.0400562,0,0,0,233.364,0,7878.61,0,0,0,0,0,0,390.484,0,233.364,233.364,0,0
#,01:11:15:04:54:53,WELLBORE,DEPTHS,1,[1|Rate|9170.370117],,,,,,,,,,,,,,,,,
01:11:15:04:54:53,4601.31,4593.87,0,0.0400562,0,0,0,233.364,0,7878.33,0,0,0,0,0,0,390.198,0,233.364,233.364,0,0
01:11:15:04:54:54,4601.88,4595.59,0,0.0400562,0,0,0,233.364,0,7878.9,0,0,0,0,0,0,390.771,0,233.364,233.364,0,0
01:11:15:04:54:55,4601.59,4593.87,0,0.0400562,0,0,0,233.364,0,7878.61,0,0,0,0,0,0,390.484,0,233.364,233.364,0,0
01:11:15:04:54:56,4599.31,4591.87,0,0.0400562,0,0,0,233.364,0,7876.32,0,0,0,0,0,0,388.196,0,233.364,233.364,0,0
01:11:15:04:54:57,4596.16,4589.01,0,0.0400562,0,0,0,233.364,0,7873.18,0,0,0,0,0,0,385.048,0,233.364,233.364,0,0
01:11:15:04:54:58,4593.58,4587.29,0,0.0400562,0,0,0,233.364,0,7870.6,0,0,0,0,0,0,382.474,0,233.364,233.364,0,0
01:11:15:04:54:59,4593.87,4587.29,0,0.0400562,0,0,0,233.364,0,7870.89,0,0,0,0,0,0,382.76,0,233.364,233.364,0,0
01:11:15:04:55:00,4595.01,4586.72,0,0.0400562,0,0,0,233.364,0,7872.03,0,0,0,0,0,0,383.904,0,233.364,233.364,0,0
01:11:15:04:55:01,4593.87,4586.15,0,0.0400562,0,0,0,233.364,0,7870.89,0,0,0,0,0,0,382.76,0,233.364,233.364,0,0
01:11:15:04:55:02,4593.3,4585.57,0,0.0400562,0,0,0,233.364,0,7870.32,0,0,0,0,0,0,382.188,0,233.364,233.364,0,0
01:11:15:04:55:03,4593.01,4585.86,0,0.0400562,0,0,0,233.364,0,7870.03,0,0,0,0,0,0,381.902,0,233.364,233.364,0,0
01:11:15:04:55:04,4591.58,4584.14,0,0.0400562,0,0,0,233.364,0,7868.6,0,0,0,0,0,0,380.471,0,233.364,233.364,0,0
01:11:15:04:55:05,4590.15,4583,0,0.0400562,0,0,0,233.364,0,7867.17,0,0,0,0,0,0,379.04,0,233.364,233.364,0,0
01:11:15:04:55:06,4590.15,4582.43,0,0.0400562,0,0,0,233.364,0,7867.17,0,0,0,0,0,0,379.04,0,233.364,233.364,0,0
01:11:15:04:55:07,4589.29,4582.14,0,0.0400562,0,0,0,233.364,0,7866.31,0,0,0,0,0,0,378.182,0,233.364,233.364,0,0
#,01:11:15:04:55:08,WELLBORE,DEPTHS,1,[1|Rate|9170.370117],,,,,,,,,,,,,,,,,
01:11:15:04:55:08,4589.29,4581.85,0,0.0400562,0,0,0,233.364,0,7866.31,0,0,0,0,0,0,378.182,0,233.364,233.364,0,0
01:11:15:04:55:09,4589.01,4581.57,0,0.0400562,0,0,0,233.364,0,7866.02,0,0,0,0,0,0,377.896,0,233.364,233.364,0,0
01:11:15:04:55:10,4587.58,4581,0,0.0400562,0,0,0,233.364,0,7864.59,0,0,0,0,0,0,376.466,0,233.364,233.364,0,0
01:11:15:04:55:11,4585.86,4578.99,0,0.0400562,0,0,0,233.364,0,7862.88,0,0,0,0,0,0,374.749,0,233.364,233.364,0,0
01:11:15:04:55:12,4584.14,4576.42,0,0.0400562,0,0,0,233.364,0,7861.16,0,0,0,0,0,0,373.032,0,233.364,233.364,0,0
01:11:15:04:55:13,4582.71,4575.56,0,0.0400562,0,0,0,233.364,0,7859.73,0,0,0,0,0,0,371.602,0,233.364,233.364,0,0
01:11:15:04:55:14,4582.71,4575.56,0,0.0400562,0,0,0,233.364,0,7859.73,0,0,0,0,0,0,371.602,0,233.364,233.364,0,0
01:11:15:04:55:15,4584.43,4576.7,0,0.0400562,0,0,0,233.364,0,7861.45,0,0,0,0,0,0,373.319,0,233.364,233.364,0,0
01:11:15:04:55:16,4583.57,4575.85,0,0.0400562,0,0,0,233.364,0,7860.59,0,0,0,0,0,0,372.46,0,233.364,233.364,0,0
01:11:15:04:55:17,4581.28,4574.13,0,0.0400562,0,0,0,233.364,0,7858.3,0,0,0,0,0,0,370.171,0,233.364,233.364,0,0
01:11:15:04:55:18,4578.71,4571.55,0,0.0400562,0,0,0,233.364,0,7855.72,0,0,0,0,0,0,367.596,0,233.364,233.364,0,0
01:11:15:04:55:19,4578.42,4571.27,0,0.0400562,0,0,0,233.364,0,7855.44,0,0,0,0,0,0,367.31,0,233.364,233.364,0,0
01:11:15:04:55:20,4577.28,4569.55,0,0.0400562,0,0,0,233.364,0,7854.29,0,0,0,0,0,0,366.166,0,233.364,233.364,0,0
01:11:15:04:55:21,4574.7,4568.41,0,0.0400562,0,0,0,233.364,0,7851.72,0,0,0,0,0,0,363.591,0,233.364,233.364,0,0
01:11:15:04:55:22,4574.7,4568.12,0,0.0400562,0,0,0,233.364,0,7851.72,0,0,0,0,0,0,363.591,0,233.364,233.364,0,0
#,01:11:15:04:55:23,WELLBORE,DEPTHS,1,[1|Rate|9170.370117],,,,,,,,,,,,,,,,,
01:11:15:04:55:23,4577.85,4570.41,0,0.0400562,0,0,0,233.364,0,7854.87,0,0,0,0,0,0,366.738,0,233.364,233.364,0,0
01:11:15:04:55:24,4578.71,4571.55,0,0.0400562,0,0,0,233.364,0,7855.72,0,0,0,0,0,0,367.596,0,233.364,233.364,0,0
01:11:15:04:55:25,4578.13,4570.7,0,0.0400562,0,0,0,233.364,0,7855.15,0,0,0,0,0,0,367.024,0,233.364,233.364,0,0
01:11:15:04:55:26,4575.27,4567.55,0,0.0400562,0,0,0,233.364,0,7852.29,0,0,0,0,0,0,364.163,0,233.364,233.364,0,0
01:11:15:04:55:27,4572.41,4564.97,0,0.0400562,0,0,0,233.364,0,7849.43,0,0,0,0,0,0,361.302,0,233.364,233.364,0,0
01:11:15:04:55:28,4570.41,4563.83,0,0.0400562,0,0,0,233.364,0,7847.43,0,0,0,0,0,0,359.3,0,233.364,233.364,0,0
01:11:15:04:55:29,4570.12,4563.54,0,0.0400562,0,0,0,233.364,0,7847.14,0,0,0,0,0,0,359.014,0,233.364,233.364,0,0
01:11:15:04:55:30,4570.98,4563.26,0,0.0400562,0,0,0,233.364,0,7848,0,0,0,0,0,0,359.872,0,233.364,233.364,0,0
01:11:15:04:55:31,4571.55,4564.69,0,0.0400562,0,0,0,233.364,0,7848.57,0,0,0,0,0,0,360.444,0,233.364,233.364,0,0
01:11:15:04:55:32,4570.7,4563.54,0,0.0400562,0,0,0,233.364,0,7847.71,0,0,0,0,0,0,359.586,0,233.364,233.364,0,0
01:11:15:04:55:33,4568.69,4561.54,0,0.0400562,0,0,0,233.364,0,7845.71,0,0,0,0,0,0,357.583,0,233.364,233.364,0,0
01:11:15:04:55:34,4566.69,4559.25,0,0.0400562,0,0,0,233.364,0,7843.71,0,0,0,0,0,0,355.58,0,233.364,233.364,0,0
01:11:15:04:55:35,4564.97,4557.82,0,0.0400562,0,0,0,233.364,0,7841.99,0,0,0,0,0,0,353.864,0,233.364,233.364,0,0
01:11:15:04:55:36,4563.26,4556.1,0,0.0400562,0,0,0,233.364,0,7840.27,0,0,0,0,0,0,352.147,0,233.364,233.364,0,0
01:11:15:04:55:37,4564.4,4556.39,0,0.0400562,0,0,0,233.364,0,7841.42,0,0,0,0,0,0,353.292,0,233.364,233.364,0,0
#,01:11:15:04:55:38,WELLBORE,DEPTHS,1,[1|Rate|9170.370117],,,,,,,,,,,,,,,,,
01:11:15:04:55:38,4565.26,4557.54,0,0.0400562,0,0,0,233.364,0,7842.28,0,0,0,0,0,0,354.15,0,233.364,233.364,0,0
01:11:15:04:55:39,4564.4,4557.25,0,0.0400562,0,0,0,233.364,0,7841.42,0,0,0,0,0,0,353.292,0,233.364,233.364,0,0
01:11:15:04:55:40,4563.54,4556.39,0,0.0400562,0,0,0,233.364,0,7840.56,0,0,0,0,0,0,352.434,0,233.364,233.364,0,0
01:11:15:04:55:41,4563.26,4554.39,0,0.0400562,0,0,0,233.364,0,7840.27,0,0,0,0,0,0,352.147,0,233.364,233.364,0,0
01:11:15:04:55:42,4560.4,4553.82,0,0.0400562,0,0,0,233.364,0,7837.41,0,0,0,0,0,0,349.286,0,233.364,233.364,0,0
01:11:15:04:55:43,4558.68,4551.81,0,0.0400562,0,0,0,233.364,0,7835.7,0,0,0,0,0,0,347.57,0,233.364,233.364,0,0
01:11:15:04:55:44,4557.54,4550.38,0,0.0400562,0,0,0,233.364,0,7834.55,0,0,0,0,0,0,346.425,0,233.364,233.364,0,0
01:11:15:04:55:45,4557.25,4550.67,0,0.0400562,0,0,0,233.364,0,7834.27,0,0,0,0,0,0,346.139,0,233.364,233.364,0,0
01:11:15:04:55:46,4559.25,4552.1,0,0.0400562,0,0,0,233.364,0,7836.27,0,0,0,0,0,0,348.142,0,233.364,233.364,0,0
01:11:15:04:55:47,4557.54,4550.96,0,0.0400562,0,0,0,233.364,0,7834.55,0,0,0,0,0,0,346.425,0,233.364,233.364,0,0
01:11:15:04:55:48,4556.96,4549.81,0,0.0400562,0,0,0,233.364,0,7833.98,0,0,0,0,0,0,345.853,0,233.364,233.364,0,0
01:11:15:04:55:49,4555.82,4548.09,0,0.0400562,0,0,0,233.364,0,7832.84,0,0,0,0,0,0,344.708,0,233.364,233.364,0,0
01:11:15:04:55:50,4555.53,4548.09,0,0.0400562,0,0,0,233.364,0,7832.55,0,0,0,0,0,0,344.422,0,233.364,233.364,0,0
01:11:15:04:55:51,4554.1,4547.24,0,0.0400562,0,0,0,233.364,0,7831.12,0,0,0,0,0,0,342.992,0,233.364,233.364,0,0
01:11:15:04:55:52,4553.24,4546.38,0,0.0400562,0,0,0,233.364,0,7830.26,0,0,0,0,0,0,342.133,0,233.364,233.364,0,0
#,01:11:15:04:55:53,WELLBORE,DEPTHS,1,[1|Rate|9170.370117],,,,,,,,,,,,,,,,,
01:11:15:04:55:53,4552.67,4545.81,0,0.0400562,0,0,0,233.364,0,7829.69,0,0,0,0,0,0,341.561,0,233.364,233.364,0,0
01:11:15:04:55:54,4552.39,4545.52,0,0.0400562,0,0,0,233.364,0,7829.4,0,0,0,0,0,0,341.275,0,233.364,233.364,0,0
01:11:15:04:55:55,4550.67,4543.8,0,0.0400562,0,0,0,233.364,0,7827.69,0,0,0,0,0,0,339.559,0,233.364,233.364,0,0
01:11:15:04:55:56,4550.1,4542.09,0,0.0400562,0,0,0,233.364,0,7827.11,0,0,0,0,0,0,338.987,0,233.364,233.364,0,0
01:11:15:04:55:57,4549.24,4541.51,0,0.0400562,0,0,0,233.364,0,7826.26,0,0,0,0,0,0,338.128,0,233.364,233.364,0,0
01:11:15:04:55:58,4548.09,4540.37,0,0.0400562,0,0,0,233.364,0,7825.11,0,0,0,0,0,0,336.984,0,233.364,233.364,0,0
01:11:15:04:55:59,4548.95,4541.8,0,0.0400562,0,0,0,233.364,0,7825.97,0,0,0,0,0,0,337.842,0,233.364,233.364,0,0
01:11:15:04:56:00,4550.1,4542.66,0,0.0400562,0,0,0,233.364,0,7827.11,0,0,0,0,0,0,338.987,0,233.364,233.364,0,0
01:11:15:04:56:01,4548.95,4540.94,0,0.0400562,0,0,0,233.364,0,7825.97,0,0,0,0,0,0,337.842,0,233.364,233.364,0,0
01:11:15:04:56:02,4546.38,4539.8,0,0.0400562,0,0,0,233.364,0,7823.4,0,0,0,0,0,0,335.267,0,233.364,233.364,0,0
01:11:15:04:56:03,4544.09,4536.94,0,0.0400562,0,0,0,233.364,0,7821.11,0,0,0,0,0,0,332.978,0,233.364,233.364,0,0
01:11:15:04:56:04,4542.09,4534.65,0,0.0400562,0,0,0,233.364,0,7819.1,0,0,0,0,0,0,330.975,0,233.364,233.364,0,0
01:11:15:04:56:05,4540.94,4534.07,0,0.0400562,0,0,0,233.364,0,7817.96,0,0,0,0,0,0,329.831,0,233.364,233.364,0,0
01:11:15:04:56:06,4541.51,4534.07,0,0.0400562,0,0,0,233.364,0,7818.53,0,0,0,0,0,0,330.403,0,233.364,233.364,0,0
01:11:15:04:56:07,4540.94,4533.5,0,0.0400562,0,0,0,233.364,0,7817.96,0,0,0,0,0,0,329.831,0,233.364,233.364,0,0
#,01:11:15:04:56:08,WELLBORE,DEPTHS,1,[1|Rate|9170.370117],,,,,,,,,,,,,,,,,
01:11:15:04:56:08,4540.08,4532.93,0,0.0400562,0,0,0,233.364,0,7817.1,0,0,0,0,0,0,328.973,0,233.364,233.364,0,0
01:11:15:04:56:09,4538.94,4531.5,0,0.0400562,0,0,0,233.364,0,7815.96,0,0,0,0,0,0,327.828,0,233.364,233.364,0,0
01:11:15:04:56:10,4537.51,4529.78,0,0.0400562,0,0,0,233.364,0,7814.53,0,0,0,0,0,0,326.398,0,233.364,233.364,0,0
01:11:15:04:56:11,4535.79,4528.35,0,0.0400562,0,0,0,233.364,0,7812.81,0,0,0,0,0,0,324.681,0,233.364,233.364,0,0
01:11:15:04:56:12,4535.51,4528.64,0,0.0400562,0,0,0,233.364,0,7812.52,0,0,0,0,0,0,324.395,0,233.364,233.364,0,0
01:11:15:04:56:13,4536.94,4528.93,0,0.0400562,0,0,0,233.364,0,7813.95,0,0,0,0,0,0,325.825,0,233.364,233.364,0,0
01:11:15:04:56:14,4536.36,4529.21,0,0.0400562,0,0,0,233.364,0,7813.38,0,0,0,0,0,0,325.253,0,233.364,233.364,0,0
01:11:15:04:56:15,4535.22,4527.49,0,0.0400562,0,0,0,233.364,0,7812.24,0,0,0,0,0,0,324.109,0,233.364,233.364,0,0
01:11:15:04:56:16,4532.36,4524.35,0,0.0400562,0,0,0,233.364,0,7809.38,0,0,0,0,0,0,321.248,0,233.364,233.364,0,0
01:11:15:04:56:17,4530.93,4523.49,0,0.0400562,0,0,0,233.364,0,7807.95,0,0,0,0,0,0,319.817,0,233.364,233.364,0,0
01:11:15:04:56:18,4529.78,4522.34,0,0.0400562,0,0,0,233.364,0,7806.8,0,0,0,0,0,0,318.673,0,233.364,233.364,0,0
01:11:15:04:56:19,4528.35,4522.06,0,0.0400562,0,0,0,233.364,0,7805.37,0,0,0,0,0,0,317.243,0,233.364,233.364,0,0
01:11:15:04:56:20,4529.5,4522.34,0,0.0400562,0,0,0,233.364,0,7806.52,0,0,0,0,0,0,318.387,0,233.364,233.364,0,0
01:11:15:04:56:21,4530.93,4523.2,0,0.0400562,0,0,0,233.364,0,7807.95,0,0,0,0,0,0,319.817,0,233.364,233.364,0,0
01:11:15:04:56:22,4529.21,4521.49,0,0.0400562,0,0,0,233.364,0,7806.23,0,0,0,0,0,0,318.101,0,233.364,233.364,0,0
#,01:11:15:04:56:23,WELLBORE,DEPTHS,1,[1|Rate|9170.370117],,,,,,,,,,,,,,,,,
01:11:15:04:56:23,4526.92,4519.77,0,0.0400562,0,0,0,233.364,0,7803.94,0,0,0,0,0,0,315.812,0,233.364,233.364,0,0
01:11:15:04:56:24,4524.06,4517.19,0,0.0400562,0,0,0,233.364,0,7801.08,0,0,0,0,0,0,312.951,0,233.364,233.364,0,0
01:11:15:04:56:25,4522.63,4515.48,0,0.0400562,0,0,0,233.364,0,7799.65,0,0,0,0,0,0,311.521,0,233.364,233.364,0,0
01:11:15:04:56:26,4524.35,4515.76,0,0.0400562,0,0,0,233.364,0,7801.37,0,0,0,0,0,0,313.237,0,233.364,233.364,0,0
01:11:15:04:56:27,4523.49,4515.48,0,0.0400562,0,0,0,233.364,0,7800.51,0,0,0,0,0,0,312.379,0,233.364,233.364,0,0
01:11:15:04:56:28,4523.2,4515.19,0,0.0400562,0,0,0,233.364,0,7800.22,0,0,0,0,0,0,312.093,0,233.364,233.364,0,0
01:11:15:04:56:29,4522.34,4514.91,0,0.0400562,0,0,0,233.364,0,7799.36,0,0,0,0,0,0,311.235,0,233.364,233.364,0,0
01:11:15:04:56:30,4520.91,4512.9,0,0.0400562,0,0,0,233.364,0,7797.93,0,0,0,0,0,0,309.804,0,233.364,233.364,0,0
01:11:15:04:56:31,4520.34,4512.33,0,0.0400562,0,0,0,233.364,0,7797.36,0,0,0,0,0,0,309.232,0,233.364,233.364,0,0
01:11:15:04:56:32,4519.48,4511.76,0,0.0400562,0,0,0,233.364,0,7796.5,0,0,0,0,0,0,308.373,0,233.364,233.364,0,0
01:11:15:04:56:33,4519.2,4512.04,0,0.0400562,0,0,0,233.364,0,7796.22,0,0,0,0,0,0,308.087,0,233.364,233.364,0,0
01:11:15:04:56:34,4519.48,4511.76,0,0.0400562,0,0,0,233.364,0,7796.5,0,0,0,0,0,0,308.373,0,233.364,233.364,0,0
01:11:15:04:56:35,4517.19,4510.04,0,0.0400562,0,0,0,233.364,0,7794.21,0,0,0,0,0,0,306.085,0,233.364,233.364,0,0
01:11:15:04:56:36,4517.77,4509.47,0,0.0400562,0,0,0,233.364,0,7794.79,0,0,0,0,0,0,306.657,0,233.364,233.364,0,0
01:11:15:04:56:37,4516.05,4507.75,0,0.0400562,0,0,0,233.364,0,7793.07,0,0,0,0,0,0,304.94,0,233.364,233.364,0,0
#,01:11:15:04:56:38,WELLBORE,DEPTHS,1,[1|Rate|9170.370117],,,,,,,,,,,,,,,,,
01:11:15:04:56:38,4513.76,4506.04,0,0.0400562,0,0,0,233.364,0,7790.78,0,0,0,0,0,0,302.652,0,233.364,233.364,0,0
01:11:15:04:56:39,4513.76,4506.04,0,0.0400562,0,0,0,233.364,0,7790.78,0,0,0,0,0,0,302.652,0,233.364,233.364,0,0
01:11:15:04:56:40,4511.76,4504.03,0,0.0400562,0,0,0,233.364,0,7788.78,0,0,0,0,0,0,300.649,0,233.364,233.364,0,0
01:11:15:04:56:41,4509.76,4502.6,0,0.0400562,0,0,0,233.364,0,7786.77,0,0,0,0,0,0,298.647,0,233.364,233.364,0,0
01:11:15:04:56:42,4510.61,4503.18,0,0.0400562,0,0,0,233.364,0,7787.63,0,0,0,0,0,0,299.504,0,233.364,233.364,0,0
01:11:15:04:56:43,4510.9,4504.03,0,0.0400562,0,0,0,233.364,0,7787.92,0,0,0,0,0,0,299.791,0,233.364,233.364,0,0
01:11:15:04:56:44,4508.61,4501.75,0,0.0400562,0,0,0,233.364,0,7785.63,0,0,0,0,0,0,297.501,0,233.364,233.364,0,0
01:11:15:04:56:45,4508.04,4500.6,0,0.0400562,0,0,0,233.364,0,7785.06,0,0,0,0,0,0,296.929,0,233.364,233.364,0,0
01:11:15:04:56:46,4505.75,4497.74,0,0.0400562,0,0,0,233.364,0,7782.77,0,0,0,0,0,0,294.641,0,233.364,233.364,0,0
01:11:15:04:56:47,4503.46,4496.6,0,0.0400562,0,0,0,233.364,0,7780.48,0,0,0,0,0,0,292.352,0,233.364,233.364,0,0
01:11:15:04:56:48,4503.46,4495.45,0,0.0400562,0,0,0,233.364,0,7780.48,0,0,0,0,0,0,292.352,0,233.364,233.364,0,0
01:11:15:04:56:49,4503.75,4496.02,0,0.0400562,0,0,0,233.364,0,7780.77,0,0,0,0,0,0,292.638,0,233.364,233.364,0,0
01:11:15:04:56:50,4503.46,4495.74,0,0.0400562,0,0,0,233.364,0,7780.48,0,0,0,0,0,0,292.352,0,233.364,233.364,0,0
01:11:15:04:56:51,4504.61,4497.74,0,0.0400562,0,0,0,233.364,0,7781.62,0,0,0,0,0,0,293.496,0,233.364,233.364,0,0
01:11:15:04:56:52,4502.89,4495.17,0,0.0400562,0,0,0,233.364,0,7779.91,0,0,0,0,0,0,291.78,0,233.364,233.364,0,0
#,01:11:15:04:56:53,WELLBORE,DEPTHS,1,[1|Rate|9170.370117],,,,,,,,,,,,,,,,,
01:11:15:04:56:53,4500.6,4493.16,0,0.0400562,0,0,0,233.364,0,7777.62,0,0,0,0,0,0,289.491,0,233.364,233.364,0,0
01:11:15:04:56:54,4500.6,4492.88,0,0.0400562,0,0,0,233.364,0,7777.62,0,0,0,0,0,0,289.491,0,233.364,233.364,0,0
01:11:15:04:56:55,4498.31,4490.59,0,0.0400562,0,0,0,233.364,0,7775.33,0,0,0,0,0,0,287.202,0,233.364,233.364,0,0
01:11:15:04:56:56,4495.17,4488.01,0,0.0400562,0,0,0,233.364,0,7772.18,0,0,0,0,0,0,284.055,0,233.364,233.364,0,0
01:11:15:04:56:57,4495.74,4488.58,0,0.0400562,0,0,0,233.364,0,7772.76,0,0,0,0,0,0,284.627,0,233.364,233.364,0,0
01:11:15:04:56:58,4496.31,4489.16,0,0.0400562,0,0,0,233.364,0,7773.33,0,0,0,0,0,0,285.199,0,233.364,233.364,0,0
01:11:15:04:56:59,4496.02,4488.58,0,0.0400562,0,0,0,233.364,0,7773.04,0,0,0,0,0,0,284.913,0,233.364,233.364,0,0
01:11:15:04:57:00,4496.31,4488.87,0,0.0400562,0,0,0,233.364,0,7773.33,0,0,0,0,0,0,285.199,0,233.364,233.364,0,0
01:11:15:04:57:01,4494.88,4487.73,0,0.0400562,0,0,0,233.364,0,7771.9,0,0,0,0,0,0,283.769,0,233.364,233.364,0,0
01:11:15:04:57:02,4493.73,4486.58,0,0.0400562,0,0,0,233.364,0,7770.75,0,0,0,0,0,0,282.625,0,233.364,233.364,0,0
01:11:15:04:57:03,4492.59,4484.87,0,0.0400562,0,0,0,233.364,0,7769.61,0,0,0,0,0,0,281.48,0,233.364,233.364,0,0
01:11:15:04:57:04,4492.88,4484.87,0,0.0400562,0,0,0,233.364,0,7769.89,0,0,0,0,0,0,281.766,0,233.364,233.364,0,0
01:11:15:04:57:05,4490.87,4483.44,0,0.0400562,0,0,0,233.364,0,7767.89,0,0,0,0,0,0,279.764,0,233.364,233.364,0,0
01:11:15:04:57:06,4490.3,4482,0,0.0400562,0,0,0,233.364,0,7767.32,0,0,0,0,0,0,279.191,0,233.364,233.364,0,0
01:11:15:04:57:07,4489.16,4481.72,0,0.0400562,0,0,0,233.364,0,7766.17,0,0,0,0,0,0,278.047,0,233.364,233.364,0,0
#,01:11:15:04:57:08,WELLBORE,DEPTHS,1,[1|Rate|9170.370117],,,,,,,,,,,,,,,,,
01:11:15:04:57:08,4489.16,4480.86,0,0.0400562,0,0,0,233.364,0,7766.17,0,0,0,0,0,0,278.047,0,233.364,233.364,0,0
01:11:15:04:57:09,4487.73,4479.72,0,0.0400562,0,0,0,233.364,0,7764.74,0,0,0,0,0,0,276.616,0,233.364,233.364,0,0
01:11:15:04:57:10,4486.87,4478.86,0,0.0400562,0,0,0,233.364,0,7763.89,0,0,0,0,0,0,275.758,0,233.364,233.364,0,0
01:11:15:04:57:11,4486.87,4478.86,0,0.0400562,0,0,0,233.364,0,7763.89,0,0,0,0,0,0,275.758,0,233.364,233.364,0,0
01:11:15:04:57:12,4486.87,4478.86,0,0.0400562,0,0,0,233.364,0,7763.89,0,0,0,0,0,0,275.758,0,233.364,233.364,0,0
01:11:15:04:57:13,4485.72,4479.14,0,0.0400562,0,0,0,233.364,0,7762.74,0,0,0,0,0,0,274.613,0,233.364,233.364,0,0
01:11:15:04:57:14,4484.29,4476.57,0,0.0400562,0,0,0,233.364,0,7761.31,0,0,0,0,0,0,273.183,0,233.364,233.364,0,0
01:11:15:04:57:15,4484.29,4476,0,0.0400562,0,0,0,233.364,0,7761.31,0,0,0,0,0,0,273.183,0,233.364,233.364,0,0
01:11:15:04:57:16,4482.29,4475.42,0,0.0400562,0,0,0,233.364,0,7759.31,0,0,0,0,0,0,271.18,0,233.364,233.364,0,0
01:11:15:04:57:17,4482.29,4474.28,0,0.0400562,0,0,0,233.364,0,7759.31,0,0,0,0,0,0,271.18,0,233.364,233.364,0,0
01:11:15:04:57:18,4480,4472.85,0,0.0400562,0,0,0,233.364,0,7757.02,0,0,0,0,0,0,268.892,0,233.364,233.364,0,0
01:11:15:04:57:19,4481.72,4473.71,0,0.0400562,0,0,0,233.364,0,7758.74,0,0,0,0,0,0,270.608,0,233.364,233.364,0,0
01:11:15:04:57:20,4478.86,4471.71,0,0.0400562,0,0,0,233.364,0,7755.88,0,0,0,0,0,0,267.747,0,233.364,233.364,0,0
01:11:15:04:57:21,4479.43,4471.71,0,0.0400562,0,0,0,233.364,0,7756.45,0,0,0,0,0,0,268.32,0,233.364,233.364,0,0
01:11:15:04:57:22,4478.29,4470.56,0,0.0400562,0,0,0,233.364,0,7755.3,0,0,0,0,0,0,267.175,0,233.364,233.364,0,0
#,01:11:15:04:57:23,WELLBORE,DEPTHS,1,[1|Rate|9170.370117],,,,,,,,,,,,,,,,,
01:11:15:04:57:23,4478.29,4470.85,0,0.0400562,0,0,0,233.364,0,7755.3,0,0,0,0,0,0,267.175,0,233.364,233.364,0,0
01:11:15:04:57:24,4476.28,4468.56,0,0.0400562,0,0,0,233.364,0,7753.3,0,0,0,0,0,0,265.172,0,233.364,233.364,0,0
01:11:15:04:57:25,4475.42,4467.41,0,0.0400562,0,0,0,233.364,0,7752.44,0,0,0,0,0,0,264.314,0,233.364,233.364,0,0
01:11:15:04:57:26,4473.14,4465.7,0,0.0400562,0,0,0,233.364,0,7750.15,0,0,0,0,0,0,262.025,0,233.364,233.364,0,0
01:11:15:04:57:27,4472.56,4465.12,0,0.0400562,0,0,0,233.364,0,7749.58,0,0,0,0,0,0,261.453,0,233.364,233.364,0,0
01:11:15:04:57:28,4472.28,4464.55,0,0.0400562,0,0,0,233.364,0,7749.29,0,0,0,0,0,0,261.166,0,233.364,233.364,0,0
01:11:15:04:57:29,4471.99,4464.27,0,0.0400562,0,0,0,233.364,0,7749.01,0,0,0,0,0,0,260.881,0,233.364,233.364,0,0
01:11:15:04:57:30,4473.14,4464.55,0,0.0400562,0,0,0,233.364,0,7750.15,0,0,0,0,0,0,262.025,0,233.364,233.364,0,0
01:11:15:04:57:31,4472.56,4463.98,0,0.0400562,0,0,0,233.364,0,7749.58,0,0,0,0,0,0,261.453,0,233.364,233.364,0,0
01:11:15:04:57:32,4471.71,4463.69,0,0.0400562,0,0,0,233.364,0,7748.72,0,0,0,0,0,0,260.594,0,233.364,233.364,0,0
01:11:15:04:57:33,4471.13,4463.41,0,0.0400562,0,0,0,233.364,0,7748.15,0,0,0,0,0,0,260.022,0,233.364,233.364,0,0
01:11:15:04:57:34,4468.84,4461.41,0,0.0400562,0,0,0,233.364,0,7745.86,0,0,0,0,0,0,257.734,0,233.364,233.364,0,0
01:11:15:04:57:35,4467.7,4459.97,0,0.0400562,0,0,0,233.364,0,7744.72,0,0,0,0,0,0,256.589,0,233.364,233.364,0,0
01:11:15:04:57:36,4467.99,4460.55,0,0.0400562,0,0,0,233.364,0,7745,0,0,0,0,0,0,256.876,0,233.364,233.364,0,0
01:11:15:04:57:37,4467.41,4459.97,0,0.0400562,0,0,0,233.364,0,7744.43,0,0,0,0,0,0,256.303,0,233.364,233.364,0,0
#,01:11:15:04:57:38,WELLBORE,DEPTHS,1,[1|Rate|9170.370117],,,,,,,,,,,,,,,,,
01:11:15:04:57:38,4467.13,4459.69,0,0.0400562,0,0,0,233.364,0,7744.15,0,0,0,0,0,0,256.017,0,233.364,233.364,0,0
01:11:15:04:57:39,4466.55,4458.54,0,0.0400562,0,0,0,233.364,0,7743.57,0,0,0,0,0,0,255.445,0,233.364,233.364,0,0
01:11:15:04:57:40,4462.84,4455.4,0,0.0400562,0,0,0,233.364,0,7739.85,0,0,0,0,0,0,251.725,0,233.364,233.364,0,0
01:11:15:04:57:41,4459.97,4452.25,0,0.0400562,0,0,0,233.364,0,7736.99,0,0,0,0,0,0,248.864,0,233.364,233.364,0,0
01:11:15:04:57:42,4459.4,4451.68,0,0.0400562,0,0,0,233.364,0,7736.42,0,0,0,0,0,0,248.292,0,233.364,233.364,0,0
01:11:15:04:57:43,4459.4,4451.68,0,0.0400562,0,0,0,233.364,0,7736.42,0,0,0,0,0,0,248.292,0,233.364,233.364,0,0
01:11:15:04:57:44,4459.69,4451.11,0,0.0400562,0,0,0,233.364,0,7736.71,0,0,0,0,0,0,248.578,0,233.364,233.364,0,0
01:11:15:04:57:45,4459.12,4451.96,0,0.0400562,0,0,0,233.364,0,7736.13,0,0,0,0,0,0,248.006,0,233.364,233.364,0,0
01:11:15:04:57:46,4458.83,4450.82,0,0.0400562,0,0,0,233.364,0,7735.85,0,0,0,0,0,0,247.72,0,233.364,233.364,0,0
01:11:15:04:57:47,4455.97,4448.24,0,0.0400562,0,0,0,233.364,0,7732.99,0,0,0,0,0,0,244.859,0,233.364,233.364,0,0
01:11:15:04:57:48,4454.82,4447.1,0,0.0400562,0,0,0,233.364,0,7731.84,0,0,0,0,0,0,243.714,0,233.364,233.364,0,0
01:11:15:04:57:49,4453.97,4446.53,0,0.0400562,0,0,0,233.364,0,7730.98,0,0,0,0,0,0,242.856,0,233.364,233.364,0,0
01:11:15:04:57:50,4453.39,4446.24,0,0.0400562,0,0,0,233.364,0,7730.41,0,0,0,0,0,0,242.284,0,233.364,233.364,0,0
01:11:15:04:57:51,4453.11,4445.1,0,0.0400562,0,0,0,233.364,0,7730.13,0,0,0,0,0,0,241.998,0,233.364,233.364,0,0
01:11:15:04:57:52,4452.54,4444.52,0,0.0400562,0,0,0,233.364,0,7729.55,0,0,0,0,0,0,241.426,0,233.364,233.364,0,0
#,01:11:15:04:57:53,WELLBORE,DEPTHS,1,[1|Rate|9170.370117],,,,,,,,,,,,,,,,,
01:11:15:04:57:53,4452.25,4444.24,0,0.0400562,0,0,0,233.364,0,7729.27,0,0,0,0,0,0,241.14,0,233.364,233.364,0,0
01:11:15:04:57:54,4450.53,4442.81,0,0.0400562,0,0,0,233.364,0,7727.55,0,0,0,0,0,0,239.424,0,233.364,233.364,0,0
01:11:15:04:57:55,4449.1,4440.81,0,0.0400562,0,0,0,233.364,0,7726.12,0,0,0,0,0,0,237.993,0,233.364,233.364,0,0
01:11:15:04:57:56,4449.39,4440.52,0,0.0400562,0,0,0,233.364,0,7726.41,0,0,0,0,0,0,238.278,0,233.364,233.364,0,0
01:11:15:04:57:57,4449.1,4441.66,0,0.0400562,0,0,0,233.364,0,7726.12,0,0,0,0,0,0,237.993,0,233.364,233.364,0,0
01:11:15:04:57:58,4448.82,4440.81,0,0.0400562,0,0,0,233.364,0,7725.83,0,0,0,0,0,0,237.706,0,233.364,233.364,0,0
01:11:15:04:57:59,4448.53,4439.95,0,0.0400562,0,0,0,233.364,0,7725.55,0,0,0,0,0,0,237.42,0,233.364,233.364,0,0
01:11:15:04:58:00,4447.1,4439.66,0,0.0400562,0,0,0,233.364,0,7724.12,0,0,0,0,0,0,235.99,0,233.364,233.364,0,0
01:11:15:04:58:01,4447.39,4439.38,0,0.0400562,0,0,0,233.364,0,7724.4,0,0,0,0,0,0,236.276,0,233.364,233.364,0,0
01:11:15:04:58:02,4446.53,4438.8,0,0.0400562,0,0,0,233.364,0,7723.55,0,0,0,0,0,0,235.418,0,233.364,233.364,0,0
01:11:15:04:58:03,4445.1,4436.8,0,0.0400562,0,0,0,233.364,0,7722.12,0,0,0,0,0,0,233.988,0,233.364,233.364,0,0
01:11:15:04:58:04,4443.95,4435.94,0,0.0400562,0,0,0,233.364,0,7720.97,0,0,0,0,0,0,232.843,0,233.364,233.364,0,0
01:11:15:04:58:05,4443.09,4434.51,0,0.0400562,0,0,0,233.364,0,7720.11,0,0,0,0,0,0,231.985,0,233.364,233.364,0,0
01:11:15:04:58:06,4441.95,4433.94,0,0.0400562,0,0,0,233.364,0,7718.97,0,0,0,0,0,0,230.84,0,233.364,233.364,0,0
01:11:15:04:58:07,4442.24,4434.8,0,0.0400562,0,0,0,233.364,0,7719.25,0,0,0,0,0,0,231.126,0,233.364,233.364,0,0
#,01:11:15:04:58:08,WELLBORE,DEPTHS,1,[1|Rate|9170.370117],,,,,,,,,,,,,,,,,
01:11:15:04:58:08,4440.81,4433.37,0,0.0400562,0,0,0,233.364,0,7717.82,0,0,0,0,0,0,229.696,0,233.364,233.364,0,0
01:11:15:04:58:09,4440.81,4432.79,0,0.0400562,0,0,0,233.364,0,7717.82,0,0,0,0,0,0,229.696,0,233.364,233.364,0,0
01:11:15:04:58:10,4440.52,4431.65,0,0.0400562,0,0,0,233.364,0,7717.54,0,0,0,0,0,0,229.41,0,233.364,233.364,0,0
01:11:15:04:58:11,4438.23,4429.93,0,0.0400562,0,0,0,233.364,0,7715.25,0,0,0,0,0,0,227.121,0,233.364,233.364,0,0
01:11:15:04:58:12,4437.94,4429.93,0,0.0400562,0,0,0,233.364,0,7714.96,0,0,0,0,0,0,226.834,0,233.364,233.364,0,0
01:11:15:04:58:13,4437.66,4430.79,0,0.0400562,0,0,0,233.364,0,7714.68,0,0,0,0,0,0,226.549,0,233.364,233.364,0,0
01:11:15:04:58:14,4438.23,4430.22,0,0.0400562,0,0,0,233.364,0,7715.25,0,0,0,0,0,0,227.121,0,233.364,233.364,0,0
01:11:15:04:58:15,4437.66,4429.65,0,0.0400562,0,0,0,233.364,0,7714.68,0,0,0,0,0,0,226.549,0,233.364,233.364,0,0
01:11:15:04:58:16,4436.51,4429.08,0,0.0400562,0,0,0,233.364,0,7713.53,0,0,0,0,0,0,225.404,0,233.364,233.364,0,0
01:11:15:04:58:17,4434.8,4427.07,0,0.0400562,0,0,0,233.364,0,7711.82,0,0,0,0,0,0,223.688,0,233.364,233.364,0,0
01:11:15:04:58:18,4434.51,4426.5,0,0.0400562,0,0,0,233.364,0,7711.53,0,0,0,0,0,0,223.402,0,233.364,233.364,0,0
01:11:15:04:58:19,4431.94,4424.21,0,0.0400562,0,0,0,233.364,0,7708.95,0,0,0,0,0,0,220.826,0,233.364,233.364,0,0
01:11:15:04:58:20,4432.22,4423.93,0,0.0400562,0,0,0,233.364,0,7709.24,0,0,0,0,0,0,221.113,0,233.364,233.364,0,0
01:11:15:04:58:21,4431.65,4423.64,0,0.0400562,0,0,0,233.364,0,7708.67,0,0,0,0,0,0,220.541,0,233.364,233.364,0,0
01:11:15:04:58:22,4433.08,4424.5,0,0.0400562,0,0,0,233.364,0,7710.1,0,0,0,0,0,0,221.971,0,233.364,233.364,0,0
#,01:11:15:04:58:23,WELLBORE,DEPTHS,1,[1|Rate|9170.370117],,,,,,,,,,,,,,,,,
01:11:15:04:58:23,4431.08,4422.5,0,0.0400562,0,0,0,233.364,0,7708.1,0,0,0,0,0,0,219.968,0,233.364,233.364,0,0
01:11:15:04:58:24,4429.65,4421.92,0,0.0400562,0,0,0,233.364,0,7706.67,0,0,0,0,0,0,218.538,0,233.364,233.364,0,0
01:11:15:04:58:25,4427.36,4418.49,0,0.0400562,0,0,0,233.364,0,7704.38,0,0,0,0,0,0,216.249,0,233.364,233.364,0,0
01:11:15:04:58:26,4427.07,4418.78,0,0.0400562,0,0,0,233.364,0,7704.09,0,0,0,0,0,0,215.963,0,233.364,233.364,0,0
01:11:15:04:58:27,4425.93,4418.2,0,0.0400562,0,0,0,233.364,0,7702.95,0,0,0,0,0,0,214.818,0,233.364,233.364,0,0
01:11:15:04:58:28,4427.07,4418.49,0,0.0400562,0,0,0,233.364,0,7704.09,0,0,0,0,0,0,215.963,0,233.364,233.364,0,0
01:11:15:04:58:29,4426.79,4419.06,0,0.0400562,0,0,0,233.364,0,7703.81,0,0,0,0,0,0,215.677,0,233.364,233.364,0,0
01:11:15:04:58:30,4427.07,4419.63,0,0.0400562,0,0,0,233.364,0,7704.09,0,0,0,0,0,0,215.963,0,233.364,233.364,0,0
01:11:15:04:58:31,4425.93,4417.63,0,0.0400562,0,0,0,233.364,0,7702.95,0,0,0,0,0,0,214.818,0,233.364,233.364,0,0
01:11:15:04:58:32,4426.79,4419.06,0,0.0400562,0,0,0,233.364,0,7703.81,0,0,0,0,0,0,215.677,0,233.364,233.364,0,0
01:11:15:04:58:33,4424.21,4417.06,0,0.0400562,0,0,0,233.364,0,7701.23,0,0,0,0,0,0,213.102,0,233.364,233.364,0,0
01:11:15:04:58:34,4423.93,4415.92,0,0.0400562,0,0,0,233.364,0,7700.94,0,0,0,0,0,0,212.816,0,233.364,233.364,0,0
01:11:15:04:58:35,4420.78,4413.05,0,0.0400562,0,0,0,233.364,0,7697.8,0,0,0,0,0,0,209.669,0,233.364,233.364,0,0
01:11:15:04:58:36,4420.49,4412.2,0,0.0400562,0,0,0,233.364,0,7697.51,0,0,0,0,0,0,209.382,0,233.364,233.364,0,0
01:11:15:04:58:37,4418.2,4410.48,0,0.0400562,0,0,0,233.364,0,7695.22,0,0,0,0,0,0,207.094,0,233.364,233.364,0,0
#,01:11:15:04:58:38,WELLBORE,DEPTHS,1,[1|Rate|9170.370117],,,,,,,,,,,,,,,,,
01:11:15:04:58:38,4419.35,4411.34,0,0.0400562,0,0,0,233.364,0,7696.37,0,0,0,0,0,0,208.238,0,233.364,233.364,0,0
01:11:15:04:58:39,4417.35,4409.62,0,0.0400562,0,0,0,233.364,0,7694.36,0,0,0,0,0,0,206.235,0,233.364,233.364,0,0
01:11:15:04:58:40,4418.78,4410.48,0,0.0400562,0,0,0,233.364,0,7695.79,0,0,0,0,0,0,207.666,0,233.364,233.364,0,0
01:11:15:04:58:41,4417.92,4409.33,0,0.0400562,0,0,0,233.364,0,7694.94,0,0,0,0,0,0,206.808,0,233.364,233.364,0,0
01:11:15:04:58:42,4416.49,4409.33,0,0.0400562,0,0,0,233.364,0,7693.5,0,0,0,0,0,0,205.377,0,233.364,233.364,0,0
01:11:15:04:58:43,4415.06,4407.33,0,0.0400562,0,0,0,233.364,0,7692.07,0,0,0,0,0,0,203.946,0,233.364,233.364,0,0
01:11:15:04:58:44,4416.2,4408.19,0,0.0400562,0,0,0,233.364,0,7693.22,0,0,0,0,0,0,205.091,0,233.364,233.364,0,0
01:11:15:04:58:45,4413.63,4405.62,0,0.0400562,0,0,0,233.364,0,7690.64,0,0,0,0,0,0,202.516,0,233.364,233.364,0,0
01:11:15:04:58:46,4414.48,4406.19,0,0.0400562,0,0,0,233.364,0,7691.5,0,0,0,0,0,0,203.374,0,233.364,233.364,0,0
01:11:15:04:58:47,4412.48,4404.19,0,0.0400562,0,0,0,233.364,0,7689.5,0,0,0,0,0,0,201.372,0,233.364,233.364,0,0
01:11:15:04:58:48,4411.91,4404.19,0,0.0400562,0,0,0,233.364,0,7688.93,0,0,0,0,0,0,200.799,0,233.364,233.364,0,0
01:11:15:04:58:49,4411.91,4403.33,0,0.0400562,0,0,0,233.364,0,7688.93,0,0,0,0,0,0,200.799,0,233.364,233.364,0,0
01:11:15:04:58:50,4411.62,4404.19,0,0.0400562,0,0,0,233.364,0,7688.64,0,0,0,0,0,0,200.513,0,233.364,233.364,0,0
01:11:15:04:58:51,4411.34,4402.75,0,0.0400562,0,0,0,233.364,0,7688.36,0,0,0,0,0,0,200.227,0,233.364,233.364,0,0
01:11:15:04:58:52,4411.62,4403.33,0,0.0400562,0,0,0,233.364,0,7688.64,0,0,0,0,0,0,200.513,0,233.364,233.364,0,0
#,01:11:15:04:58:53,WELLBORE,DEPTHS,1,[1|Rate|9170.370117],,,,,,,,,,,,,,,,,
01:11:15:04:58:53,4411.62,4402.75,0,0.0400562,0,0,0,233.364,0,7688.64,0,0,0,0,0,0,200.513,0,233.364,233.364,0,0
01:11:15:04:58:54,4409.33,4401.32,0,0.0400562,0,0,0,233.364,0,7686.35,0,0,0,0,0,0,198.225,0,233.364,233.364,0,0
01:11:15:04:58:55,4408.48,4400.47,0,0.0400562,0,0,0,233.364,0,7685.49,0,0,0,0,0,0,197.366,0,233.364,233.364,0,0
01:11:15:04:58:56,4407.62,4399.32,0,0.0400562,0,0,0,233.364,0,7684.64,0,0,0,0,0,0,196.508,0,233.364,233.364,0,0
01:11:15:04:58:57,4406.19,4397.89,0,0.0400562,0,0,0,233.364,0,7683.21,0,0,0,0,0,0,195.077,0,233.364,233.364,0,0
01:11:15:04:58:58,4405.9,4398.18,0,0.0400562,0,0,0,233.364,0,7682.92,0,0,0,0,0,0,194.791,0,233.364,233.364,0,0
01:11:15:04:58:59,4404.19,4396.17,0,0.0400562,0,0,0,233.364,0,7681.2,0,0,0,0,0,0,193.075,0,233.364,233.364,0,0
01:11:15:04:59:00,4403.04,4395.03,0,0.0400562,0,0,0,233.364,0,7680.06,0,0,0,0,0,0,191.93,0,233.364,233.364,0,0
01:11:15:04:59:01,4402.75,4394.46,0,0.0400562,0,0,0,233.364,0,7679.77,0,0,0,0,0,0,191.645,0,233.364,233.364,0,0
01:11:15:04:59:02,4402.75,4394.46,0,0.0400562,0,0,0,233.364,0,7679.77,0,0,0,0,0,0,191.645,0,233.364,233.364,0,0
01:11:15:04:59:03,4402.18,4393.03,0,0.0400562,0,0,0,233.364,0,7679.2,0,0,0,0,0,0,191.072,0,233.364,233.364,0,0
01:11:15:04:59:04,4401.32,4392.74,0,0.0400562,0,0,0,233.364,0,7678.34,0,0,0,0,0,0,190.214,0,233.364,233.364,0,0
01:11:15:04:59:05,4401.9,4393.31,0,0.0400562,0,0,0,233.364,0,7678.91,0,0,0,0,0,0,190.786,0,233.364,233.364,0,0
01:11:15:04:59:06,4400.18,4391.31,0,0.0400562,0,0,0,233.364,0,7677.2,0,0,0,0,0,0,189.069,0,233.364,233.364,0,0
01:11:15:04:59:07,4399.89,4391.02,0,0.0400562,0,0,0,233.364,0,7676.91,0,0,0,0,0,0,188.783,0,233.364,233.364,0,0
#,01:11:15:04:59:08,WELLBORE,DEPTHS,1,[1|Rate|9170.370117],,,,,,,,,,,,,,,,,
01:11:15:04:59:08,4398.18,4390.17,0,0.0400562,0,0,0,233.364,0,7675.19,0,0,0,0,0,0,187.067,0,233.364,233.364,0,0
01:11:15:04:59:09,4398.75,4390.17,0,0.0400562,0,0,0,233.364,0,7675.77,0,0,0,0,0,0,187.639,0,233.364,233.364,0,0
01:11:15:04:59:10,4397.6,4389.02,0,0.0400562,0,0,0,233.364,0,7674.62,0,0,0,0,0,0,186.494,0,233.364,233.364,0,0
01:11:15:04:59:11,4397.32,4389.02,0,0.0400562,0,0,0,233.364,0,7674.34,0,0,0,0,0,0,186.209,0,233.364,233.364,0,0
01:11:15:04:59:12,4395.89,4387.59,0,0.0400562,0,0,0,233.364,0,7672.91,0,0,0,0,0,0,184.778,0,233.364,233.364,0,0
01:11:15:04:59:13,4396.75,4388.45,0,0.0400562,0,0,0,233.364,0,7673.76,0,0,0,0,0,0,185.636,0,233.364,233.364,0,0
01:11:15:04:59:14,4396.17,4387.59,0,0.0400562,0,0,0,233.364,0,7673.19,0,0,0,0,0,0,185.064,0,233.364,233.364,0,0
01:11:15:04:59:15,4396.46,4388.16,0,0.0400562,0,0,0,233.364,0,7673.48,0,0,0,0,0,0,185.35,0,233.364,233.364,0,0
01:11:15:04:59:16,4395.6,4387.02,0,0.0400562,0,0,0,233.364,0,7672.62,0,0,0,0,0,0,184.491,0,233.364,233.364,0,0
01:11:15:04:59:17,4395.32,4386.45,0,0.0400562,0,0,0,233.364,0,7672.33,0,0,0,0,0,0,184.206,0,233.364,233.364,0,0
01:11:15:04:59:18,4393.31,4384.44,0,0.0400562,0,0,0,233.364,0,7670.33,0,0,0,0,0,0,182.203,0,233.364,233.364,0,0
01:11:15:04:59:19,4393.03,4384.16,0,0.0400562,0,0,0,233.364,0,7670.04,0,0,0,0,0,0,181.917,0,233.364,233.364,0,0
01:11:15:04:59:20,4393.03,4384.44,0,0.0400562,0,0,0,233.364,0,7670.04,0,0,0,0,0,0,181.917,0,233.364,233.364,0,0
01:11:15:04:59:21,4391.88,4383.87,0,0.0400562,0,0,0,233.364,0,7668.9,0,0,0,0,0,0,180.773,0,233.364,233.364,0,0
01:11:15:04:59:22,4392.46,4383.87,0,0.0400562,0,0,0,233.364,0,7669.47,0,0,0,0,0,0,181.345,0,233.364,233.364,0,0
#,01:11:15:04:59:23,WELLBORE,DEPTHS,1,[1|Rate|9170.370117],,,,,,,,,,,,,,,,,
01:11:15:04:59:23,4392.46,4383.59,0,0.0400562,0,0,0,233.364,0,7669.47,0,0,0,0,0,0,181.345,0,233.364,233.364,0,0
01:11:15:04:59:24,4390.17,4381.3,0,0.0400562,0,0,0,233.364,0,7667.18,0,0,0,0,0,0,179.055,0,233.364,233.364,0,0
01:11:15:04:59:25,4389.02,4381.01,0,0.0400562,0,0,0,233.364,0,7666.04,0,0,0,0,0,0,177.911,0,233.364,233.364,0,0
01:11:15:04:59:26,4387.59,4379.29,0,0.0400562,0,0,0,233.364,0,7664.61,0,0,0,0,0,0,176.481,0,233.364,233.364,0,0
01:11:15:04:59:27,4386.45,4378.15,0,0.0400562,0,0,0,233.364,0,7663.46,0,0,0,0,0,0,175.337,0,233.364,233.364,0,0
01:11:15:04:59:28,4387.02,4379.01,0,0.0400562,0,0,0,233.364,0,7664.04,0,0,0,0,0,0,175.909,0,233.364,233.364,0,0
01:11:15:04:59:29,4388.45,4380.15,0,0.0400562,0,0,0,233.364,0,7665.47,0,0,0,0,0,0,177.339,0,233.364,233.364,0,0
01:11:15:04:59:30,4388.74,4380.15,0,0.0400562,0,0,0,233.364,0,7665.75,0,0,0,0,0,0,177.625,0,233.364,233.364,0,0
01:11:15:04:59:31,4385.3,4377.29,0,0.0400562,0,0,0,233.364,0,7662.32,0,0,0,0,0,0,174.192,0,233.364,233.364,0,0
01:11:15:04:59:32,4385.02,4376.43,0,0.0400562,0,0,0,233.364,0,7662.03,0,0,0,0,0,0,173.906,0,233.364,233.364,0,0
01:11:15:04:59:33,4383.3,4375.29,0,0.0400562,0,0,0,233.364,0,7660.32,0,0,0,0,0,0,172.189,0,233.364,233.364,0,0
01:11:15:04:59:34,4382.16,4374.43,0,0.0400562,0,0,0,233.364,0,7659.17,0,0,0,0,0,0,171.045,0,233.364,233.364,0,0
01:11:15:04:59:35,4381.58,4373.29,0,0.0400562,0,0,0,233.364,0,7658.6,0,0,0,0,0,0,170.473,0,233.364,233.364,0,0
01:11:15:04:59:36,4382.16,4374.14,0,0.0400562,0,0,0,233.364,0,7659.17,0,0,0,0,0,0,171.045,0,233.364,233.364,0,0
01:11:15:04:59:37,4380.72,4372.14,0,0.0400562,0,0,0,233.364,0,7657.74,0,0,0,0,0,0,169.614,0,233.364,233.364,0,0
#,01:11:15:04:59:38,WELLBORE,DEPTHS,1,[1|Rate|9170.370117],,,,,,,,,,,,,,,,,
01:11:15:04:59:38,4379.87,4371.57,0,0.0400562,0,0,0,233.364,0,7656.88,0,0,0,0,0,0,168.757,0,233.364,233.364,0,0
01:11:15:04:59:39,4379.58,4371,0,0.0400562,0,0,0,233.364,0,7656.6,0,0,0,0,0,0,168.47,0,233.364,233.364,0,0
01:11:15:04:59:40,4379.87,4371.28,0,0.0400562,0,0,0,233.364,0,7656.88,0,0,0,0,0,0,168.757,0,233.364,233.364,0,0
01:11:15:04:59:41,4379.58,4371.28,0,0.0400562,0,0,0,233.364,0,7656.6,0,0,0,0,0,0,168.47,0,233.364,233.364,0,0
01:11:15:04:59:42,4381.58,4372.71,0,0.0400562,0,0,0,233.364,0,7658.6,0,0,0,0,0,0,170.473,0,233.364,233.364,0,0
01:11:15:04:59:43,4380.44,4371.57,0,0.0400562,0,0,0,233.364,0,7657.46,0,0,0,0,0,0,169.329,0,233.364,233.364,0,0
01:11:15:04:59:44,4378.72,4371,0,0.0400562,0,0,0,233.364,0,7655.74,0,0,0,0,0,0,167.611,0,233.364,233.364,0,0
01:11:15:04:59:45,4377.58,4368.71,0,0.0400562,0,0,0,233.364,0,7654.6,0,0,0,0,0,0,166.467,0,233.364,233.364,0,0
01:11:15:04:59:46,4377.29,4368.42,0,0.0400562,0,0,0,233.364,0,7654.31,0,0,0,0,0,0,166.181,0,233.364,233.364,0,0
01:11:15:04:59:47,4375.86,4367.28,0,0.0400562,0,0,0,233.364,0,7652.88,0,0,0,0,0,0,164.751,0,233.364,233.364,0,0
01:11:15:04:59:48,4375.86,4366.71,0,0.0400562,0,0,0,233.364,0,7652.88,0,0,0,0,0,0,164.751,0,233.364,233.364,0,0
01:11:15:04:59:49,4375.86,4367.28,0,0.0400562,0,0,0,233.364,0,7652.88,0,0,0,0,0,0,164.751,0,233.364,233.364,0,0
01:11:15:04:59:50,4375.57,4366.71,0,0.0400562,0,0,0,233.364,0,7652.59,0,0,0,0,0,0,164.465,0,233.364,233.364,0,0
01:11:15:04:59:51,4374.14,4365.85,0,0.0400562,0,0,0,233.364,0,7651.16,0,0,0,0,0,0,163.034,0,233.364,233.364,0,0
01:11:15:04:59:52,4373.29,4364.42,0,0.0400562,0,0,0,233.364,0,7650.3,0,0,0,0,0,0,162.176,0,233.364,233.364,0,0
#,01:11:15:04:59:53,WELLBORE,DEPTHS,1,[1|Rate|9170.370117],,,,,,,,,,,,,,,,,
01:11:15:04:59:53,4373.57,4364.99,0,0.0400562,0,0,0,233.364,0,7650.59,0,0,0,0,0,0,162.462,0,233.364,233.364,0,0
01:11:15:04:59:54,4371.86,4363.84,0,0.0400562,0,0,0,233.364,0,7648.87,0,0,0,0,0,0,160.745,0,233.364,233.364,0,0
01:11:15:04:59:55,4372.14,4362.99,0,0.0400562,0,0,0,233.364,0,7649.16,0,0,0,0,0,0,161.031,0,233.364,233.364,0,0
01:11:15:04:59:56,4370.43,4361.56,0,0.0400562,0,0,0,233.364,0,7647.44,0,0,0,0,0,0,159.315,0,233.364,233.364,0,0
01:11:15:04:59:57,4370.71,4362.13,0,0.0400562,0,0,0,233.364,0,7647.73,0,0,0,0,0,0,159.601,0,233.364,233.364,0,0
01:11:15:04:59:58,4368.71,4360.13,0,0.0400562,0,0,0,233.364,0,7645.73,0,0,0,0,0,0,157.598,0,233.364,233.364,0,0
01:11:15:04:59:59,4368.42,4360.13,0,0.0400562,0,0,0,233.364,0,7645.44,0,0,0,0,0,0,157.313,0,233.364,233.364,0,0
01:11:15:05:00:00,4367.56,4358.98,0,0.0400562,0,0,0,233.364,0,7644.58,0,0,0,0,0,0,156.454,0,233.364,233.364,0,0
01:11:15:05:00:01,4367.56,4358.69,0,0.0400562,0,0,0,233.364,0,7644.58,0,0,0,0,0,0,156.454,0,233.364,233.364,0,0
01:11:15:05:00:02,4366.71,4357.26,0,0.0400562,0,0,0,233.364,0,7643.72,0,0,0,0,0,0,155.595,0,233.364,233.364,0,0
01:11:15:05:00:03,4366.71,4357.55,0,0.0400562,0,0,0,233.364,0,7643.72,0,0,0,0,0,0,155.595,0,233.364,233.364,0,0
01:11:15:05:00:04,4364.7,4357.26,0,0.0400562,0,0,0,233.364,0,7641.72,0,0,0,0,0,0,153.593,0,233.364,233.364,0,0
01:11:15:05:00:05,4365.85,4356.98,0,0.0400562,0,0,0,233.364,0,7642.87,0,0,0,0,0,0,154.737,0,233.364,233.364,0,0
01:11:15:05:00:06,4364.13,4355.83,0,0.0400562,0,0,0,233.364,0,7641.15,0,0,0,0,0,0,153.021,0,233.364,233.364,0,0
01:11:15:05:00:07,4365.27,4356.41,0,0.0400562,0,0,0,233.364,0,7642.29,0,0,0,0,0,0,154.165,0,233.364,233.364,0,0
#,01:11:15:05:00:08,WELLBORE,DEPTHS,1,[1|Rate|9170.370117],,,,,,,,,,,,,,,,,
01:11:15:05:00:08,4364.42,4355.55,0,0.0400562,0,0,0,233.364,0,7641.43,0,0,0,0,0,0,153.307,0,233.364,233.364,0,0
01:11:15:05:00:09,4363.27,4354.12,0,0.0400562,0,0,0,233.364,0,7640.29,0,0,0,0,0,0,152.162,0,233.364,233.364,0,0
01:11:15:05:00:10,4362.41,4353.54,0,0.0400562,0,0,0,233.364,0,7639.43,0,0,0,0,0,0,151.304,0,233.364,233.364,0,0
01:11:15:05:00:11,4360.98,4352.97,0,0.0400562,0,0,0,233.364,0,7638,0,0,0,0,0,0,149.874,0,233.364,233.364,0,0
01:11:15:05:00:12,4359.55,4350.97,0,0.0400562,0,0,0,233.364,0,7636.57,0,0,0,0,0,0,148.443,0,233.364,233.364,0,0
01:11:15:05:00:13,4359.27,4350.68,0,0.0400562,0,0,0,233.364,0,7636.28,0,0,0,0,0,0,148.157,0,233.364,233.364,0,0
01:11:15:05:00:14,4358.69,4350.11,0,0.0400562,0,0,0,233.364,0,7635.71,0,0,0,0,0,0,147.585,0,233.364,233.364,0,0
01:11:15:05:00:15,4358.12,4349.25,0,0.0400562,0,0,0,233.364,0,7635.14,0,0,0,0,0,0,147.013,0,233.364,233.364,0,0
01:11:15:05:00:16,4358.41,4349.25,0,0.0400562,0,0,0,233.364,0,7635.43,0,0,0,0,0,0,147.299,0,233.364,233.364,0,0
01:11:15:05:00:17,4356.98,4348.97,0,0.0400562,0,0,0,233.364,0,7634,0,0,0,0,0,0,145.868,0,233.364,233.364,0,0
01:11:15:05:00:18,4356.12,4348.11,0,0.0400562,0,0,0,233.364,0,7633.14,0,0,0,0,0,0,145.01,0,233.364,233.364,0,0
01:11:15:05:00:19,4355.83,4347.25,0,0.0400562,0,0,0,233.364,0,7632.85,0,0,0,0,0,0,144.723,0,233.364,233.364,0,0
01:11:15:05:00:20,4354.69,4345.82,0,0.0400562,0,0,0,233.364,0,7631.71,0,0,0,0,0,0,143.579,0,233.364,233.364,0,0
01:11:15:05:00:21,4355.26,4346.11,0,0.0400562,0,0,0,233.364,0,7632.28,0,0,0,0,0,0,144.151,0,233.364,233.364,0,0
01:11:15:05:00:22,4353.83,4345.82,0,0.0400562,0,0,0,233.364,0,7630.85,0,0,0,0,0,0,142.721,0,233.364,233.364,0,0
#,01:11:15:05:00:23,WELLBORE,DEPTHS,1,[1|Rate|9170.370117],,,,,,,,,,,,,,,,,
01:11:15:05:00:23,4353.26,4344.68,0,0.0400562,0,0,0,233.364,0,7630.28,0,0,0,0,0,0,142.149,0,233.364,233.364,0,0
01:11:15:05:00:24,4352.69,4343.82,0,0.0400562,0,0,0,233.364,0,7629.7,0,0,0,0,0,0,141.577,0,233.364,233.364,0,0
01:11:15:05:00:25,4351.54,4343.25,0,0.0400562,0,0,0,233.364,0,7628.56,0,0,0,0,0,0,140.432,0,233.364,233.364,0,0
01:11:15:05:00:26,4351.83,4343.25,0,0.0400562,0,0,0,233.364,0,7628.85,0,0,0,0,0,0,140.718,0,233.364,233.364,0,0
01:11:15:05:00:27,4350.97,4342.39,0,0.0400562,0,0,0,233.364,0,7627.99,0,0,0,0,0,0,139.86,0,233.364,233.364,0,0
01:11:15:05:00:28,4350.4,4342.1,0,0.0400562,0,0,0,233.364,0,7627.42,0,0,0,0,0,0,139.288,0,233.364,233.364,0,0
01:11:15:05:00:29,4350.11,4341.24,0,0.0400562,0,0,0,233.364,0,7627.13,0,0,0,0,0,0,139.002,0,233.364,233.364,0,0
01:11:15:05:00:30,4347.82,4339.24,0,0.0400562,0,0,0,233.364,0,7624.84,0,0,0,0,0,0,136.713,0,233.364,233.364,0,0
01:11:15:05:00:31,4347.25,4338.1,0,0.0400562,0,0,0,233.364,0,7624.27,0,0,0,0,0,0,136.141,0,233.364,233.364,0,0
01:11:15:05:00:32,4342.67,4334.09,0,0.0400562,0,0,0,233.364,0,7619.69,0,0,0,0,0,0,131.563,0,233.364,233.364,0,0
01:11:15:05:00:33,4337.24,4328.94,0,0.0400562,0,0,0,233.364,0,7614.26,0,0,0,0,0,0,126.127,0,233.364,233.364,0,0
01:11:15:05:00:34,4330.37,4322.93,0,0.0400562,0,0,0,233.364,0,7607.39,0,0,0,0,0,0,119.26,0,233.364,233.364,0,0
01:11:15:05:00:35,4326.08,4317.78,0,0.0400562,0,0,0,233.364,0,7603.1,0,0,0,0,0,0,114.969,0,233.364,233.364,0,0
01:11:15:05:00:36,4324.36,4315.49,0,0.0400562,0,0,0,233.364,0,7601.38,0,0,0,0,0,0,113.252,0,233.364,233.364,0,0
01:11:15:05:00:37,4324.94,4316.92,0,0.0400562,0,0,0,233.364,0,7601.95,0,0,0,0,0,0,113.824,0,233.364,233.364,0,0
#,01:11:15:05:00:38,WELLBORE,DEPTHS,1,[1|Rate|9170.370117],,,,,,,,,,,,,,,,,
01:11:15:05:00:38,4327.8,4318.93,0,0.0400562,0,0,0,233.364,0,7604.81,0,0,0,0,0,0,116.686,0,233.364,233.364,0,0
01:11:15:05:00:39,4328.65,4319.79,0,0.0400562,0,0,0,233.364,0,7605.67,0,0,0,0,0,0,117.544,0,233.364,233.364,0,0
01:11:15:05:00:40,4327.51,4319.21,0,0.0400562,0,0,0,233.364,0,7604.53,0,0,0,0,0,0,116.4,0,233.364,233.364,0,0
01:11:15:05:00:41,4326.37,4317.78,0,0.0400562,0,0,0,233.364,0,7603.38,0,0,0,0,0,0,115.255,0,233.364,233.364,0,0
01:11:15:05:00:42,4324.36,4315.78,0,0.0400562,0,0,0,233.364,0,7601.38,0,0,0,0,0,0,113.252,0,233.364,233.364,0,0
01:11:15:05:00:43,4322.07,4313.49,0,0.0400562,0,0,0,233.364,0,7599.09,0,0,0,0,0,0,110.964,0,233.364,233.364,0,0
01:11:15:05:00:44,4321.79,4313.78,0,0.0400562,0,0,0,233.364,0,7598.81,0,0,0,0,0,0,110.678,0,233.364,233.364,0,0
01:11:15:05:00:45,4322.07,4313.2,0,0.0400562,0,0,0,233.364,0,7599.09,0,0,0,0,0,0,110.964,0,233.364,233.364,0,0
01:11:15:05:00:46,4322.36,4312.92,0,0.0400562,0,0,0,233.364,0,7599.38,0,0,0,0,0,0,111.25,0,233.364,233.364,0,0
01:11:15:05:00:47,4320.93,4312.92,0,0.0400562,0,0,0,233.364,0,7597.95,0,0,0,0,0,0,109.819,0,233.364,233.364,0,0
01:11:15:05:00:48,4320.93,4311.77,0,0.0400562,0,0,0,233.364,0,7597.95,0,0,0,0,0,0,109.819,0,233.364,233.364,0,0
01:11:15:05:00:49,4320.07,4310.92,0,0.0400562,0,0,0,233.364,0,7597.09,0,0,0,0,0,0,108.961,0,233.364,233.364,0,0
01:11:15:05:00:50,4319.21,4310.34,0,0.0400562,0,0,0,233.364,0,7596.23,0,0,0,0,0,0,108.103,0,233.364,233.364,0,0
01:11:15:05:00:51,4318.64,4310.34,0,0.0400562,0,0,0,233.364,0,7595.66,0,0,0,0,0,0,107.53,0,233.364,233.364,0,0
01:11:15:05:00:52,4318.35,4308.91,0,0.0400562,0,0,0,233.364,0,7595.37,0,0,0,0,0,0,107.244,0,233.364,233.364,0,0
#,01:11:15:05:00:53,WELLBORE,DEPTHS,1,[1|Rate|9170.370117],,,,,,,,,,,,,,,,,
01:11:15:05:00:53,4317.5,4309.2,0,0.0400562,0,0,0,233.364,0,7594.51,0,0,0,0,0,0,106.386,0,233.364,233.364,0,0
01:11:15:05:00:54,4316.64,4307.48,0,0.0400562,0,0,0,233.364,0,7593.66,0,0,0,0,0,0,105.528,0,233.364,233.364,0,0
01:11:15:05:00:55,4315.49,4306.34,0,0.0400562,0,0,0,233.364,0,7592.51,0,0,0,0,0,0,104.383,0,233.364,233.364,0,0
01:11:15:05:00:56,4314.35,4306.91,0,0.0400562,0,0,0,233.364,0,7591.37,0,0,0,0,0,0,103.239,0,233.364,233.364,0,0
01:11:15:05:00:57,4314.64,4306.34,0,0.0400562,0,0,0,233.364,0,7591.65,0,0,0,0,0,0,103.525,0,233.364,233.364,0,0
01:11:15:05:00:58,4313.78,4305.48,0,0.0400562,0,0,0,233.364,0,7590.8,0,0,0,0,0,0,102.667,0,233.364,233.364,0,0
01:11:15:05:00:59,4313.2,4304.91,0,0.0400562,0,0,0,233.364,0,7590.22,0,0,0,0,0,0,102.095,0,233.364,233.364,0,0
01:11:15:05:01:00,4312.35,4304.34,0,0.0400562,0,0,0,233.364,0,7589.36,0,0,0,0,0,0,101.236,0,233.364,233.364,0,0
01:11:15:05:01:01,4311.49,4303.48,0,0.0400562,0,0,0,233.364,0,7588.51,0,0,0,0,0,0,100.378,0,233.364,233.364,0,0
01:11:15:05:01:02,4312.06,4303.19,0,0.0400562,0,0,0,233.364,0,7589.08,0,0,0,0,0,0,100.95,0,233.364,233.364,0,0
01:11:15:05:01:03,4311.49,4302.62,0,0.0400562,0,0,0,233.364,0,7588.51,0,0,0,0,0,0,100.378,0,233.364,233.364,0,0
01:11:15:05:01:04,4310.63,4301.76,0,0.0400562,0,0,0,233.364,0,7587.65,0,0,0,0,0,0,99.5196,0,233.364,233.364,0,0
01:11:15:05:01:05,4310.06,4301.47,0,0.0400562,0,0,0,233.364,0,7587.08,0,0,0,0,0,0,98.9476,0,233.364,233.364,0,0
01:11:15:05:01:06,4308.91,4299.76,0,0.0400562,0,0,0,233.364,0,7585.93,0,0,0,0,0,0,97.803,0,233.364,233.364,0,0
01:11:15:05:01:07,4308.91,4300.04,0,0.0400562,0,0,0,233.364,0,7585.93,0,0,0,0,0,0,97.803,0,233.364,233.364,0,0
#,01:11:15:05:01:08,WELLBORE,DEPTHS,1,[1|Rate|9170.370117],,,,,,,,,,,,,,,,,
01:11:15:05:01:08,4307.48,4298.9,0,0.0400562,0,0,0,233.364,0,7584.5,0,0,0,0,0,0,96.3723,0,233.364,233.364,0,0
01:11:15:05:01:09,4307.77,4298.61,0,0.0400562,0,0,0,233.364,0,7584.79,0,0,0,0,0,0,96.6589,0,233.364,233.364,0,0
01:11:15:05:01:10,4306.34,4298.33,0,0.0400562,0,0,0,233.364,0,7583.36,0,0,0,0,0,0,95.2283,0,233.364,233.364,0,0
01:11:15:05:01:11,4307.48,4298.33,0,0.0400562,0,0,0,233.364,0,7584.5,0,0,0,0,0,0,96.3723,0,233.364,233.364,0,0
01:11:15:05:01:12,4306.62,4297.47,0,0.0400562,0,0,0,233.364,0,7583.64,0,0,0,0,0,0,95.5143,0,233.364,233.364,0,0
01:11:15:05:01:13,4305.48,4297.76,0,0.0400562,0,0,0,233.364,0,7582.5,0,0,0,0,0,0,94.3697,0,233.364,233.364,0,0
01:11:15:05:01:14,4304.05,4295.47,0,0.0400562,0,0,0,233.364,0,7581.07,0,0,0,0,0,0,92.939,0,233.364,233.364,0,0
01:11:15:05:01:15,4303.76,4295.75,0,0.0400562,0,0,0,233.364,0,7580.78,0,0,0,0,0,0,92.6536,0,233.364,233.364,0,0
01:11:15:05:01:16,4303.19,4294.32,0,0.0400562,0,0,0,233.364,0,7580.21,0,0,0,0,0,0,92.081,0,233.364,233.364,0,0
01:11:15:05:01:17,4302.62,4294.04,0,0.0400562,0,0,0,233.364,0,7579.64,0,0,0,0,0,0,91.5089,0,233.364,233.364,0,0
01:11:15:05:01:18,4302.05,4293.46,0,0.0400562,0,0,0,233.364,0,7579.06,0,0,0,0,0,0,90.9363,0,233.364,233.364,0,0
01:11:15:05:01:19,4302.33,4292.89,0,0.0400562,0,0,0,233.364,0,7579.35,0,0,0,0,0,0,91.2229,0,233.364,233.364,0,0
01:11:15:05:01:20,4301.19,4292.03,0,0.0400562,0,0,0,233.364,0,7578.21,0,0,0,0,0,0,90.0783,0,233.364,233.364,0,0
01:11:15:05:01:21,4301.47,4293.18,0,0.0400562,0,0,0,233.364,0,7578.49,0,0,0,0,0,0,90.3643,0,233.364,233.364,0,0
01:11:15:05:01:22,4300.04,4291.75,0,0.0400562,0,0,0,233.364,0,7577.06,0,0,0,0,0,0,88.9336,0,233.364,233.364,0,0
#,01:11:15:05:01:23,WELLBORE,DEPTHS,1,[1|Rate|9170.370117],,,,,,,,,,,,,,,,,
01:11:15:05:01:23,4300.04,4290.89,0,0.0400562,0,0,0,233.364,0,7577.06,0,0,0,0,0,0,88.9336,0,233.364,233.364,0,0
01:11:15:05:01:24,4297.76,4289.46,0,0.0400562,0,0,0,233.364,0,7574.77,0,0,0,0,0,0,86.6455,0,233.364,233.364,0,0
01:11:15:05:01:25,4298.04,4289.74,0,0.0400562,0,0,0,233.364,0,7575.06,0,0,0,0,0,0,86.931,0,233.364,233.364,0,0
01:11:15:05:01:26,4297.18,4288.6,0,0.0400562,0,0,0,233.364,0,7574.2,0,0,0,0,0,0,86.0729,0,233.364,233.364,0,0
01:11:15:05:01:27,4296.9,4288.31,0,0.0400562,0,0,0,233.364,0,7573.92,0,0,0,0,0,0,85.7869,0,233.364,233.364,0,0
01:11:15:05:01:28,4296.61,4286.88,0,0.0400562,0,0,0,233.364,0,7573.63,0,0,0,0,0,0,85.5003,0,233.364,233.364,0,0
01:11:15:05:01:29,4295.75,4286.6,0,0.0400562,0,0,0,233.364,0,7572.77,0,0,0,0,0,0,84.6428,0,233.364,233.364,0,0
01:11:15:05:01:30,4294.89,4286.02,0,0.0400562,0,0,0,233.364,0,7571.91,0,0,0,0,0,0,83.7842,0,233.364,233.364,0,0
01:11:15:05:01:31,4296.04,4287.46,0,0.0400562,0,0,0,233.364,0,7573.06,0,0,0,0,0,0,84.9283,0,233.364,233.364,0,0
01:11:15:05:01:32,4294.32,4285.45,0,0.0400562,0,0,0,233.364,0,7571.34,0,0,0,0,0,0,83.2122,0,233.364,233.364,0,0
01:11:15:05:01:33,4294.04,4285.45,0,0.0400562,0,0,0,233.364,0,7571.05,0,0,0,0,0,0,82.9256,0,233.364,233.364,0,0
01:11:15:05:01:34,4292.61,4283.74,0,0.0400562,0,0,0,233.364,0,7569.62,0,0,0,0,0,0,81.4949,0,233.364,233.364,0,0
01:11:15:05:01:35,4292.32,4283.45,0,0.0400562,0,0,0,233.364,0,7569.34,0,0,0,0,0,0,81.2095,0,233.364,233.364,0,0
01:11:15:05:01:36,4291.17,4282.31,0,0.0400562,0,0,0,233.364,0,7568.19,0,0,0,0,0,0,80.0649,0,233.364,233.364,0,0
01:11:15:05:01:37,4290.89,4282.02,0,0.0400562,0,0,0,233.364,0,7567.91,0,0,0,0,0,0,79.7789,0,233.364,233.364,0,0
#,01:11:15:05:01:38,WELLBORE,DEPTHS,1,[1|Rate|9170.370117],,,,,,,,,,,,,,,,,
01:11:15:05:01:38,4290.03,4280.88,0,0.0400562,0,0,0,233.364,0,7567.05,0,0,0,0,0,0,78.9202,0,233.364,233.364,0,0
01:11:15:05:01:39,4290.32,4281.45,0,0.0400562,0,0,0,233.364,0,7567.33,0,0,0,0,0,0,79.2068,0,233.364,233.364,0,0
01:11:15:05:01:40,4289.17,4280.3,0,0.0400562,0,0,0,233.364,0,7566.19,0,0,0,0,0,0,78.0622,0,233.364,233.364,0,0
01:11:15:05:01:41,4288.6,4279.44,0,0.0400562,0,0,0,233.364,0,7565.62,0,0,0,0,0,0,77.4896,0,233.364,233.364,0,0
01:11:15:05:01:42,4287.17,4278.87,0,0.0400562,0,0,0,233.364,0,7564.19,0,0,0,0,0,0,76.0595,0,233.364,233.364,0,0
01:11:15:05:01:43,4287.46,4278.87,0,0.0400562,0,0,0,233.364,0,7564.47,0,0,0,0,0,0,76.3455,0,233.364,233.364,0,0
01:11:15:05:01:44,4287.46,4278.3,0,0.0400562,0,0,0,233.364,0,7564.47,0,0,0,0,0,0,76.3455,0,233.364,233.364,0,0
01:11:15:05:01:45,4286.6,4278.01,0,0.0400562,0,0,0,233.364,0,7563.62,0,0,0,0,0,0,75.4869,0,233.364,233.364,0,0
01:11:15:05:01:46,4285.74,4276.87,0,0.0400562,0,0,0,233.364,0,7562.76,0,0,0,0,0,0,74.6289,0,233.364,233.364,0,0
01:11:15:05:01:47,4285.74,4276.87,0,0.0400562,0,0,0,233.364,0,7562.76,0,0,0,0,0,0,74.6289,0,233.364,233.364,0,0
01:11:15:05:01:48,4284.59,4275.73,0,0.0400562,0,0,0,233.364,0,7561.61,0,0,0,0,0,0,73.4842,0,233.364,233.364,0,0
01:11:15:05:01:49,4283.74,4275.44,0,0.0400562,0,0,0,233.364,0,7560.75,0,0,0,0,0,0,72.6262,0,233.364,233.364,0,0
01:11:15:05:01:50,4283.45,4274.87,0,0.0400562,0,0,0,233.364,0,7560.47,0,0,0,0,0,0,72.3402,0,233.364,233.364,0,0
01:11:15:05:01:51,4283.16,4274.29,0,0.0400562,0,0,0,233.364,0,7560.18,0,0,0,0,0,0,72.0536,0,233.364,233.364,0,0
01:11:15:05:01:52,4282.59,4273.72,0,0.0400562,0,0,0,233.364,0,7559.61,0,0,0,0,0,0,71.4815,0,233.364,233.364,0,0
#,01:11:15:05:01:53,WELLBORE,DEPTHS,1,[1|Rate|9170.370117],,,,,,,,,,,,,,,,,
01:11:15:05:01:53,4282.31,4273.15,0,0.0400562,0,0,0,233.364,0,7559.32,0,0,0,0,0,0,71.1955,0,233.364,233.364,0,0
01:11:15:05:01:54,4280.88,4271.72,0,0.0400562,0,0,0,233.364,0,7557.89,0,0,0,0,0,0,69.7655,0,233.364,233.364,0,0
01:11:15:05:01:55,4280.59,4272.29,0,0.0400562,0,0,0,233.364,0,7557.61,0,0,0,0,0,0,69.4789,0,233.364,233.364,0,0
01:11:15:05:01:56,4279.44,4271.43,0,0.0400562,0,0,0,233.364,0,7556.46,0,0,0,0,0,0,68.3348,0,233.364,233.364,0,0
01:11:15:05:01:57,4279.73,4270.86,0,0.0400562,0,0,0,233.364,0,7556.75,0,0,0,0,0,0,68.6208,0,233.364,233.364,0,0
01:11:15:05:01:58,4279.16,4270,0,0.0400562,0,0,0,233.364,0,7556.18,0,0,0,0,0,0,68.0482,0,233.364,233.364,0,0
01:11:15:05:01:59,4278.87,4270.29,0,0.0400562,0,0,0,233.364,0,7555.89,0,0,0,0,0,0,67.7628,0,233.364,233.364,0,0
01:11:15:05:02:00,4277.73,4269.15,0,0.0400562,0,0,0,233.364,0,7554.75,0,0,0,0,0,0,66.6181,0,233.364,233.364,0,0
01:11:15:05:02:01,4278.01,4268.29,0,0.0400562,0,0,0,233.364,0,7555.03,0,0,0,0,0,0,66.9042,0,233.364,233.364,0,0
01:11:15:05:02:02,4276.58,4267.71,0,0.0400562,0,0,0,233.364,0,7553.6,0,0,0,0,0,0,65.4735,0,233.364,233.364,0,0
01:11:15:05:02:03,4276.3,4267.43,0,0.0400562,0,0,0,233.364,0,7553.32,0,0,0,0,0,0,65.1875,0,233.364,233.364,0,0
01:11:15:05:02:04,4276.01,4266.86,0,0.0400562,0,0,0,233.364,0,7553.03,0,0,0,0,0,0,64.9015,0,233.364,233.364,0,0
01:11:15:05:02:05,4275.73,4266.28,0,0.0400562,0,0,0,233.364,0,7552.74,0,0,0,0,0,0,64.6155,0,233.364,233.364,0,0
01:11:15:05:02:06,4274.87,4266.57,0,0.0400562,0,0,0,233.364,0,7551.89,0,0,0,0,0,0,63.7574,0,233.364,233.364,0,0
01:11:15:05:02:07,4274.87,4266.57,0,0.0400562,0,0,0,233.364,0,7551.89,0,0,0,0,0,0,63.7574,0,233.364,233.364,0,0
#,01:11:15:05:02:08,WELLBORE,DEPTHS,1,[1|Rate|9170.370117],,,,,,,,,,,,,,,,,
01:11:15:05:02:08,4274.29,4265.43,0,0.0400562,0,0,0,233.364,0,7551.31,0,0,0,0,0,0,63.1848,0,233.364,233.364,0,0
01:11:15:05:02:09,4274.29,4264.85,0,0.0400562,0,0,0,233.364,0,7551.31,0,0,0,0,0,0,63.1848,0,233.364,233.364,0,0
01:11:15:05:02:10,4277.16,4268.57,0,0.0400562,0,0,0,233.364,0,7554.17,0,0,0,0,0,0,66.0455,0,233.364,233.364,0,0
01:11:15:05:02:11,4278.59,4269.43,0,0.0400562,0,0,0,233.364,0,7555.6,0,0,0,0,0,0,67.4762,0,233.364,233.364,0,0
01:11:15:05:02:12,4280.02,4271.15,0,0.0400562,0,0,0,233.364,0,7557.04,0,0,0,0,0,0,68.9068,0,233.364,233.364,0,0
01:11:15:05:02:13,4280.3,4271.43,0,0.0400562,0,0,0,233.364,0,7557.32,0,0,0,0,0,0,69.1928,0,233.364,233.364,0,0
01:11:15:05:02:14,4280.88,4272.58,0,0.0400562,0,0,0,233.364,0,7557.89,0,0,0,0,0,0,69.7655,0,233.364,233.364,0,0
01:11:15:05:02:15,4281.73,4273.44,0,0.0400562,0,0,0,233.364,0,7558.75,0,0,0,0,0,0,70.6235,0,233.364,233.364,0,0
01:11:15:05:02:16,4284.02,4275.44,0,0.0400562,0,0,0,233.364,0,7561.04,0,0,0,0,0,0,72.9122,0,233.364,233.364,0,0
01:11:15:05:02:17,4285.17,4275.73,0,0.0400562,0,0,0,233.364,0,7562.18,0,0,0,0,0,0,74.0563,0,233.364,233.364,0,0
01:11:15:05:02:18,4285.17,4276.58,0,0.0400562,0,0,0,233.364,0,7562.18,0,0,0,0,0,0,74.0563,0,233.364,233.364,0,0
01:11:15:05:02:19,4284.31,4275.15,0,0.0400562,0,0,0,233.364,0,7561.33,0,0,0,0,0,0,73.1988,0,233.364,233.364,0,0
01:11:15:05:02:20,4283.16,4274.01,0,0.0400562,0,0,0,233.364,0,7560.18,0,0,0,0,0,0,72.0536,0,233.364,233.364,0,0
01:11:15:05:02:21,4281.73,4272.86,0,0.0400562,0,0,0,233.364,0,7558.75,0,0,0,0,0,0,70.6235,0,233.364,233.364,0,0
01:11:15:05:02:22,4282.31,4273.15,0,0.0400562,0,0,0,233.364,0,7559.32,0,0,0,0,0,0,71.1955,0,233.364,233.364,0,0
#,01:11:15:05:02:23,WELLBORE,DEPTHS,1,[1|Rate|9170.370117],,,,,,,,,,,,,,,,,
01:11:15:05:02:23,4282.88,4274.29,0,0.0400562,0,0,0,233.364,0,7559.9,0,0,0,0,0,0,71.7681,0,233.364,233.364,0,0
01:11:15:05:02:24,4283.16,4274.29,0,0.0400562,0,0,0,233.364,0,7560.18,0,0,0,0,0,0,72.0536,0,233.364,233.364,0,0
01:11:15:05:02:25,4283.16,4273.72,0,0.0400562,0,0,0,233.364,0,7560.18,0,0,0,0,0,0,72.0536,0,233.364,233.364,0,0
01:11:15:05:02:26,4282.88,4274.01,0,0.0400562,0,0,0,233.364,0,7559.9,0,0,0,0,0,0,71.7681,0,233.364,233.364,0,0
01:11:15:05:02:27,4281.45,4272.58,0,0.0400562,0,0,0,233.364,0,7558.47,0,0,0,0,0,0,70.3375,0,233.364,233.364,0,0
01:11:15:05:02:28,4280.88,4272.01,0,0.0400562,0,0,0,233.364,0,7557.89,0,0,0,0,0,0,69.7655,0,233.364,233.364,0,0
01:11:15:05:02:29,4281.16,4272.01,0,0.0400562,0,0,0,233.364,0,7558.18,0,0,0,0,0,0,70.0509,0,233.364,233.364,0,0
01:11:15:05:02:30,4280.02,4271.15,0,0.0400562,0,0,0,233.364,0,7557.04,0,0,0,0,0,0,68.9068,0,233.364,233.364,0,0
01:11:15:05:02:31,4279.73,4271.15,0,0.0400562,0,0,0,233.364,0,7556.75,0,0,0,0,0,0,68.6208,0,233.364,233.364,0,0
01:11:15:05:02:32,4278.3,4270.58,0,0.0400562,0,0,0,233.364,0,7555.32,0,0,0,0,0,0,67.1902,0,233.364,233.364,0,0
01:11:15:05:02:33,4279.16,4270,0,0.0400562,0,0,0,233.364,0,7556.18,0,0,0,0,0,0,68.0482,0,233.364,233.364,0,0
01:11:15:05:02:34,4278.01,4268.86,0,0.0400562,0,0,0,233.364,0,7555.03,0,0,0,0,0,0,66.9042,0,233.364,233.364,0,0
01:11:15:05:02:35,4276.58,4268.29,0,0.0400562,0,0,0,233.364,0,7553.6,0,0,0,0,0,0,65.4735,0,233.364,233.364,0,0
01:11:15:05:02:36,4276.01,4267.14,0,0.0400562,0,0,0,233.364,0,7553.03,0,0,0,0,0,0,64.9015,0,233.364,233.364,0,0
01:11:15:05:02:37,4276.87,4267.71,0,0.0400562,0,0,0,233.364,0,7553.89,0,0,0,0,0,0,65.7601,0,233.364,233.364,0,0
#,01:11:15:05:02:38,WELLBORE,DEPTHS,1,[1|Rate|9170.370117],,,,,,,,,,,,,,,,,
01:11:15:05:02:38,4276.01,4266.57,0,0.0400562,0,0,0,233.364,0,7553.03,0,0,0,0,0,0,64.9015,0,233.364,233.364,0,0
01:11:15:05:02:39,4275.15,4266.57,0,0.0400562,0,0,0,233.364,0,7552.17,0,0,0,0,0,0,64.0428,0,233.364,233.364,0,0
01:11:15:05:02:40,4275.15,4266,0,0.0400562,0,0,0,233.364,0,7552.17,0,0,0,0,0,0,64.0428,0,233.364,233.364,0,0
01:11:15:05:02:41,4274.01,4265.14,0,0.0400562,0,0,0,233.364,0,7551.03,0,0,0,0,0,0,62.8988,0,233.364,233.364,0,0
01:11:15:05:02:42,4273.15,4264,0,0.0400562,0,0,0,233.364,0,7550.17,0,0,0,0,0,0,62.0402,0,233.364,233.364,0,0
01:11:15:05:02:43,4272.01,4262.85,0,0.0400562,0,0,0,233.364,0,7549.02,0,0,0,0,0,0,60.8961,0,233.364,233.364,0,0
01:11:15:05:02:44,4271.15,4263.14,0,0.0400562,0,0,0,233.364,0,7548.17,0,0,0,0,0,0,60.0375,0,233.364,233.364,0,0
01:11:15:05:02:45,4274.01,4264.57,0,0.0400562,0,0,0,233.364,0,7551.03,0,0,0,0,0,0,62.8988,0,233.364,233.364,0,0
01:11:15:05:02:46,4273.44,4263.71,0,0.0400562,0,0,0,233.364,0,7550.46,0,0,0,0,0,0,62.3268,0,233.364,233.364,0,0
01:11:15:05:02:47,4272.29,4263.42,0,0.0400562,0,0,0,233.364,0,7549.31,0,0,0,0,0,0,61.1821,0,233.364,233.364,0,0
01:11:15:05:02:48,4269.15,4260.28,0,0.0400562,0,0,0,233.364,0,7546.16,0,0,0,0,0,0,58.0348,0,233.364,233.364,0,0
01:11:15:05:02:49,4268.29,4258.85,0,0.0400562,0,0,0,233.364,0,7545.31,0,0,0,0,0,0,57.1768,0,233.364,233.364,0,0
01:11:15:05:02:50,4267.43,4258.27,0,0.0400562,0,0,0,233.364,0,7544.45,0,0,0,0,0,0,56.3187,0,233.364,233.364,0,0
01:11:15:05:02:51,4267.71,4258.27,0,0.0400562,0,0,0,233.364,0,7544.73,0,0,0,0,0,0,56.6042,0,233.364,233.364,0,0
01:11:15:05:02:52,4267.14,4257.42,0,0.0400562,0,0,0,233.364,0,7544.16,0,0,0,0,0,0,56.0321,0,233.364,233.364,0,0
#,01:11:15:05:02:53,WELLBORE,DEPTHS,1,[1|Rate|9170.370117],,,,,,,,,,,,,,,,,
01:11:15:05:02:53,4268.29,4258.85,0,0.0400562,0,0,0,233.364,0,7545.31,0,0,0,0,0,0,57.1768,0,233.364,233.364,0,0
01:11:15:05:02:54,4267.71,4257.99,0,0.0400562,0,0,0,233.364,0,7544.73,0,0,0,0,0,0,56.6042,0,233.364,233.364,0,0
01:11:15:05:02:55,4266.57,4256.56,0,0.0400562,0,0,0,233.364,0,7543.59,0,0,0,0,0,0,55.4601,0,233.364,233.364,0,0
01:11:15:05:02:56,4264.85,4255.98,0,0.0400562,0,0,0,233.364,0,7541.87,0,0,0,0,0,0,53.7434,0,233.364,233.364,0,0
01:11:15:05:02:57,4264,4254.84,0,0.0400562,0,0,0,233.364,0,7541.01,0,0,0,0,0,0,52.8854,0,233.364,233.364,0,0
01:11:15:05:02:58,4262.85,4253.7,0,0.0400562,0,0,0,233.364,0,7539.87,0,0,0,0,0,0,51.7407,0,233.364,233.364,0,0
01:11:15:05:02:59,4263.42,4254.55,0,0.0400562,0,0,0,233.364,0,7540.44,0,0,0,0,0,0,52.3134,0,233.364,233.364,0,0
01:11:15:05:03:00,4263.42,4253.98,0,0.0400562,0,0,0,233.364,0,7540.44,0,0,0,0,0,0,52.3134,0,233.364,233.364,0,0
01:11:15:05:03:01,4262.28,4253.41,0,0.0400562,0,0,0,233.364,0,7539.3,0,0,0,0,0,0,51.1681,0,233.364,233.364,0,0
01:11:15:05:03:02,4261.13,4251.98,0,0.0400562,0,0,0,233.364,0,7538.15,0,0,0,0,0,0,50.0241,0,233.364,233.364,0,0
01:11:15:05:03:03,4261.42,4252.27,0,0.0400562,0,0,0,233.364,0,7538.44,0,0,0,0,0,0,50.3107,0,233.364,233.364,0,0
01:11:15:05:03:04,4259.99,4250.83,0,0.0400562,0,0,0,233.364,0,7537.01,0,0,0,0,0,0,48.88,0,233.364,233.364,0,0
01:11:15:05:03:05,4259.42,4249.98,0,0.0400562,0,0,0,233.364,0,7536.44,0,0,0,0,0,0,48.3074,0,233.364,233.364,0,0
01:11:15:05:03:06,4259.42,4249.98,0,0.0400562,0,0,0,233.364,0,7536.44,0,0,0,0,0,0,48.3074,0,233.364,233.364,0,0
01:11:15:05:03:07,4259.42,4249.98,0,0.0400562,0,0,0,233.364,0,7536.44,0,0,0,0,0,0,48.3074,0,233.364,233.364,0,0
#,01:11:15:05:03:08,WELLBORE,DEPTHS,1,[1|Rate|9170.370117],,,,,,,,,,,,,,,,,
01:11:15:05:03:08,4258.85,4249.69,0,0.0400562,0,0,0,233.364,0,7535.86,0,0,0,0,0,0,47.7354,0,233.364,233.364,0,0
01:11:15:05:03:09,4258.56,4250.26,0,0.0400562,0,0,0,233.364,0,7535.58,0,0,0,0,0,0,47.4494,0,233.364,233.364,0,0
01:11:15:05:03:10,4257.7,4248.26,0,0.0400562,0,0,0,233.364,0,7534.72,0,0,0,0,0,0,46.5908,0,233.364,233.364,0,0
01:11:15:05:03:11,4256.84,4247.69,0,0.0400562,0,0,0,233.364,0,7533.86,0,0,0,0,0,0,45.7327,0,233.364,233.364,0,0
01:11:15:05:03:12,4254.55,4245.4,0,0.0400562,0,0,0,233.364,0,7531.57,0,0,0,0,0,0,43.444,0,233.364,233.364,0,0
01:11:15:05:03:13,4254.84,4244.83,0,0.0400562,0,0,0,233.364,0,7531.86,0,0,0,0,0,0,43.73,0,233.364,233.364,0,0
01:11:15:05:03:14,4254.27,4245.69,0,0.0400562,0,0,0,233.364,0,7531.29,0,0,0,0,0,0,43.1574,0,233.364,233.364,0,0
01:11:15:05:03:15,4254.55,4245.11,0,0.0400562,0,0,0,233.364,0,7531.57,0,0,0,0,0,0,43.444,0,233.364,233.364,0,0
01:11:15:05:03:16,4254.27,4244.83,0,0.0400562,0,0,0,233.364,0,7531.29,0,0,0,0,0,0,43.1574,0,233.364,233.364,0,0
01:11:15:05:03:17,4253.7,4245.11,0,0.0400562,0,0,0,233.364,0,7530.71,0,0,0,0,0,0,42.5854,0,233.364,233.364,0,0
01:11:15:05:03:18,4252.27,4243.4,0,0.0400562,0,0,0,233.364,0,7529.28,0,0,0,0,0,0,41.1547,0,233.364,233.364,0,0
01:11:15:05:03:19,4252.55,4243.11,0,0.0400562,0,0,0,233.364,0,7529.57,0,0,0,0,0,0,41.4413,0,233.364,233.364,0,0
01:11:15:05:03:20,4250.26,4241.68,0,0.0400562,0,0,0,233.364,0,7527.28,0,0,0,0,0,0,39.1521,0,233.364,233.364,0,0
01:11:15:05:03:21,4251.41,4242.54,0,0.0400562,0,0,0,233.364,0,7528.42,0,0,0,0,0,0,40.2967,0,233.364,233.364,0,0
01:11:15:05:03:22,4251.12,4242.54,0,0.0400562,0,0,0,233.364,0,7528.14,0,0,0,0,0,0,40.0107,0,233.364,233.364,0,0
#,01:11:15:05:03:23,WELLBORE,DEPTHS,1,[1|Rate|9170.370117],,,,,,,,,,,,,,,,,
01:11:15:05:03:23,4250.83,4241.11,0,0.0400562,0,0,0,233.364,0,7527.85,0,0,0,0,0,0,39.7247,0,233.364,233.364,0,0
01:11:15:05:03:24,4251.41,4241.68,0,0.0400562,0,0,0,233.364,0,7528.42,0,0,0,0,0,0,40.2967,0,233.364,233.364,0,0
01:11:15:05:03:25,4251.69,4242.82,0,0.0400562,0,0,0,233.364,0,7528.71,0,0,0,0,0,0,40.5827,0,233.364,233.364,0,0
01:11:15:05:03:26,4250.26,4241.11,0,0.0400562,0,0,0,233.364,0,7527.28,0,0,0,0,0,0,39.1521,0,233.364,233.364,0,0
01:11:15:05:03:27,4248.55,4239.68,0,0.0400562,0,0,0,233.364,0,7525.56,0,0,0,0,0,0,37.436,0,233.364,233.364,0,0
01:11:15:05:03:28,4247.69,4238.82,0,0.0400562,0,0,0,233.364,0,7524.71,0,0,0,0,0,0,36.5773,0,233.364,233.364,0,0
01:11:15:05:03:29,4247.97,4238.82,0,0.0400562,0,0,0,233.364,0,7524.99,0,0,0,0,0,0,36.8639,0,233.364,233.364,0,0
01:11:15:05:03:30,4247.69,4238.53,0,0.0400562,0,0,0,233.364,0,7524.71,0,0,0,0,0,0,36.5773,0,233.364,233.364,0,0
01:11:15:05:03:31,4247.69,4238.53,0,0.0400562,0,0,0,233.364,0,7524.71,0,0,0,0,0,0,36.5773,0,233.364,233.364,0,0
01:11:15:05:03:32,4247.69,4238.82,0,0.0400562,0,0,0,233.364,0,7524.71,0,0,0,0,0,0,36.5773,0,233.364,233.364,0,0
01:11:15:05:03:33,4247.12,4237.96,0,0.0400562,0,0,0,233.364,0,7524.13,0,0,0,0,0,0,36.0053,0,233.364,233.364,0,0
01:11:15:05:03:34,4246.26,4236.82,0,0.0400562,0,0,0,233.364,0,7523.27,0,0,0,0,0,0,35.1467,0,233.364,233.364,0,0
01:11:15:05:03:35,4245.97,4236.82,0,0.0400562,0,0,0,233.364,0,7522.99,0,0,0,0,0,0,34.8607,0,233.364,233.364,0,0
01:11:15:05:03:36,4245.4,4235.96,0,0.0400562,0,0,0,233.364,0,7522.42,0,0,0,0,0,0,34.2887,0,233.364,233.364,0,0
01:11:15:05:03:37,4244.25,4234.53,0,0.0400562,0,0,0,233.364,0,7521.27,0,0,0,0,0,0,33.144,0,233.364,233.364,0,0
#,01:11:15:05:03:38,WELLBORE,DEPTHS,1,[1|Rate|9170.370117],,,,,,,,,,,,,,,,,
01:11:15:05:03:38,4244.25,4234.81,0,0.0400562,0,0,0,233.364,0,7521.27,0,0,0,0,0,0,33.144,0,233.364,233.364,0,0
01:11:15:05:03:39,4243.11,4233.67,0,0.0400562,0,0,0,233.364,0,7520.13,0,0,0,0,0,0,32,0,233.364,233.364,0,0
01:11:15:05:03:40,4242.82,4233.38,0,0.0400562,0,0,0,233.364,0,7519.84,0,0,0,0,0,0,31.7134,0,233.364,233.364,0,0
01:11:15:05:03:41,4241.97,4232.81,0,0.0400562,0,0,0,233.364,0,7518.98,0,0,0,0,0,0,30.8553,0,233.364,233.364,0,0
01:11:15:05:03:42,4241.39,4232.52,0,0.0400562,0,0,0,233.364,0,7518.41,0,0,0,0,0,0,30.2833,0,233.364,233.364,0,0
01:11:15:05:03:43,4241.11,4231.38,0,0.0400562,0,0,0,233.364,0,7518.13,0,0,0,0,0,0,29.9973,0,233.364,233.364,0,0
01:11:15:05:03:44,4240.25,4231.38,0,0.0400562,0,0,0,233.364,0,7517.27,0,0,0,0,0,0,29.1387,0,233.364,233.364,0,0
01:11:15:05:03:45,4239.68,4230.81,0,0.0400562,0,0,0,233.364,0,7516.69,0,0,0,0,0,0,28.5666,0,233.364,233.364,0,0
01:11:15:05:03:46,4239.1,4229.95,0,0.0400562,0,0,0,233.364,0,7516.12,0,0,0,0,0,0,27.9946,0,233.364,233.364,0,0
01:11:15:05:03:47,4238.53,4229.09,0,0.0400562,0,0,0,233.364,0,7515.55,0,0,0,0,0,0,27.4226,0,233.364,233.364,0,0
01:11:15:05:03:48,4237.96,4228.52,0,0.0400562,0,0,0,233.364,0,7514.98,0,0,0,0,0,0,26.85,0,233.364,233.364,0,0
01:11:15:05:03:49,4237.1,4227.37,0,0.0400562,0,0,0,233.364,0,7514.12,0,0,0,0,0,0,25.9919,0,233.364,233.364,0,0
01:11:15:05:03:50,4236.82,4227.37,0,0.0400562,0,0,0,233.364,0,7513.83,0,0,0,0,0,0,25.7053,0,233.364,233.364,0,0
01:11:15:05:03:51,4236.82,4227.09,0,0.0400562,0,0,0,233.364,0,7513.83,0,0,0,0,0,0,25.7053,0,233.364,233.364,0,0
01:11:15:05:03:52,4235.96,4227.09,0,0.0400562,0,0,0,233.364,0,7512.98,0,0,0,0,0,0,24.8473,0,233.364,233.364,0,0
#,01:11:15:05:03:53,WELLBORE,DEPTHS,1,[1|Rate|9170.370117],,,,,,,,,,,,,,,,,
01:11:15:05:03:53,4235.67,4227.09,0,0.0400562,0,0,0,233.364,0,7512.69,0,0,0,0,0,0,24.5613,0,233.364,233.364,0,0
01:11:15:05:03:54,4234.81,4225.94,0,0.0400562,0,0,0,233.364,0,7511.83,0,0,0,0,0,0,23.7026,0,233.364,233.364,0,0
01:11:15:05:03:55,4234.53,4225.66,0,0.0400562,0,0,0,233.364,0,7511.54,0,0,0,0,0,0,23.4166,0,233.364,233.364,0,0
01:11:15:05:03:56,4233.95,4224.51,0,0.0400562,0,0,0,233.364,0,7510.97,0,0,0,0,0,0,22.8446,0,233.364,233.364,0,0
01:11:15:05:03:57,4233.1,4223.94,0,0.0400562,0,0,0,233.364,0,7510.11,0,0,0,0,0,0,21.9866,0,233.364,233.364,0,0
01:11:15:05:03:58,4233.1,4223.94,0,0.0400562,0,0,0,233.364,0,7510.11,0,0,0,0,0,0,21.9866,0,233.364,233.364,0,0
01:11:15:05:03:59,4232.52,4223.66,0,0.0400562,0,0,0,233.364,0,7509.54,0,0,0,0,0,0,21.4139,0,233.364,233.364,0,0
01:11:15:05:04:00,4232.24,4223.37,0,0.0400562,0,0,0,233.364,0,7509.26,0,0,0,0,0,0,21.1279,0,233.364,233.364,0,0
01:11:15:05:04:01,4231.38,4221.65,0,0.0400562,0,0,0,233.364,0,7508.4,0,0,0,0,0,0,20.2693,0,233.364,233.364,0,0
01:11:15:05:04:02,4230.52,4221.37,0,0.0400562,0,0,0,233.364,0,7507.54,0,0,0,0,0,0,19.4113,0,233.364,233.364,0,0
01:11:15:05:04:03,4228.8,4219.08,0,0.0400562,0,0,0,233.364,0,7505.82,0,0,0,0,0,0,17.6946,0,233.364,233.364,0,0
01:11:15:05:04:04,4227.95,4219.94,0,0.0400562,0,0,0,233.364,0,7504.96,0,0,0,0,0,0,16.8366,0,233.364,233.364,0,0
01:11:15:05:04:05,4228.52,4219.36,0,0.0400562,0,0,0,233.364,0,7505.54,0,0,0,0,0,0,17.4086,0,233.364,233.364,0,0
01:11:15:05:04:06,4229.38,4219.94,0,0.0400562,0,0,0,233.364,0,7506.4,0,0,0,0,0,0,18.2666,0,233.364,233.364,0,0
01:11:15:05:04:07,4228.52,4218.51,0,0.0400562,0,0,0,233.364,0,7505.54,0,0,0,0,0,0,17.4086,0,233.364,233.364,0,0
#,01:11:15:05:04:08,WELLBORE,DEPTHS,1,[1|Rate|9170.370117],,,,,,,,,,,,,,,,,
01:11:15:05:04:08,4227.37,4217.65,0,0.0400562,0,0,0,233.364,0,7504.39,0,0,0,0,0,0,16.2639,0,233.364,233.364,0,0
01:11:15:05:04:09,4226.52,4216.79,0,0.0400562,0,0,0,233.364,0,7503.53,0,0,0,0,0,0,15.4059,0,233.364,233.364,0,0
01:11:15:05:04:10,4225.66,4216.5,0,0.0400562,0,0,0,233.364,0,7502.68,0,0,0,0,0,0,14.5479,0,233.364,233.364,0,0
01:11:15:05:04:11,4225.09,4215.64,0,0.0400562,0,0,0,233.364,0,7502.1,0,0,0,0,0,0,13.9758,0,233.364,233.364,0,0
01:11:15:05:04:12,4225.37,4215.93,0,0.0400562,0,0,0,233.364,0,7502.39,0,0,0,0,0,0,14.2613,0,233.364,233.364,0,0
01:11:15:05:04:13,4224.8,4215.64,0,0.0400562,0,0,0,233.364,0,7501.82,0,0,0,0,0,0,13.6892,0,233.364,233.364,0,0
01:11:15:05:04:14,4224.8,4215.07,0,0.0400562,0,0,0,233.364,0,7501.82,0,0,0,0,0,0,13.6892,0,233.364,233.364,0,0
01:11:15:05:04:15,4223.94,4215.07,0,0.0400562,0,0,0,233.364,0,7500.96,0,0,0,0,0,0,12.8306,0,233.364,233.364,0,0
01:11:15:05:04:16,4222.8,4213.93,0,0.0400562,0,0,0,233.364,0,7499.81,0,0,0,0,0,0,11.6866,0,233.364,233.364,0,0
01:11:15:05:04:17,4222.51,4212.78,0,0.0400562,0,0,0,233.364,0,7499.53,0,0,0,0,0,0,11.4005,0,233.364,233.364,0,0
01:11:15:05:04:18,4221.94,4212.78,0,0.0400562,0,0,0,233.364,0,7498.96,0,0,0,0,0,0,10.8279,0,233.364,233.364,0,0
01:11:15:05:04:19,4220.79,4211.07,0,0.0400562,0,0,0,233.364,0,7497.81,0,0,0,0,0,0,9.68388,0,233.364,233.364,0,0
01:11:15:05:04:20,4219.94,4210.21,0,0.0400562,0,0,0,233.364,0,7496.95,0,0,0,0,0,0,8.82525,0,233.364,233.364,0,0
01:11:15:05:04:21,4219.94,4210.49,0,0.0400562,0,0,0,233.364,0,7496.95,0,0,0,0,0,0,8.82525,0,233.364,233.364,0,0
01:11:15:05:04:22,4219.36,4210.49,0,0.0400562,0,0,0,233.364,0,7496.38,0,0,0,0,0,0,8.25323,0,233.364,233.364,0,0
#,01:11:15:05:04:23,WELLBORE,DEPTHS,1,[1|Rate|9170.370117],,,,,,,,,,,,,,,,,
01:11:15:05:04:23,4219.08,4209.64,0,0.0400562,0,0,0,233.364,0,7496.1,0,0,0,0,0,0,7.96721,0,233.364,233.364,0,0
01:11:15:05:04:24,4218.22,4208.78,0,0.0400562,0,0,0,233.364,0,7495.24,0,0,0,0,0,0,7.10917,0,233.364,233.364,0,0
01:11:15:05:04:25,4216.22,4206.77,0,0.0400562,0,0,0,233.364,0,7493.23,0,0,0,0,0,0,5.10649,0,233.364,233.364,0,0
01:11:15:05:04:26,4214.5,4205.34,0,0.0400562,0,0,0,233.364,0,7491.52,0,0,0,0,0,0,3.38924,0,233.364,233.364,0,0
01:11:15:05:04:27,4213.64,4204.2,0,0.0400562,0,0,0,233.364,0,7490.66,0,0,0,0,0,0,2.53178,0,233.364,233.364,0,0
01:11:15:05:04:28,4214.21,4205.06,0,0.0400562,0,0,0,233.364,0,7491.23,0,0,0,0,0,0,3.10381,0,233.364,233.364,0,0
01:11:15:05:04:29,4214.79,4205.34,0,0.0400562,0,0,0,233.364,0,7491.8,0,0,0,0,0,0,3.67584,0,233.364,233.364,0,0
01:11:15:05:04:30,4214.79,4205.06,0,0.0400562,0,0,0,233.364,0,7491.8,0,0,0,0,0,0,3.67584,0,233.364,233.364,0,0
01:11:15:05:04:31,4214.79,4206.2,0,0.0400562,0,0,0,233.364,0,7491.8,0,0,0,0,0,0,3.67584,0,233.364,233.364,0,0
01:11:15:05:04:32,4214.5,4204.77,0,0.0400562,0,0,0,233.364,0,7491.52,0,0,0,0,0,0,3.38924,0,233.364,233.364,0,0
01:11:15:05:04:33,4212.78,4203.91,0,0.0400562,0,0,0,233.364,0,7489.8,0,0,0,0,0,0,1.67315,0,233.364,233.364,0,0
01:11:15:05:04:34,4213.36,4203.06,0,0.0400562,0,0,0,233.364,0,7490.37,0,0,0,0,0,0,2.24518,0,233.364,233.364,0,0
01:11:15:05:04:35,4213.07,4202.77,0,0.0400562,0,0,0,233.364,0,7490.09,0,0,0,0,0,0,1.95917,0,233.364,233.364,0,0
01:11:15:05:04:36,4211.35,4201.91,0,0.0400562,0,0,0,233.364,0,7488.37,0,0,0,0,0,0,0.242503,0,233.364,233.364,0,0
01:11:15:05:04:37,4210.49,4201.34,0,0.0400562,0,0,0,233.364,0,7487.51,0,0,0,0,0,0,-0.61612,0,233.364,233.364,0,0
#,01:11:15:05:04:38,WELLBORE,DEPTHS,1,[1|Rate|9170.370117],,,,,,,,,,,,,,,,,
01:11:15:05:04:38,4210.78,4201.05,0,0.0400562,0,0,0,233.364,0,7487.8,0,0,0,0,0,0,-0.329526,0,233.364,233.364,0,0
01:11:15:05:04:39,4210.49,4200.77,0,0.0400562,0,0,0,233.364,0,7487.51,0,0,0,0,0,0,-0.61612,0,233.364,233.364,0,0
01:11:15:05:04:40,4209.35,4199.62,0,0.0400562,0,0,0,233.364,0,7486.37,0,0,0,0,0,0,-1.76018,0,233.364,233.364,0,0
01:11:15:05:04:41,4209.06,4199.62,0,0.0400562,0,0,0,233.364,0,7486.08,0,0,0,0,0,0,-2.04619,0,233.364,233.364,0,0
01:11:15:05:04:42,4208.78,4199.05,0,0.0400562,0,0,0,233.364,0,7485.8,0,0,0,0,0,0,-2.33221,0,233.364,233.364,0,0
01:11:15:05:04:43,4207.63,4198.48,0,0.0400562,0,0,0,233.364,0,7484.65,0,0,0,0,0,0,-3.47684,0,233.364,233.364,0,0
01:11:15:05:04:44,4207.35,4197.62,0,0.0400562,0,0,0,233.364,0,7484.37,0,0,0,0,0,0,-3.76286,0,233.364,233.364,0,0
01:11:15:05:04:45,4206.77,4197.62,0,0.0400562,0,0,0,233.364,0,7483.79,0,0,0,0,0,0,-4.33489,0,233.364,233.364,0,0
01:11:15:05:04:46,4206.2,4196.48,0,0.0400562,0,0,0,233.364,0,7483.22,0,0,0,0,0,0,-4.90692,0,233.364,233.364,0,0
01:11:15:05:04:47,4205.34,4195.9,0,0.0400562,0,0,0,233.364,0,7482.36,0,0,0,0,0,0,-5.76554,0,233.364,233.364,0,0
01:11:15:05:04:48,4205.34,4195.33,0,0.0400562,0,0,0,233.364,0,7482.36,0,0,0,0,0,0,-5.76554,0,233.364,233.364,0,0
01:11:15:05:04:49,4205.06,4195.62,0,0.0400562,0,0,0,233.364,0,7482.08,0,0,0,0,0,0,-6.05155,0,233.364,233.364,0,0
01:11:15:05:04:50,4205.63,4195.9,0,0.0400562,0,0,0,233.364,0,7482.65,0,0,0,0,0,0,-5.47952,0,233.364,233.364,0,0
01:11:15:05:04:51,4205.06,4195.62,0,0.0400562,0,0,0,233.364,0,7482.08,0,0,0,0,0,0,-6.05155,0,233.364,233.364,0,0
01:11:15:05:04:52,4203.91,4194.19,0,0.0400562,0,0,0,233.364,0,7480.93,0,0,0,0,0,0,-7.19619,0,233.364,233.364,0,0
#,01:11:15:05:04:53,WELLBORE,DEPTHS,1,[1|Rate|9170.370117],,,,,,,,,,,,,,,,,
01:11:15:05:04:53,4203.91,4194.19,0,0.0400562,0,0,0,233.364,0,7480.93,0,0,0,0,0,0,-7.19619,0,233.364,233.364,0,0
01:11:15:05:04:54,4203.34,4193.33,0,0.0400562,0,0,0,233.364,0,7480.36,0,0,0,0,0,0,-7.76822,0,233.364,233.364,0,0
01:11:15:05:04:55,4201.91,4192.47,0,0.0400562,0,0,0,233.364,0,7478.93,0,0,0,0,0,0,-9.19887,0,233.364,233.364,0,0
01:11:15:05:04:56,4201.34,4191.9,0,0.0400562,0,0,0,233.364,0,7478.36,0,0,0,0,0,0,-9.7709,0,233.364,233.364,0,0
01:11:15:05:04:57,4200.48,4190.47,0,0.0400562,0,0,0,233.364,0,7477.5,0,0,0,0,0,0,-10.6295,0,233.364,233.364,0,0
01:11:15:05:04:58,4200.48,4189.9,0,0.0400562,0,0,0,233.364,0,7477.5,0,0,0,0,0,0,-10.6295,0,233.364,233.364,0,0
01:11:15:05:04:59,4201.05,4191.33,0,0.0400562,0,0,0,233.364,0,7478.07,0,0,0,0,0,0,-10.0575,0,233.364,233.364,0,0
01:11:15:05:05:00,4199.34,4190.47,0,0.0400562,0,0,0,233.364,0,7476.35,0,0,0,0,0,0,-11.7736,0,233.364,233.364,0,0
01:11:15:05:05:01,4199.05,4189.61,0,0.0400562,0,0,0,233.364,0,7476.07,0,0,0,0,0,0,-12.0602,0,233.364,233.364,0,0
01:11:15:05:05:02,4194.47,4185.03,0,0.0400562,0,0,0,233.364,0,7471.49,0,0,0,0,0,0,-16.6376,0,233.364,233.364,0,0
01:11:15:05:05:03,4193.33,4183.03,0,0.0400562,0,0,0,233.364,0,7470.35,0,0,0,0,0,0,-17.7816,0,233.364,233.364,0,0
01:11:15:05:05:04,4190.18,4181.03,0,0.0400562,0,0,0,233.364,0,7467.2,0,0,0,0,0,0,-20.9289,0,233.364,233.364,0,0
01:11:15:05:05:05,4187.32,4178.17,0,0.0400562,0,0,0,233.364,0,7464.34,0,0,0,0,0,0,-23.7897,0,233.364,233.364,0,0
01:11:15:05:05:06,4188.18,4178.74,0,0.0400562,0,0,0,233.364,0,7465.2,0,0,0,0,0,0,-22.9316,0,233.364,233.364,0,0
01:11:15:05:05:07,4187.89,4178.74,0,0.0400562,0,0,0,233.364,0,7464.91,0,0,0,0,0,0,-23.2176,0,233.364,233.364,0,0
#,01:11:15:05:05:08,WELLBORE,DEPTHS,1,[1|Rate|9170.370117],,,,,,,,,,,,,,,,,
01:11:15:05:05:08,4187.32,4177.88,0,0.0400562,0,0,0,233.364,0,7464.34,0,0,0,0,0,0,-23.7897,0,233.364,233.364,0,0
01:11:15:05:05:09,4187.32,4178.45,0,0.0400562,0,0,0,233.364,0,7464.34,0,0,0,0,0,0,-23.7897,0,233.364,233.364,0,0
01:11:15:05:05:10,4186.75,4177.88,0,0.0400562,0,0,0,233.364,0,7463.77,0,0,0,0,0,0,-24.3623,0,233.364,233.364,0,0
01:11:15:05:05:11,4186.18,4177.02,0,0.0400562,0,0,0,233.364,0,7463.19,0,0,0,0,0,0,-24.9343,0,233.364,233.364,0,0
01:11:15:05:05:12,4185.89,4176.45,0,0.0400562,0,0,0,233.364,0,7462.91,0,0,0,0,0,0,-25.2203,0,233.364,233.364,0,0
01:11:15:05:05:13,4186.46,4176.45,0,0.0400562,0,0,0,233.364,0,7463.48,0,0,0,0,0,0,-24.6483,0,233.364,233.364,0,0
01:11:15:05:05:14,4187.03,4177.31,0,0.0400562,0,0,0,233.364,0,7464.05,0,0,0,0,0,0,-24.0763,0,233.364,233.364,0,0
01:11:15:05:05:15,4186.46,4176.73,0,0.0400562,0,0,0,233.364,0,7463.48,0,0,0,0,0,0,-24.6483,0,233.364,233.364,0,0
01:11:15:05:05:16,4186.75,4177.31,0,0.0400562,0,0,0,233.364,0,7463.77,0,0,0,0,0,0,-24.3623,0,233.364,233.364,0,0
01:11:15:05:05:17,4186.75,4177.02,0,0.0400562,0,0,0,233.364,0,7463.77,0,0,0,0,0,0,-24.3623,0,233.364,233.364,0,0
01:11:15:05:05:18,4186.18,4176.45,0,0.0400562,0,0,0,233.364,0,7463.19,0,0,0,0,0,0,-24.9343,0,233.364,233.364,0,0
01:11:15:05:05:19,4186.46,4175.88,0,0.0400562,0,0,0,233.364,0,7463.48,0,0,0,0,0,0,-24.6483,0,233.364,233.364,0,0
01:11:15:05:05:20,4186.75,4176.73,0,0.0400562,0,0,0,233.364,0,7463.77,0,0,0,0,0,0,-24.3623,0,233.364,233.364,0,0
01:11:15:05:05:21,4185.89,4175.88,0,0.0400562,0,0,0,233.364,0,7462.91,0,0,0,0,0,0,-25.2203,0,233.364,233.364,0,0
01:11:15:05:05:22,4185.6,4175.59,0,0.0400562,0,0,0,233.364,0,7462.62,0,0,0,0,0,0,-25.5069,0,233.364,233.364,0,0
#,01:11:15:05:05:23,WELLBORE,DEPTHS,1,[1|Rate|9170.370117],,,,,,,,,,,,,,,,,
01:11:15:05:05:23,4185.03,4175.59,0,0.0400562,0,0,0,233.364,0,7462.05,0,0,0,0,0,0,-26.0789,0,233.364,233.364,0,0
01:11:15:05:05:24,4185.6,4176.16,0,0.0400562,0,0,0,233.364,0,7462.62,0,0,0,0,0,0,-25.5069,0,233.364,233.364,0,0
01:11:15:05:05:25,4184.17,4175.3,0,0.0400562,0,0,0,233.364,0,7461.19,0,0,0,0,0,0,-26.937,0,233.364,233.364,0,0
01:11:15:05:05:26,4184.75,4175.02,0,0.0400562,0,0,0,233.364,0,7461.76,0,0,0,0,0,0,-26.365,0,233.364,233.364,0,0
01:11:15:05:05:27,4184.75,4175.02,0,0.0400562,0,0,0,233.364,0,7461.76,0,0,0,0,0,0,-26.365,0,233.364,233.364,0,0
01:11:15:05:05:28,4183.6,4173.87,0,0.0400562,0,0,0,233.364,0,7460.62,0,0,0,0,0,0,-27.5096,0,233.364,233.364,0,0
01:11:15:05:05:29,4186.18,4176.73,0,0.0400562,0,0,0,233.364,0,7463.19,0,0,0,0,0,0,-24.9343,0,233.364,233.364,0,0
01:11:15:05:05:30,4184.46,4174.45,0,0.0400562,0,0,0,233.364,0,7461.48,0,0,0,0,0,0,-26.651,0,233.364,233.364,0,0
01:11:15:05:05:31,4182.74,4172.73,0,0.0400562,0,0,0,233.364,0,7459.76,0,0,0,0,0,0,-28.3676,0,233.364,233.364,0,0
01:11:15:05:05:32,4183.03,4173.3,0,0.0400562,0,0,0,233.364,0,7460.05,0,0,0,0,0,0,-28.0816,0,233.364,233.364,0,0
01:11:15:05:05:33,4180.45,4171.58,0,0.0400562,0,0,0,233.364,0,7457.47,0,0,0,0,0,0,-30.6563,0,233.364,233.364,0,0
01:11:15:05:05:34,4179.88,4169.58,0,0.0400562,0,0,0,233.364,0,7456.9,0,0,0,0,0,0,-31.2284,0,233.364,233.364,0,0
01:11:15:05:05:35,4179.6,4169.87,0,0.0400562,0,0,0,233.364,0,7456.61,0,0,0,0,0,0,-31.515,0,233.364,233.364,0,0
01:11:15:05:05:36,4179.88,4170.15,0,0.0400562,0,0,0,233.364,0,7456.9,0,0,0,0,0,0,-31.2284,0,233.364,233.364,0,0
01:11:15:05:05:37,4179.88,4170.15,0,0.0400562,0,0,0,233.364,0,7456.9,0,0,0,0,0,0,-31.2284,0,233.364,233.364,0,0
#,01:11:15:05:05:38,WELLBORE,DEPTHS,1,[1|Rate|9170.370117],,,,,,,,,,,,,,,,,
01:11:15:05:05:38,4179.02,4170.15,0,0.0400562,0,0,0,233.364,0,7456.04,0,0,0,0,0,0,-32.087,0,233.364,233.364,0,0
01:11:15:05:05:39,4178.45,4169.87,0,0.0400562,0,0,0,233.364,0,7455.47,0,0,0,0,0,0,-32.659,0,233.364,233.364,0,0
01:11:15:05:05:40,4178.17,4168.44,0,0.0400562,0,0,0,233.364,0,7455.18,0,0,0,0,0,0,-32.9456,0,233.364,233.364,0,0
01:11:15:05:05:41,4177.88,4169.01,0,0.0400562,0,0,0,233.364,0,7454.9,0,0,0,0,0,0,-33.231,0,233.364,233.364,0,0
01:11:15:05:05:42,4177.59,4167.29,0,0.0400562,0,0,0,233.364,0,7454.61,0,0,0,0,0,0,-33.5176,0,233.364,233.364,0,0
01:11:15:05:05:43,4177.88,4167.87,0,0.0400562,0,0,0,233.364,0,7454.9,0,0,0,0,0,0,-33.231,0,233.364,233.364,0,0
01:11:15:05:05:44,4178.17,4168.15,0,0.0400562,0,0,0,233.364,0,7455.18,0,0,0,0,0,0,-32.9456,0,233.364,233.364,0,0
01:11:15:05:05:45,4178.17,4168.44,0,0.0400562,0,0,0,233.364,0,7455.18,0,0,0,0,0,0,-32.9456,0,233.364,233.364,0,0
01:11:15:05:05:46,4176.45,4166.72,0,0.0400562,0,0,0,233.364,0,7453.47,0,0,0,0,0,0,-34.6617,0,233.364,233.364,0,0
01:11:15:05:05:47,4174.45,4165.58,0,0.0400562,0,0,0,233.364,0,7451.46,0,0,0,0,0,0,-36.6644,0,233.364,233.364,0,0
01:11:15:05:05:48,4175.02,4165.29,0,0.0400562,0,0,0,233.364,0,7452.04,0,0,0,0,0,0,-36.0923,0,233.364,233.364,0,0
01:11:15:05:05:49,4174.16,4164.72,0,0.0400562,0,0,0,233.364,0,7451.18,0,0,0,0,0,0,-36.951,0,233.364,233.364,0,0
01:11:15:05:05:50,4173.87,4164.72,0,0.0400562,0,0,0,233.364,0,7450.89,0,0,0,0,0,0,-37.2364,0,233.364,233.364,0,0
01:11:15:05:05:51,4173.59,4164.43,0,0.0400562,0,0,0,233.364,0,7450.6,0,0,0,0,0,0,-37.523,0,233.364,233.364,0,0
01:11:15:05:05:52,4173.87,4164.15,0,0.0400562,0,0,0,233.364,0,7450.89,0,0,0,0,0,0,-37.2364,0,233.364,233.364,0,0
#,01:11:15:05:05:53,WELLBORE,DEPTHS,1,[1|Rate|9170.370117],,,,,,,,,,,,,,,,,
01:11:15:05:05:53,4172.73,4163,0,0.0400562,0,0,0,233.364,0,7449.75,0,0,0,0,0,0,-38.381,0,233.364,233.364,0,0
01:11:15:05:05:54,4172.16,4162.43,0,0.0400562,0,0,0,233.364,0,7449.17,0,0,0,0,0,0,-38.9536,0,233.364,233.364,0,0
01:11:15:05:05:55,4171.3,4161.29,0,0.0400562,0,0,0,233.364,0,7448.32,0,0,0,0,0,0,-39.8117,0,233.364,233.364,0,0
01:11:15:05:05:56,4170.44,4160.43,0,0.0400562,0,0,0,233.364,0,7447.46,0,0,0,0,0,0,-40.6697,0,233.364,233.364,0,0
01:11:15:05:05:57,4169.87,4160.43,0,0.0400562,0,0,0,233.364,0,7446.89,0,0,0,0,0,0,-41.2418,0,233.364,233.364,0,0
01:11:15:05:05:58,4170.15,4159.57,0,0.0400562,0,0,0,233.364,0,7447.17,0,0,0,0,0,0,-40.9563,0,233.364,233.364,0,0
01:11:15:05:05:59,4169.01,4159.57,0,0.0400562,0,0,0,233.364,0,7446.03,0,0,0,0,0,0,-42.1004,0,233.364,233.364,0,0
01:11:15:05:06:00,4169.01,4159.57,0,0.0400562,0,0,0,233.364,0,7446.03,0,0,0,0,0,0,-42.1004,0,233.364,233.364,0,0
01:11:15:05:06:01,4168.44,4159,0,0.0400562,0,0,0,233.364,0,7445.46,0,0,0,0,0,0,-42.6724,0,233.364,233.364,0,0
01:11:15:05:06:02,4168.44,4158.42,0,0.0400562,0,0,0,233.364,0,7445.46,0,0,0,0,0,0,-42.6724,0,233.364,233.364,0,0
01:11:15:05:06:03,4167.87,4158.14,0,0.0400562,0,0,0,233.364,0,7444.88,0,0,0,0,0,0,-43.2444,0,233.364,233.364,0,0
01:11:15:05:06:04,4167.87,4157.28,0,0.0400562,0,0,0,233.364,0,7444.88,0,0,0,0,0,0,-43.2444,0,233.364,233.364,0,0
01:11:15:05:06:05,4166.15,4156.14,0,0.0400562,0,0,0,233.364,0,7443.17,0,0,0,0,0,0,-44.9617,0,233.364,233.364,0,0
01:11:15:05:06:06,4166.15,4156.14,0,0.0400562,0,0,0,233.364,0,7443.17,0,0,0,0,0,0,-44.9617,0,233.364,233.364,0,0
01:11:15:05:06:07,4165.86,4155.56,0,0.0400562,0,0,0,233.364,0,7442.88,0,0,0,0,0,0,-45.2471,0,233.364,233.364,0,0
#,01:11:15:05:06:08,WELLBORE,DEPTHS,1,[1|Rate|9170.370117],,,,,,,,,,,,,,,,,
01:11:15:05:06:08,4165,4155.56,0,0.0400562,0,0,0,233.364,0,7442.02,0,0,0,0,0,0,-46.1057,0,233.364,233.364,0,0
01:11:15:05:06:09,4164.15,4154.7,0,0.0400562,0,0,0,233.364,0,7441.16,0,0,0,0,0,0,-46.9644,0,233.364,233.364,0,0
01:11:15:05:06:10,4165.29,4155.28,0,0.0400562,0,0,0,233.364,0,7442.31,0,0,0,0,0,0,-45.8197,0,233.364,233.364,0,0
01:11:15:05:06:11,4164.43,4154.99,0,0.0400562,0,0,0,233.364,0,7441.45,0,0,0,0,0,0,-46.6778,0,233.364,233.364,0,0
01:11:15:05:06:12,4165.29,4156.14,0,0.0400562,0,0,0,233.364,0,7442.31,0,0,0,0,0,0,-45.8197,0,233.364,233.364,0,0
01:11:15:05:06:13,4165.29,4154.99,0,0.0400562,0,0,0,233.364,0,7442.31,0,0,0,0,0,0,-45.8197,0,233.364,233.364,0,0
01:11:15:05:06:14,4163.29,4152.99,0,0.0400562,0,0,0,233.364,0,7440.31,0,0,0,0,0,0,-47.8224,0,233.364,233.364,0,0
01:11:15:05:06:15,4162.43,4152.42,0,0.0400562,0,0,0,233.364,0,7439.45,0,0,0,0,0,0,-48.6805,0,233.364,233.364,0,0
01:11:15:05:06:16,4161,4151.27,0,0.0400562,0,0,0,233.364,0,7438.02,0,0,0,0,0,0,-50.1111,0,233.364,233.364,0,0
01:11:15:05:06:17,4159.28,4150.13,0,0.0400562,0,0,0,233.364,0,7436.3,0,0,0,0,0,0,-51.8278,0,233.364,233.364,0,0
01:11:15:05:06:18,4159.57,4149.84,0,0.0400562,0,0,0,233.364,0,7436.59,0,0,0,0,0,0,-51.5418,0,233.364,233.364,0,0
01:11:15:05:06:19,4160.43,4150.99,0,0.0400562,0,0,0,233.364,0,7437.45,0,0,0,0,0,0,-50.6831,0,233.364,233.364,0,0
01:11:15:05:06:20,4159.85,4150.41,0,0.0400562,0,0,0,233.364,0,7436.87,0,0,0,0,0,0,-51.2557,0,233.364,233.364,0,0
01:11:15:05:06:21,4159.57,4150.13,0,0.0400562,0,0,0,233.364,0,7436.59,0,0,0,0,0,0,-51.5418,0,233.364,233.364,0,0
01:11:15:05:06:22,4161,4151.27,0,0.0400562,0,0,0,233.364,0,7438.02,0,0,0,0,0,0,-50.1111,0,233.364,233.364,0,0
#,01:11:15:05:06:23,WELLBORE,DEPTHS,1,[1|Rate|9170.370117],,,,,,,,,,,,,,,,,
01:11:15:05:06:23,4159,4149.27,0,0.0400562,0,0,0,233.364,0,7436.01,0,0,0,0,0,0,-52.1138,0,233.364,233.364,0,0
01:11:15:05:06:24,4157.28,4147.27,0,0.0400562,0,0,0,233.364,0,7434.3,0,0,0,0,0,0,-53.8305,0,233.364,233.364,0,0
01:11:15:05:06:25,4156.14,4146.12,0,0.0400562,0,0,0,233.364,0,7433.15,0,0,0,0,0,0,-54.9751,0,233.364,233.364,0,0
01:11:15:05:06:26,4155.85,4146.41,0,0.0400562,0,0,0,233.364,0,7432.87,0,0,0,0,0,0,-55.2611,0,233.364,233.364,0,0
01:11:15:05:06:27,4155.85,4145.84,0,0.0400562,0,0,0,233.364,0,7432.87,0,0,0,0,0,0,-55.2611,0,233.364,233.364,0,0
01:11:15:05:06:28,4156.42,4146.69,0,0.0400562,0,0,0,233.364,0,7433.44,0,0,0,0,0,0,-54.6885,0,233.364,233.364,0,0
01:11:15:05:06:29,4156.14,4146.41,0,0.0400562,0,0,0,233.364,0,7433.15,0,0,0,0,0,0,-54.9751,0,233.364,233.364,0,0
01:11:15:05:06:30,4156.42,4146.41,0,0.0400562,0,0,0,233.364,0,7433.44,0,0,0,0,0,0,-54.6885,0,233.364,233.364,0,0
01:11:15:05:06:31,4155.85,4146.12,0,0.0400562,0,0,0,233.364,0,7432.87,0,0,0,0,0,0,-55.2611,0,233.364,233.364,0,0
01:11:15:05:06:32,4154.42,4145.55,0,0.0400562,0,0,0,233.364,0,7431.44,0,0,0,0,0,0,-56.6912,0,233.364,233.364,0,0
01:11:15:05:06:33,4153.85,4144.12,0,0.0400562,0,0,0,233.364,0,7430.86,0,0,0,0,0,0,-57.2638,0,233.364,233.364,0,0
01:11:15:05:06:34,4152.99,4143.83,0,0.0400562,0,0,0,233.364,0,7430.01,0,0,0,0,0,0,-58.1218,0,233.364,233.364,0,0
01:11:15:05:06:35,4152.7,4143.55,0,0.0400562,0,0,0,233.364,0,7429.72,0,0,0,0,0,0,-58.4084,0,233.364,233.364,0,0
01:11:15:05:06:36,4152.7,4142.69,0,0.0400562,0,0,0,233.364,0,7429.72,0,0,0,0,0,0,-58.4084,0,233.364,233.364,0,0
01:11:15:05:06:37,4151.84,4142.12,0,0.0400562,0,0,0,233.364,0,7428.86,0,0,0,0,0,0,-59.2665,0,233.364,233.364,0,0
#,01:11:15:05:06:38,WELLBORE,DEPTHS,1,[1|Rate|9170.370117],,,,,,,,,,,,,,,,,
01:11:15:05:06:38,4151.27,4141.54,0,0.0400562,0,0,0,233.364,0,7428.29,0,0,0,0,0,0,-59.8391,0,233.364,233.364,0,0
01:11:15:05:06:39,4150.7,4141.26,0,0.0400562,0,0,0,233.364,0,7427.72,0,0,0,0,0,0,-60.4111,0,233.364,233.364,0,0
01:11:15:05:06:40,4150.13,4139.54,0,0.0400562,0,0,0,233.364,0,7427.15,0,0,0,0,0,0,-60.9831,0,233.364,233.364,0,0
01:11:15:05:06:41,4149.55,4139.83,0,0.0400562,0,0,0,233.364,0,7426.57,0,0,0,0,0,0,-61.5552,0,233.364,233.364,0,0
01:11:15:05:06:42,4149.55,4139.83,0,0.0400562,0,0,0,233.364,0,7426.57,0,0,0,0,0,0,-61.5552,0,233.364,233.364,0,0
01:11:15:05:06:43,4149.55,4139.26,0,0.0400562,0,0,0,233.364,0,7426.57,0,0,0,0,0,0,-61.5552,0,233.364,233.364,0,0
01:11:15:05:06:44,4148.41,4138.68,0,0.0400562,0,0,0,233.364,0,7425.43,0,0,0,0,0,0,-62.6998,0,233.364,233.364,0,0
01:11:15:05:06:45,4148.41,4138.97,0,0.0400562,0,0,0,233.364,0,7425.43,0,0,0,0,0,0,-62.6998,0,233.364,233.364,0,0
01:11:15:05:06:46,4148.98,4138.97,0,0.0400562,0,0,0,233.364,0,7426,0,0,0,0,0,0,-62.1272,0,233.364,233.364,0,0
01:11:15:05:06:47,4147.55,4138.4,0,0.0400562,0,0,0,233.364,0,7424.57,0,0,0,0,0,0,-63.5578,0,233.364,233.364,0,0
01:11:15:05:06:48,4147.84,4137.82,0,0.0400562,0,0,0,233.364,0,7424.86,0,0,0,0,0,0,-63.2718,0,233.364,233.364,0,0
01:11:15:05:06:49,4147.27,4136.97,0,0.0400562,0,0,0,233.364,0,7424.28,0,0,0,0,0,0,-63.8444,0,233.364,233.364,0,0
01:11:15:05:06:50,4145.55,4135.54,0,0.0400562,0,0,0,233.364,0,7422.57,0,0,0,0,0,0,-65.5605,0,233.364,233.364,0,0
01:11:15:05:06:51,4144.69,4135.25,0,0.0400562,0,0,0,233.364,0,7421.71,0,0,0,0,0,0,-66.4191,0,233.364,233.364,0,0
01:11:15:05:06:52,4144.98,4135.25,0,0.0400562,0,0,0,233.364,0,7422,0,0,0,0,0,0,-66.1326,0,233.364,233.364,0,0
#,01:11:15:05:06:53,WELLBORE,DEPTHS,1,[1|Rate|9170.370117],,,,,,,,,,,,,,,,,
01:11:15:05:06:53,4144.12,4134.39,0,0.0400562,0,0,0,233.364,0,7421.14,0,0,0,0,0,0,-66.9912,0,233.364,233.364,0,0
01:11:15:05:06:54,4145.26,4135.54,0,0.0400562,0,0,0,233.364,0,7422.28,0,0,0,0,0,0,-65.8471,0,233.364,233.364,0,0
01:11:15:05:06:55,4145.26,4134.96,0,0.0400562,0,0,0,233.364,0,7422.28,0,0,0,0,0,0,-65.8471,0,233.364,233.364,0,0
01:11:15:05:06:56,4143.55,4134.11,0,0.0400562,0,0,0,233.364,0,7420.56,0,0,0,0,0,0,-67.5632,0,233.364,233.364,0,0
01:11:15:05:06:57,4142.97,4132.96,0,0.0400562,0,0,0,233.364,0,7419.99,0,0,0,0,0,0,-68.1352,0,233.364,233.364,0,0
01:11:15:05:06:58,4142.4,4132.1,0,0.0400562,0,0,0,233.364,0,7419.42,0,0,0,0,0,0,-68.7078,0,233.364,233.364,0,0
01:11:15:05:06:59,4140.97,4131.24,0,0.0400562,0,0,0,233.364,0,7417.99,0,0,0,0,0,0,-70.1385,0,233.364,233.364,0,0
01:11:15:05:07:00,4141.26,4131.53,0,0.0400562,0,0,0,233.364,0,7418.28,0,0,0,0,0,0,-69.8525,0,233.364,233.364,0,0
01:11:15:05:07:01,4141.26,4132.1,0,0.0400562,0,0,0,233.364,0,7418.28,0,0,0,0,0,0,-69.8525,0,233.364,233.364,0,0
01:11:15:05:07:02,4141.83,4132.39,0,0.0400562,0,0,0,233.364,0,7418.85,0,0,0,0,0,0,-69.2804,0,233.364,233.364,0,0
01:11:15:05:07:03,4141.54,4131.24,0,0.0400562,0,0,0,233.364,0,7418.56,0,0,0,0,0,0,-69.5659,0,233.364,233.364,0,0
01:11:15:05:07:04,4140.4,4130.1,0,0.0400562,0,0,0,233.364,0,7417.42,0,0,0,0,0,0,-70.7105,0,233.364,233.364,0,0
01:11:15:05:07:05,4139.26,4129.53,0,0.0400562,0,0,0,233.364,0,7416.27,0,0,0,0,0,0,-71.8552,0,233.364,233.364,0,0
01:11:15:05:07:06,4138.97,4128.67,0,0.0400562,0,0,0,233.364,0,7415.99,0,0,0,0,0,0,-72.1412,0,233.364,233.364,0,0
01:11:15:05:07:07,4138.4,4127.81,0,0.0400562,0,0,0,233.364,0,7415.42,0,0,0,0,0,0,-72.7132,0,233.364,233.364,0,0
#,01:11:15:05:07:08,WELLBORE,DEPTHS,1,[1|Rate|9170.370117],,,,,,,,,,,,,,,,,
01:11:15:05:07:08,4137.54,4127.81,0,0.0400562,0,0,0,233.364,0,7414.56,0,0,0,0,0,0,-73.5712,0,233.364,233.364,0,0
01:11:15:05:07:09,4136.97,4127.52,0,0.0400562,0,0,0,233.364,0,7413.98,0,0,0,0,0,0,-74.1439,0,233.364,233.364,0,0
01:11:15:05:07:10,4136.68,4126.38,0,0.0400562,0,0,0,233.364,0,7413.7,0,0,0,0,0,0,-74.4299,0,233.364,233.364,0,0
01:11:15:05:07:11,4136.39,4126.38,0,0.0400562,0,0,0,233.364,0,7413.41,0,0,0,0,0,0,-74.7159,0,233.364,233.364,0,0
01:11:15:05:07:12,4135.82,4125.81,0,0.0400562,0,0,0,233.364,0,7412.84,0,0,0,0,0,0,-75.2885,0,233.364,233.364,0,0
01:11:15:05:07:13,4134.96,4124.95,0,0.0400562,0,0,0,233.364,0,7411.98,0,0,0,0,0,0,-76.1465,0,233.364,233.364,0,0
01:11:15:05:07:14,4134.96,4124.95,0,0.0400562,0,0,0,233.364,0,7411.98,0,0,0,0,0,0,-76.1465,0,233.364,233.364,0,0
01:11:15:05:07:15,4134.39,4124.95,0,0.0400562,0,0,0,233.364,0,7411.41,0,0,0,0,0,0,-76.7186,0,233.364,233.364,0,0
01:11:15:05:07:16,4132.96,4123.52,0,0.0400562,0,0,0,233.364,0,7409.98,0,0,0,0,0,0,-78.1492,0,233.364,233.364,0,0
01:11:15:05:07:17,4134.11,4124.09,0,0.0400562,0,0,0,233.364,0,7411.12,0,0,0,0,0,0,-77.0046,0,233.364,233.364,0,0
01:11:15:05:07:18,4133.82,4123.52,0,0.0400562,0,0,0,233.364,0,7410.84,0,0,0,0,0,0,-77.2912,0,233.364,233.364,0,0
01:11:15:05:07:19,4132.39,4122.95,0,0.0400562,0,0,0,233.364,0,7409.41,0,0,0,0,0,0,-78.7212,0,233.364,233.364,0,0
01:11:15:05:07:20,4131.82,4121.8,0,0.0400562,0,0,0,233.364,0,7408.83,0,0,0,0,0,0,-79.2939,0,233.364,233.364,0,0
01:11:15:05:07:21,4131.82,4121.52,0,0.0400562,0,0,0,233.364,0,7408.83,0,0,0,0,0,0,-79.2939,0,233.364,233.364,0,0
01:11:15:05:07:22,4129.81,4119.8,0,0.0400562,0,0,0,233.364,0,7406.83,0,0,0,0,0,0,-81.2965,0,233.364,233.364,0,0
#,01:11:15:05:07:23,WELLBORE,DEPTHS,1,[1|Rate|9170.370117],,,,,,,,,,,,,,,,,
01:11:15:05:07:23,4131.53,4121.52,0,0.0400562,0,0,0,233.364,0,7408.55,0,0,0,0,0,0,-79.5793,0,233.364,233.364,0,0
01:11:15:05:07:24,4130.96,4121.23,0,0.0400562,0,0,0,233.364,0,7407.98,0,0,0,0,0,0,-80.1519,0,233.364,233.364,0,0
01:11:15:05:07:25,4129.24,4120.09,0,0.0400562,0,0,0,233.364,0,7406.26,0,0,0,0,0,0,-81.8686,0,233.364,233.364,0,0
01:11:15:05:07:26,4132.1,4121.8,0,0.0400562,0,0,0,233.364,0,7409.12,0,0,0,0,0,0,-79.0073,0,233.364,233.364,0,0
01:11:15:05:07:27,4130.39,4120.37,0,0.0400562,0,0,0,233.364,0,7407.4,0,0,0,0,0,0,-80.7245,0,233.364,233.364,0,0
01:11:15:05:07:28,4128.1,4118.08,0,0.0400562,0,0,0,233.364,0,7405.12,0,0,0,0,0,0,-83.0126,0,233.364,233.364,0,0
01:11:15:05:07:29,4126.95,4116.65,0,0.0400562,0,0,0,233.364,0,7403.97,0,0,0,0,0,0,-84.1573,0,233.364,233.364,0,0
01:11:15:05:07:30,4127.24,4118.08,0,0.0400562,0,0,0,233.364,0,7404.26,0,0,0,0,0,0,-83.8712,0,233.364,233.364,0,0
01:11:15:05:07:31,4126.38,4115.79,0,0.0400562,0,0,0,233.364,0,7403.4,0,0,0,0,0,0,-84.7299,0,233.364,233.364,0,0
01:11:15:05:07:32,4125.52,4116.08,0,0.0400562,0,0,0,233.364,0,7402.54,0,0,0,0,0,0,-85.5879,0,233.364,233.364,0,0
01:11:15:05:07:33,4126.09,4116.08,0,0.0400562,0,0,0,233.364,0,7403.11,0,0,0,0,0,0,-85.0153,0,233.364,233.364,0,0
01:11:15:05:07:34,4126.09,4116.37,0,0.0400562,0,0,0,233.364,0,7403.11,0,0,0,0,0,0,-85.0153,0,233.364,233.364,0,0
01:11:15:05:07:35,4125.24,4114.94,0,0.0400562,0,0,0,233.364,0,7402.25,0,0,0,0,0,0,-85.8739,0,233.364,233.364,0,0
01:11:15:05:07:36,4125.24,4115.22,0,0.0400562,0,0,0,233.364,0,7402.25,0,0,0,0,0,0,-85.8739,0,233.364,233.364,0,0
01:11:15:05:07:37,4124.09,4114.36,0,0.0400562,0,0,0,233.364,0,7401.11,0,0,0,0,0,0,-87.018,0,233.364,233.364,0,0
#,01:11:15:05:07:38,WELLBORE,DEPTHS,1,[1|Rate|9170.370117],,,,,,,,,,,,,,,,,
01:11:15:05:07:38,4122.95,4113.22,0,0.0400562,0,0,0,233.364,0,7399.97,0,0,0,0,0,0,-88.1626,0,233.364,233.364,0,0
01:11:15:05:07:39,4122.38,4112.36,0,0.0400562,0,0,0,233.364,0,7399.39,0,0,0,0,0,0,-88.7352,0,233.364,233.364,0,0
01:11:15:05:07:40,4121.8,4111.5,0,0.0400562,0,0,0,233.364,0,7398.82,0,0,0,0,0,0,-89.3073,0,233.364,233.364,0,0
01:11:15:05:07:41,4119.8,4109.21,0,0.0400562,0,0,0,233.364,0,7396.82,0,0,0,0,0,0,-91.3099,0,233.364,233.364,0,0
01:11:15:05:07:42,4118.66,4108.64,0,0.0400562,0,0,0,233.364,0,7395.67,0,0,0,0,0,0,-92.454,0,233.364,233.364,0,0
01:11:15:05:07:43,4117.23,4106.35,0,0.0400562,0,0,0,233.364,0,7394.24,0,0,0,0,0,0,-93.8846,0,233.364,233.364,0,0
01:11:15:05:07:44,4116.65,4107.21,0,0.0400562,0,0,0,233.364,0,7393.67,0,0,0,0,0,0,-94.4567,0,233.364,233.364,0,0
01:11:15:05:07:45,4117.8,4108.07,0,0.0400562,0,0,0,233.364,0,7394.82,0,0,0,0,0,0,-93.3126,0,233.364,233.364,0,0
01:11:15:05:07:46,4117.51,4106.93,0,0.0400562,0,0,0,233.364,0,7394.53,0,0,0,0,0,0,-93.5986,0,233.364,233.364,0,0
01:11:15:05:07:47,4116.94,4106.93,0,0.0400562,0,0,0,233.364,0,7393.96,0,0,0,0,0,0,-94.1712,0,233.364,233.364,0,0
01:11:15:05:07:48,4117.8,4107.21,0,0.0400562,0,0,0,233.364,0,7394.82,0,0,0,0,0,0,-93.3126,0,233.364,233.364,0,0
01:11:15:05:07:49,4116.37,4106.35,0,0.0400562,0,0,0,233.364,0,7393.38,0,0,0,0,0,0,-94.7433,0,233.364,233.364,0,0
01:11:15:05:07:50,4115.79,4105.78,0,0.0400562,0,0,0,233.364,0,7392.81,0,0,0,0,0,0,-95.3153,0,233.364,233.364,0,0
01:11:15:05:07:51,4116.08,4105.78,0,0.0400562,0,0,0,233.364,0,7393.1,0,0,0,0,0,0,-95.0293,0,233.364,233.364,0,0
01:11:15:05:07:52,4115.79,4105.5,0,0.0400562,0,0,0,233.364,0,7392.81,0,0,0,0,0,0,-95.3153,0,233.364,233.364,0,0
#,01:11:15:05:07:53,WELLBORE,DEPTHS,1,[1|Rate|9170.370117],,,,,,,,,,,,,,,,,
01:11:15:05:07:53,4115.22,4105.21,0,0.0400562,0,0,0,233.364,0,7392.24,0,0,0,0,0,0,-95.8873,0,233.364,233.364,0,0
01:11:15:05:07:54,4115.51,4104.92,0,0.0400562,0,0,0,233.364,0,7392.53,0,0,0,0,0,0,-95.6013,0,233.364,233.364,0,0
01:11:15:05:07:55,4114.08,4104.35,0,0.0400562,0,0,0,233.364,0,7391.1,0,0,0,0,0,0,-97.032,0,233.364,233.364,0,0
01:11:15:05:07:56,4113.22,4103.21,0,0.0400562,0,0,0,233.364,0,7390.24,0,0,0,0,0,0,-97.89,0,233.364,233.364,0,0
01:11:15:05:07:57,4112.36,4104.06,0,0.0400562,0,0,0,233.364,0,7389.38,0,0,0,0,0,0,-98.7486,0,233.364,233.364,0,0
01:11:15:05:07:58,4112.36,4102.35,0,0.0400562,0,0,0,233.364,0,7389.38,0,0,0,0,0,0,-98.7486,0,233.364,233.364,0,0
01:11:15:05:07:59,4112.08,4102.63,0,0.0400562,0,0,0,233.364,0,7389.09,0,0,0,0,0,0,-99.0346,0,233.364,233.364,0,0
01:11:15:05:08:00,4112.93,4102.92,0,0.0400562,0,0,0,233.364,0,7389.95,0,0,0,0,0,0,-98.1766,0,233.364,233.364,0,0
01:11:15:05:08:01,4112.93,4102.35,0,0.0400562,0,0,0,233.364,0,7389.95,0,0,0,0,0,0,-98.1766,0,233.364,233.364,0,0
01:11:15:05:08:02,4112.08,4102.35,0,0.0400562,0,0,0,233.364,0,7389.09,0,0,0,0,0,0,-99.0346,0,233.364,233.364,0,0
01:11:15:05:08:03,4111.5,4101.49,0,0.0400562,0,0,0,233.364,0,7388.52,0,0,0,0,0,0,-99.6067,0,233.364,233.364,0,0
01:11:15:05:08:04,4110.93,4101.2,0,0.0400562,0,0,0,233.364,0,7387.95,0,0,0,0,0,0,-100.179,0,233.364,233.364,0,0
01:11:15:05:08:05,4109.79,4099.77,0,0.0400562,0,0,0,233.364,0,7386.8,0,0,0,0,0,0,-101.323,0,233.364,233.364,0,0
01:11:15:05:08:06,4109.21,4099.2,0,0.0400562,0,0,0,233.364,0,7386.23,0,0,0,0,0,0,-101.895,0,233.364,233.364,0,0
01:11:15:05:08:07,4108.64,4099.2,0,0.0400562,0,0,0,233.364,0,7385.66,0,0,0,0,0,0,-102.467,0,233.364,233.364,0,0
#,01:11:15:05:08:08,WELLBORE,DEPTHS,1,[1|Rate|9170.370117],,,,,,,,,,,,,,,,,
01:11:15:05:08:08,4108.64,4098.34,0,0.0400562,0,0,0,233.364,0,7385.66,0,0,0,0,0,0,-102.467,0,233.364,233.364,0,0
01:11:15:05:08:09,4108.07,4098.63,0,0.0400562,0,0,0,233.364,0,7385.09,0,0,0,0,0,0,-103.04,0,233.364,233.364,0,0
01:11:15:05:08:10,4108.93,4098.34,0,0.0400562,0,0,0,233.364,0,7385.95,0,0,0,0,0,0,-102.182,0,233.364,233.364,0,0
01:11:15:05:08:11,4108.64,4098.34,0,0.0400562,0,0,0,233.364,0,7385.66,0,0,0,0,0,0,-102.467,0,233.364,233.364,0,0
01:11:15:05:08:12,4108.36,4097.48,0,0.0400562,0,0,0,233.364,0,7385.37,0,0,0,0,0,0,-102.754,0,233.364,233.364,0,0
01:11:15:05:08:13,4106.64,4096.91,0,0.0400562,0,0,0,233.364,0,7383.66,0,0,0,0,0,0,-104.47,0,233.364,233.364,0,0
01:11:15:05:08:14,4105.78,4095.77,0,0.0400562,0,0,0,233.364,0,7382.8,0,0,0,0,0,0,-105.329,0,233.364,233.364,0,0
01:11:15:05:08:15,4105.78,4095.77,0,0.0400562,0,0,0,233.364,0,7382.8,0,0,0,0,0,0,-105.329,0,233.364,233.364,0,0
01:11:15:05:08:16,4106.35,4096.91,0,0.0400562,0,0,0,233.364,0,7383.37,0,0,0,0,0,0,-104.757,0,233.364,233.364,0,0
01:11:15:05:08:17,4105.21,4095.77,0,0.0400562,0,0,0,233.364,0,7382.23,0,0,0,0,0,0,-105.901,0,233.364,233.364,0,0
01:11:15:05:08:18,4104.64,4094.91,0,0.0400562,0,0,0,233.364,0,7381.65,0,0,0,0,0,0,-106.473,0,233.364,233.364,0,0
01:11:15:05:08:19,4106.35,4096.05,0,0.0400562,0,0,0,233.364,0,7383.37,0,0,0,0,0,0,-104.757,0,233.364,233.364,0,0
01:11:15:05:08:20,4105.5,4095.77,0,0.0400562,0,0,0,233.364,0,7382.51,0,0,0,0,0,0,-105.615,0,233.364,233.364,0,0
01:11:15:05:08:21,4103.21,4092.91,0,0.0400562,0,0,0,233.364,0,7380.22,0,0,0,0,0,0,-107.903,0,233.364,233.364,0,0
01:11:15:05:08:22,4103.49,4092.33,0,0.0400562,0,0,0,233.364,0,7380.51,0,0,0,0,0,0,-107.618,0,233.364,233.364,0,0
#,01:11:15:05:08:23,WELLBORE,DEPTHS,1,[1|Rate|9170.370117],,,,,,,,,,,,,,,,,
01:11:15:05:08:23,4102.63,4092.33,0,0.0400562,0,0,0,233.364,0,7379.65,0,0,0,0,0,0,-108.476,0,233.364,233.364,0,0
01:11:15:05:08:24,4101.78,4091.76,0,0.0400562,0,0,0,233.364,0,7378.79,0,0,0,0,0,0,-109.334,0,233.364,233.364,0,0
01:11:15:05:08:25,4101.49,4091.19,0,0.0400562,0,0,0,233.364,0,7378.51,0,0,0,0,0,0,-109.621,0,233.364,233.364,0,0
01:11:15:05:08:26,4101.78,4092.05,0,0.0400562,0,0,0,233.364,0,7378.79,0,0,0,0,0,0,-109.334,0,233.364,233.364,0,0
01:11:15:05:08:27,4101.2,4091.48,0,0.0400562,0,0,0,233.364,0,7378.22,0,0,0,0,0,0,-109.906,0,233.364,233.364,0,0
01:11:15:05:08:28,4101.78,4091.19,0,0.0400562,0,0,0,233.364,0,7378.79,0,0,0,0,0,0,-109.334,0,233.364,233.364,0,0
01:11:15:05:08:29,4100.92,4091.76,0,0.0400562,0,0,0,233.364,0,7377.94,0,0,0,0,0,0,-110.193,0,233.364,233.364,0,0
01:11:15:05:08:30,4098.63,4088.9,0,0.0400562,0,0,0,233.364,0,7375.65,0,0,0,0,0,0,-112.481,0,233.364,233.364,0,0
01:11:15:05:08:31,4096.05,4085.47,0,0.0400562,0,0,0,233.364,0,7373.07,0,0,0,0,0,0,-115.057,0,233.364,233.364,0,0
01:11:15:05:08:32,4095.48,4086.04,0,0.0400562,0,0,0,233.364,0,7372.5,0,0,0,0,0,0,-115.629,0,233.364,233.364,0,0
01:11:15:05:08:33,4095.48,4084.9,0,0.0400562,0,0,0,233.364,0,7372.5,0,0,0,0,0,0,-115.629,0,233.364,233.364,0,0
01:11:15:05:08:34,4093.48,4082.61,0,0.0400562,0,0,0,233.364,0,7370.5,0,0,0,0,0,0,-117.631,0,233.364,233.364,0,0
01:11:15:05:08:35,4092.33,4081.75,0,0.0400562,0,0,0,233.364,0,7369.35,0,0,0,0,0,0,-118.775,0,233.364,233.364,0,0
01:11:15:05:08:36,4091.76,4081.46,0,0.0400562,0,0,0,233.364,0,7368.78,0,0,0,0,0,0,-119.347,0,233.364,233.364,0,0
01:11:15:05:08:37,4090.62,4080.32,0,0.0400562,0,0,0,233.364,0,7367.64,0,0,0,0,0,0,-120.492,0,233.364,233.364,0,0
#,01:11:15:05:08:38,WELLBORE,DEPTHS,1,[1|Rate|9170.370117],,,,,,,,,,,,,,,,,
01:11:15:05:08:38,4090.05,4078.6,0,0.0400562,0,0,0,233.364,0,7367.06,0,0,0,0,0,0,-121.065,0,233.364,233.364,0,0
01:11:15:05:08:39,4092.05,4081.75,0,0.0400562,0,0,0,233.364,0,7369.07,0,0,0,0,0,0,-119.062,0,233.364,233.364,0,0
01:11:15:05:08:40,4090.9,4080.6,0,0.0400562,0,0,0,233.364,0,7367.92,0,0,0,0,0,0,-120.206,0,233.364,233.364,0,0
01:11:15:05:08:41,4092.62,4082.32,0,0.0400562,0,0,0,233.364,0,7369.64,0,0,0,0,0,0,-118.489,0,233.364,233.364,0,0
01:11:15:05:08:42,4093.48,4083.18,0,0.0400562,0,0,0,233.364,0,7370.5,0,0,0,0,0,0,-117.631,0,233.364,233.364,0,0
01:11:15:05:08:43,4092.91,4081.75,0,0.0400562,0,0,0,233.364,0,7369.92,0,0,0,0,0,0,-118.203,0,233.364,233.364,0,0
01:11:15:05:08:44,4091.76,4082.03,0,0.0400562,0,0,0,233.364,0,7368.78,0,0,0,0,0,0,-119.347,0,233.364,233.364,0,0
01:11:15:05:08:45,4092.33,4082.03,0,0.0400562,0,0,0,233.364,0,7369.35,0,0,0,0,0,0,-118.775,0,233.364,233.364,0,0
01:11:15:05:08:46,4092.05,4081.46,0,0.0400562,0,0,0,233.364,0,7369.07,0,0,0,0,0,0,-119.062,0,233.364,233.364,0,0
01:11:15:05:08:47,4091.48,4081.18,0,0.0400562,0,0,0,233.364,0,7368.49,0,0,0,0,0,0,-119.634,0,233.364,233.364,0,0
01:11:15:05:08:48,4090.62,4079.46,0,0.0400562,0,0,0,233.364,0,7367.64,0,0,0,0,0,0,-120.492,0,233.364,233.364,0,0
01:11:15:05:08:49,4090.05,4079.75,0,0.0400562,0,0,0,233.364,0,7367.06,0,0,0,0,0,0,-121.065,0,233.364,233.364,0,0
01:11:15:05:08:50,4090.05,4079.17,0,0.0400562,0,0,0,233.364,0,7367.06,0,0,0,0,0,0,-121.065,0,233.364,233.364,0,0
01:11:15:05:08:51,4090.05,4079.75,0,0.0400562,0,0,0,233.364,0,7367.06,0,0,0,0,0,0,-121.065,0,233.364,233.364,0,0
01:11:15:05:08:52,4088.62,4078.89,0,0.0400562,0,0,0,233.364,0,7365.63,0,0,0,0,0,0,-122.495,0,233.364,233.364,0,0
#,01:11:15:05:08:53,WELLBORE,DEPTHS,1,[1|Rate|9170.370117],,,,,,,,,,,,,,,,,
01:11:15:05:08:53,4089.47,4078.6,0,0.0400562,0,0,0,233.364,0,7366.49,0,0,0,0,0,0,-121.637,0,233.364,233.364,0,0
01:11:15:05:08:54,4088.33,4078.03,0,0.0400562,0,0,0,233.364,0,7365.35,0,0,0,0,0,0,-122.781,0,233.364,233.364,0,0
01:11:15:05:08:55,4086.9,4077.46,0,0.0400562,0,0,0,233.364,0,7363.92,0,0,0,0,0,0,-124.211,0,233.364,233.364,0,0
01:11:15:05:08:56,4087.18,4076.6,0,0.0400562,0,0,0,233.364,0,7364.2,0,0,0,0,0,0,-123.925,0,233.364,233.364,0,0
01:11:15:05:08:57,4087.76,4076.31,0,0.0400562,0,0,0,233.364,0,7364.78,0,0,0,0,0,0,-123.353,0,233.364,233.364,0,0
01:11:15:05:08:58,4086.33,4076.03,0,0.0400562,0,0,0,233.364,0,7363.34,0,0,0,0,0,0,-124.783,0,233.364,233.364,0,0
01:11:15:05:08:59,4086.61,4075.17,0,0.0400562,0,0,0,233.364,0,7363.63,0,0,0,0,0,0,-124.497,0,233.364,233.364,0,0
01:11:15:05:09:00,4086.61,4075.74,0,0.0400562,0,0,0,233.364,0,7363.63,0,0,0,0,0,0,-124.497,0,233.364,233.364,0,0
01:11:15:05:09:01,4085.47,4074.88,0,0.0400562,0,0,0,233.364,0,7362.49,0,0,0,0,0,0,-125.642,0,233.364,233.364,0,0
01:11:15:05:09:02,4085.18,4075.17,0,0.0400562,0,0,0,233.364,0,7362.2,0,0,0,0,0,0,-125.928,0,233.364,233.364,0,0
01:11:15:05:09:03,4084.61,4074.02,0,0.0400562,0,0,0,233.364,0,7361.63,0,0,0,0,0,0,-126.501,0,233.364,233.364,0,0
01:11:15:05:09:04,4085.18,4074.6,0,0.0400562,0,0,0,233.364,0,7362.2,0,0,0,0,0,0,-125.928,0,233.364,233.364,0,0
01:11:15:05:09:05,4084.32,4074.31,0,0.0400562,0,0,0,233.364,0,7361.34,0,0,0,0,0,0,-126.786,0,233.364,233.364,0,0
01:11:15:05:09:06,4083.75,4073.74,0,0.0400562,0,0,0,233.364,0,7360.77,0,0,0,0,0,0,-127.358,0,233.364,233.364,0,0
01:11:15:05:09:07,4085.47,4074.6,0,0.0400562,0,0,0,233.364,0,7362.49,0,0,0,0,0,0,-125.642,0,233.364,233.364,0,0
#,01:11:15:05:09:08,WELLBORE,DEPTHS,1,[1|Rate|9170.370117],,,,,,,,,,,,,,,,,
01:11:15:05:09:08,4084.32,4074.31,0,0.0400562,0,0,0,233.364,0,7361.34,0,0,0,0,0,0,-126.786,0,233.364,233.364,0,0
01:11:15:05:09:09,4082.32,4072.02,0,0.0400562,0,0,0,233.364,0,7359.34,0,0,0,0,0,0,-128.789,0,233.364,233.364,0,0
01:11:15:05:09:10,4082.03,4072.02,0,0.0400562,0,0,0,233.364,0,7359.05,0,0,0,0,0,0,-129.075,0,233.364,233.364,0,0
01:11:15:05:09:11,4081.75,4071.45,0,0.0400562,0,0,0,233.364,0,7358.77,0,0,0,0,0,0,-129.361,0,233.364,233.364,0,0
01:11:15:05:09:12,4082.32,4071.74,0,0.0400562,0,0,0,233.364,0,7359.34,0,0,0,0,0,0,-128.789,0,233.364,233.364,0,0
01:11:15:05:09:13,4079.75,4069.73,0,0.0400562,0,0,0,233.364,0,7356.76,0,0,0,0,0,0,-131.364,0,233.364,233.364,0,0
01:11:15:05:09:14,4078.32,4068.02,0,0.0400562,0,0,0,233.364,0,7355.33,0,0,0,0,0,0,-132.794,0,233.364,233.364,0,0
01:11:15:05:09:15,4076.6,4066.87,0,0.0400562,0,0,0,233.364,0,7353.62,0,0,0,0,0,0,-134.511,0,233.364,233.364,0,0
01:11:15:05:09:16,4076.6,4066.3,0,0.0400562,0,0,0,233.364,0,7353.62,0,0,0,0,0,0,-134.511,0,233.364,233.364,0,0
01:11:15:05:09:17,4075.45,4065.73,0,0.0400562,0,0,0,233.364,0,7352.47,0,0,0,0,0,0,-135.656,0,233.364,233.364,0,0
01:11:15:05:09:18,4075.74,4064.3,0,0.0400562,0,0,0,233.364,0,7352.76,0,0,0,0,0,0,-135.369,0,233.364,233.364,0,0
01:11:15:05:09:19,4073.74,4063.44,0,0.0400562,0,0,0,233.364,0,7350.76,0,0,0,0,0,0,-137.372,0,233.364,233.364,0,0
01:11:15:05:09:20,4073.74,4063.44,0,0.0400562,0,0,0,233.364,0,7350.76,0,0,0,0,0,0,-137.372,0,233.364,233.364,0,0
01:11:15:05:09:21,4074.6,4063.72,0,0.0400562,0,0,0,233.364,0,7351.61,0,0,0,0,0,0,-136.514,0,233.364,233.364,0,0
01:11:15:05:09:22,4074.31,4064.3,0,0.0400562,0,0,0,233.364,0,7351.33,0,0,0,0,0,0,-136.8,0,233.364,233.364,0,0
#,01:11:15:05:09:23,WELLBORE,DEPTHS,1,[1|Rate|9170.370117],,,,,,,,,,,,,,,,,
01:11:15:05:09:23,4072.88,4062.01,0,0.0400562,0,0,0,233.364,0,7349.9,0,0,0,0,0,0,-138.23,0,233.364,233.364,0,0
01:11:15:05:09:24,4072.31,4062.01,0,0.0400562,0,0,0,233.364,0,7349.33,0,0,0,0,0,0,-138.802,0,233.364,233.364,0,0
01:11:15:05:09:25,4073.45,4063.15,0,0.0400562,0,0,0,233.364,0,7350.47,0,0,0,0,0,0,-137.658,0,233.364,233.364,0,0
01:11:15:05:09:26,4072.59,4061.72,0,0.0400562,0,0,0,233.364,0,7349.61,0,0,0,0,0,0,-138.517,0,233.364,233.364,0,0
01:11:15:05:09:27,4072.88,4061.72,0,0.0400562,0,0,0,233.364,0,7349.9,0,0,0,0,0,0,-138.23,0,233.364,233.364,0,0
01:11:15:05:09:28,4072.59,4062.01,0,0.0400562,0,0,0,233.364,0,7349.61,0,0,0,0,0,0,-138.517,0,233.364,233.364,0,0
01:11:15:05:09:29,4072.31,4062.29,0,0.0400562,0,0,0,233.364,0,7349.33,0,0,0,0,0,0,-138.802,0,233.364,233.364,0,0
01:11:15:05:09:30,4071.16,4060.29,0,0.0400562,0,0,0,233.364,0,7348.18,0,0,0,0,0,0,-139.947,0,233.364,233.364,0,0
01:11:15:05:09:31,4071.74,4060.86,0,0.0400562,0,0,0,233.364,0,7348.75,0,0,0,0,0,0,-139.375,0,233.364,233.364,0,0
01:11:15:05:09:32,4070.88,4060.01,0,0.0400562,0,0,0,233.364,0,7347.9,0,0,0,0,0,0,-140.233,0,233.364,233.364,0,0
01:11:15:05:09:33,4070.3,4060.01,0,0.0400562,0,0,0,233.364,0,7347.32,0,0,0,0,0,0,-140.805,0,233.364,233.364,0,0
01:11:15:05:09:34,4070.02,4059.72,0,0.0400562,0,0,0,233.364,0,7347.04,0,0,0,0,0,0,-141.092,0,233.364,233.364,0,0
01:11:15:05:09:35,4069.73,4059.15,0,0.0400562,0,0,0,233.364,0,7346.75,0,0,0,0,0,0,-141.378,0,233.364,233.364,0,0
01:11:15:05:09:36,4069.16,4058.57,0,0.0400562,0,0,0,233.364,0,7346.18,0,0,0,0,0,0,-141.95,0,233.364,233.364,0,0
01:11:15:05:09:37,4069.45,4058.57,0,0.0400562,0,0,0,233.364,0,7346.46,0,0,0,0,0,0,-141.664,0,233.364,233.364,0,0
#,01:11:15:05:09:38,WELLBORE,DEPTHS,1,[1|Rate|9170.370117],,,,,,,,,,,,,,,,,
01:11:15:05:09:38,4068.59,4057.72,0,0.0400562,0,0,0,233.364,0,7345.61,0,0,0,0,0,0,-142.522,0,233.364,233.364,0,0
01:11:15:05:09:39,4067.44,4057.43,0,0.0400562,0,0,0,233.364,0,7344.46,0,0,0,0,0,0,-143.666,0,233.364,233.364,0,0
01:11:15:05:09:40,4068.02,4057.14,0,0.0400562,0,0,0,233.364,0,7345.03,0,0,0,0,0,0,-143.094,0,233.364,233.364,0,0
01:11:15:05:09:41,4067.16,4056.29,0,0.0400562,0,0,0,233.364,0,7344.18,0,0,0,0,0,0,-143.953,0,233.364,233.364,0,0
01:11:15:05:09:42,4067.73,4056.86,0,0.0400562,0,0,0,233.364,0,7344.75,0,0,0,0,0,0,-143.38,0,233.364,233.364,0,0
01:11:15:05:09:43,4066.59,4056.86,0,0.0400562,0,0,0,233.364,0,7343.6,0,0,0,0,0,0,-144.525,0,233.364,233.364,0,0
01:11:15:05:09:44,4066.87,4056.57,0,0.0400562,0,0,0,233.364,0,7343.89,0,0,0,0,0,0,-144.238,0,233.364,233.364,0,0
01:11:15:05:09:45,4065.73,4056,0,0.0400562,0,0,0,233.364,0,7342.75,0,0,0,0,0,0,-145.383,0,233.364,233.364,0,0
01:11:15:05:09:46,4065.73,4055.71,0,0.0400562,0,0,0,233.364,0,7342.75,0,0,0,0,0,0,-145.383,0,233.364,233.364,0,0
01:11:15:05:09:47,4067.44,4057.43,0,0.0400562,0,0,0,233.364,0,7344.46,0,0,0,0,0,0,-143.666,0,233.364,233.364,0,0
01:11:15:05:09:48,4066.3,4056,0,0.0400562,0,0,0,233.364,0,7343.32,0,0,0,0,0,0,-144.811,0,233.364,233.364,0,0
01:11:15:05:09:49,4063.15,4053.71,0,0.0400562,0,0,0,233.364,0,7340.17,0,0,0,0,0,0,-147.958,0,233.364,233.364,0,0
01:11:15:05:09:50,4062.87,4052.85,0,0.0400562,0,0,0,233.364,0,7339.88,0,0,0,0,0,0,-148.244,0,233.364,233.364,0,0
01:11:15:05:09:51,4063.44,4052.57,0,0.0400562,0,0,0,233.364,0,7340.46,0,0,0,0,0,0,-147.672,0,233.364,233.364,0,0
01:11:15:05:09:52,4061.44,4051.71,0,0.0400562,0,0,0,233.364,0,7338.45,0,0,0,0,0,0,-149.674,0,233.364,233.364,0,0
#,01:11:15:05:09:53,WELLBORE,DEPTHS,1,[1|Rate|9170.370117],,,,,,,,,,,,,,,,,
01:11:15:05:09:53,4061.44,4051.14,0,0.0400562,0,0,0,233.364,0,7338.45,0,0,0,0,0,0,-149.674,0,233.364,233.364,0,0
01:11:15:05:09:54,4062.29,4051.71,0,0.0400562,0,0,0,233.364,0,7339.31,0,0,0,0,0,0,-148.816,0,233.364,233.364,0,0
01:11:15:05:09:55,4061.44,4051.42,0,0.0400562,0,0,0,233.364,0,7338.45,0,0,0,0,0,0,-149.674,0,233.364,233.364,0,0
01:11:15:05:09:56,4060.01,4050.28,0,0.0400562,0,0,0,233.364,0,7337.02,0,0,0,0,0,0,-151.105,0,233.364,233.364,0,0
01:11:15:05:09:57,4061.15,4050.56,0,0.0400562,0,0,0,233.364,0,7338.17,0,0,0,0,0,0,-149.961,0,233.364,233.364,0,0
01:11:15:05:09:58,4060.01,4049.42,0,0.0400562,0,0,0,233.364,0,7337.02,0,0,0,0,0,0,-151.105,0,233.364,233.364,0,0
01:11:15:05:09:59,4059.72,4049.42,0,0.0400562,0,0,0,233.364,0,7336.74,0,0,0,0,0,0,-151.392,0,233.364,233.364,0,0
01:11:15:05:10:00,4059.15,4049.13,0,0.0400562,0,0,0,233.364,0,7336.16,0,0,0,0,0,0,-151.964,0,233.364,233.364,0,0
01:11:15:05:10:01,4059.43,4048.85,0,0.0400562,0,0,0,233.364,0,7336.45,0,0,0,0,0,0,-151.677,0,233.364,233.364,0,0
01:11:15:05:10:02,4058.57,4047.99,0,0.0400562,0,0,0,233.364,0,7335.59,0,0,0,0,0,0,-152.536,0,233.364,233.364,0,0
01:11:15:05:10:03,4058.57,4047.42,0,0.0400562,0,0,0,233.364,0,7335.59,0,0,0,0,0,0,-152.536,0,233.364,233.364,0,0
01:11:15:05:10:04,4058.29,4047.42,0,0.0400562,0,0,0,233.364,0,7335.31,0,0,0,0,0,0,-152.822,0,233.364,233.364,0,0
01:11:15:05:10:05,4057.14,4046.56,0,0.0400562,0,0,0,233.364,0,7334.16,0,0,0,0,0,0,-153.966,0,233.364,233.364,0,0
01:11:15:05:10:06,4057.14,4046.84,0,0.0400562,0,0,0,233.364,0,7334.16,0,0,0,0,0,0,-153.966,0,233.364,233.364,0,0
01:11:15:05:10:07,4057.72,4047.7,0,0.0400562,0,0,0,233.364,0,7334.73,0,0,0,0,0,0,-153.394,0,233.364,233.364,0,0
#,01:11:15:05:10:08,WELLBORE,DEPTHS,1,[1|Rate|9170.370117],,,,,,,,,,,,,,,,,
01:11:15:05:10:08,4056.57,4046.56,0,0.0400562,0,0,0,233.364,0,7333.59,0,0,0,0,0,0,-154.538,0,233.364,233.364,0,0
01:11:15:05:10:09,4055.43,4044.84,0,0.0400562,0,0,0,233.364,0,7332.45,0,0,0,0,0,0,-155.682,0,233.364,233.364,0,0
01:11:15:05:10:10,4055.14,4044.27,0,0.0400562,0,0,0,233.364,0,7332.16,0,0,0,0,0,0,-155.969,0,233.364,233.364,0,0
01:11:15:05:10:11,4054.57,4044.27,0,0.0400562,0,0,0,233.364,0,7331.59,0,0,0,0,0,0,-156.541,0,233.364,233.364,0,0
01:11:15:05:10:12,4054.28,4043.7,0,0.0400562,0,0,0,233.364,0,7331.3,0,0,0,0,0,0,-156.827,0,233.364,233.364,0,0
01:11:15:05:10:13,4054.28,4043.98,0,0.0400562,0,0,0,233.364,0,7331.3,0,0,0,0,0,0,-156.827,0,233.364,233.364,0,0
01:11:15:05:10:14,4053.71,4043.7,0,0.0400562,0,0,0,233.364,0,7330.73,0,0,0,0,0,0,-157.4,0,233.364,233.364,0,0
01:11:15:05:10:15,4053.71,4043.13,0,0.0400562,0,0,0,233.364,0,7330.73,0,0,0,0,0,0,-157.4,0,233.364,233.364,0,0
01:11:15:05:10:16,4053.14,4042.55,0,0.0400562,0,0,0,233.364,0,7330.16,0,0,0,0,0,0,-157.972,0,233.364,233.364,0,0
01:11:15:05:10:17,4054,4042.55,0,0.0400562,0,0,0,233.364,0,7331.02,0,0,0,0,0,0,-157.113,0,233.364,233.364,0,0
01:11:15:05:10:18,4052.85,4041.69,0,0.0400562,0,0,0,233.364,0,7329.87,0,0,0,0,0,0,-158.258,0,233.364,233.364,0,0
01:11:15:05:10:19,4051.42,4041.41,0,0.0400562,0,0,0,233.364,0,7328.44,0,0,0,0,0,0,-159.688,0,233.364,233.364,0,0
01:11:15:05:10:20,4051.42,4041.12,0,0.0400562,0,0,0,233.364,0,7328.44,0,0,0,0,0,0,-159.688,0,233.364,233.364,0,0
01:11:15:05:10:21,4051.71,4040.26,0,0.0400562,0,0,0,233.364,0,7328.73,0,0,0,0,0,0,-159.402,0,233.364,233.364,0,0
01:11:15:05:10:22,4051.14,4040.26,0,0.0400562,0,0,0,233.364,0,7328.15,0,0,0,0,0,0,-159.974,0,233.364,233.364,0,0
#,01:11:15:05:10:23,WELLBORE,DEPTHS,1,[1|Rate|9170.370117],,,,,,,,,,,,,,,,,
01:11:15:05:10:23,4051.14,4039.98,0,0.0400562,0,0,0,233.364,0,7328.15,0,0,0,0,0,0,-159.974,0,233.364,233.364,0,0
01:11:15:05:10:24,4050.56,4039.98,0,0.0400562,0,0,0,233.364,0,7327.58,0,0,0,0,0,0,-160.546,0,233.364,233.364,0,0
01:11:15:05:10:25,4049.99,4039.41,0,0.0400562,0,0,0,233.364,0,7327.01,0,0,0,0,0,0,-161.118,0,233.364,233.364,0,0
01:11:15:05:10:26,4049.42,4038.55,0,0.0400562,0,0,0,233.364,0,7326.44,0,0,0,0,0,0,-161.69,0,233.364,233.364,0,0
01:11:15:05:10:27,4049.71,4038.83,0,0.0400562,0,0,0,233.364,0,7326.72,0,0,0,0,0,0,-161.405,0,233.364,233.364,0,0
01:11:15:05:10:28,4048.27,4037.4,0,0.0400562,0,0,0,233.364,0,7325.29,0,0,0,0,0,0,-162.836,0,233.364,233.364,0,0
01:11:15:05:10:29,4048.27,4037.12,0,0.0400562,0,0,0,233.364,0,7325.29,0,0,0,0,0,0,-162.836,0,233.364,233.364,0,0
01:11:15:05:10:30,4047.42,4037.12,0,0.0400562,0,0,0,233.364,0,7324.44,0,0,0,0,0,0,-163.693,0,233.364,233.364,0,0
01:11:15:05:10:31,4047.13,4036.26,0,0.0400562,0,0,0,233.364,0,7324.15,0,0,0,0,0,0,-163.98,0,233.364,233.364,0,0
01:11:15:05:10:32,4046.56,4035.97,0,0.0400562,0,0,0,233.364,0,7323.58,0,0,0,0,0,0,-164.552,0,233.364,233.364,0,0
01:11:15:05:10:33,4048.27,4037.4,0,0.0400562,0,0,0,233.364,0,7325.29,0,0,0,0,0,0,-162.836,0,233.364,233.364,0,0
01:11:15:05:10:34,4047.13,4036.26,0,0.0400562,0,0,0,233.364,0,7324.15,0,0,0,0,0,0,-163.98,0,233.364,233.364,0,0
01:11:15:05:10:35,4046.84,4036.26,0,0.0400562,0,0,0,233.364,0,7323.86,0,0,0,0,0,0,-164.266,0,233.364,233.364,0,0
01:11:15:05:10:36,4046.27,4035.69,0,0.0400562,0,0,0,233.364,0,7323.29,0,0,0,0,0,0,-164.838,0,233.364,233.364,0,0
01:11:15:05:10:37,4045.41,4035.4,0,0.0400562,0,0,0,233.364,0,7322.43,0,0,0,0,0,0,-165.696,0,233.364,233.364,0,0
#,01:11:15:05:10:38,WELLBORE,DEPTHS,1,[1|Rate|9170.370117],,,,,,,,,,,,,,,,,
01:11:15:05:10:38,4046.56,4035.97,0,0.0400562,0,0,0,233.364,0,7323.58,0,0,0,0,0,0,-164.552,0,233.364,233.364,0,0
01:11:15:05:10:39,4045.13,4033.68,0,0.0400562,0,0,0,233.364,0,7322.15,0,0,0,0,0,0,-165.982,0,233.364,233.364,0,0
01:11:15:05:10:40,4043.7,4033.11,0,0.0400562,0,0,0,233.364,0,7320.72,0,0,0,0,0,0,-167.413,0,233.364,233.364,0,0
01:11:15:05:10:41,4043.7,4033.11,0,0.0400562,0,0,0,233.364,0,7320.72,0,0,0,0,0,0,-167.413,0,233.364,233.364,0,0
01:11:15:05:10:42,4043.13,4031.97,0,0.0400562,0,0,0,233.364,0,7320.14,0,0,0,0,0,0,-167.985,0,233.364,233.364,0,0
01:11:15:05:10:43,4041.69,4031.4,0,0.0400562,0,0,0,233.364,0,7318.71,0,0,0,0,0,0,-169.416,0,233.364,233.364,0,0
01:11:15:05:10:44,4042.84,4031.97,0,0.0400562,0,0,0,233.364,0,7319.86,0,0,0,0,0,0,-168.271,0,233.364,233.364,0,0
01:11:15:05:10:45,4042.27,4032.25,0,0.0400562,0,0,0,233.364,0,7319.28,0,0,0,0,0,0,-168.844,0,233.364,233.364,0,0
01:11:15:05:10:46,4041.12,4030.54,0,0.0400562,0,0,0,233.364,0,7318.14,0,0,0,0,0,0,-169.988,0,233.364,233.364,0,0
01:11:15:05:10:47,4041.41,4030.82,0,0.0400562,0,0,0,233.364,0,7318.43,0,0,0,0,0,0,-169.702,0,233.364,233.364,0,0
01:11:15:05:10:48,4041.69,4030.54,0,0.0400562,0,0,0,233.364,0,7318.71,0,0,0,0,0,0,-169.416,0,233.364,233.364,0,0
01:11:15:05:10:49,4039.98,4028.82,0,0.0400562,0,0,0,233.364,0,7317,0,0,0,0,0,0,-171.132,0,233.364,233.364,0,0
01:11:15:05:10:50,4039.69,4028.82,0,0.0400562,0,0,0,233.364,0,7316.71,0,0,0,0,0,0,-171.418,0,233.364,233.364,0,0
01:11:15:05:10:51,4039.41,4027.68,0,0.0400562,0,0,0,233.364,0,7316.42,0,0,0,0,0,0,-171.704,0,233.364,233.364,0,0
01:11:15:05:10:52,4039.12,4028.53,0,0.0400562,0,0,0,233.364,0,7316.14,0,0,0,0,0,0,-171.99,0,233.364,233.364,0,0
#,01:11:15:05:10:53,WELLBORE,DEPTHS,1,[1|Rate|9170.370117],,,,,,,,,,,,,,,,,
01:11:15:05:10:53,4039.41,4027.96,0,0.0400562,0,0,0,233.364,0,7316.42,0,0,0,0,0,0,-171.704,0,233.364,233.364,0,0
01:11:15:05:10:54,4038.83,4028.25,0,0.0400562,0,0,0,233.364,0,7315.85,0,0,0,0,0,0,-172.276,0,233.364,233.364,0,0
01:11:15:05:10:55,4039.12,4027.68,0,0.0400562,0,0,0,233.364,0,7316.14,0,0,0,0,0,0,-171.99,0,233.364,233.364,0,0
01:11:15:05:10:56,4038.83,4028.25,0,0.0400562,0,0,0,233.364,0,7315.85,0,0,0,0,0,0,-172.276,0,233.364,233.364,0,0
01:11:15:05:10:57,4038.26,4027.39,0,0.0400562,0,0,0,233.364,0,7315.28,0,0,0,0,0,0,-172.849,0,233.364,233.364,0,0
01:11:15:05:10:58,4039.41,4028.82,0,0.0400562,0,0,0,233.364,0,7316.42,0,0,0,0,0,0,-171.704,0,233.364,233.364,0,0
01:11:15:05:10:59,4037.4,4026.53,0,0.0400562,0,0,0,233.364,0,7314.42,0,0,0,0,0,0,-173.707,0,233.364,233.364,0,0
01:11:15:05:11:00,4036.83,4025.96,0,0.0400562,0,0,0,233.364,0,7313.85,0,0,0,0,0,0,-174.28,0,233.364,233.364,0,0
01:11:15:05:11:01,4035.97,4025.39,0,0.0400562,0,0,0,233.364,0,7312.99,0,0,0,0,0,0,-175.137,0,233.364,233.364,0,0
01:11:15:05:11:02,4036.26,4025.1,0,0.0400562,0,0,0,233.364,0,7313.28,0,0,0,0,0,0,-174.852,0,233.364,233.364,0,0
01:11:15:05:11:03,4034.83,4024.24,0,0.0400562,0,0,0,233.364,0,7311.85,0,0,0,0,0,0,-176.282,0,233.364,233.364,0,0
01:11:15:05:11:04,4035.69,4025.1,0,0.0400562,0,0,0,233.364,0,7312.7,0,0,0,0,0,0,-175.424,0,233.364,233.364,0,0
01:11:15:05:11:05,4035.69,4024.81,0,0.0400562,0,0,0,233.364,0,7312.7,0,0,0,0,0,0,-175.424,0,233.364,233.364,0,0
01:11:15:05:11:06,4034.54,4023.38,0,0.0400562,0,0,0,233.364,0,7311.56,0,0,0,0,0,0,-176.568,0,233.364,233.364,0,0
01:11:15:05:11:07,4034.54,4024.81,0,0.0400562,0,0,0,233.364,0,7311.56,0,0,0,0,0,0,-176.568,0,233.364,233.364,0,0
#,01:11:15:05:11:08,WELLBORE,DEPTHS,1,[1|Rate|9170.370117],,,,,,,,,,,,,,,,,
01:11:15:05:11:08,4034.83,4024.24,0,0.0400562,0,0,0,233.364,0,7311.85,0,0,0,0,0,0,-176.282,0,233.364,233.364,0,0
01:11:15:05:11:09,4033.11,4022.53,0,0.0400562,0,0,0,233.364,0,7310.13,0,0,0,0,0,0,-177.998,0,233.364,233.364,0,0
01:11:15:05:11:10,4032.54,4022.24,0,0.0400562,0,0,0,233.364,0,7309.56,0,0,0,0,0,0,-178.57,0,233.364,233.364,0,0
01:11:15:05:11:11,4033.4,4021.38,0,0.0400562,0,0,0,233.364,0,7310.42,0,0,0,0,0,0,-177.712,0,233.364,233.364,0,0
01:11:15:05:11:12,4033.97,4022.53,0,0.0400562,0,0,0,233.364,0,7310.99,0,0,0,0,0,0,-177.14,0,233.364,233.364,0,0
01:11:15:05:11:13,4033.4,4022.81,0,0.0400562,0,0,0,233.364,0,7310.42,0,0,0,0,0,0,-177.712,0,233.364,233.364,0,0
01:11:15:05:11:14,4031.68,4020.81,0,0.0400562,0,0,0,233.364,0,7308.7,0,0,0,0,0,0,-179.429,0,233.364,233.364,0,0
01:11:15:05:11:15,4030.54,4020.24,0,0.0400562,0,0,0,233.364,0,7307.56,0,0,0,0,0,0,-180.573,0,233.364,233.364,0,0
01:11:15:05:11:16,4029.96,4019.95,0,0.0400562,0,0,0,233.364,0,7306.98,0,0,0,0,0,0,-181.146,0,233.364,233.364,0,0
01:11:15:05:11:17,4029.68,4018.81,0,0.0400562,0,0,0,233.364,0,7306.7,0,0,0,0,0,0,-181.432,0,233.364,233.364,0,0
01:11:15:05:11:18,4029.11,4018.52,0,0.0400562,0,0,0,233.364,0,7306.12,0,0,0,0,0,0,-182.004,0,233.364,233.364,0,0
01:11:15:05:11:19,4028.53,4018.52,0,0.0400562,0,0,0,233.364,0,7305.55,0,0,0,0,0,0,-182.576,0,233.364,233.364,0,0
01:11:15:05:11:20,4029.11,4018.52,0,0.0400562,0,0,0,233.364,0,7306.12,0,0,0,0,0,0,-182.004,0,233.364,233.364,0,0
01:11:15:05:11:21,4028.53,4017.38,0,0.0400562,0,0,0,233.364,0,7305.55,0,0,0,0,0,0,-182.576,0,233.364,233.364,0,0
01:11:15:05:11:22,4030.54,4019.95,0,0.0400562,0,0,0,233.364,0,7307.56,0,0,0,0,0,0,-180.573,0,233.364,233.364,0,0
#,01:11:15:05:11:23,WELLBORE,DEPTHS,1,[1|Rate|9170.370117],,,,,,,,,,,,,,,,,
01:11:15:05:11:23,4029.96,4018.52,0,0.0400562,0,0,0,233.364,0,7306.98,0,0,0,0,0,0,-181.146,0,233.364,233.364,0,0
01:11:15:05:11:24,4027.96,4017.66,0,0.0400562,0,0,0,233.364,0,7304.98,0,0,0,0,0,0,-183.148,0,233.364,233.364,0,0
01:11:15:05:11:25,4027.1,4016.23,0,0.0400562,0,0,0,233.364,0,7304.12,0,0,0,0,0,0,-184.006,0,233.364,233.364,0,0
01:11:15:05:11:26,4027.1,4015.95,0,0.0400562,0,0,0,233.364,0,7304.12,0,0,0,0,0,0,-184.006,0,233.364,233.364,0,0
01:11:15:05:11:27,4028.25,4017.66,0,0.0400562,0,0,0,233.364,0,7305.27,0,0,0,0,0,0,-182.862,0,233.364,233.364,0,0
01:11:15:05:11:28,4026.25,4015.95,0,0.0400562,0,0,0,233.364,0,7303.26,0,0,0,0,0,0,-184.865,0,233.364,233.364,0,0
01:11:15:05:11:29,4025.67,4014.52,0,0.0400562,0,0,0,233.364,0,7302.69,0,0,0,0,0,0,-185.437,0,233.364,233.364,0,0
01:11:15:05:11:30,4026.25,4014.8,0,0.0400562,0,0,0,233.364,0,7303.26,0,0,0,0,0,0,-184.865,0,233.364,233.364,0,0
01:11:15:05:11:31,4024.81,4013.66,0,0.0400562,0,0,0,233.364,0,7301.83,0,0,0,0,0,0,-186.296,0,233.364,233.364,0,0
01:11:15:05:11:32,4023.38,4012.51,0,0.0400562,0,0,0,233.364,0,7300.4,0,0,0,0,0,0,-187.726,0,233.364,233.364,0,0
01:11:15:05:11:33,4023.96,4012.8,0,0.0400562,0,0,0,233.364,0,7300.97,0,0,0,0,0,0,-187.154,0,233.364,233.364,0,0
01:11:15:05:11:34,4024.24,4012.8,0,0.0400562,0,0,0,233.364,0,7301.26,0,0,0,0,0,0,-186.868,0,233.364,233.364,0,0
01:11:15:05:11:35,4023.1,4013.66,0,0.0400562,0,0,0,233.364,0,7300.12,0,0,0,0,0,0,-188.012,0,233.364,233.364,0,0
01:11:15:05:11:36,4023.67,4013.08,0,0.0400562,0,0,0,233.364,0,7300.69,0,0,0,0,0,0,-187.44,0,233.364,233.364,0,0
01:11:15:05:11:37,4023.38,4012.51,0,0.0400562,0,0,0,233.364,0,7300.4,0,0,0,0,0,0,-187.726,0,233.364,233.364,0,0
#,01:11:15:05:11:38,WELLBORE,DEPTHS,1,[1|Rate|9170.370117],,,,,,,,,,,,,,,,,
01:11:15:05:11:38,4022.81,4011.94,0,0.0400562,0,0,0,233.364,0,7299.83,0,0,0,0,0,0,-188.298,0,233.364,233.364,0,0
01:11:15:05:11:39,4022.81,4012.51,0,0.0400562,0,0,0,233.364,0,7299.83,0,0,0,0,0,0,-188.298,0,233.364,233.364,0,0
01:11:15:05:11:40,4021.95,4011.08,0,0.0400562,0,0,0,233.364,0,7298.97,0,0,0,0,0,0,-189.156,0,233.364,233.364,0,0
01:11:15:05:11:41,4025.1,4013.66,0,0.0400562,0,0,0,233.364,0,7302.12,0,0,0,0,0,0,-186.009,0,233.364,233.364,0,0
01:11:15:05:11:42,4022.81,4012.51,0,0.0400562,0,0,0,233.364,0,7299.83,0,0,0,0,0,0,-188.298,0,233.364,233.364,0,0
01:11:15:05:11:43,4020.81,4010.51,0,0.0400562,0,0,0,233.364,0,7297.83,0,0,0,0,0,0,-190.301,0,233.364,233.364,0,0
01:11:15:05:11:44,4019.67,4009.08,0,0.0400562,0,0,0,233.364,0,7296.68,0,0,0,0,0,0,-191.445,0,233.364,233.364,0,0
01:11:15:05:11:45,4019.67,4008.79,0,0.0400562,0,0,0,233.364,0,7296.68,0,0,0,0,0,0,-191.445,0,233.364,233.364,0,0
01:11:15:05:11:46,4018.81,4007.93,0,0.0400562,0,0,0,233.364,0,7295.82,0,0,0,0,0,0,-192.304,0,233.364,233.364,0,0
01:11:15:05:11:47,4018.23,4007.93,0,0.0400562,0,0,0,233.364,0,7295.25,0,0,0,0,0,0,-192.876,0,233.364,233.364,0,0
01:11:15:05:11:48,4018.23,4007.36,0,0.0400562,0,0,0,233.364,0,7295.25,0,0,0,0,0,0,-192.876,0,233.364,233.364,0,0
01:11:15:05:11:49,4018.81,4008.22,0,0.0400562,0,0,0,233.364,0,7295.82,0,0,0,0,0,0,-192.304,0,233.364,233.364,0,0
01:11:15:05:11:50,4017.95,4007.36,0,0.0400562,0,0,0,233.364,0,7294.97,0,0,0,0,0,0,-193.162,0,233.364,233.364,0,0
01:11:15:05:11:51,4018.81,4007.65,0,0.0400562,0,0,0,233.364,0,7295.82,0,0,0,0,0,0,-192.304,0,233.364,233.364,0,0
01:11:15:05:11:52,4016.8,4006.5,0,0.0400562,0,0,0,233.364,0,7293.82,0,0,0,0,0,0,-194.306,0,233.364,233.364,0,0
#,01:11:15:05:11:53,WELLBORE,DEPTHS,1,[1|Rate|9170.370117],,,,,,,,,,,,,,,,,
01:11:15:05:11:53,4016.52,4006.5,0,0.0400562,0,0,0,233.364,0,7293.54,0,0,0,0,0,0,-194.592,0,233.364,233.364,0,0
01:11:15:05:11:54,4015.66,4005.36,0,0.0400562,0,0,0,233.364,0,7292.68,0,0,0,0,0,0,-195.45,0,233.364,233.364,0,0
01:11:15:05:11:55,4016.52,4006.22,0,0.0400562,0,0,0,233.364,0,7293.54,0,0,0,0,0,0,-194.592,0,233.364,233.364,0,0
01:11:15:05:11:56,4015.95,4005.36,0,0.0400562,0,0,0,233.364,0,7292.96,0,0,0,0,0,0,-195.164,0,233.364,233.364,0,0
01:11:15:05:11:57,4016.23,4005.36,0,0.0400562,0,0,0,233.364,0,7293.25,0,0,0,0,0,0,-194.878,0,233.364,233.364,0,0
01:11:15:05:11:58,4015.37,4004.5,0,0.0400562,0,0,0,233.364,0,7292.39,0,0,0,0,0,0,-195.737,0,233.364,233.364,0,0
01:11:15:05:11:59,4015.09,4004.5,0,0.0400562,0,0,0,233.364,0,7292.11,0,0,0,0,0,0,-196.023,0,233.364,233.364,0,0
01:11:15:05:12:00,4015.37,4003.93,0,0.0400562,0,0,0,233.364,0,7292.39,0,0,0,0,0,0,-195.737,0,233.364,233.364,0,0
01:11:15:05:12:01,4015.95,4005.65,0,0.0400562,0,0,0,233.364,0,7292.96,0,0,0,0,0,0,-195.164,0,233.364,233.364,0,0
01:11:15:05:12:02,4013.08,4002.78,0,0.0400562,0,0,0,233.364,0,7290.1,0,0,0,0,0,0,-198.025,0,233.364,233.364,0,0
01:11:15:05:12:03,4011.65,4001.35,0,0.0400562,0,0,0,233.364,0,7288.67,0,0,0,0,0,0,-199.456,0,233.364,233.364,0,0
01:11:15:05:12:04,4011.65,4000.78,0,0.0400562,0,0,0,233.364,0,7288.67,0,0,0,0,0,0,-199.456,0,233.364,233.364,0,0
01:11:15:05:12:05,4012.23,4001.64,0,0.0400562,0,0,0,233.364,0,7289.24,0,0,0,0,0,0,-198.884,0,233.364,233.364,0,0
01:11:15:05:12:06,4010.51,3999.64,0,0.0400562,0,0,0,233.364,0,7287.53,0,0,0,0,0,0,-200.6,0,233.364,233.364,0,0
01:11:15:05:12:07,4011.37,4000.21,0,0.0400562,0,0,0,233.364,0,7288.39,0,0,0,0,0,0,-199.742,0,233.364,233.364,0,0
#,01:11:15:05:12:08,WELLBORE,DEPTHS,1,[1|Rate|9170.370117],,,,,,,,,,,,,,,,,
01:11:15:05:12:08,4010.8,3999.64,0,0.0400562,0,0,0,233.364,0,7287.81,0,0,0,0,0,0,-200.314,0,233.364,233.364,0,0
01:11:15:05:12:09,4010.22,3998.78,0,0.0400562,0,0,0,233.364,0,7287.24,0,0,0,0,0,0,-200.886,0,233.364,233.364,0,0
01:11:15:05:12:10,4010.51,3999.92,0,0.0400562,0,0,0,233.364,0,7287.53,0,0,0,0,0,0,-200.6,0,233.364,233.364,0,0
01:11:15:05:12:11,4010.22,3999.92,0,0.0400562,0,0,0,233.364,0,7287.24,0,0,0,0,0,0,-200.886,0,233.364,233.364,0,0
01:11:15:05:12:12,4010.22,3999.07,0,0.0400562,0,0,0,233.364,0,7287.24,0,0,0,0,0,0,-200.886,0,233.364,233.364,0,0
01:11:15:05:12:13,4008.51,3997.92,0,0.0400562,0,0,0,233.364,0,7285.52,0,0,0,0,0,0,-202.603,0,233.364,233.364,0,0
01:11:15:05:12:14,4009.08,3998.49,0,0.0400562,0,0,0,233.364,0,7286.1,0,0,0,0,0,0,-202.031,0,233.364,233.364,0,0
01:11:15:05:12:15,4009.94,3998.78,0,0.0400562,0,0,0,233.364,0,7286.96,0,0,0,0,0,0,-201.173,0,233.364,233.364,0,0
01:11:15:05:12:16,4008.51,3998.21,0,0.0400562,0,0,0,233.364,0,7285.52,0,0,0,0,0,0,-202.603,0,233.364,233.364,0,0
01:11:15:05:12:17,4008.51,3997.06,0,0.0400562,0,0,0,233.364,0,7285.52,0,0,0,0,0,0,-202.603,0,233.364,233.364,0,0
01:11:15:05:12:18,4008.51,3997.06,0,0.0400562,0,0,0,233.364,0,7285.52,0,0,0,0,0,0,-202.603,0,233.364,233.364,0,0
01:11:15:05:12:19,4008.22,3996.78,0,0.0400562,0,0,0,233.364,0,7285.24,0,0,0,0,0,0,-202.889,0,233.364,233.364,0,0
01:11:15:05:12:20,4006.5,3995.63,0,0.0400562,0,0,0,233.364,0,7283.52,0,0,0,0,0,0,-204.606,0,233.364,233.364,0,0
01:11:15:05:12:21,4006.22,3995.35,0,0.0400562,0,0,0,233.364,0,7283.24,0,0,0,0,0,0,-204.892,0,233.364,233.364,0,0
01:11:15:05:12:22,4004.5,3993.34,0,0.0400562,0,0,0,233.364,0,7281.52,0,0,0,0,0,0,-206.609,0,233.364,233.364,0,0
#,01:11:15:05:12:23,WELLBORE,DEPTHS,1,[1|Rate|9170.370117],,,,,,,,,,,,,,,,,
01:11:15:05:12:23,4003.93,3992.77,0,0.0400562,0,0,0,233.364,0,7280.95,0,0,0,0,0,0,-207.181,0,233.364,233.364,0,0
01:11:15:05:12:24,4002.78,3992.2,0,0.0400562,0,0,0,233.364,0,7279.8,0,0,0,0,0,0,-208.325,0,233.364,233.364,0,0
01:11:15:05:12:25,4002.5,3991.91,0,0.0400562,0,0,0,233.364,0,7279.52,0,0,0,0,0,0,-208.611,0,233.364,233.364,0,0
01:11:15:05:12:26,4001.93,3991.34,0,0.0400562,0,0,0,233.364,0,7278.94,0,0,0,0,0,0,-209.184,0,233.364,233.364,0,0
01:11:15:05:12:27,4001.64,3991.63,0,0.0400562,0,0,0,233.364,0,7278.66,0,0,0,0,0,0,-209.469,0,233.364,233.364,0,0
01:11:15:05:12:28,3999.64,3989.34,0,0.0400562,0,0,0,233.364,0,7276.66,0,0,0,0,0,0,-211.472,0,233.364,233.364,0,0
01:11:15:05:12:29,3999.92,3989.91,0,0.0400562,0,0,0,233.364,0,7276.94,0,0,0,0,0,0,-211.186,0,233.364,233.364,0,0
01:11:15:05:12:30,4002.21,3991.63,0,0.0400562,0,0,0,233.364,0,7279.23,0,0,0,0,0,0,-208.897,0,233.364,233.364,0,0
01:11:15:05:12:31,4000.21,3989.62,0,0.0400562,0,0,0,233.364,0,7277.23,0,0,0,0,0,0,-210.9,0,233.364,233.364,0,0
01:11:15:05:12:32,3999.35,3989.05,0,0.0400562,0,0,0,233.364,0,7276.37,0,0,0,0,0,0,-211.759,0,233.364,233.364,0,0
01:11:15:05:12:33,3998.78,3988.19,0,0.0400562,0,0,0,233.364,0,7275.8,0,0,0,0,0,0,-212.331,0,233.364,233.364,0,0
01:11:15:05:12:34,3998.78,3987.34,0,0.0400562,0,0,0,233.364,0,7275.8,0,0,0,0,0,0,-212.331,0,233.364,233.364,0,0
01:11:15:05:12:35,3998.21,3987.91,0,0.0400562,0,0,0,233.364,0,7275.23,0,0,0,0,0,0,-212.903,0,233.364,233.364,0,0
01:11:15:05:12:36,3999.35,3987.91,0,0.0400562,0,0,0,233.364,0,7276.37,0,0,0,0,0,0,-211.759,0,233.364,233.364,0,0
01:11:15:05:12:37,3997.35,3985.62,0,0.0400562,0,0,0,233.364,0,7274.37,0,0,0,0,0,0,-213.761,0,233.364,233.364,0,0
#,01:11:15:05:12:38,WELLBORE,DEPTHS,1,[1|Rate|9170.370117],,,,,,,,,,,,,,,,,
01:11:15:05:12:38,3995.06,3984.47,0,0.0400562,0,0,0,233.364,0,7272.08,0,0,0,0,0,0,-216.05,0,233.364,233.364,0,0
01:11:15:05:12:39,3995.06,3983.9,0,0.0400562,0,0,0,233.364,0,7272.08,0,0,0,0,0,0,-216.05,0,233.364,233.364,0,0
01:11:15:05:12:40,3994.49,3983.04,0,0.0400562,0,0,0,233.364,0,7271.51,0,0,0,0,0,0,-216.623,0,233.364,233.364,0,0
01:11:15:05:12:41,3993.06,3981.61,0,0.0400562,0,0,0,233.364,0,7270.08,0,0,0,0,0,0,-218.053,0,233.364,233.364,0,0
01:11:15:05:12:42,3990.77,3979.32,0,0.0400562,0,0,0,233.364,0,7267.79,0,0,0,0,0,0,-220.341,0,233.364,233.364,0,0
01:11:15:05:12:43,3991.05,3980.18,0,0.0400562,0,0,0,233.364,0,7268.07,0,0,0,0,0,0,-220.055,0,233.364,233.364,0,0
01:11:15:05:12:44,3990.77,3980.18,0,0.0400562,0,0,0,233.364,0,7267.79,0,0,0,0,0,0,-220.341,0,233.364,233.364,0,0
01:11:15:05:12:45,3989.62,3978.47,0,0.0400562,0,0,0,233.364,0,7266.64,0,0,0,0,0,0,-221.486,0,233.364,233.364,0,0
01:11:15:05:12:46,3988.77,3978.18,0,0.0400562,0,0,0,233.364,0,7265.78,0,0,0,0,0,0,-222.344,0,233.364,233.364,0,0
01:11:15:05:12:47,3988.77,3978.47,0,0.0400562,0,0,0,233.364,0,7265.78,0,0,0,0,0,0,-222.344,0,233.364,233.364,0,0
01:11:15:05:12:48,3988.48,3977.04,0,0.0400562,0,0,0,233.364,0,7265.5,0,0,0,0,0,0,-222.631,0,233.364,233.364,0,0
01:11:15:05:12:49,3987.62,3977.04,0,0.0400562,0,0,0,233.364,0,7264.64,0,0,0,0,0,0,-223.489,0,233.364,233.364,0,0
01:11:15:05:12:50,3987.91,3977.32,0,0.0400562,0,0,0,233.364,0,7264.93,0,0,0,0,0,0,-223.203,0,233.364,233.364,0,0
01:11:15:05:12:51,3988.19,3976.75,0,0.0400562,0,0,0,233.364,0,7265.21,0,0,0,0,0,0,-222.916,0,233.364,233.364,0,0
01:11:15:05:12:52,3986.48,3975.61,0,0.0400562,0,0,0,233.364,0,7263.5,0,0,0,0,0,0,-224.633,0,233.364,233.364,0,0
#,01:11:15:05:12:53,WELLBORE,DEPTHS,1,[1|Rate|9170.370117],,,,,,,,,,,,,,,,,
01:11:15:05:12:53,3986.76,3975.89,0,0.0400562,0,0,0,233.364,0,7263.78,0,0,0,0,0,0,-224.347,0,233.364,233.364,0,0
01:11:15:05:12:54,3987.91,3976.18,0,0.0400562,0,0,0,233.364,0,7264.93,0,0,0,0,0,0,-223.203,0,233.364,233.364,0,0
01:11:15:05:12:55,3986.19,3975.32,0,0.0400562,0,0,0,233.364,0,7263.21,0,0,0,0,0,0,-224.919,0,233.364,233.364,0,0
01:11:15:05:12:56,3984.76,3973.6,0,0.0400562,0,0,0,233.364,0,7261.78,0,0,0,0,0,0,-226.349,0,233.364,233.364,0,0
01:11:15:05:12:57,3983.33,3971.89,0,0.0400562,0,0,0,233.364,0,7260.35,0,0,0,0,0,0,-227.78,0,233.364,233.364,0,0
01:11:15:05:12:58,3982.47,3971.31,0,0.0400562,0,0,0,233.364,0,7259.49,0,0,0,0,0,0,-228.639,0,233.364,233.364,0,0
01:11:15:05:12:59,3981.33,3971.03,0,0.0400562,0,0,0,233.364,0,7258.35,0,0,0,0,0,0,-229.783,0,233.364,233.364,0,0
01:11:15:05:13:00,3982.47,3971.31,0,0.0400562,0,0,0,233.364,0,7259.49,0,0,0,0,0,0,-228.639,0,233.364,233.364,0,0
01:11:15:05:13:01,3981.61,3970.46,0,0.0400562,0,0,0,233.364,0,7258.63,0,0,0,0,0,0,-229.497,0,233.364,233.364,0,0
01:11:15:05:13:02,3981.33,3970.17,0,0.0400562,0,0,0,233.364,0,7258.35,0,0,0,0,0,0,-229.783,0,233.364,233.364,0,0
01:11:15:05:13:03,3979.32,3968.17,0,0.0400562,0,0,0,233.364,0,7256.34,0,0,0,0,0,0,-231.785,0,233.364,233.364,0,0
01:11:15:05:13:04,3979.32,3968.17,0,0.0400562,0,0,0,233.364,0,7256.34,0,0,0,0,0,0,-231.785,0,233.364,233.364,0,0
01:11:15:05:13:05,3977.89,3967.31,0,0.0400562,0,0,0,233.364,0,7254.91,0,0,0,0,0,0,-233.216,0,233.364,233.364,0,0
01:11:15:05:13:06,3975.89,3964.16,0,0.0400562,0,0,0,233.364,0,7252.91,0,0,0,0,0,0,-235.219,0,233.364,233.364,0,0
01:11:15:05:13:07,3975.89,3964.73,0,0.0400562,0,0,0,233.364,0,7252.91,0,0,0,0,0,0,-235.219,0,233.364,233.364,0,0
#,01:11:15:05:13:08,WELLBORE,DEPTHS,1,[1|Rate|9170.370117],,,,,,,,,,,,,,,,,
01:11:15:05:13:08,3975.32,3964.45,0,0.0400562,0,0,0,233.364,0,7252.34,0,0,0,0,0,0,-235.791,0,233.364,233.364,0,0
01:11:15:05:13:09,3976.75,3965.02,0,0.0400562,0,0,0,233.364,0,7253.77,0,0,0,0,0,0,-234.36,0,233.364,233.364,0,0
01:11:15:05:13:10,3975.32,3964.45,0,0.0400562,0,0,0,233.364,0,7252.34,0,0,0,0,0,0,-235.791,0,233.364,233.364,0,0
01:11:15:05:13:11,3975.61,3964.16,0,0.0400562,0,0,0,233.364,0,7252.62,0,0,0,0,0,0,-235.505,0,233.364,233.364,0,0
01:11:15:05:13:12,3975.03,3964.45,0,0.0400562,0,0,0,233.364,0,7252.05,0,0,0,0,0,0,-236.077,0,233.364,233.364,0,0
01:11:15:05:13:13,3974.17,3963.59,0,0.0400562,0,0,0,233.364,0,7251.19,0,0,0,0,0,0,-236.935,0,233.364,233.364,0,0
01:11:15:05:13:14,3973.32,3961.87,0,0.0400562,0,0,0,233.364,0,7250.33,0,0,0,0,0,0,-237.793,0,233.364,233.364,0,0
01:11:15:05:13:15,3973.03,3962.16,0,0.0400562,0,0,0,233.364,0,7250.05,0,0,0,0,0,0,-238.08,0,233.364,233.364,0,0
01:11:15:05:13:16,3973.03,3962.16,0,0.0400562,0,0,0,233.364,0,7250.05,0,0,0,0,0,0,-238.08,0,233.364,233.364,0,0
01:11:15:05:13:17,3973.03,3962.44,0,0.0400562,0,0,0,233.364,0,7250.05,0,0,0,0,0,0,-238.08,0,233.364,233.364,0,0
01:11:15:05:13:18,3971.89,3961.01,0,0.0400562,0,0,0,233.364,0,7248.9,0,0,0,0,0,0,-239.224,0,233.364,233.364,0,0
01:11:15:05:13:19,3971.89,3960.44,0,0.0400562,0,0,0,233.364,0,7248.9,0,0,0,0,0,0,-239.224,0,233.364,233.364,0,0
01:11:15:05:13:20,3970.46,3960.16,0,0.0400562,0,0,0,233.364,0,7247.47,0,0,0,0,0,0,-240.655,0,233.364,233.364,0,0
01:11:15:05:13:21,3970.74,3959.87,0,0.0400562,0,0,0,233.364,0,7247.76,0,0,0,0,0,0,-240.369,0,233.364,233.364,0,0
01:11:15:05:13:22,3970.74,3959.58,0,0.0400562,0,0,0,233.364,0,7247.76,0,0,0,0,0,0,-240.369,0,233.364,233.364,0,0
#,01:11:15:05:13:23,WELLBORE,DEPTHS,1,[1|Rate|9170.370117],,,,,,,,,,,,,,,,,
01:11:15:05:13:23,3970.46,3959.01,0,0.0400562,0,0,0,233.364,0,7247.47,0,0,0,0,0,0,-240.655,0,233.364,233.364,0,0
01:11:15:05:13:24,3970.17,3959.3,0,0.0400562,0,0,0,233.364,0,7247.19,0,0,0,0,0,0,-240.941,0,233.364,233.364,0,0
01:11:15:05:13:25,3969.6,3958.44,0,0.0400562,0,0,0,233.364,0,7246.61,0,0,0,0,0,0,-241.513,0,233.364,233.364,0,0
01:11:15:05:13:26,3969.6,3958.15,0,0.0400562,0,0,0,233.364,0,7246.61,0,0,0,0,0,0,-241.513,0,233.364,233.364,0,0
01:11:15:05:13:27,3968.74,3957.01,0,0.0400562,0,0,0,233.364,0,7245.76,0,0,0,0,0,0,-242.371,0,233.364,233.364,0,0
01:11:15:05:13:28,3969.31,3957.01,0,0.0400562,0,0,0,233.364,0,7246.33,0,0,0,0,0,0,-241.799,0,233.364,233.364,0,0
01:11:15:05:13:29,3968.45,3957.01,0,0.0400562,0,0,0,233.364,0,7245.47,0,0,0,0,0,0,-242.657,0,233.364,233.364,0,0
01:11:15:05:13:30,3968.17,3956.72,0,0.0400562,0,0,0,233.364,0,7245.19,0,0,0,0,0,0,-242.943,0,233.364,233.364,0,0
01:11:15:05:13:31,3966.74,3956.15,0,0.0400562,0,0,0,233.364,0,7243.75,0,0,0,0,0,0,-244.374,0,233.364,233.364,0,0
01:11:15:05:13:32,3966.74,3955.01,0,0.0400562,0,0,0,233.364,0,7243.75,0,0,0,0,0,0,-244.374,0,233.364,233.364,0,0
01:11:15:05:13:33,3965.88,3955.01,0,0.0400562,0,0,0,233.364,0,7242.9,0,0,0,0,0,0,-245.232,0,233.364,233.364,0,0
01:11:15:05:13:34,3965.88,3955.29,0,0.0400562,0,0,0,233.364,0,7242.9,0,0,0,0,0,0,-245.232,0,233.364,233.364,0,0
01:11:15:05:13:35,3965.02,3953.86,0,0.0400562,0,0,0,233.364,0,7242.04,0,0,0,0,0,0,-246.091,0,233.364,233.364,0,0
01:11:15:05:13:36,3965.02,3953.86,0,0.0400562,0,0,0,233.364,0,7242.04,0,0,0,0,0,0,-246.091,0,233.364,233.364,0,0
01:11:15:05:13:37,3964.73,3953.58,0,0.0400562,0,0,0,233.364,0,7241.75,0,0,0,0,0,0,-246.377,0,233.364,233.364,0,0
#,01:11:15:05:13:38,WELLBORE,DEPTHS,1,[1|Rate|9170.370117],,,,,,,,,,,,,,,,,
01:11:15:05:13:38,3963.88,3952.15,0,0.0400562,0,0,0,233.364,0,7240.89,0,0,0,0,0,0,-247.235,0,233.364,233.364,0,0
01:11:15:05:13:39,3962.73,3952.15,0,0.0400562,0,0,0,233.364,0,7239.75,0,0,0,0,0,0,-248.379,0,233.364,233.364,0,0
01:11:15:05:13:40,3963.59,3952.15,0,0.0400562,0,0,0,233.364,0,7240.61,0,0,0,0,0,0,-247.521,0,233.364,233.364,0,0
01:11:15:05:13:41,3962.44,3951.29,0,0.0400562,0,0,0,233.364,0,7239.46,0,0,0,0,0,0,-248.665,0,233.364,233.364,0,0
01:11:15:05:13:42,3962.16,3951.29,0,0.0400562,0,0,0,233.364,0,7239.18,0,0,0,0,0,0,-248.952,0,233.364,233.364,0,0
01:11:15:05:13:43,3962.44,3950.71,0,0.0400562,0,0,0,233.364,0,7239.46,0,0,0,0,0,0,-248.665,0,233.364,233.364,0,0
01:11:15:05:13:44,3962.16,3950.71,0,0.0400562,0,0,0,233.364,0,7239.18,0,0,0,0,0,0,-248.952,0,233.364,233.364,0,0
01:11:15:05:13:45,3961.3,3949.86,0,0.0400562,0,0,0,233.364,0,7238.32,0,0,0,0,0,0,-249.81,0,233.364,233.364,0,0
01:11:15:05:13:46,3961.87,3949.86,0,0.0400562,0,0,0,233.364,0,7238.89,0,0,0,0,0,0,-249.237,0,233.364,233.364,0,0
01:11:15:05:13:47,3961.3,3949.57,0,0.0400562,0,0,0,233.364,0,7238.32,0,0,0,0,0,0,-249.81,0,233.364,233.364,0,0
01:11:15:05:13:48,3960.44,3949.57,0,0.0400562,0,0,0,233.364,0,7237.46,0,0,0,0,0,0,-250.668,0,233.364,233.364,0,0
01:11:15:05:13:49,3959.3,3949.28,0,0.0400562,0,0,0,233.364,0,7236.32,0,0,0,0,0,0,-251.813,0,233.364,233.364,0,0
01:11:15:05:13:50,3959.58,3948.43,0,0.0400562,0,0,0,233.364,0,7236.6,0,0,0,0,0,0,-251.527,0,233.364,233.364,0,0
01:11:15:05:13:51,3959.58,3947.85,0,0.0400562,0,0,0,233.364,0,7236.6,0,0,0,0,0,0,-251.527,0,233.364,233.364,0,0
01:11:15:05:13:52,3959.3,3948.71,0,0.0400562,0,0,0,233.364,0,7236.32,0,0,0,0,0,0,-251.813,0,233.364,233.364,0,0
#,01:11:15:05:13:53,WELLBORE,DEPTHS,1,[1|Rate|9170.370117],,,,,,,,,,,,,,,,,
01:11:15:05:13:53,3958.44,3947.28,0,0.0400562,0,0,0,233.364,0,7235.46,0,0,0,0,0,0,-252.671,0,233.364,233.364,0,0
01:11:15:05:13:54,3958.15,3947,0,0.0400562,0,0,0,233.364,0,7235.17,0,0,0,0,0,0,-252.957,0,233.364,233.364,0,0
01:11:15:05:13:55,3958.15,3946.71,0,0.0400562,0,0,0,233.364,0,7235.17,0,0,0,0,0,0,-252.957,0,233.364,233.364,0,0
01:11:15:05:13:56,3958.15,3947,0,0.0400562,0,0,0,233.364,0,7235.17,0,0,0,0,0,0,-252.957,0,233.364,233.364,0,0
01:11:15:05:13:57,3957.29,3946.42,0,0.0400562,0,0,0,233.364,0,7234.31,0,0,0,0,0,0,-253.815,0,233.364,233.364,0,0
01:11:15:05:13:58,3957.01,3945.85,0,0.0400562,0,0,0,233.364,0,7234.03,0,0,0,0,0,0,-254.101,0,233.364,233.364,0,0
01:11:15:05:13:59,3956.72,3945.56,0,0.0400562,0,0,0,233.364,0,7233.74,0,0,0,0,0,0,-254.387,0,233.364,233.364,0,0
01:11:15:05:14:00,3956.72,3944.42,0,0.0400562,0,0,0,233.364,0,7233.74,0,0,0,0,0,0,-254.387,0,233.364,233.364,0,0
01:11:15:05:14:01,3955.58,3944.99,0,0.0400562,0,0,0,233.364,0,7232.6,0,0,0,0,0,0,-255.532,0,233.364,233.364,0,0
01:11:15:05:14:02,3955.86,3944.13,0,0.0400562,0,0,0,233.364,0,7232.88,0,0,0,0,0,0,-255.245,0,233.364,233.364,0,0
01:11:15:05:14:03,3955.29,3944.71,0,0.0400562,0,0,0,233.364,0,7232.31,0,0,0,0,0,0,-255.818,0,233.364,233.364,0,0
01:11:15:05:14:04,3955.58,3943.85,0,0.0400562,0,0,0,233.364,0,7232.6,0,0,0,0,0,0,-255.532,0,233.364,233.364,0,0
01:11:15:05:14:05,3955.29,3943.56,0,0.0400562,0,0,0,233.364,0,7232.31,0,0,0,0,0,0,-255.818,0,233.364,233.364,0,0
01:11:15:05:14:06,3955.01,3943.85,0,0.0400562,0,0,0,233.364,0,7232.02,0,0,0,0,0,0,-256.104,0,233.364,233.364,0,0
01:11:15:05:14:07,3954.15,3943.28,0,0.0400562,0,0,0,233.364,0,7231.17,0,0,0,0,0,0,-256.963,0,233.364,233.364,0,0
#,01:11:15:05:14:08,WELLBORE,DEPTHS,1,[1|Rate|9170.370117],,,,,,,,,,,,,,,,,
01:11:15:05:14:08,3954.72,3943.56,0,0.0400562,0,0,0,233.364,0,7231.74,0,0,0,0,0,0,-256.39,0,233.364,233.364,0,0
01:11:15:05:14:09,3954.43,3942.7,0,0.0400562,0,0,0,233.364,0,7231.45,0,0,0,0,0,0,-256.676,0,233.364,233.364,0,0
01:11:15:05:14:10,3953.58,3942.13,0,0.0400562,0,0,0,233.364,0,7230.59,0,0,0,0,0,0,-257.535,0,233.364,233.364,0,0
01:11:15:05:14:11,3953,3942.13,0,0.0400562,0,0,0,233.364,0,7230.02,0,0,0,0,0,0,-258.107,0,233.364,233.364,0,0
01:11:15:05:14:12,3953,3941.27,0,0.0400562,0,0,0,233.364,0,7230.02,0,0,0,0,0,0,-258.107,0,233.364,233.364,0,0
01:11:15:05:14:13,3953,3941.85,0,0.0400562,0,0,0,233.364,0,7230.02,0,0,0,0,0,0,-258.107,0,233.364,233.364,0,0
01:11:15:05:14:14,3952.72,3941.56,0,0.0400562,0,0,0,233.364,0,7229.73,0,0,0,0,0,0,-258.393,0,233.364,233.364,0,0
01:11:15:05:14:15,3952.15,3941.27,0,0.0400562,0,0,0,233.364,0,7229.16,0,0,0,0,0,0,-258.965,0,233.364,233.364,0,0
01:11:15:05:14:16,3952.15,3940.7,0,0.0400562,0,0,0,233.364,0,7229.16,0,0,0,0,0,0,-258.965,0,233.364,233.364,0,0
01:11:15:05:14:17,3950.71,3940.7,0,0.0400562,0,0,0,233.364,0,7227.73,0,0,0,0,0,0,-260.396,0,233.364,233.364,0,0
01:11:15:05:14:18,3951.57,3939.84,0,0.0400562,0,0,0,233.364,0,7228.59,0,0,0,0,0,0,-259.537,0,233.364,233.364,0,0
01:11:15:05:14:19,3951,3939.56,0,0.0400562,0,0,0,233.364,0,7228.02,0,0,0,0,0,0,-260.109,0,233.364,233.364,0,0
01:11:15:05:14:20,3950.71,3938.7,0,0.0400562,0,0,0,233.364,0,7227.73,0,0,0,0,0,0,-260.396,0,233.364,233.364,0,0
01:11:15:05:14:21,3950.43,3939.56,0,0.0400562,0,0,0,233.364,0,7227.45,0,0,0,0,0,0,-260.681,0,233.364,233.364,0,0
01:11:15:05:14:22,3950.43,3938.98,0,0.0400562,0,0,0,233.364,0,7227.45,0,0,0,0,0,0,-260.681,0,233.364,233.364,0,0
#,01:11:15:05:14:23,WELLBORE,DEPTHS,1,[1|Rate|9170.370117],,,,,,,,,,,,,,,,,
01:11:15:05:14:23,3949.86,3938.13,0,0.0400562,0,0,0,233.364,0,7226.87,0,0,0,0,0,0,-261.254,0,233.364,233.364,0,0
01:11:15:05:14:24,3949.28,3938.13,0,0.0400562,0,0,0,233.364,0,7226.3,0,0,0,0,0,0,-261.826,0,233.364,233.364,0,0
01:11:15:05:14:25,3949,3937.55,0,0.0400562,0,0,0,233.364,0,7226.02,0,0,0,0,0,0,-262.112,0,233.364,233.364,0,0
01:11:15:05:14:26,3948.71,3937.55,0,0.0400562,0,0,0,233.364,0,7225.73,0,0,0,0,0,0,-262.399,0,233.364,233.364,0,0
01:11:15:05:14:27,3948.43,3937.27,0,0.0400562,0,0,0,233.364,0,7225.44,0,0,0,0,0,0,-262.684,0,233.364,233.364,0,0
01:11:15:05:14:28,3948.43,3936.41,0,0.0400562,0,0,0,233.364,0,7225.44,0,0,0,0,0,0,-262.684,0,233.364,233.364,0,0
01:11:15:05:14:29,3948.43,3937.27,0,0.0400562,0,0,0,233.364,0,7225.44,0,0,0,0,0,0,-262.684,0,233.364,233.364,0,0
01:11:15:05:14:30,3947.57,3936.12,0,0.0400562,0,0,0,233.364,0,7224.59,0,0,0,0,0,0,-263.543,0,233.364,233.364,0,0
01:11:15:05:14:31,3947.57,3935.84,0,0.0400562,0,0,0,233.364,0,7224.59,0,0,0,0,0,0,-263.543,0,233.364,233.364,0,0
01:11:15:05:14:32,3947.28,3934.98,0,0.0400562,0,0,0,233.364,0,7224.3,0,0,0,0,0,0,-263.829,0,233.364,233.364,0,0
01:11:15:05:14:33,3947.28,3935.55,0,0.0400562,0,0,0,233.364,0,7224.3,0,0,0,0,0,0,-263.829,0,233.364,233.364,0,0
01:11:15:05:14:34,3946.14,3934.98,0,0.0400562,0,0,0,233.364,0,7223.15,0,0,0,0,0,0,-264.973,0,233.364,233.364,0,0
01:11:15:05:14:35,3946.14,3934.69,0,0.0400562,0,0,0,233.364,0,7223.15,0,0,0,0,0,0,-264.973,0,233.364,233.364,0,0
01:11:15:05:14:36,3946.14,3934.12,0,0.0400562,0,0,0,233.364,0,7223.15,0,0,0,0,0,0,-264.973,0,233.364,233.364,0,0
01:11:15:05:14:37,3945.56,3934.41,0,0.0400562,0,0,0,233.364,0,7222.58,0,0,0,0,0,0,-265.545,0,233.364,233.364,0,0
#,01:11:15:05:14:38,WELLBORE,DEPTHS,1,[1|Rate|9170.370117],,,,,,,,,,,,,,,,,
01:11:15:05:14:38,3946.14,3934.41,0,0.0400562,0,0,0,233.364,0,7223.15,0,0,0,0,0,0,-264.973,0,233.364,233.364,0,0
01:11:15:05:14:39,3945.56,3934.12,0,0.0400562,0,0,0,233.364,0,7222.58,0,0,0,0,0,0,-265.545,0,233.364,233.364,0,0
01:11:15:05:14:40,3944.99,3933.26,0,0.0400562,0,0,0,233.364,0,7222.01,0,0,0,0,0,0,-266.117,0,233.364,233.364,0,0
01:11:15:05:14:41,3945.28,3932.98,0,0.0400562,0,0,0,233.364,0,7222.3,0,0,0,0,0,0,-265.831,0,233.364,233.364,0,0
01:11:15:05:14:42,3944.71,3932.98,0,0.0400562,0,0,0,233.364,0,7221.72,0,0,0,0,0,0,-266.404,0,233.364,233.364,0,0
01:11:15:05:14:43,3944.42,3932.69,0,0.0400562,0,0,0,233.364,0,7221.44,0,0,0,0,0,0,-266.69,0,233.364,233.364,0,0
01:11:15:05:14:44,3944.13,3932.4,0,0.0400562,0,0,0,233.364,0,7221.15,0,0,0,0,0,0,-266.976,0,233.364,233.364,0,0
01:11:15:05:14:45,3943.28,3931.83,0,0.0400562,0,0,0,233.364,0,7220.29,0,0,0,0,0,0,-267.834,0,233.364,233.364,0,0
01:11:15:05:14:46,3942.7,3931.83,0,0.0400562,0,0,0,233.364,0,7219.72,0,0,0,0,0,0,-268.407,0,233.364,233.364,0,0
01:11:15:05:14:47,3943.56,3931.55,0,0.0400562,0,0,0,233.364,0,7220.58,0,0,0,0,0,0,-267.548,0,233.364,233.364,0,0
01:11:15:05:14:48,3942.7,3931.26,0,0.0400562,0,0,0,233.364,0,7219.72,0,0,0,0,0,0,-268.407,0,233.364,233.364,0,0
01:11:15:05:14:49,3942.7,3930.97,0,0.0400562,0,0,0,233.364,0,7219.72,0,0,0,0,0,0,-268.407,0,233.364,233.364,0,0
01:11:15:05:14:50,3942.13,3930.12,0,0.0400562,0,0,0,233.364,0,7219.15,0,0,0,0,0,0,-268.979,0,233.364,233.364,0,0
01:11:15:05:14:51,3941.56,3930.69,0,0.0400562,0,0,0,233.364,0,7218.58,0,0,0,0,0,0,-269.551,0,233.364,233.364,0,0
01:11:15:05:14:52,3941.56,3930.12,0,0.0400562,0,0,0,233.364,0,7218.58,0,0,0,0,0,0,-269.551,0,233.364,233.364,0,0
#,01:11:15:05:14:53,WELLBORE,DEPTHS,1,[1|Rate|9170.370117],,,,,,,,,,,,,,,,,
01:11:15:05:14:53,3940.99,3929.54,0,0.0400562,0,0,0,233.364,0,7218.01,0,0,0,0,0,0,-270.123,0,233.364,233.364,0,0
01:11:15:05:14:54,3941.27,3929.26,0,0.0400562,0,0,0,233.364,0,7218.29,0,0,0,0,0,0,-269.837,0,233.364,233.364,0,0
01:11:15:05:14:55,3940.99,3929.26,0,0.0400562,0,0,0,233.364,0,7218.01,0,0,0,0,0,0,-270.123,0,233.364,233.364,0,0
01:11:15:05:14:56,3940.7,3928.4,0,0.0400562,0,0,0,233.364,0,7217.72,0,0,0,0,0,0,-270.409,0,233.364,233.364,0,0
01:11:15:05:14:57,3939.84,3928.11,0,0.0400562,0,0,0,233.364,0,7216.86,0,0,0,0,0,0,-271.267,0,233.364,233.364,0,0
01:11:15:05:14:58,3940.42,3928.68,0,0.0400562,0,0,0,233.364,0,7217.43,0,0,0,0,0,0,-270.695,0,233.364,233.364,0,0
01:11:15:05:14:59,3939.56,3928.11,0,0.0400562,0,0,0,233.364,0,7216.57,0,0,0,0,0,0,-271.553,0,233.364,233.364,0,0
01:11:15:05:15:00,3939.27,3927.54,0,0.0400562,0,0,0,233.364,0,7216.29,0,0,0,0,0,0,-271.84,0,233.364,233.364,0,0
01:11:15:05:15:01,3939.27,3927.83,0,0.0400562,0,0,0,233.364,0,7216.29,0,0,0,0,0,0,-271.84,0,233.364,233.364,0,0
01:11:15:05:15:02,3938.7,3926.68,0,0.0400562,0,0,0,233.364,0,7215.72,0,0,0,0,0,0,-272.412,0,233.364,233.364,0,0
01:11:15:05:15:03,3938.13,3927.25,0,0.0400562,0,0,0,233.364,0,7215.14,0,0,0,0,0,0,-272.984,0,233.364,233.364,0,0
01:11:15:05:15:04,3938.41,3926.68,0,0.0400562,0,0,0,233.364,0,7215.43,0,0,0,0,0,0,-272.698,0,233.364,233.364,0,0
01:11:15:05:15:05,3938.13,3926.68,0,0.0400562,0,0,0,233.364,0,7215.14,0,0,0,0,0,0,-272.984,0,233.364,233.364,0,0
01:11:15:05:15:06,3938.13,3926.11,0,0.0400562,0,0,0,233.364,0,7215.14,0,0,0,0,0,0,-272.984,0,233.364,233.364,0,0
01:11:15:05:15:07,3937.55,3925.82,0,0.0400562,0,0,0,233.364,0,7214.57,0,0,0,0,0,0,-273.556,0,233.364,233.364,0,0
#,01:11:15:05:15:08,WELLBORE,DEPTHS,1,[1|Rate|9170.370117],,,,,,,,,,,,,,,,,
01:11:15:05:15:08,3937.27,3925.25,0,0.0400562,0,0,0,233.364,0,7214.29,0,0,0,0,0,0,-273.843,0,233.364,233.364,0,0
01:11:15:05:15:09,3936.98,3925.54,0,0.0400562,0,0,0,233.364,0,7214,0,0,0,0,0,0,-274.128,0,233.364,233.364,0,0
01:11:15:05:15:10,3936.7,3925.25,0,0.0400562,0,0,0,233.364,0,7213.71,0,0,0,0,0,0,-274.415,0,233.364,233.364,0,0
01:11:15:05:15:11,3936.12,3924.39,0,0.0400562,0,0,0,233.364,0,7213.14,0,0,0,0,0,0,-274.987,0,233.364,233.364,0,0
01:11:15:05:15:12,3936.41,3924.39,0,0.0400562,0,0,0,233.364,0,7213.43,0,0,0,0,0,0,-274.701,0,233.364,233.364,0,0
01:11:15:05:15:13,3936.12,3924.39,0,0.0400562,0,0,0,233.364,0,7213.14,0,0,0,0,0,0,-274.987,0,233.364,233.364,0,0
01:11:15:05:15:14,3935.55,3923.82,0,0.0400562,0,0,0,233.364,0,7212.57,0,0,0,0,0,0,-275.559,0,233.364,233.364,0,0
01:11:15:05:15:15,3934.69,3923.25,0,0.0400562,0,0,0,233.364,0,7211.71,0,0,0,0,0,0,-276.417,0,233.364,233.364,0,0
01:11:15:05:15:16,3934.69,3923.25,0,0.0400562,0,0,0,233.364,0,7211.71,0,0,0,0,0,0,-276.417,0,233.364,233.364,0,0
01:11:15:05:15:17,3934.69,3922.68,0,0.0400562,0,0,0,233.364,0,7211.71,0,0,0,0,0,0,-276.417,0,233.364,233.364,0,0
01:11:15:05:15:18,3934.41,3922.39,0,0.0400562,0,0,0,233.364,0,7211.42,0,0,0,0,0,0,-276.703,0,233.364,233.364,0,0
01:11:15:05:15:19,3933.83,3922.39,0,0.0400562,0,0,0,233.364,0,7210.85,0,0,0,0,0,0,-277.276,0,233.364,233.364,0,0
01:11:15:05:15:20,3934.69,3921.82,0,0.0400562,0,0,0,233.364,0,7211.71,0,0,0,0,0,0,-276.417,0,233.364,233.364,0,0
01:11:15:05:15:21,3933.26,3921.82,0,0.0400562,0,0,0,233.364,0,7210.28,0,0,0,0,0,0,-277.848,0,233.364,233.364,0,0
01:11:15:05:15:22,3932.98,3921.82,0,0.0400562,0,0,0,233.364,0,7209.99,0,0,0,0,0,0,-278.134,0,233.364,233.364,0,0
#,01:11:15:05:15:23,WELLBORE,DEPTHS,1,[1|Rate|9170.370117],,,,,,,,,,,,,,,,,
01:11:15:05:15:23,3933.26,3921.53,0,0.0400562,0,0,0,233.364,0,7210.28,0,0,0,0,0,0,-277.848,0,233.364,233.364,0,0
01:11:15:05:15:24,3932.98,3921.25,0,0.0400562,0,0,0,233.364,0,7209.99,0,0,0,0,0,0,-278.134,0,233.364,233.364,0,0
01:11:15:05:15:25,3932.69,3920.96,0,0.0400562,0,0,0,233.364,0,7209.71,0,0,0,0,0,0,-278.42,0,233.364,233.364,0,0
01:11:15:05:15:26,3932.12,3920.67,0,0.0400562,0,0,0,233.364,0,7209.14,0,0,0,0,0,0,-278.992,0,233.364,233.364,0,0
01:11:15:05:15:27,3931.83,3920.39,0,0.0400562,0,0,0,233.364,0,7208.85,0,0,0,0,0,0,-279.278,0,233.364,233.364,0,0
01:11:15:05:15:28,3931.55,3919.24,0,0.0400562,0,0,0,233.364,0,7208.56,0,0,0,0,0,0,-279.564,0,233.364,233.364,0,0
01:11:15:05:15:29,3930.97,3920.1,0,0.0400562,0,0,0,233.364,0,7207.99,0,0,0,0,0,0,-280.136,0,233.364,233.364,0,0
01:11:15:05:15:30,3930.69,3919.53,0,0.0400562,0,0,0,233.364,0,7207.71,0,0,0,0,0,0,-280.423,0,233.364,233.364,0,0
01:11:15:05:15:31,3931.26,3918.39,0,0.0400562,0,0,0,233.364,0,7208.28,0,0,0,0,0,0,-279.851,0,233.364,233.364,0,0
01:11:15:05:15:32,3930.12,3918.96,0,0.0400562,0,0,0,233.364,0,7207.13,0,0,0,0,0,0,-280.995,0,233.364,233.364,0,0
01:11:15:05:15:33,3930.4,3918.67,0,0.0400562,0,0,0,233.364,0,7207.42,0,0,0,0,0,0,-280.709,0,233.364,233.364,0,0
01:11:15:05:15:34,3930.4,3918.1,0,0.0400562,0,0,0,233.364,0,7207.42,0,0,0,0,0,0,-280.709,0,233.364,233.364,0,0
01:11:15:05:15:35,3929.26,3918.1,0,0.0400562,0,0,0,233.364,0,7206.27,0,0,0,0,0,0,-281.854,0,233.364,233.364,0,0
01:11:15:05:15:36,3928.97,3917.53,0,0.0400562,0,0,0,233.364,0,7205.99,0,0,0,0,0,0,-282.139,0,233.364,233.364,0,0
01:11:15:05:15:37,3929.26,3917.24,0,0.0400562,0,0,0,233.364,0,7206.27,0,0,0,0,0,0,-281.854,0,233.364,233.364,0,0
#,01:11:15:05:15:38,WELLBORE,DEPTHS,1,[1|Rate|9170.370117],,,,,,,,,,,,,,,,,
01:11:15:05:15:38,3928.68,3917.53,0,0.0400562,0,0,0,233.364,0,7205.7,0,0,0,0,0,0,-282.426,0,233.364,233.364,0,0
01:11:15:05:15:39,3928.68,3916.38,0,0.0400562,0,0,0,233.364,0,7205.7,0,0,0,0,0,0,-282.426,0,233.364,233.364,0,0
01:11:15:05:15:40,3928.4,3916.38,0,0.0400562,0,0,0,233.364,0,7205.42,0,0,0,0,0,0,-282.712,0,233.364,233.364,0,0
01:11:15:05:15:41,3927.83,3916.1,0,0.0400562,0,0,0,233.364,0,7204.84,0,0,0,0,0,0,-283.284,0,233.364,233.364,0,0
01:11:15:05:15:42,3928.11,3916.38,0,0.0400562,0,0,0,233.364,0,7205.13,0,0,0,0,0,0,-282.998,0,233.364,233.364,0,0
01:11:15:05:15:43,3926.97,3915.81,0,0.0400562,0,0,0,233.364,0,7203.99,0,0,0,0,0,0,-284.142,0,233.364,233.364,0,0
01:11:15:05:15:44,3926.97,3915.81,0,0.0400562,0,0,0,233.364,0,7203.99,0,0,0,0,0,0,-284.142,0,233.364,233.364,0,0
01:11:15:05:15:45,3926.68,3915.24,0,0.0400562,0,0,0,233.364,0,7203.7,0,0,0,0,0,0,-284.428,0,233.364,233.364,0,0
01:11:15:05:15:46,3926.11,3914.95,0,0.0400562,0,0,0,233.364,0,7203.13,0,0,0,0,0,0,-285,0,233.364,233.364,0,0
01:11:15:05:15:47,3926.4,3915.24,0,0.0400562,0,0,0,233.364,0,7203.41,0,0,0,0,0,0,-284.714,0,233.364,233.364,0,0
01:11:15:05:15:48,3926.4,3914.67,0,0.0400562,0,0,0,233.364,0,7203.41,0,0,0,0,0,0,-284.714,0,233.364,233.364,0,0
01:11:15:05:15:49,3926.11,3914.67,0,0.0400562,0,0,0,233.364,0,7203.13,0,0,0,0,0,0,-285,0,233.364,233.364,0,0
01:11:15:05:15:50,3925.82,3914.09,0,0.0400562,0,0,0,233.364,0,7202.84,0,0,0,0,0,0,-285.287,0,233.364,233.364,0,0
01:11:15:05:15:51,3925.25,3913.81,0,0.0400562,0,0,0,233.364,0,7202.27,0,0,0,0,0,0,-285.859,0,233.364,233.364,0,0
01:11:15:05:15:52,3925.54,3912.95,0,0.0400562,0,0,0,233.364,0,7202.56,0,0,0,0,0,0,-285.572,0,233.364,233.364,0,0
#,01:11:15:05:15:53,WELLBORE,DEPTHS,1,[1|Rate|9170.370117],,,,,,,,,,,,,,,,,
01:11:15:05:15:53,3924.97,3913.24,0,0.0400562,0,0,0,233.364,0,7201.98,0,0,0,0,0,0,-286.145,0,233.364,233.364,0,0
01:11:15:05:15:54,3925.25,3913.52,0,0.0400562,0,0,0,233.364,0,7202.27,0,0,0,0,0,0,-285.859,0,233.364,233.364,0,0
01:11:15:05:15:55,3923.82,3912.38,0,0.0400562,0,0,0,233.364,0,7200.84,0,0,0,0,0,0,-287.29,0,233.364,233.364,0,0
01:11:15:05:15:56,3924.68,3913.52,0,0.0400562,0,0,0,233.364,0,7201.7,0,0,0,0,0,0,-286.431,0,233.364,233.364,0,0
01:11:15:05:15:57,3923.53,3911.8,0,0.0400562,0,0,0,233.364,0,7200.55,0,0,0,0,0,0,-287.575,0,233.364,233.364,0,0
01:11:15:05:15:58,3923.82,3912.66,0,0.0400562,0,0,0,233.364,0,7200.84,0,0,0,0,0,0,-287.29,0,233.364,233.364,0,0
01:11:15:05:15:59,3922.39,3911.52,0,0.0400562,0,0,0,233.364,0,7199.41,0,0,0,0,0,0,-288.72,0,233.364,233.364,0,0
01:11:15:05:16:00,3922.39,3911.23,0,0.0400562,0,0,0,233.364,0,7199.41,0,0,0,0,0,0,-288.72,0,233.364,233.364,0,0
01:11:15:05:16:01,3922.68,3911.8,0,0.0400562,0,0,0,233.364,0,7199.69,0,0,0,0,0,0,-288.434,0,233.364,233.364,0,0
01:11:15:05:16:02,3922.39,3910.95,0,0.0400562,0,0,0,233.364,0,7199.41,0,0,0,0,0,0,-288.72,0,233.364,233.364,0,0
01:11:15:05:16:03,3922.39,3910.66,0,0.0400562,0,0,0,233.364,0,7199.41,0,0,0,0,0,0,-288.72,0,233.364,233.364,0,0
01:11:15:05:16:04,3921.82,3910.37,0,0.0400562,0,0,0,233.364,0,7198.84,0,0,0,0,0,0,-289.292,0,233.364,233.364,0,0
01:11:15:05:16:05,3921.82,3910.37,0,0.0400562,0,0,0,233.364,0,7198.84,0,0,0,0,0,0,-289.292,0,233.364,233.364,0,0
01:11:15:05:16:06,3921.82,3910.09,0,0.0400562,0,0,0,233.364,0,7198.84,0,0,0,0,0,0,-289.292,0,233.364,233.364,0,0
01:11:15:05:16:07,3920.96,3909.52,0,0.0400562,0,0,0,233.364,0,7197.98,0,0,0,0,0,0,-290.15,0,233.364,233.364,0,0
#,01:11:15:05:16:08,WELLBORE,DEPTHS,1,[1|Rate|9170.370117],,,,,,,,,,,,,,,,,
01:11:15:05:16:08,3920.96,3908.94,0,0.0400562,0,0,0,233.364,0,7197.98,0,0,0,0,0,0,-290.15,0,233.364,233.364,0,0
01:11:15:05:16:09,3920.67,3909.23,0,0.0400562,0,0,0,233.364,0,7197.69,0,0,0,0,0,0,-290.436,0,233.364,233.364,0,0
01:11:15:05:16:10,3920.39,3909.23,0,0.0400562,0,0,0,233.364,0,7197.41,0,0,0,0,0,0,-290.722,0,233.364,233.364,0,0
01:11:15:05:16:11,3920.1,3907.8,0,0.0400562,0,0,0,233.364,0,7197.12,0,0,0,0,0,0,-291.008,0,233.364,233.364,0,0
01:11:15:05:16:12,3919.82,3907.8,0,0.0400562,0,0,0,233.364,0,7196.83,0,0,0,0,0,0,-291.295,0,233.364,233.364,0,0
01:11:15:05:16:13,3919.53,3907.51,0,0.0400562,0,0,0,233.364,0,7196.55,0,0,0,0,0,0,-291.58,0,233.364,233.364,0,0
01:11:15:05:16:14,3919.24,3907.23,0,0.0400562,0,0,0,233.364,0,7196.26,0,0,0,0,0,0,-291.867,0,233.364,233.364,0,0
01:11:15:05:16:15,3918.67,3906.65,0,0.0400562,0,0,0,233.364,0,7195.69,0,0,0,0,0,0,-292.439,0,233.364,233.364,0,0
01:11:15:05:16:16,3918.39,3906.94,0,0.0400562,0,0,0,233.364,0,7195.4,0,0,0,0,0,0,-292.726,0,233.364,233.364,0,0
01:11:15:05:16:17,3918.1,3907.23,0,0.0400562,0,0,0,233.364,0,7195.12,0,0,0,0,0,0,-293.011,0,233.364,233.364,0,0
01:11:15:05:16:18,3918.39,3906.37,0,0.0400562,0,0,0,233.364,0,7195.4,0,0,0,0,0,0,-292.726,0,233.364,233.364,0,0
01:11:15:05:16:19,3917.81,3906.08,0,0.0400562,0,0,0,233.364,0,7194.83,0,0,0,0,0,0,-293.298,0,233.364,233.364,0,0
01:11:15:05:16:20,3917.81,3906.08,0,0.0400562,0,0,0,233.364,0,7194.83,0,0,0,0,0,0,-293.298,0,233.364,233.364,0,0
01:11:15:05:16:21,3917.53,3905.51,0,0.0400562,0,0,0,233.364,0,7194.55,0,0,0,0,0,0,-293.583,0,233.364,233.364,0,0
01:11:15:05:16:22,3916.67,3905.51,0,0.0400562,0,0,0,233.364,0,7193.69,0,0,0,0,0,0,-294.442,0,233.364,233.364,0,0
#,01:11:15:05:16:23,WELLBORE,DEPTHS,1,[1|Rate|9170.370117],,,,,,,,,,,,,,,,,
01:11:15:05:16:23,3916.95,3904.94,0,0.0400562,0,0,0,233.364,0,7193.97,0,0,0,0,0,0,-294.156,0,233.364,233.364,0,0
01:11:15:05:16:24,3916.67,3904.65,0,0.0400562,0,0,0,233.364,0,7193.69,0,0,0,0,0,0,-294.442,0,233.364,233.364,0,0
01:11:15:05:16:25,3915.81,3904.94,0,0.0400562,0,0,0,233.364,0,7192.83,0,0,0,0,0,0,-295.3,0,233.364,233.364,0,0
01:11:15:05:16:26,3916.1,3904.37,0,0.0400562,0,0,0,233.364,0,7193.11,0,0,0,0,0,0,-295.014,0,233.364,233.364,0,0
01:11:15:05:16:27,3915.81,3903.79,0,0.0400562,0,0,0,233.364,0,7192.83,0,0,0,0,0,0,-295.3,0,233.364,233.364,0,0
01:11:15:05:16:28,3914.67,3903.79,0,0.0400562,0,0,0,233.364,0,7191.68,0,0,0,0,0,0,-296.444,0,233.364,233.364,0,0
01:11:15:05:16:29,3914.95,3902.94,0,0.0400562,0,0,0,233.364,0,7191.97,0,0,0,0,0,0,-296.158,0,233.364,233.364,0,0
01:11:15:05:16:30,3914.38,3902.94,0,0.0400562,0,0,0,233.364,0,7191.4,0,0,0,0,0,0,-296.731,0,233.364,233.364,0,0
01:11:15:05:16:31,3914.38,3902.36,0,0.0400562,0,0,0,233.364,0,7191.4,0,0,0,0,0,0,-296.731,0,233.364,233.364,0,0
01:11:15:05:16:32,3914.09,3902.36,0,0.0400562,0,0,0,233.364,0,7191.11,0,0,0,0,0,0,-297.016,0,233.364,233.364,0,0
01:11:15:05:16:33,3913.81,3902.36,0,0.0400562,0,0,0,233.364,0,7190.83,0,0,0,0,0,0,-297.303,0,233.364,233.364,0,0
01:11:15:05:16:34,3913.81,3901.79,0,0.0400562,0,0,0,233.364,0,7190.83,0,0,0,0,0,0,-297.303,0,233.364,233.364,0,0
01:11:15:05:16:35,3913.52,3902.08,0,0.0400562,0,0,0,233.364,0,7190.54,0,0,0,0,0,0,-297.589,0,233.364,233.364,0,0
01:11:15:05:16:36,3913.24,3901.79,0,0.0400562,0,0,0,233.364,0,7190.25,0,0,0,0,0,0,-297.875,0,233.364,233.364,0,0
01:11:15:05:16:37,3912.95,3901.79,0,0.0400562,0,0,0,233.364,0,7189.97,0,0,0,0,0,0,-298.161,0,233.364,233.364,0,0
#,01:11:15:05:16:38,WELLBORE,DEPTHS,1,[1|Rate|9170.370117],,,,,,,,,,,,,,,,,
01:11:15:05:16:38,3912.66,3900.65,0,0.0400562,0,0,0,233.364,0,7189.68,0,0,0,0,0,0,-298.447,0,233.364,233.364,0,0
01:11:15:05:16:39,3912.66,3900.07,0,0.0400562,0,0,0,233.364,0,7189.68,0,0,0,0,0,0,-298.447,0,233.364,233.364,0,0
01:11:15:05:16:40,3912.09,3900.65,0,0.0400562,0,0,0,233.364,0,7189.11,0,0,0,0,0,0,-299.019,0,233.364,233.364,0,0
01:11:15:05:16:41,3912.38,3899.79,0,0.0400562,0,0,0,233.364,0,7189.39,0,0,0,0,0,0,-298.734,0,233.364,233.364,0,0
01:11:15:05:16:42,3911.23,3900.36,0,0.0400562,0,0,0,233.364,0,7188.25,0,0,0,0,0,0,-299.878,0,233.364,233.364,0,0
01:11:15:05:16:43,3910.95,3899.5,0,0.0400562,0,0,0,233.364,0,7187.96,0,0,0,0,0,0,-300.164,0,233.364,233.364,0,0
01:11:15:05:16:44,3910.95,3899.5,0,0.0400562,0,0,0,233.364,0,7187.96,0,0,0,0,0,0,-300.164,0,233.364,233.364,0,0
01:11:15:05:16:45,3910.66,3898.93,0,0.0400562,0,0,0,233.364,0,7187.68,0,0,0,0,0,0,-300.45,0,233.364,233.364,0,0
01:11:15:05:16:46,3910.66,3898.93,0,0.0400562,0,0,0,233.364,0,7187.68,0,0,0,0,0,0,-300.45,0,233.364,233.364,0,0
01:11:15:05:16:47,3910.66,3899.22,0,0.0400562,0,0,0,233.364,0,7187.68,0,0,0,0,0,0,-300.45,0,233.364,233.364,0,0
01:11:15:05:16:48,3910.37,3898.36,0,0.0400562,0,0,0,233.364,0,7187.39,0,0,0,0,0,0,-300.736,0,233.364,233.364,0,0
01:11:15:05:16:49,3909.8,3898.07,0,0.0400562,0,0,0,233.364,0,7186.82,0,0,0,0,0,0,-301.308,0,233.364,233.364,0,0
01:11:15:05:16:50,3909.8,3897.5,0,0.0400562,0,0,0,233.364,0,7186.82,0,0,0,0,0,0,-301.308,0,233.364,233.364,0,0
01:11:15:05:16:51,3909.23,3897.5,0,0.0400562,0,0,0,233.364,0,7186.25,0,0,0,0,0,0,-301.88,0,233.364,233.364,0,0
01:11:15:05:16:52,3908.66,3896.93,0,0.0400562,0,0,0,233.364,0,7185.68,0,0,0,0,0,0,-302.452,0,233.364,233.364,0,0
#,01:11:15:05:16:53,WELLBORE,DEPTHS,1,[1|Rate|9170.370117],,,,,,,,,,,,,,,,,
01:11:15:05:16:53,3908.94,3896.36,0,0.0400562,0,0,0,233.364,0,7185.96,0,0,0,0,0,0,-302.166,0,233.364,233.364,0,0
01:11:15:05:16:54,3908.09,3896.07,0,0.0400562,0,0,0,233.364,0,7185.1,0,0,0,0,0,0,-303.024,0,233.364,233.364,0,0
01:11:15:05:16:55,3908.66,3896.07,0,0.0400562,0,0,0,233.364,0,7185.68,0,0,0,0,0,0,-302.452,0,233.364,233.364,0,0
01:11:15:05:16:56,3908.09,3896.07,0,0.0400562,0,0,0,233.364,0,7185.1,0,0,0,0,0,0,-303.024,0,233.364,233.364,0,0
01:11:15:05:16:57,3907.51,3894.92,0,0.0400562,0,0,0,233.364,0,7184.53,0,0,0,0,0,0,-303.597,0,233.364,233.364,0,0
01:11:15:05:16:58,3907.8,3895.78,0,0.0400562,0,0,0,233.364,0,7184.82,0,0,0,0,0,0,-303.311,0,233.364,233.364,0,0
01:11:15:05:16:59,3906.65,3895.21,0,0.0400562,0,0,0,233.364,0,7183.67,0,0,0,0,0,0,-304.455,0,233.364,233.364,0,0
01:11:15:05:17:00,3906.65,3894.92,0,0.0400562,0,0,0,233.364,0,7183.67,0,0,0,0,0,0,-304.455,0,233.364,233.364,0,0
01:11:15:05:17:01,3906.65,3894.64,0,0.0400562,0,0,0,233.364,0,7183.67,0,0,0,0,0,0,-304.455,0,233.364,233.364,0,0
01:11:15:05:17:02,3906.37,3894.35,0,0.0400562,0,0,0,233.364,0,7183.39,0,0,0,0,0,0,-304.742,0,233.364,233.364,0,0
01:11:15:05:17:03,3906.08,3893.78,0,0.0400562,0,0,0,233.364,0,7183.1,0,0,0,0,0,0,-305.027,0,233.364,233.364,0,0
01:11:15:05:17:04,3905.8,3893.78,0,0.0400562,0,0,0,233.364,0,7182.81,0,0,0,0,0,0,-305.314,0,233.364,233.364,0,0
01:11:15:05:17:05,3905.51,3893.49,0,0.0400562,0,0,0,233.364,0,7182.53,0,0,0,0,0,0,-305.6,0,233.364,233.364,0,0
01:11:15:05:17:06,3904.65,3893.49,0,0.0400562,0,0,0,233.364,0,7181.67,0,0,0,0,0,0,-306.458,0,233.364,233.364,0,0
01:11:15:05:17:07,3904.65,3892.92,0,0.0400562,0,0,0,233.364,0,7181.67,0,0,0,0,0,0,-306.458,0,233.364,233.364,0,0
#,01:11:15:05:17:08,WELLBORE,DEPTHS,1,[1|Rate|9170.370117],,,,,,,,,,,,,,,,,
01:11:15:05:17:08,3904.94,3892.64,0,0.0400562,0,0,0,233.364,0,7181.96,0,0,0,0,0,0,-306.172,0,233.364,233.364,0,0
01:11:15:05:17:09,3904.65,3892.06,0,0.0400562,0,0,0,233.364,0,7181.67,0,0,0,0,0,0,-306.458,0,233.364,233.364,0,0
01:11:15:05:17:10,3904.37,3891.78,0,0.0400562,0,0,0,233.364,0,7181.38,0,0,0,0,0,0,-306.744,0,233.364,233.364,0,0
01:11:15:05:17:11,3904.37,3892.35,0,0.0400562,0,0,0,233.364,0,7181.38,0,0,0,0,0,0,-306.744,0,233.364,233.364,0,0
01:11:15:05:17:12,3903.79,3891.21,0,0.0400562,0,0,0,233.364,0,7180.81,0,0,0,0,0,0,-307.316,0,233.364,233.364,0,0
01:11:15:05:17:13,3903.51,3891.21,0,0.0400562,0,0,0,233.364,0,7180.53,0,0,0,0,0,0,-307.602,0,233.364,233.364,0,0
01:11:15:05:17:14,3903.22,3891.49,0,0.0400562,0,0,0,233.364,0,7180.24,0,0,0,0,0,0,-307.888,0,233.364,233.364,0,0
01:11:15:05:17:15,3902.65,3890.92,0,0.0400562,0,0,0,233.364,0,7179.67,0,0,0,0,0,0,-308.46,0,233.364,233.364,0,0
01:11:15:05:17:16,3902.94,3890.63,0,0.0400562,0,0,0,233.364,0,7179.95,0,0,0,0,0,0,-308.175,0,233.364,233.364,0,0
01:11:15:05:17:17,3902.94,3890.63,0,0.0400562,0,0,0,233.364,0,7179.95,0,0,0,0,0,0,-308.175,0,233.364,233.364,0,0
01:11:15:05:17:18,3902.08,3890.06,0,0.0400562,0,0,0,233.364,0,7179.1,0,0,0,0,0,0,-309.033,0,233.364,233.364,0,0
01:11:15:05:17:19,3901.51,3890.35,0,0.0400562,0,0,0,233.364,0,7178.52,0,0,0,0,0,0,-309.605,0,233.364,233.364,0,0
01:11:15:05:17:20,3901.51,3889.78,0,0.0400562,0,0,0,233.364,0,7178.52,0,0,0,0,0,0,-309.605,0,233.364,233.364,0,0
01:11:15:05:17:21,3900.93,3889.2,0,0.0400562,0,0,0,233.364,0,7177.95,0,0,0,0,0,0,-310.178,0,233.364,233.364,0,0
01:11:15:05:17:22,3901.22,3889.2,0,0.0400562,0,0,0,233.364,0,7178.24,0,0,0,0,0,0,-309.891,0,233.364,233.364,0,0
#,01:11:15:05:17:23,WELLBORE,DEPTHS,1,[1|Rate|9170.370117],,,,,,,,,,,,,,,,,
01:11:15:05:17:23,3900.65,3888.34,0,0.0400562,0,0,0,233.364,0,7177.67,0,0,0,0,0,0,-310.463,0,233.364,233.364,0,0
01:11:15:05:17:24,3900.65,3887.77,0,0.0400562,0,0,0,233.364,0,7177.67,0,0,0,0,0,0,-310.463,0,233.364,233.364,0,0
01:11:15:05:17:25,3899.79,3888.63,0,0.0400562,0,0,0,233.364,0,7176.81,0,0,0,0,0,0,-311.322,0,233.364,233.364,0,0
01:11:15:05:17:26,3899.79,3887.77,0,0.0400562,0,0,0,233.364,0,7176.81,0,0,0,0,0,0,-311.322,0,233.364,233.364,0,0
01:11:15:05:17:27,3898.93,3887.77,0,0.0400562,0,0,0,233.364,0,7175.95,0,0,0,0,0,0,-312.18,0,233.364,233.364,0,0
01:11:15:05:17:28,3898.93,3887.49,0,0.0400562,0,0,0,233.364,0,7175.95,0,0,0,0,0,0,-312.18,0,233.364,233.364,0,0
01:11:15:05:17:29,3898.36,3886.34,0,0.0400562,0,0,0,233.364,0,7175.38,0,0,0,0,0,0,-312.752,0,233.364,233.364,0,0
01:11:15:05:17:30,3899.22,3886.63,0,0.0400562,0,0,0,233.364,0,7176.23,0,0,0,0,0,0,-311.894,0,233.364,233.364,0,0
01:11:15:05:17:31,3898.36,3886.91,0,0.0400562,0,0,0,233.364,0,7175.38,0,0,0,0,0,0,-312.752,0,233.364,233.364,0,0
01:11:15:05:17:32,3898.36,3886.06,0,0.0400562,0,0,0,233.364,0,7175.38,0,0,0,0,0,0,-312.752,0,233.364,233.364,0,0
01:11:15:05:17:33,3897.79,3886.06,0,0.0400562,0,0,0,233.364,0,7174.8,0,0,0,0,0,0,-313.324,0,233.364,233.364,0,0
01:11:15:05:17:34,3897.5,3885.48,0,0.0400562,0,0,0,233.364,0,7174.52,0,0,0,0,0,0,-313.61,0,233.364,233.364,0,0
01:11:15:05:17:35,3897.5,3885.2,0,0.0400562,0,0,0,233.364,0,7174.52,0,0,0,0,0,0,-313.61,0,233.364,233.364,0,0
01:11:15:05:17:36,3896.93,3884.91,0,0.0400562,0,0,0,233.364,0,7173.95,0,0,0,0,0,0,-314.183,0,233.364,233.364,0,0
01:11:15:05:17:37,3896.93,3884.63,0,0.0400562,0,0,0,233.364,0,7173.95,0,0,0,0,0,0,-314.183,0,233.364,233.364,0,0
#,01:11:15:05:17:38,WELLBORE,DEPTHS,1,[1|Rate|9170.370117],,,,,,,,,,,,,,,,,
01:11:15:05:17:38,3897.21,3884.91,0,0.0400562,0,0,0,233.364,0,7174.23,0,0,0,0,0,0,-313.896,0,233.364,233.364,0,0
01:11:15:05:17:39,3896.36,3884.91,0,0.0400562,0,0,0,233.364,0,7173.37,0,0,0,0,0,0,-314.755,0,233.364,233.364,0,0
01:11:15:05:17:40,3896.36,3884.34,0,0.0400562,0,0,0,233.364,0,7173.37,0,0,0,0,0,0,-314.755,0,233.364,233.364,0,0
01:11:15:05:17:41,3896.36,3884.34,0,0.0400562,0,0,0,233.364,0,7173.37,0,0,0,0,0,0,-314.755,0,233.364,233.364,0,0
01:11:15:05:17:42,3896.07,3884.05,0,0.0400562,0,0,0,233.364,0,7173.09,0,0,0,0,0,0,-315.041,0,233.364,233.364,0,0
01:11:15:05:17:43,3895.78,3883.19,0,0.0400562,0,0,0,233.364,0,7172.8,0,0,0,0,0,0,-315.327,0,233.364,233.364,0,0
01:11:15:05:17:44,3895.5,3882.91,0,0.0400562,0,0,0,233.364,0,7172.52,0,0,0,0,0,0,-315.613,0,233.364,233.364,0,0
01:11:15:05:17:45,3895.5,3883.19,0,0.0400562,0,0,0,233.364,0,7172.52,0,0,0,0,0,0,-315.613,0,233.364,233.364,0,0
01:11:15:05:17:46,3895.21,3882.62,0,0.0400562,0,0,0,233.364,0,7172.23,0,0,0,0,0,0,-315.899,0,233.364,233.364,0,0
01:11:15:05:17:47,3894.92,3882.34,0,0.0400562,0,0,0,233.364,0,7171.94,0,0,0,0,0,0,-316.186,0,233.364,233.364,0,0
01:11:15:05:17:48,3894.64,3882.05,0,0.0400562,0,0,0,233.364,0,7171.66,0,0,0,0,0,0,-316.471,0,233.364,233.364,0,0
01:11:15:05:17:49,3894.07,3882.34,0,0.0400562,0,0,0,233.364,0,7171.08,0,0,0,0,0,0,-317.044,0,233.364,233.364,0,0
01:11:15:05:17:50,3894.64,3881.48,0,0.0400562,0,0,0,233.364,0,7171.66,0,0,0,0,0,0,-316.471,0,233.364,233.364,0,0
01:11:15:05:17:51,3893.78,3881.48,0,0.0400562,0,0,0,233.364,0,7170.8,0,0,0,0,0,0,-317.33,0,233.364,233.364,0,0
01:11:15:05:17:52,3893.78,3880.62,0,0.0400562,0,0,0,233.364,0,7170.8,0,0,0,0,0,0,-317.33,0,233.364,233.364,0,0
#,01:11:15:05:17:53,WELLBORE,DEPTHS,1,[1|Rate|9170.370117],,,,,,,,,,,,,,,,,
01:11:15:05:17:53,3892.92,3881.19,0,0.0400562,0,0,0,233.364,0,7169.94,0,0,0,0,0,0,-318.188,0,233.364,233.364,0,0
01:11:15:05:17:54,3892.64,3880.91,0,0.0400562,0,0,0,233.364,0,7169.65,0,0,0,0,0,0,-318.474,0,233.364,233.364,0,0
01:11:15:05:17:55,3892.92,3880.62,0,0.0400562,0,0,0,233.364,0,7169.94,0,0,0,0,0,0,-318.188,0,233.364,233.364,0,0
01:11:15:05:17:56,3892.92,3880.05,0,0.0400562,0,0,0,233.364,0,7169.94,0,0,0,0,0,0,-318.188,0,233.364,233.364,0,0
01:11:15:05:17:57,3892.64,3879.76,0,0.0400562,0,0,0,233.364,0,7169.65,0,0,0,0,0,0,-318.474,0,233.364,233.364,0,0
01:11:15:05:17:58,3892.06,3880.05,0,0.0400562,0,0,0,233.364,0,7169.08,0,0,0,0,0,0,-319.046,0,233.364,233.364,0,0
01:11:15:05:17:59,3891.49,3879.48,0,0.0400562,0,0,0,233.364,0,7168.51,0,0,0,0,0,0,-319.619,0,233.364,233.364,0,0
01:11:15:05:18:00,3891.21,3879.19,0,0.0400562,0,0,0,233.364,0,7168.22,0,0,0,0,0,0,-319.904,0,233.364,233.364,0,0
01:11:15:05:18:01,3891.49,3879.48,0,0.0400562,0,0,0,233.364,0,7168.51,0,0,0,0,0,0,-319.619,0,233.364,233.364,0,0
01:11:15:05:18:02,3890.92,3878.62,0,0.0400562,0,0,0,233.364,0,7167.94,0,0,0,0,0,0,-320.191,0,233.364,233.364,0,0
01:11:15:05:18:03,3890.92,3878.33,0,0.0400562,0,0,0,233.364,0,7167.94,0,0,0,0,0,0,-320.191,0,233.364,233.364,0,0
01:11:15:05:18:04,3890.35,3878.33,0,0.0400562,0,0,0,233.364,0,7167.37,0,0,0,0,0,0,-320.763,0,233.364,233.364,0,0
01:11:15:05:18:05,3890.06,3878.04,0,0.0400562,0,0,0,233.364,0,7167.08,0,0,0,0,0,0,-321.049,0,233.364,233.364,0,0
01:11:15:05:18:06,3889.78,3878.04,0,0.0400562,0,0,0,233.364,0,7166.79,0,0,0,0,0,0,-321.335,0,233.364,233.364,0,0
01:11:15:05:18:07,3889.78,3877.76,0,0.0400562,0,0,0,233.364,0,7166.79,0,0,0,0,0,0,-321.335,0,233.364,233.364,0,0
#,01:11:15:05:18:08,WELLBORE,DEPTHS,1,[1|Rate|9170.370117],,,,,,,,,,,,,,,,,
01:11:15:05:18:08,3889.49,3877.19,0,0.0400562,0,0,0,233.364,0,7166.51,0,0,0,0,0,0,-321.622,0,233.364,233.364,0,0
01:11:15:05:18:09,3888.92,3876.9,0,0.0400562,0,0,0,233.364,0,7165.93,0,0,0,0,0,0,-322.194,0,233.364,233.364,0,0
01:11:15:05:18:10,3888.92,3876.9,0,0.0400562,0,0,0,233.364,0,7165.93,0,0,0,0,0,0,-322.194,0,233.364,233.364,0,0
01:11:15:05:18:11,3888.34,3876.61,0,0.0400562,0,0,0,233.364,0,7165.36,0,0,0,0,0,0,-322.766,0,233.364,233.364,0,0
01:11:15:05:18:12,3888.63,3876.33,0,0.0400562,0,0,0,233.364,0,7165.65,0,0,0,0,0,0,-322.48,0,233.364,233.364,0,0
01:11:15:05:18:13,3888.34,3876.33,0,0.0400562,0,0,0,233.364,0,7165.36,0,0,0,0,0,0,-322.766,0,233.364,233.364,0,0
01:11:15:05:18:14,3888.06,3875.76,0,0.0400562,0,0,0,233.364,0,7165.08,0,0,0,0,0,0,-323.052,0,233.364,233.364,0,0
01:11:15:05:18:15,3887.77,3875.18,0,0.0400562,0,0,0,233.364,0,7164.79,0,0,0,0,0,0,-323.338,0,233.364,233.364,0,0
01:11:15:05:18:16,3887.2,3874.9,0,0.0400562,0,0,0,233.364,0,7164.22,0,0,0,0,0,0,-323.91,0,233.364,233.364,0,0
01:11:15:05:18:17,3887.2,3875.18,0,0.0400562,0,0,0,233.364,0,7164.22,0,0,0,0,0,0,-323.91,0,233.364,233.364,0,0
01:11:15:05:18:18,3886.91,3874.61,0,0.0400562,0,0,0,233.364,0,7163.93,0,0,0,0,0,0,-324.196,0,233.364,233.364,0,0
01:11:15:05:18:19,3886.63,3874.61,0,0.0400562,0,0,0,233.364,0,7163.65,0,0,0,0,0,0,-324.482,0,233.364,233.364,0,0
01:11:15:05:18:20,3886.91,3873.75,0,0.0400562,0,0,0,233.364,0,7163.93,0,0,0,0,0,0,-324.196,0,233.364,233.364,0,0
01:11:15:05:18:21,3886.06,3874.33,0,0.0400562,0,0,0,233.364,0,7163.07,0,0,0,0,0,0,-325.054,0,233.364,233.364,0,0
01:11:15:05:18:22,3886.34,3873.75,0,0.0400562,0,0,0,233.364,0,7163.36,0,0,0,0,0,0,-324.768,0,233.364,233.364,0,0
#,01:11:15:05:18:23,WELLBORE,DEPTHS,1,[1|Rate|9170.370117],,,,,,,,,,,,,,,,,
01:11:15:05:18:23,3885.48,3874.04,0,0.0400562,0,0,0,233.364,0,7162.5,0,0,0,0,0,0,-325.627,0,233.364,233.364,0,0
01:11:15:05:18:24,3885.48,3872.9,0,0.0400562,0,0,0,233.364,0,7162.5,0,0,0,0,0,0,-325.627,0,233.364,233.364,0,0
01:11:15:05:18:25,3885.2,3873.18,0,0.0400562,0,0,0,233.364,0,7162.22,0,0,0,0,0,0,-325.912,0,233.364,233.364,0,0
01:11:15:05:18:26,3884.91,3872.9,0,0.0400562,0,0,0,233.364,0,7161.93,0,0,0,0,0,0,-326.199,0,233.364,233.364,0,0
01:11:15:05:18:27,3884.63,3872.32,0,0.0400562,0,0,0,233.364,0,7161.64,0,0,0,0,0,0,-326.485,0,233.364,233.364,0,0
01:11:15:05:18:28,3884.63,3871.46,0,0.0400562,0,0,0,233.364,0,7161.64,0,0,0,0,0,0,-326.485,0,233.364,233.364,0,0
01:11:15:05:18:29,3884.34,3871.75,0,0.0400562,0,0,0,233.364,0,7161.36,0,0,0,0,0,0,-326.771,0,233.364,233.364,0,0
01:11:15:05:18:30,3884.34,3870.89,0,0.0400562,0,0,0,233.364,0,7161.36,0,0,0,0,0,0,-326.771,0,233.364,233.364,0,0
01:11:15:05:18:31,3883.48,3871.18,0,0.0400562,0,0,0,233.364,0,7160.5,0,0,0,0,0,0,-327.63,0,233.364,233.364,0,0
01:11:15:05:18:32,3883.19,3871.18,0,0.0400562,0,0,0,233.364,0,7160.21,0,0,0,0,0,0,-327.915,0,233.364,233.364,0,0
01:11:15:05:18:33,3883.48,3870.89,0,0.0400562,0,0,0,233.364,0,7160.5,0,0,0,0,0,0,-327.63,0,233.364,233.364,0,0
01:11:15:05:18:34,3883.19,3870.61,0,0.0400562,0,0,0,233.364,0,7160.21,0,0,0,0,0,0,-327.915,0,233.364,233.364,0,0
01:11:15:05:18:35,3882.62,3870.61,0,0.0400562,0,0,0,233.364,0,7159.64,0,0,0,0,0,0,-328.488,0,233.364,233.364,0,0
01:11:15:05:18:36,3882.62,3870.61,0,0.0400562,0,0,0,233.364,0,7159.64,0,0,0,0,0,0,-328.488,0,233.364,233.364,0,0
01:11:15:05:18:37,3881.76,3869.75,0,0.0400562,0,0,0,233.364,0,7158.78,0,0,0,0,0,0,-329.346,0,233.364,233.364,0,0
#,01:11:15:05:18:38,WELLBORE,DEPTHS,1,[1|Rate|9170.370117],,,,,,,,,,,,,,,,,
01:11:15:05:18:38,3882.05,3869.46,0,0.0400562,0,0,0,233.364,0,7159.07,0,0,0,0,0,0,-329.06,0,233.364,233.364,0,0
01:11:15:05:18:39,3881.76,3869.18,0,0.0400562,0,0,0,233.364,0,7158.78,0,0,0,0,0,0,-329.346,0,233.364,233.364,0,0
01:11:15:05:18:40,3881.48,3869.46,0,0.0400562,0,0,0,233.364,0,7158.5,0,0,0,0,0,0,-329.632,0,233.364,233.364,0,0
01:11:15:05:18:41,3880.91,3868.32,0,0.0400562,0,0,0,233.364,0,7157.92,0,0,0,0,0,0,-330.204,0,233.364,233.364,0,0
01:11:15:05:18:42,3880.33,3868.6,0,0.0400562,0,0,0,233.364,0,7157.35,0,0,0,0,0,0,-330.776,0,233.364,233.364,0,0
01:11:15:05:18:43,3880.33,3868.6,0,0.0400562,0,0,0,233.364,0,7157.35,0,0,0,0,0,0,-330.776,0,233.364,233.364,0,0
01:11:15:05:18:44,3880.05,3868.03,0,0.0400562,0,0,0,233.364,0,7157.06,0,0,0,0,0,0,-331.063,0,233.364,233.364,0,0
01:11:15:05:18:45,3880.33,3868.32,0,0.0400562,0,0,0,233.364,0,7157.35,0,0,0,0,0,0,-330.776,0,233.364,233.364,0,0
01:11:15:05:18:46,3879.48,3867.46,0,0.0400562,0,0,0,233.364,0,7156.49,0,0,0,0,0,0,-331.635,0,233.364,233.364,0,0
01:11:15:05:18:47,3879.76,3867.17,0,0.0400562,0,0,0,233.364,0,7156.78,0,0,0,0,0,0,-331.348,0,233.364,233.364,0,0
01:11:15:05:18:48,3879.19,3866.89,0,0.0400562,0,0,0,233.364,0,7156.21,0,0,0,0,0,0,-331.921,0,233.364,233.364,0,0
01:11:15:05:18:49,3878.62,3866.6,0,0.0400562,0,0,0,233.364,0,7155.64,0,0,0,0,0,0,-332.493,0,233.364,233.364,0,0
01:11:15:05:18:50,3878.9,3867.17,0,0.0400562,0,0,0,233.364,0,7155.92,0,0,0,0,0,0,-332.207,0,233.364,233.364,0,0
01:11:15:05:18:51,3878.9,3866.03,0,0.0400562,0,0,0,233.364,0,7155.92,0,0,0,0,0,0,-332.207,0,233.364,233.364,0,0
01:11:15:05:18:52,3878.33,3865.46,0,0.0400562,0,0,0,233.364,0,7155.35,0,0,0,0,0,0,-332.779,0,233.364,233.364,0,0
#,01:11:15:05:18:53,WELLBORE,DEPTHS,1,[1|Rate|9170.370117],,,,,,,,,,,,,,,,,
01:11:15:05:18:53,3878.04,3865.74,0,0.0400562,0,0,0,233.364,0,7155.06,0,0,0,0,0,0,-333.066,0,233.364,233.364,0,0
01:11:15:05:18:54,3878.04,3864.88,0,0.0400562,0,0,0,233.364,0,7155.06,0,0,0,0,0,0,-333.066,0,233.364,233.364,0,0
01:11:15:05:18:55,3877.47,3865.46,0,0.0400562,0,0,0,233.364,0,7154.49,0,0,0,0,0,0,-333.638,0,233.364,233.364,0,0
01:11:15:05:18:56,3877.19,3864.6,0,0.0400562,0,0,0,233.364,0,7154.2,0,0,0,0,0,0,-333.924,0,233.364,233.364,0,0
01:11:15:05:18:57,3877.47,3864.6,0,0.0400562,0,0,0,233.364,0,7154.49,0,0,0,0,0,0,-333.638,0,233.364,233.364,0,0
01:11:15:05:18:58,3877.19,3864.6,0,0.0400562,0,0,0,233.364,0,7154.2,0,0,0,0,0,0,-333.924,0,233.364,233.364,0,0
01:11:15:05:18:59,3876.33,3864.31,0,0.0400562,0,0,0,233.364,0,7153.35,0,0,0,0,0,0,-334.782,0,233.364,233.364,0,0
01:11:15:05:19:00,3876.33,3864.31,0,0.0400562,0,0,0,233.364,0,7153.35,0,0,0,0,0,0,-334.782,0,233.364,233.364,0,0
01:11:15:05:19:01,3876.04,3864.31,0,0.0400562,0,0,0,233.364,0,7153.06,0,0,0,0,0,0,-335.068,0,233.364,233.364,0,0
01:11:15:05:19:02,3875.47,3863.74,0,0.0400562,0,0,0,233.364,0,7152.49,0,0,0,0,0,0,-335.64,0,233.364,233.364,0,0
01:11:15:05:19:03,3875.76,3863.17,0,0.0400562,0,0,0,233.364,0,7152.77,0,0,0,0,0,0,-335.354,0,233.364,233.364,0,0
01:11:15:05:19:04,3875.47,3862.88,0,0.0400562,0,0,0,233.364,0,7152.49,0,0,0,0,0,0,-335.64,0,233.364,233.364,0,0
01:11:15:05:19:05,3875.18,3863.17,0,0.0400562,0,0,0,233.364,0,7152.2,0,0,0,0,0,0,-335.926,0,233.364,233.364,0,0
01:11:15:05:19:06,3875.18,3863.17,0,0.0400562,0,0,0,233.364,0,7152.2,0,0,0,0,0,0,-335.926,0,233.364,233.364,0,0
01:11:15:05:19:07,3874.61,3862.02,0,0.0400562,0,0,0,233.364,0,7151.63,0,0,0,0,0,0,-336.498,0,233.364,233.364,0,0
#,01:11:15:05:19:08,WELLBORE,DEPTHS,1,[1|Rate|9170.370117],,,,,,,,,,,,,,,,,
01:11:15:05:19:08,3874.33,3862.02,0,0.0400562,0,0,0,233.364,0,7151.34,0,0,0,0,0,0,-336.785,0,233.364,233.364,0,0
01:11:15:05:19:09,3874.04,3861.74,0,0.0400562,0,0,0,233.364,0,7151.06,0,0,0,0,0,0,-337.071,0,233.364,233.364,0,0
01:11:15:05:19:10,3873.47,3860.88,0,0.0400562,0,0,0,233.364,0,7150.48,0,0,0,0,0,0,-337.643,0,233.364,233.364,0,0
01:11:15:05:19:11,3873.47,3860.88,0,0.0400562,0,0,0,233.364,0,7150.48,0,0,0,0,0,0,-337.643,0,233.364,233.364,0,0
01:11:15:05:19:12,3873.18,3860.59,0,0.0400562,0,0,0,233.364,0,7150.2,0,0,0,0,0,0,-337.929,0,233.364,233.364,0,0
01:11:15:05:19:13,3873.18,3860.59,0,0.0400562,0,0,0,233.364,0,7150.2,0,0,0,0,0,0,-337.929,0,233.364,233.364,0,0
01:11:15:05:19:14,3872.61,3860.31,0,0.0400562,0,0,0,233.364,0,7149.63,0,0,0,0,0,0,-338.501,0,233.364,233.364,0,0
01:11:15:05:19:15,3872.61,3860.02,0,0.0400562,0,0,0,233.364,0,7149.63,0,0,0,0,0,0,-338.501,0,233.364,233.364,0,0
01:11:15:05:19:16,3872.61,3860.02,0,0.0400562,0,0,0,233.364,0,7149.63,0,0,0,0,0,0,-338.501,0,233.364,233.364,0,0
01:11:15:05:19:17,3871.18,3859.73,0,0.0400562,0,0,0,233.364,0,7148.2,0,0,0,0,0,0,-339.932,0,233.364,233.364,0,0
01:11:15:05:19:18,3871.75,3859.73,0,0.0400562,0,0,0,233.364,0,7148.77,0,0,0,0,0,0,-339.359,0,233.364,233.364,0,0
01:11:15:05:19:19,3871.46,3859.16,0,0.0400562,0,0,0,233.364,0,7148.48,0,0,0,0,0,0,-339.646,0,233.364,233.364,0,0
01:11:15:05:19:20,3871.46,3858.88,0,0.0400562,0,0,0,233.364,0,7148.48,0,0,0,0,0,0,-339.646,0,233.364,233.364,0,0
01:11:15:05:19:21,3870.89,3859.16,0,0.0400562,0,0,0,233.364,0,7147.91,0,0,0,0,0,0,-340.218,0,233.364,233.364,0,0
01:11:15:05:19:22,3871.18,3858.3,0,0.0400562,0,0,0,233.364,0,7148.2,0,0,0,0,0,0,-339.932,0,233.364,233.364,0,0
#,01:11:15:05:19:23,WELLBORE,DEPTHS,1,[1|Rate|9170.370117],,,,,,,,,,,,,,,,,
01:11:15:05:19:23,3871.18,3858.3,0,0.0400562,0,0,0,233.364,0,7148.2,0,0,0,0,0,0,-339.932,0,233.364,233.364,0,0
01:11:15:05:19:24,3870.03,3858.02,0,0.0400562,0,0,0,233.364,0,7147.05,0,0,0,0,0,0,-341.076,0,233.364,233.364,0,0
01:11:15:05:19:25,3870.03,3857.73,0,0.0400562,0,0,0,233.364,0,7147.05,0,0,0,0,0,0,-341.076,0,233.364,233.364,0,0
01:11:15:05:19:26,3870.03,3857.73,0,0.0400562,0,0,0,233.364,0,7147.05,0,0,0,0,0,0,-341.076,0,233.364,233.364,0,0
01:11:15:05:19:27,3869.75,3857.16,0,0.0400562,0,0,0,233.364,0,7146.77,0,0,0,0,0,0,-341.362,0,233.364,233.364,0,0
01:11:15:05:19:28,3869.46,3857.45,0,0.0400562,0,0,0,233.364,0,7146.48,0,0,0,0,0,0,-341.648,0,233.364,233.364,0,0
01:11:15:05:19:29,3869.18,3856.3,0,0.0400562,0,0,0,233.364,0,7146.19,0,0,0,0,0,0,-341.935,0,233.364,233.364,0,0
01:11:15:05:19:30,3868.89,3856.59,0,0.0400562,0,0,0,233.364,0,7145.91,0,0,0,0,0,0,-342.221,0,233.364,233.364,0,0
01:11:15:05:19:31,3868.32,3856.59,0,0.0400562,0,0,0,233.364,0,7145.34,0,0,0,0,0,0,-342.793,0,233.364,233.364,0,0
01:11:15:05:19:32,3868.6,3856.3,0,0.0400562,0,0,0,233.364,0,7145.62,0,0,0,0,0,0,-342.507,0,233.364,233.364,0,0
01:11:15:05:19:33,3868.03,3855.73,0,0.0400562,0,0,0,233.364,0,7145.05,0,0,0,0,0,0,-343.079,0,233.364,233.364,0,0
01:11:15:05:19:34,3868.32,3855.44,0,0.0400562,0,0,0,233.364,0,7145.34,0,0,0,0,0,0,-342.793,0,233.364,233.364,0,0
01:11:15:05:19:35,3867.17,3855.44,0,0.0400562,0,0,0,233.364,0,7144.19,0,0,0,0,0,0,-343.937,0,233.364,233.364,0,0
01:11:15:05:19:36,3867.46,3855.44,0,0.0400562,0,0,0,233.364,0,7144.48,0,0,0,0,0,0,-343.651,0,233.364,233.364,0,0
01:11:15:05:19:37,3866.89,3854.87,0,0.0400562,0,0,0,233.364,0,7143.9,0,0,0,0,0,0,-344.223,0,233.364,233.364,0,0
#,01:11:15:05:19:38,WELLBORE,DEPTHS,1,[1|Rate|9170.370117],,,,,,,,,,,,,,,,,
01:11:15:05:19:38,3867.17,3854.87,0,0.0400562,0,0,0,233.364,0,7144.19,0,0,0,0,0,0,-343.937,0,233.364,233.364,0,0
01:11:15:05:19:39,3866.6,3854.01,0,0.0400562,0,0,0,233.364,0,7143.62,0,0,0,0,0,0,-344.51,0,233.364,233.364,0,0
01:11:15:05:19:40,3866.31,3853.73,0,0.0400562,0,0,0,233.364,0,7143.33,0,0,0,0,0,0,-344.795,0,233.364,233.364,0,0
01:11:15:05:19:41,3866.6,3853.73,0,0.0400562,0,0,0,233.364,0,7143.62,0,0,0,0,0,0,-344.51,0,233.364,233.364,0,0
01:11:15:05:19:42,3866.03,3853.73,0,0.0400562,0,0,0,233.364,0,7143.05,0,0,0,0,0,0,-345.082,0,233.364,233.364,0,0
01:11:15:05:19:43,3865.74,3853.44,0,0.0400562,0,0,0,233.364,0,7142.76,0,0,0,0,0,0,-345.368,0,233.364,233.364,0,0
01:11:15:05:19:44,3866.03,3853.15,0,0.0400562,0,0,0,233.364,0,7143.05,0,0,0,0,0,0,-345.082,0,233.364,233.364,0,0
01:11:15:05:19:45,3865.46,3852.87,0,0.0400562,0,0,0,233.364,0,7142.47,0,0,0,0,0,0,-345.654,0,233.364,233.364,0,0
01:11:15:05:19:46,3865.17,3852.3,0,0.0400562,0,0,0,233.364,0,7142.19,0,0,0,0,0,0,-345.94,0,233.364,233.364,0,0
01:11:15:05:19:47,3864.31,3852.01,0,0.0400562,0,0,0,233.364,0,7141.33,0,0,0,0,0,0,-346.798,0,233.364,233.364,0,0
01:11:15:05:19:48,3864.31,3851.72,0,0.0400562,0,0,0,233.364,0,7141.33,0,0,0,0,0,0,-346.798,0,233.364,233.364,0,0
01:11:15:05:19:49,3864.03,3851.72,0,0.0400562,0,0,0,233.364,0,7141.04,0,0,0,0,0,0,-347.085,0,233.364,233.364,0,0
01:11:15:05:19:50,3863.74,3851.72,0,0.0400562,0,0,0,233.364,0,7140.76,0,0,0,0,0,0,-347.371,0,233.364,233.364,0,0
01:11:15:05:19:51,3864.03,3851.44,0,0.0400562,0,0,0,233.364,0,7141.04,0,0,0,0,0,0,-347.085,0,233.364,233.364,0,0
01:11:15:05:19:52,3863.74,3850.87,0,0.0400562,0,0,0,233.364,0,7140.76,0,0,0,0,0,0,-347.371,0,233.364,233.364,0,0
#,01:11:15:05:19:53,WELLBORE,DEPTHS,1,[1|Rate|9170.370117],,,,,,,,,,,,,,,,,
01:11:15:05:19:53,3862.88,3851.15,0,0.0400562,0,0,0,233.364,0,7139.9,0,0,0,0,0,0,-348.229,0,233.364,233.364,0,0
01:11:15:05:19:54,3863.17,3850.87,0,0.0400562,0,0,0,233.364,0,7140.19,0,0,0,0,0,0,-347.943,0,233.364,233.364,0,0
01:11:15:05:19:55,3862.88,3850.87,0,0.0400562,0,0,0,233.364,0,7139.9,0,0,0,0,0,0,-348.229,0,233.364,233.364,0,0
01:11:15:05:19:56,3862.6,3850.29,0,0.0400562,0,0,0,233.364,0,7139.61,0,0,0,0,0,0,-348.515,0,233.364,233.364,0,0
01:11:15:05:19:57,3861.74,3849.72,0,0.0400562,0,0,0,233.364,0,7138.75,0,0,0,0,0,0,-349.373,0,233.364,233.364,0,0
01:11:15:05:19:58,3861.74,3849.72,0,0.0400562,0,0,0,233.364,0,7138.75,0,0,0,0,0,0,-349.373,0,233.364,233.364,0,0
01:11:15:05:19:59,3861.45,3849.72,0,0.0400562,0,0,0,233.364,0,7138.47,0,0,0,0,0,0,-349.659,0,233.364,233.364,0,0
01:11:15:05:20:00,3861.74,3849.43,0,0.0400562,0,0,0,233.364,0,7138.75,0,0,0,0,0,0,-349.373,0,233.364,233.364,0,0
01:11:15:05:20:01,3861.74,3849.15,0,0.0400562,0,0,0,233.364,0,7138.75,0,0,0,0,0,0,-349.373,0,233.364,233.364,0,0
01:11:15:05:20:02,3860.88,3848,0,0.0400562,0,0,0,233.364,0,7137.9,0,0,0,0,0,0,-350.231,0,233.364,233.364,0,0
01:11:15:05:20:03,3861.45,3848.58,0,0.0400562,0,0,0,233.364,0,7138.47,0,0,0,0,0,0,-349.659,0,233.364,233.364,0,0
01:11:15:05:20:04,3860.88,3848.58,0,0.0400562,0,0,0,233.364,0,7137.9,0,0,0,0,0,0,-350.231,0,233.364,233.364,0,0
01:11:15:05:20:05,3860.88,3848.29,0,0.0400562,0,0,0,233.364,0,7137.9,0,0,0,0,0,0,-350.231,0,233.364,233.364,0,0
01:11:15:05:20:06,3860.31,3848,0,0.0400562,0,0,0,233.364,0,7137.32,0,0,0,0,0,0,-350.803,0,233.364,233.364,0,0
01:11:15:05:20:07,3860.02,3847.72,0,0.0400562,0,0,0,233.364,0,7137.04,0,0,0,0,0,0,-351.09,0,233.364,233.364,0,0
#,01:11:15:05:20:08,WELLBORE,DEPTHS,1,[1|Rate|9170.370117],,,,,,,,,,,,,,,,,
01:11:15:05:20:08,3859.73,3847.43,0,0.0400562,0,0,0,233.364,0,7136.75,0,0,0,0,0,0,-351.376,0,233.364,233.364,0,0
01:11:15:05:20:09,3859.73,3847.15,0,0.0400562,0,0,0,233.364,0,7136.75,0,0,0,0,0,0,-351.376,0,233.364,233.364,0,0
01:11:15:05:20:10,3858.88,3847.43,0,0.0400562,0,0,0,233.364,0,7135.89,0,0,0,0,0,0,-352.234,0,233.364,233.364,0,0
01:11:15:05:20:11,3858.88,3847.15,0,0.0400562,0,0,0,233.364,0,7135.89,0,0,0,0,0,0,-352.234,0,233.364,233.364,0,0
01:11:15:05:20:12,3858.88,3846.57,0,0.0400562,0,0,0,233.364,0,7135.89,0,0,0,0,0,0,-352.234,0,233.364,233.364,0,0
01:11:15:05:20:13,3858.59,3846.29,0,0.0400562,0,0,0,233.364,0,7135.61,0,0,0,0,0,0,-352.521,0,233.364,233.364,0,0
01:11:15:05:20:14,3858.59,3845.72,0,0.0400562,0,0,0,233.364,0,7135.61,0,0,0,0,0,0,-352.521,0,233.364,233.364,0,0
01:11:15:05:20:15,3858.02,3844.57,0,0.0400562,0,0,0,233.364,0,7135.04,0,0,0,0,0,0,-353.093,0,233.364,233.364,0,0
01:11:15:05:20:16,3857.16,3845.14,0,0.0400562,0,0,0,233.364,0,7134.18,0,0,0,0,0,0,-353.951,0,233.364,233.364,0,0
01:11:15:05:20:17,3858.02,3844.57,0,0.0400562,0,0,0,233.364,0,7135.04,0,0,0,0,0,0,-353.093,0,233.364,233.364,0,0
01:11:15:05:20:18,3857.73,3844.86,0,0.0400562,0,0,0,233.364,0,7134.75,0,0,0,0,0,0,-353.379,0,233.364,233.364,0,0
01:11:15:05:20:19,3856.87,3844.57,0,0.0400562,0,0,0,233.364,0,7133.89,0,0,0,0,0,0,-354.237,0,233.364,233.364,0,0
01:11:15:05:20:20,3857.45,3844.28,0,0.0400562,0,0,0,233.364,0,7134.46,0,0,0,0,0,0,-353.665,0,233.364,233.364,0,0
01:11:15:05:20:21,3856.59,3843.43,0,0.0400562,0,0,0,233.364,0,7133.6,0,0,0,0,0,0,-354.523,0,233.364,233.364,0,0
01:11:15:05:20:22,3856.87,3843.71,0,0.0400562,0,0,0,233.364,0,7133.89,0,0,0,0,0,0,-354.237,0,233.364,233.364,0,0
#,01:11:15:05:20:23,WELLBORE,DEPTHS,1,[1|Rate|9170.370117],,,,,,,,,,,,,,,,,
01:11:15:05:20:23,3856.3,3843.71,0,0.0400562,0,0,0,233.364,0,7133.32,0,0,0,0,0,0,-354.809,0,233.364,233.364,0,0
01:11:15:05:20:24,3856.01,3843.14,0,0.0400562,0,0,0,233.364,0,7133.03,0,0,0,0,0,0,-355.095,0,233.364,233.364,0,0
01:11:15:05:20:25,3855.16,3843.14,0,0.0400562,0,0,0,233.364,0,7132.17,0,0,0,0,0,0,-355.954,0,233.364,233.364,0,0
01:11:15:05:20:26,3855.73,3842.57,0,0.0400562,0,0,0,233.364,0,7132.75,0,0,0,0,0,0,-355.381,0,233.364,233.364,0,0
01:11:15:05:20:27,3855.16,3842.28,0,0.0400562,0,0,0,233.364,0,7132.17,0,0,0,0,0,0,-355.954,0,233.364,233.364,0,0
01:11:15:05:20:28,3854.58,3842.57,0,0.0400562,0,0,0,233.364,0,7131.6,0,0,0,0,0,0,-356.526,0,233.364,233.364,0,0
01:11:15:05:20:29,3855.16,3842,0,0.0400562,0,0,0,233.364,0,7132.17,0,0,0,0,0,0,-355.954,0,233.364,233.364,0,0
01:11:15:05:20:30,3854.87,3842,0,0.0400562,0,0,0,233.364,0,7131.89,0,0,0,0,0,0,-356.239,0,233.364,233.364,0,0
01:11:15:05:20:31,3854.3,3842,0,0.0400562,0,0,0,233.364,0,7131.32,0,0,0,0,0,0,-356.812,0,233.364,233.364,0,0
01:11:15:05:20:32,3854.3,3841.14,0,0.0400562,0,0,0,233.364,0,7131.32,0,0,0,0,0,0,-356.812,0,233.364,233.364,0,0
01:11:15:05:20:33,3854.3,3841.14,0,0.0400562,0,0,0,233.364,0,7131.32,0,0,0,0,0,0,-356.812,0,233.364,233.364,0,0
01:11:15:05:20:34,3854.01,3841.14,0,0.0400562,0,0,0,233.364,0,7131.03,0,0,0,0,0,0,-357.098,0,233.364,233.364,0,0
01:11:15:05:20:35,3853.15,3841.14,0,0.0400562,0,0,0,233.364,0,7130.17,0,0,0,0,0,0,-357.957,0,233.364,233.364,0,0
01:11:15:05:20:36,3852.87,3840.28,0,0.0400562,0,0,0,233.364,0,7129.89,0,0,0,0,0,0,-358.242,0,233.364,233.364,0,0
01:11:15:05:20:37,3852.87,3840.28,0,0.0400562,0,0,0,233.364,0,7129.89,0,0,0,0,0,0,-358.242,0,233.364,233.364,0,0
#,01:11:15:05:20:38,WELLBORE,DEPTHS,1,[1|Rate|9170.370117],,,,,,,,,,,,,,,,,
01:11:15:05:20:38,3852.3,3839.99,0,0.0400562,0,0,0,233.364,0,7129.31,0,0,0,0,0,0,-358.815,0,233.364,233.364,0,0
01:11:15:05:20:39,3852.58,3839.42,0,0.0400562,0,0,0,233.364,0,7129.6,0,0,0,0,0,0,-358.529,0,233.364,233.364,0,0
01:11:15:05:20:40,3852.3,3839.42,0,0.0400562,0,0,0,233.364,0,7129.31,0,0,0,0,0,0,-358.815,0,233.364,233.364,0,0
01:11:15:05:20:41,3852.3,3839.42,0,0.0400562,0,0,0,233.364,0,7129.31,0,0,0,0,0,0,-358.815,0,233.364,233.364,0,0
01:11:15:05:20:42,3852.01,3839.14,0,0.0400562,0,0,0,233.364,0,7129.03,0,0,0,0,0,0,-359.101,0,233.364,233.364,0,0
01:11:15:05:20:43,3851.44,3838.85,0,0.0400562,0,0,0,233.364,0,7128.46,0,0,0,0,0,0,-359.673,0,233.364,233.364,0,0
01:11:15:05:20:44,3851.72,3838.85,0,0.0400562,0,0,0,233.364,0,7128.74,0,0,0,0,0,0,-359.387,0,233.364,233.364,0,0
01:11:15:05:20:45,3851.15,3838.56,0,0.0400562,0,0,0,233.364,0,7128.17,0,0,0,0,0,0,-359.959,0,233.364,233.364,0,0
01:11:15:05:20:46,3851.15,3838.28,0,0.0400562,0,0,0,233.364,0,7128.17,0,0,0,0,0,0,-359.959,0,233.364,233.364,0,0
01:11:15:05:20:47,3850.01,3837.7,0,0.0400562,0,0,0,233.364,0,7127.02,0,0,0,0,0,0,-361.103,0,233.364,233.364,0,0
01:11:15:05:20:48,3850.87,3837.7,0,0.0400562,0,0,0,233.364,0,7127.88,0,0,0,0,0,0,-360.245,0,233.364,233.364,0,0
01:11:15:05:20:49,3850.87,3837.7,0,0.0400562,0,0,0,233.364,0,7127.88,0,0,0,0,0,0,-360.245,0,233.364,233.364,0,0
01:11:15:05:20:50,3850.01,3837.42,0,0.0400562,0,0,0,233.364,0,7127.02,0,0,0,0,0,0,-361.103,0,233.364,233.364,0,0
01:11:15:05:20:51,3850.01,3837.13,0,0.0400562,0,0,0,233.364,0,7127.02,0,0,0,0,0,0,-361.103,0,233.364,233.364,0,0
01:11:15:05:20:52,3849.72,3837.13,0,0.0400562,0,0,0,233.364,0,7126.74,0,0,0,0,0,0,-361.389,0,233.364,233.364,0,0
#,01:11:15:05:20:53,WELLBORE,DEPTHS,1,[1|Rate|9170.370117],,,,,,,,,,,,,,,,,
01:11:15:05:20:53,3849.15,3835.99,0,0.0400562,0,0,0,233.364,0,7126.17,0,0,0,0,0,0,-361.962,0,233.364,233.364,0,0
01:11:15:05:20:54,3849.43,3836.56,0,0.0400562,0,0,0,233.364,0,7126.45,0,0,0,0,0,0,-361.675,0,233.364,233.364,0,0
01:11:15:05:20:55,3848.86,3836.27,0,0.0400562,0,0,0,233.364,0,7125.88,0,0,0,0,0,0,-362.247,0,233.364,233.364,0,0
01:11:15:05:20:56,3849.15,3835.99,0,0.0400562,0,0,0,233.364,0,7126.17,0,0,0,0,0,0,-361.962,0,233.364,233.364,0,0
01:11:15:05:20:57,3848.58,3836.56,0,0.0400562,0,0,0,233.364,0,7125.59,0,0,0,0,0,0,-362.534,0,233.364,233.364,0,0
01:11:15:05:20:58,3848.29,3835.99,0,0.0400562,0,0,0,233.364,0,7125.31,0,0,0,0,0,0,-362.82,0,233.364,233.364,0,0
01:11:15:05:20:59,3848,3835.7,0,0.0400562,0,0,0,233.364,0,7125.02,0,0,0,0,0,0,-363.106,0,233.364,233.364,0,0
01:11:15:05:21:00,3848,3835.42,0,0.0400562,0,0,0,233.364,0,7125.02,0,0,0,0,0,0,-363.106,0,233.364,233.364,0,0
01:11:15:05:21:01,3848,3834.84,0,0.0400562,0,0,0,233.364,0,7125.02,0,0,0,0,0,0,-363.106,0,233.364,233.364,0,0
01:11:15:05:21:02,3847.43,3834.84,0,0.0400562,0,0,0,233.364,0,7124.45,0,0,0,0,0,0,-363.678,0,233.364,233.364,0,0
01:11:15:05:21:03,3847.43,3833.99,0,0.0400562,0,0,0,233.364,0,7124.45,0,0,0,0,0,0,-363.678,0,233.364,233.364,0,0
01:11:15:05:21:04,3847.43,3834.27,0,0.0400562,0,0,0,233.364,0,7124.45,0,0,0,0,0,0,-363.678,0,233.364,233.364,0,0
01:11:15:05:21:05,3846.86,3834.56,0,0.0400562,0,0,0,233.364,0,7123.88,0,0,0,0,0,0,-364.25,0,233.364,233.364,0,0
01:11:15:05:21:06,3846.29,3833.7,0,0.0400562,0,0,0,233.364,0,7123.31,0,0,0,0,0,0,-364.823,0,233.364,233.364,0,0
01:11:15:05:21:07,3846.57,3833.7,0,0.0400562,0,0,0,233.364,0,7123.59,0,0,0,0,0,0,-364.537,0,233.364,233.364,0,0
#,01:11:15:05:21:08,WELLBORE,DEPTHS,1,[1|Rate|9170.370117],,,,,,,,,,,,,,,,,
01:11:15:05:21:08,3846,3833.13,0,0.0400562,0,0,0,233.364,0,7123.02,0,0,0,0,0,0,-365.109,0,233.364,233.364,0,0
01:11:15:05:21:09,3846,3833.13,0,0.0400562,0,0,0,233.364,0,7123.02,0,0,0,0,0,0,-365.109,0,233.364,233.364,0,0
01:11:15:05:21:10,3845.72,3833.41,0,0.0400562,0,0,0,233.364,0,7122.73,0,0,0,0,0,0,-365.395,0,233.364,233.364,0,0
01:11:15:05:21:11,3845.43,3832.84,0,0.0400562,0,0,0,233.364,0,7122.45,0,0,0,0,0,0,-365.681,0,233.364,233.364,0,0
01:11:15:05:21:12,3842.57,3829.41,0,0.0400562,0,0,0,233.364,0,7119.59,0,0,0,0,0,0,-368.542,0,233.364,233.364,0,0
01:11:15:05:21:13,3842.28,3829.41,0,0.0400562,0,0,0,233.364,0,7119.3,0,0,0,0,0,0,-368.828,0,233.364,233.364,0,0
01:11:15:05:21:14,3835.7,3822.26,0,0.0400562,0,0,0,233.364,0,7112.72,0,0,0,0,0,0,-375.409,0,233.364,233.364,0,0
01:11:15:05:21:15,3829.69,3815.39,0,0.0400562,0,0,0,233.364,0,7106.71,0,0,0,0,0,0,-381.417,0,233.364,233.364,0,0
01:11:15:05:21:16,3825.12,3811.96,0,0.0400562,0,0,0,233.364,0,7102.13,0,0,0,0,0,0,-385.994,0,233.364,233.364,0,0
01:11:15:05:21:17,3822.26,3809.67,0,0.0400562,0,0,0,233.364,0,7099.27,0,0,0,0,0,0,-388.855,0,233.364,233.364,0,0
01:11:15:05:21:18,3820.25,3807.66,0,0.0400562,0,0,0,233.364,0,7097.27,0,0,0,0,0,0,-390.858,0,233.364,233.364,0,0
01:11:15:05:21:19,3818.82,3806.23,0,0.0400562,0,0,0,233.364,0,7095.84,0,0,0,0,0,0,-392.289,0,233.364,233.364,0,0
01:11:15:05:21:20,3817.1,3804.23,0,0.0400562,0,0,0,233.364,0,7094.12,0,0,0,0,0,0,-394.005,0,233.364,233.364,0,0
01:11:15:05:21:21,3801.37,3789.35,0,0.0400562,0,0,0,233.364,0,7078.39,0,0,0,0,0,0,-409.741,0,233.364,233.364,0,0
01:11:15:05:21:22,3773.62,3762.17,0,0.0400562,0,0,0,233.364,0,7050.64,0,0,0,0,0,0,-437.492,0,233.364,233.364,0,0
#,01:11:15:05:21:23,WELLBORE,DEPTHS,1,[1|Rate|9170.370117],,,,,,,,,,,,,,,,,
01:11:15:05:21:23,3726.13,3714.11,0,0.0400562,0,0,0,233.364,0,7003.14,0,0,0,0,0,0,-484.985,0,233.364,233.364,0,0
01:11:15:05:21:24,3677.49,3666.04,0,0.0400562,0,0,0,233.364,0,6954.51,0,0,0,0,0,0,-533.623,0,233.364,233.364,0,0
01:11:15:05:21:25,3619.98,3609.11,0,0.0400562,0,0,0,233.364,0,6897,0,0,0,0,0,0,-591.128,0,233.364,233.364,0,0
01:11:15:05:21:26,3555.32,3545.02,0,0.0400562,0,0,0,233.364,0,6832.34,0,0,0,0,0,0,-655.787,0,233.364,233.364,0,0
01:11:15:05:21:27,3468.92,3458.91,0,0.0400562,0,0,0,233.364,0,6745.94,0,0,0,0,0,0,-742.19,0,233.364,233.364,0,0
01:11:15:05:21:28,3385.95,3376.22,0,0.0400562,0,0,0,233.364,0,6662.97,0,0,0,0,0,0,-825.159,0,233.364,233.364,0,0
01:11:15:05:21:29,3302.7,3293.54,0,0.0400562,0,0,0,233.364,0,6579.71,0,0,0,0,0,0,-908.415,0,233.364,233.364,0,0
01:11:15:05:21:30,3222.01,3213.15,0,0.0400562,0,0,0,233.364,0,6499.03,0,0,0,0,0,0,-989.096,0,233.364,233.364,0,0
01:11:15:05:21:31,3141.33,3133.32,0,0.0400562,0,0,0,233.364,0,6418.35,0,0,0,0,0,0,-1069.78,0,233.364,233.364,0,0
01:11:15:05:21:32,3055.79,3035.48,0,0.0400562,0,0,0,233.364,0,6332.81,0,0,0,0,0,0,-1155.32,0,233.364,233.364,0,0
01:11:15:05:21:33,2879.84,2858.67,0,0.0400562,0,0,0,233.364,0,6156.86,0,0,0,0,0,0,-1331.27,0,233.364,233.364,0,0
01:11:15:05:21:34,2701.31,2682.71,0,0.0400562,0,0,0,233.364,0,5978.33,0,0,0,0,0,0,-1509.8,0,233.364,233.364,0,0
01:11:15:05:21:35,2519.92,2499.9,0,0.0400562,0,0,0,233.364,0,5796.94,0,0,0,0,0,0,-1691.19,0,233.364,233.364,0,0
01:11:15:05:21:36,2302.49,2286.18,0,0.0400562,0,0,0,233.364,0,5579.5,0,0,0,0,0,0,-1908.62,0,233.364,233.364,0,0
01:11:15:05:21:37,2081.04,2088.77,0,0.0400562,0,0,0,233.364,0,5358.06,0,0,0,0,0,0,-2130.07,0,233.364,233.364,0,0
#,01:11:15:05:21:38,WELLBORE,DEPTHS,1,[1|Rate|9170.370117],,,,,,,,,,,,,,,,,
01:11:15:05:21:38,1895.94,1904.8,0,0.0400562,0,0,0,233.364,0,5172.95,0,0,0,0,0,0,-2315.17,0,233.364,233.364,0,0
01:11:15:05:21:39,1721.41,1733.14,0,0.0400562,0,0,0,233.364,0,4998.43,0,0,0,0,0,0,-2489.7,0,233.364,233.364,0,0
01:11:15:05:21:40,1500.54,1517.14,0,0.0400562,0,0,0,233.364,0,4777.56,0,0,0,0,0,0,-2710.57,0,233.364,233.364,0,0
01:11:15:05:21:41,1204.14,1224.74,0,0.0400562,0,0,0,233.364,0,4481.16,0,0,0,0,0,0,-3006.97,0,233.364,233.364,0,0
01:11:15:05:21:42,942.646,964.39,0,0.0400562,0,0,0,233.364,0,4219.66,0,0,0,0,0,0,-3268.46,0,233.364,233.364,0,0
01:11:15:05:21:43,740.087,761.83,0,0.0400562,0,0,0,233.364,0,4017.1,0,0,0,0,0,0,-3471.02,0,233.364,233.364,0,0
01:11:15:05:21:44,569.856,593.603,0,0.0400562,0,0,0,233.364,0,3846.87,0,0,0,0,0,0,-3641.25,0,233.364,233.364,0,0
01:11:15:05:21:45,369.586,394.762,0,0.0400562,0,0,0,233.364,0,3646.6,0,0,0,0,0,0,-3841.52,0,233.364,233.364,0,0
01:11:15:05:21:46,237.407,261.439,0,0.0400562,0,0,0,233.364,0,3514.42,0,0,0,0,0,0,-3973.7,0,233.364,233.364,0,0
01:11:15:05:21:47,174.178,197.639,0,0.0400562,0,0,0,233.364,0,3451.2,0,0,0,0,0,0,-4036.93,0,233.364,233.364,0,0
01:11:15:05:21:48,134.982,157.584,0,0.0400562,0,0,0,233.364,0,3412,0,0,0,0,0,0,-4076.13,0,233.364,233.364,0,0
01:11:15:05:21:49,108.375,131.835,0,0.0400562,0,0,0,233.364,0,3385.39,0,0,0,0,0,0,-4102.73,0,233.364,233.364,0,0
01:11:15:05:21:50,89.4924,113.811,0,0.0400562,0,0,0,233.364,0,3366.51,0,0,0,0,0,0,-4121.62,0,233.364,233.364,0,0
01:11:15:05:21:51,76.6179,98.3615,0,0.0400562,0,0,0,233.364,0,3353.64,0,0,0,0,0,0,-4134.49,0,233.364,233.364,0,0
01:11:15:05:21:52,67.1765,88.6341,0,0.0400562,0,0,0,233.364,0,3344.19,0,0,0,0,0,0,-4143.93,0,233.364,233.364,0,0
#,01:11:15:05:21:53,WELLBORE,DEPTHS,1,[1|Rate|9170.370117],,,,,,,,,,,,,,,,,
01:11:15:05:21:53,58.0213,80.9094,0,0.0400562,0,0,0,233.364,0,3335.04,0,0,0,0,0,0,-4153.09,0,233.364,233.364,0,0
01:11:15:05:21:54,51.1548,74.329,0,0.0400562,0,0,0,233.364,0,3328.17,0,0,0,0,0,0,-4159.96,0,233.364,233.364,0,0
01:11:15:05:21:55,46.005,68.8931,0,0.0400562,0,0,0,233.364,0,3323.02,0,0,0,0,0,0,-4165.1,0,233.364,233.364,0,0
01:11:15:05:21:56,41.4274,64.0294,0,0.0400562,0,0,0,233.364,0,3318.45,0,0,0,0,0,0,-4169.68,0,233.364,233.364,0,0
01:11:15:05:21:57,37.7081,60.5962,0,0.0400562,0,0,0,233.364,0,3314.73,0,0,0,0,0,0,-4173.4,0,233.364,233.364,0,0
01:11:15:05:21:58,34.8471,57.4491,0,0.0400562,0,0,0,233.364,0,3311.86,0,0,0,0,0,0,-4176.26,0,233.364,233.364,0,0
01:11:15:05:21:59,31.7,54.5881,0,0.0400562,0,0,0,233.364,0,3308.72,0,0,0,0,0,0,-4179.41,0,233.364,233.364,0,0
01:11:15:05:22:00,29.9833,52.2992,0,0.0400562,0,0,0,233.364,0,3307,0,0,0,0,0,0,-4181.13,0,233.364,233.364,0,0
01:11:15:05:22:01,27.1223,50.0104,0,0.0400562,0,0,0,233.364,0,3304.14,0,0,0,0,0,0,-4183.99,0,233.364,233.364,0,0
01:11:15:05:22:02,25.4057,48.0077,0,0.0400562,0,0,0,233.364,0,3302.42,0,0,0,0,0,0,-4185.7,0,233.364,233.364,0,0
01:11:15:05:22:03,23.6891,46.2911,0,0.0400562,0,0,0,233.364,0,3300.71,0,0,0,0,0,0,-4187.42,0,233.364,233.364,0,0
01:11:15:05:22:04,22.2586,44.5745,0,0.0400562,0,0,0,233.364,0,3299.28,0,0,0,0,0,0,-4188.85,0,233.364,233.364,0,0
01:11:15:05:22:05,20.542,43.144,0,0.0400562,0,0,0,233.364,0,3297.56,0,0,0,0,0,0,-4190.57,0,233.364,233.364,0,0
01:11:15:05:22:06,18.2532,41.1413,0,0.0400562,0,0,0,233.364,0,3295.27,0,0,0,0,0,0,-4192.86,0,233.364,233.364,0,0
01:11:15:05:22:07,17.3949,39.9969,0,0.0400562,0,0,0,233.364,0,3294.41,0,0,0,0,0,0,-4193.72,0,233.364,233.364,0,0
#,01:11:15:05:22:08,WELLBORE,DEPTHS,1,[1|Rate|9170.370117],,,,,,,,,,,,,,,,,
01:11:15:05:22:08,16.5366,38.5664,0,0.0400562,0,0,0,233.364,0,3293.55,0,0,0,0,0,0,-4194.57,0,233.364,233.364,0,0
01:11:15:05:22:09,15.3922,37.422,0,0.0400562,0,0,0,233.364,0,3292.41,0,0,0,0,0,0,-4195.72,0,233.364,233.364,0,0
01:11:15:05:22:10,13.9617,35.9915,0,0.0400562,0,0,0,233.364,0,3290.98,0,0,0,0,0,0,-4197.15,0,233.364,233.364,0,0
01:11:15:05:22:11,12.8173,35.1332,0,0.0400562,0,0,0,233.364,0,3289.84,0,0,0,0,0,0,-4198.29,0,233.364,233.364,0,0
01:11:15:05:22:12,12.2451,33.9888,0,0.0400562,0,0,0,233.364,0,3289.26,0,0,0,0,0,0,-4198.87,0,233.364,233.364,0,0
01:11:15:05:22:13,10.8146,33.1305,0,0.0400562,0,0,0,233.364,0,3287.83,0,0,0,0,0,0,-4200.3,0,233.364,233.364,0,0
01:11:15:05:22:14,10.5285,31.7,0,0.0400562,0,0,0,233.364,0,3287.55,0,0,0,0,0,0,-4200.58,0,233.364,233.364,0,0
01:11:15:05:22:15,9.09796,31.4139,0,0.0400562,0,0,0,233.364,0,3286.12,0,0,0,0,0,0,-4202.01,0,233.364,233.364,0,0
01:11:15:05:22:16,8.52576,29.9833,0,0.0400562,0,0,0,233.364,0,3285.54,0,0,0,0,0,0,-4202.58,0,233.364,233.364,0,0
01:11:15:05:22:17,7.38135,29.9833,0,0.0400562,0,0,0,233.364,0,3284.4,0,0,0,0,0,0,-4203.73,0,233.364,233.364,0,0
01:11:15:05:22:18,6.80915,28.8389,0,0.0400562,0,0,0,233.364,0,3283.83,0,0,0,0,0,0,-4204.3,0,233.364,233.364,0,0
01:11:15:05:22:19,6.23695,27.9806,0,0.0400562,0,0,0,233.364,0,3283.25,0,0,0,0,0,0,-4204.87,0,233.364,233.364,0,0
01:11:15:05:22:20,4.80644,27.1223,0,0.0400562,0,0,0,233.364,0,3281.82,0,0,0,0,0,0,-4206.3,0,233.364,233.364,0,0
01:11:15:05:22:21,4.80644,26.8362,0,0.0400562,0,0,0,233.364,0,3281.82,0,0,0,0,0,0,-4206.3,0,233.364,233.364,0,0
01:11:15:05:22:22,3.94814,26.264,0,0.0400562,0,0,0,233.364,0,3280.97,0,0,0,0,0,0,-4207.16,0,233.364,233.364,0,0
#,01:11:15:05:22:23,WELLBORE,DEPTHS,1,[1|Rate|9170.370117],,,,,,,,,,,,,,,,,
01:11:15:05:22:23,3.66204,25.4057,0,0.0400562,0,0,0,233.364,0,3280.68,0,0,0,0,0,0,-4207.45,0,233.364,233.364,0,0
01:11:15:05:22:24,2.51763,24.2613,0,0.0400562,0,0,0,233.364,0,3279.54,0,0,0,0,0,0,-4208.59,0,233.364,233.364,0,0
01:11:15:05:22:25,2.51763,23.9752,0,0.0400562,0,0,0,233.364,0,3279.54,0,0,0,0,0,0,-4208.59,0,233.364,233.364,0,0
01:11:15:05:22:26,1.65933,23.1169,0,0.0400562,0,0,0,233.364,0,3278.68,0,0,0,0,0,0,-4209.45,0,233.364,233.364,0,0
01:11:15:05:22:27,1.08713,23.1169,0,0.0400562,0,0,0,233.364,0,3278.11,0,0,0,0,0,0,-4210.02,0,233.364,233.364,0,0
01:11:15:05:22:28,0.801025,22.5447,0,0.0400562,0,0,0,233.364,0,3277.82,0,0,0,0,0,0,-4210.31,0,233.364,233.364,0,0
01:11:15:05:22:29,-0.0572783,21.9725,0,0.0400562,0,0,0,233.364,0,3277.02,0,0,0,0,0,0,-4211.11,0,233.364,233.364,0,0
01:11:15:05:22:30,-0.0572783,21.4003,0,0.0400562,0,0,0,233.364,0,3277.02,0,0,0,0,0,0,-4211.11,0,233.364,233.364,0,0
01:11:15:05:22:31,-0.629481,20.8281,0,0.0400562,0,0,0,233.364,0,3277.02,0,0,0,0,0,0,-4211.11,0,233.364,233.364,0,0
01:11:15:05:22:32,-0.915582,19.9698,0,0.0400562,0,0,0,233.364,0,3277.02,0,0,0,0,0,0,-4211.11,0,233.364,233.364,0,0
01:11:15:05:22:33,-1.20168,19.9698,0,0.0400562,0,0,0,233.364,0,3277.02,0,0,0,0,0,0,-4211.11,0,233.364,233.364,0,0
01:11:15:05:22:34,-2.34609,18.8254,0,0.0400562,0,0,0,233.364,0,3277.02,0,0,0,0,0,0,-4211.11,0,233.364,233.364,0,0
01:11:15:05:22:35,-2.63219,19.3976,0,0.0400562,0,0,0,233.364,0,3277.02,0,0,0,0,0,0,-4211.11,0,233.364,233.364,0,0
01:11:15:05:22:36,-2.91829,17.9671,0,0.0400562,0,0,0,233.364,0,3277.02,0,0,0,0,0,0,-4211.11,0,233.364,233.364,0,0
01:11:15:05:22:37,-2.91829,18.2532,0,0.0400562,0,0,0,233.364,0,3277.02,0,0,0,0,0,0,-4211.11,0,233.364,233.364,0,0
#,01:11:15:05:22:38,WELLBORE,DEPTHS,1,[1|Rate|9170.370117],,,,,,,,,,,,,,,,,
01:11:15:05:22:38,-3.77659,17.9671,0,0.0400562,0,0,0,233.364,0,3277.02,0,0,0,0,0,0,-4211.11,0,233.364,233.364,0,0
01:11:15:05:22:39,-3.77659,17.3949,0,0.0400562,0,0,0,233.364,0,3277.02,0,0,0,0,0,0,-4211.11,0,233.364,233.364,0,0
01:11:15:05:22:40,-5.2071,16.8227,0,0.0400562,0,0,0,233.364,0,3277.02,0,0,0,0,0,0,-4211.11,0,233.364,233.364,0,0
01:11:15:05:22:41,-4.921,16.5366,0,0.0400562,0,0,0,233.364,0,3277.02,0,0,0,0,0,0,-4211.11,0,233.364,233.364,0,0
01:11:15:05:22:42,-5.4932,15.6783,0,0.0400562,0,0,0,233.364,0,3277.02,0,0,0,0,0,0,-4211.11,0,233.364,233.364,0,0
01:11:15:05:22:43,-5.4932,15.9644,0,0.0400562,0,0,0,233.364,0,3277.02,0,0,0,0,0,0,-4211.11,0,233.364,233.364,0,0
01:11:15:05:22:44,-5.7793,14.5339,0,0.0400562,0,0,0,233.364,0,3277.02,0,0,0,0,0,0,-4211.11,0,233.364,233.364,0,0
01:11:15:05:22:45,-5.7793,14.82,0,0.0400562,0,0,0,233.364,0,3277.02,0,0,0,0,0,0,-4211.11,0,233.364,233.364,0,0
